0.29108543304604656
0.3035197782732199
0.3065781911070018
0.30865215825277637
0.31005268557548105
0.31107321702586943
0.31159152706491855
0.31139143004769954
0.3116298236788699
0.3120377537720429
0.3123320739385498
0.31251272243094486
0.3122982732677117
0.31210819460289063
0.3120391088419333
0.31193265221072863
0.3116890668817693
0.31124400281373715
0.3108782470554885
0.31059973017638987
0.3103114594117512
0.3099675932855418
0.3097377920492261
0.30966633805650234
0.30963171842547016
0.30960033074176146
0.309465787286685
0.30948450672435357
0.30952560254503325
0.3093447300129864
0.3089859511971643
0.3086193826238821
0.3083541681244315
0.3081004541204778
0.30787353164732767
0.30774252877605485
0.3076767666210766
0.3075132811412649
0.30740484727453593
0.3074476686071345
0.30762317767103536
0.3076755237797183
0.30766188988528137
0.3076144498972141
0.3076109205840532
0.30764848848401743
0.3077138531711064
0.3077844001022663
0.30780503219084754
0.307803817476963
0.307735166336851
0.3076920540010476
0.30759598923619175
0.30757847664542665
0.3075805523587283
0.3076776691049064
0.30774232547509206
0.3078167457966321
0.30784658801275305
0.30791098826358604
0.3080117330541951
0.3079830020526901
0.3079998189362037
0.3079690419451498
0.30790265115314985
0.30784382718781944
0.3078888587452242
0.3078837021588253
0.3078060691500358
0.30767912504186995
0.30757295255855804
0.3075011054203944
0.3074956611060608
0.3074509955288924
0.3074436623535465
0.3074820357617718
0.3075176790380453
0.3075103684297148
0.3075024146263198
0.30752689102725883
0.30752090340118654
0.3075164477288812
0.3075388002067392
0.30759394869274165
0.30760118012000104
0.30765174334275097
0.30771788888394164
0.3077883108236793
0.3078507337251563
0.3079324436775212
0.3080219279680263
0.3080760846823802
0.3080697346921497
0.3080849258150905
0.3081049974928574
0.30812129045628317
0.3081528322591551
0.3082105530748216
0.308288857581352
0.30830582103479537
