0.2605381580162846
0.26912840018137235
0.26882180605858874
0.2642126974601683
0.26379485850389756
0.2684155989486715
0.2675219536877014
0.26591376800682626
0.2662341623275766
0.26859867237442353
0.2682136298064753
0.2672065018792918
0.2666329984356076
0.2669750333982109
0.2683014824737616
0.27077542392322057
0.270835973620222
0.26953632221090423
0.269933990337917
0.27023330700528586
0.27061394868354444
0.2706921821733897
0.2705143654764649
0.2715618482304984
0.2721283271483243
0.271761609586697
0.2717271798016715
0.2711835388429175
0.27163651687796714
0.27321775413440985
0.2732019433698785
0.27271422706968645
0.2726839146498264
0.27246923526182204
0.2727062204925405
0.2725002412997163
0.2721972013787154
0.27173767921897807
0.27145552881348106
0.2718095728068076
0.27201061440554447
0.27208291496221076
0.2718817868921429
0.2718957830854117
0.27183795976292596
0.2716080086055478
0.2710450149844117
0.27118954395261
0.2715882069925017
0.2714053886906157
0.2712861848316156
0.2713498687096799
0.2713267038247522
0.2711851106994274
0.2715447486397575
0.27158787561824466
0.27171361087478507
0.27170815366219614
0.2714735181252146
0.27142950678664
0.2713962088828845
0.2715916878128719
0.27161909680282964
0.2715211199667935
0.2715537812280332
0.2717671551907839
0.2719077548803554
0.27171893634324495
0.2716304997787031
0.27201304304308577
0.2723099852083804
0.272455800823462
0.27280454506505364
0.27273759016430654
0.2724722039513137
0.2721819200888397
0.27216283939821007
0.27196880020742226
0.27213431488014245
0.27178707141063524
0.2717148835568852
0.27202718787606006
0.2720525876398709
0.2720081242767268
0.27205331810975697
0.27212257732352924
0.2721316201986406
0.2720807946638319
0.27208038305641813
0.27206473456986446
0.2720265942486549
0.2722670335263771
0.2724494137456294
0.2723242087552192
0.2721743297057767
0.2721967666786598
0.27233731462715327
0.2722166643781426
0.27222795817844775
0.2723889309110534
0.27257945368711084
0.27281496064443406
0.27271265621377
0.27238396756773875
0.2723242308989249
0.27253277822655814
0.2726651432264617
0.2726383706571947
0.2723841140621814
0.2722691808087157
0.272107232944561
0.2721289647098861
0.272024901866701
0.2720190248789858
0.2721139389944722
0.2722474444287929
0.2723328933193188
0.2723654765239043
0.2723749705643439
0.2723441674280339
0.2724365703742657
0.2723049562951608
0.27205308357040037
0.2720861313627947
0.27218547659572434
0.27235484472361127
0.2723779888734369
0.2725277891412604
0.27253407324184287
0.2724653408324883
0.2723737061108316
0.27236124039548154
0.27244915008341564
0.27259031104198067
0.27267535045438124
0.2727719836687303
0.27280563334279023
0.27289384381068743
0.272964275611907
0.2728141896381327
0.27269537844276565
0.272642433460144
0.27270328185356374
0.27278781346057374
0.2728050852064771
0.27284107302982874
0.2727679321915526
0.27275011162758056
0.272714219845105
0.2727208055495459
0.27268038451847315
0.2725883323135561
0.2725776438954028
0.27252161412782333
0.2725625207993933
0.27269327828027395
0.2725867971547352
0.27259603410336347
0.27265007562886356
0.27265178875797796
0.2726140522758792
0.27260437887472744
0.27252718116457764
0.2724887677332038
0.2726119837708208
0.27275220677921275
0.27276169449795856
0.2727986456905691
0.27295634596740564
0.27294625340127315
0.2728819538998448
0.2728289373340361
0.27290014514581146
0.272959009950007
0.2729181815911267
0.2727781849484211
0.27271641159225474
0.27285100066738854
0.2729996218282219
0.2729338202609219
0.27292941285392963
0.27297908427940465
0.2729701387492459
0.27301300178469873
0.27289702249763637
0.27281506843050884
0.27282597386513213
0.27282510493734025
0.2728138836948157
0.27279845794746116
0.27276119670507604
0.27276450081232767
0.2729475339309107
0.2730093239125351
0.2729904535525208
0.27295774143524615
0.2729373658173064
0.27299233377590215
0.2729660371147754
0.27293340360466706
0.27291575735492507
0.27296085153471417
0.2730313632524738
0.2731037447279078
0.27313682430998054
0.273162490285743
0.27312621162459705
0.2731145386845609
0.2731443185018692
0.27311618033078605
0.273134073797655
0.27307199970737417
0.27311956695590855
0.2731767163074018
0.27324902229764914
0.2733183241404277
0.27329893366260966
0.27330618674514506
0.27329178945517296
0.27334580861908253
0.27328779470272346
0.2733506916138691
0.27338789887510173
0.27336743169751215
0.27324995413676956
0.27325519628564277
0.2732448430363769
0.2732684231412173
0.2731874076072305
0.27309311935889086
0.27308776047016603
0.27310173180243713
0.2730251527046176
0.2730216899376553
0.2730621230440692
0.2730863267794258
0.2731254297473104
0.2731436530935794
0.27310993024602986
0.27312176161753227
0.2732004072381336
0.27327776434191414
0.27327380496025117
0.2731993479590526
0.2731874867417355
0.27319045588939544
0.2731804778365381
0.27310022980418025
0.2730380161214953
0.27310447149265477
0.27312686347273024
0.27316872446211254
0.27318672535138167
0.27316943990477355
0.2733652575898208
0.27344704526905167
0.27337601957794005
0.27327988783493823
0.27329222720573043
0.2732972852869458
0.27336061533105893
0.27329379315821123
0.27320781534305905
0.27318120974985244
0.2732461422224121
0.2733403450223723
0.2732864372072984
0.2731897464328818
0.2731485585064023
0.27319292358308833
0.27316691524297454
0.2731328798988582
0.2731298261516615
0.27314586641551847
0.27316441056806556
0.27310406441655244
0.2731732185116339
0.2731706690396112
0.27316704467073183
0.27314900466740544
0.273128445863709
0.2731754953234522
0.27322520770336856
0.27326563946171173
0.27332435559452595
0.2733462185228142
0.2733315028133951
0.27333251775280193
0.27334967579934616
0.2733735130569077
0.2733552215091698
0.273395597967547
0.2734459373154598
0.27339132151721013
0.27344251951415655
0.2734786003135151
0.2734875095400154
0.2735522800880819
0.2735697690319038
0.2735065843360318
0.27345860375541053
0.2734289325980269
0.2733805221032506
0.27338881462269293
0.27334787498714547
0.27323984726395895
0.27325853835469077
0.2732618080790524
0.2733299803007735
0.2733471984263995
0.2733756295541404
0.2733569798927819
0.2733541575997078
0.27341411163988416
0.2733920968510272
0.27340119040859734
0.27343034216557005
0.27345469969630837
0.273462935601093
0.27342048248747836
0.2733981074910836
0.27343819066549063
0.27347200428860763
0.2734678526162252
0.2734388205006779
0.27343294146938835
0.27351214262737905
0.27356567746197374
0.27353518314225467
0.27351831637607377
0.27352749090642314
0.2735619009401117
0.27356053779843204
0.273524922078504
0.27347838501679095
0.27342551088755224
0.273444218959441
0.27350436362007086
0.273492343250833
0.2734793800697716
0.2735089068583049
0.273576767097275
0.27357183553554304
0.2735179480871826
0.2734585673474799
0.27343751296506197
0.2734749246933034
0.27345565434305774
0.2734562988904771
0.2734893513467696
0.27351621358399053
0.2735154357489499
0.2735132151702487
0.2735618573629788
0.273588570093153
0.27356763080753066
0.2735567403077182
0.2735306750160002
0.27352969559317875
0.27352945495686387
0.27348551908518803
0.273500782661873
0.2735425631622253
0.2735247266972805
0.27349643471708734
0.2734603603538303
0.2734278105617639
0.27346722026470865
0.27352039699760144
0.27352257274843134
0.2735256880690514
0.27357762193631235
0.27361776915101427
0.2735869583805261
0.2735544905381276
0.27356312359877855
0.2735618808135698
0.27352676622703187
0.27353532165887
0.27348012317892473
0.2735213362522634
0.27350587438286034
0.2734952634092221
0.27349949865387047
0.27351053717443874
0.2735081107823361
0.27349277022586
0.2734596500093205
0.273463721870543
0.27350493361179296
0.27353422240055153
0.2735017581149193
0.27349326713922834
0.2735190861711385
0.2735236422296421
0.2735153045302215
0.27350931038878157
0.27354017002970854
0.2736032899096629
0.27362706031600315
0.2736079249024205
0.2735813666502273
0.27354578560641335
0.27361097037425475
0.2736469100553756
0.27362730430450016
0.27358280900781295
0.27360850554440214
0.2736496076989007
0.27365768845604327
0.2735955267743839
0.2735447202082638
0.2735361765911533
0.27355783234913555
0.2735612541983897
0.27360329346705187
0.2735934649992865
0.27360408389285235
0.2736691217474634
0.27365610550996095
0.2736235369943412
0.2735736303993727
0.27356710626146524
0.27358373036050243
0.27355363191494636
0.2735649905338285
0.27357049746971646
0.27359764778617524
0.27362112751931283
0.27358914221916286
0.27358897801611043
0.273575258800448
0.27352177008936884
0.2735044369439736
0.273488172532776
0.27347446795638747
0.27345029444294966
0.27340233226869937
0.27335977759962266
0.27338201413029073
0.27343940901193586
0.27346418692031793
0.27342521650667473
0.27344604145019086
0.27345749523559915
0.27346367444130154
0.2735102538047998
0.27356198442455504
0.27351759007348636
0.27349157830041165
0.27348001059228555
0.2734688264420568
0.2735065158205226
0.2734856183418118
0.2734314585807492
0.27341976736528806
0.27340502484653545
0.273402286314455
0.27337585042999835
0.2733385453807702
0.273322673802186
0.2733502434427382
0.27332018632261573
0.2732870111313897
0.2732729205183149
0.2732771498649243
0.2733688011358269
0.27337446456711995
0.27332421052192296
0.27334107114463985
0.27337844731462474
0.2733445455145132
0.2733011242528133
0.27327673068045183
0.2732704417876221
0.2733105796725012
0.2733579222264538
0.27330362345981984
0.2732877345619491
0.2733281903754317
0.27339323382089736
0.27340205789145766
0.2733656425484399
0.27334403816945896
0.27328842351905464
0.2732973722025476
0.27328071756423217
0.27325185022438814
0.27320468245260615
0.2731981756432289
0.27323938589492114
0.27324860845009463
0.2732611079620457
0.27321682752420023
0.2732605020054766
0.27328450155525563
0.27322860482812905
0.273201641653164
0.27322254261362144
0.27322637068664296
0.2732095962837766
0.2732178291372789
0.2732248906094015
0.2732238696075533
0.2732433619265073
0.2732311847137439
0.27326212758282425
0.27329738337335197
0.2733197519941313
0.2733636508066448
0.27336610188887756
0.2733541319162799
0.27338991235434257
0.27340608871152394
0.2733826635896215
0.2733734346766397
0.2733752947100736
0.2733907961262711
0.2733987255155074
0.27340020492099465
0.27340316206800164
0.2734246149827728
0.27338827943301913
0.2734034629576248
0.27339855885282816
0.27338039476629894
0.2733231971091163
0.273296176876776
0.27326283799670775
0.27328549926646983
0.27323610857955954
0.27321282210044245
0.27324264427379763
0.2732374927573858
0.2732141523035531
0.2731828692875566
0.2731675160933143
0.2731527722540823
0.273199704699745
0.2732235960588587
0.273213125539113
0.27320233905096575
0.27321168806895196
0.27323405404637646
0.27322520932624345
0.27321476058324157
0.2732126737793099
0.2732244453114874
0.2731997884182336
0.2731760360125958
0.273142665059556
0.27314522551084014
0.2731942379219445
0.2731935300495345
0.27317663938119774
0.273169196689788
0.2731790021711054
0.27316750452065136
0.27316247659895493
0.2731337078600705
0.2731180924371284
0.2731171640288945
0.27314595763737404
0.2731356921204181
0.27313772267429537
0.2731267111318638
0.27314653065618033
0.27315611258032074
0.27314013851038815
0.27312918207259346
0.2730793977845839
0.27308932704211314
0.27308228846065974
0.27306161466841267
0.27305802908974663
0.2730659935800034
0.27309525509303434
0.2731271734737055
0.2731432918921297
0.2731381699470473
0.2731615913451852
0.2731534466824188
0.27316367151376403
0.2731719948703829
0.27318338479603804
0.27318668281201286
0.27319559447054936
0.2731963064941536
0.27320633667862465
0.27321323279366744
0.27319753676334213
0.2731648063900714
0.2731789034596589
0.2732203664339845
0.2732300422547355
0.2732486722543317
0.2732813180883802
0.27326863112100036
0.2732716273430631
0.2732815000372713
