185.58459248293565,28022.0
175.20822026391826,24583.0
146.98975424771146,20638.0
110.20275716322836,15243.0
83.32278623651064,9226.0
38.38077171847556,3927.0
43.33020142893381,4065.0
51.436827409839836,5259.0
78.82961897998415,9319.0
102.01376369032442,13103.0
117.64560952901958,17573.0
110.75945999156902,16159.0
842.4644121203364,21743.0
144.65215399408712,22053.0
144.70329635896474,21522.0
150.15493660777707,21262.0
161.87091520391098,21886.0
175.66220405959078,26250.0
162.07316591870165,24571.0
107.49360830202747,14843.0
100.92338345087299,14734.0
90.38070407531478,13632.0
140.8517545036182,22745.0
113.8855037177074,15831.0
71.86177451445785,8820.0
44.7218834189551,5014.0
27.236530387204493,2989.0
18.180404807299556,1901.0
18.761673457049785,1873.0
32.80087839280133,3313.0
66.89867908909726,8138.0
106.49500999843806,15365.0
128.10297251672202,18489.0
117.89400488592746,18484.0
112.87422282799031,17872.0
84.68597496605501,13486.0
616.42880735699,16886.0
119.07906659805391,17028.0
143.1314776630128,17820.0
131.26874095471268,16000.0
110.09294965158314,14799.0
125.6546930375586,17540.0
135.59849665088313,21417.0
141.0352319105878,21611.0
132.84290342430936,20100.0
124.54585896607394,18715.0
111.33899134036326,16323.0
88.86200796075104,12065.0
66.1847828942152,7859.0
40.45580758718441,4569.0
26.013542259079415,2768.0
21.598646515687797,1961.0
20.82518869814684,2186.0
46.21718379882368,4320.0
99.80301464737722,11013.0
140.8016072085597,19317.0
176.73439926038156,23002.0
180.90068052605685,23141.0
163.84922262411965,21726.0
98.69672064731101,15081.0
914.4000798440693,19962.0
146.35426476863,19584.0
159.27574092522866,20659.0
165.0766900021657,20811.0
142.65584724540872,17477.0
166.47219405037046,21545.0
188.90257152856,26755.0
176.71138855262566,26870.0
169.6894653364446,26814.0
165.10826206501173,26227.0
148.6936277206239,23336.0
122.98562046764451,17216.0
82.47122163646904,10056.0
52.229630812677705,5916.0
31.482232856063096,3548.0
23.61852013633763,2475.0
23.012971831674843,2394.0
47.933917777565036,4065.0
106.58837070216092,11718.0
151.24654812600517,21080.0
176.0396216852735,24379.0
171.52176928693345,23099.0
147.6070913514341,20101.0
96.50526518704415,14128.0
928.3540512031605,20054.0
154.40324215757275,20112.0
168.5792116335395,20797.0
166.4925467204025,18836.0
134.45032681163013,14736.0
165.05681110977216,18337.0
176.55070090810975,23512.0
174.5410493061497,26516.0
165.55822418243199,26069.0
161.61058025402437,25854.0
145.57150932366952,24156.0
117.41143988415746,18233.0
88.06357144797752,11747.0
55.60567881462581,6821.0
36.32611010816289,4201.0
25.24342613235331,2792.0
25.682948594862875,2607.0
49.020658683059274,4297.0
113.9996994814483,11932.0
152.42306266372606,21343.0
173.52911112590013,24660.0
172.17181075198542,23298.0
137.79187044987228,20704.0
99.83896233414455,15220.0
903.131213135192,21198.0
147.74231937732912,20787.0
166.43505142470227,22246.0
174.49588947371723,21489.0
150.3184427316565,17227.0
173.78819443635933,21588.0
198.88995237353993,28136.0
197.31389626069102,30027.0
199.53210347293256,30196.0
204.2708874558331,29757.0
188.27201628818162,27323.0
171.1949490532054,23319.0
127.1235811009723,15722.0
83.16798302245456,9529.0
54.66556642313411,6232.0
38.57082112791917,4102.0
33.22632245036553,3442.0
55.26020611665462,4631.0
119.71533375990415,12223.0
161.56257356143485,21692.0
172.06395631596916,24654.0
170.49336717927986,23431.0
149.55786919167622,21089.0
102.72720550349932,15605.0
954.5756373845985,21575.0
157.30276873999549,21347.0
183.99369129256596,22383.0
174.8581572791116,20500.0
148.58974793378374,16984.0
175.7908589713811,22013.0
198.7068031521901,28179.0
197.96309714218788,30332.0
192.254877737873,29077.0
183.35469019433964,27964.0
176.4923426510422,28078.0
180.07135799378682,27703.0
181.7752836016454,25489.0
156.736970601664,21396.0
132.77538028435626,17346.0
104.65024739287905,12789.0
65.24406854571413,8074.0
40.578056960188526,3938.0
55.08848323753522,4853.0
70.10801026273316,7052.0
96.69265720084871,11339.0
127.19930002157925,16394.0
139.7116075568978,19861.0
121.90796504504874,18801.0
920.2886317741552,24247.0
159.90086683581745,24113.0
151.83043014618107,22588.0
146.74265003263,22099.0
137.37313539129948,20920.0
155.7666589594163,23575.0
177.48157222186467,28265.0
181.76087846249283,29253.0
157.58512932626306,25058.0
151.98071025123087,24483.0
170.6010490463665,27544.0
180.82748584263913,29282.0
176.73967520809046,28042.0
164.9923995220708,25268.0
150.86590614770185,21787.0
130.2547776637333,16565.0
90.75078145937344,10426.0
43.256022136260995,4347.0
47.363066428428986,4302.0
59.439455483281364,4955.0
77.46765009982151,7751.0
104.83878256041906,12102.0
129.92814967166996,16617.0
121.46334618372413,16214.0
829.8347092913868,22468.0
155.17600109408852,23478.0
157.02350592777097,22860.0
164.8126902498674,22294.0
153.66276567782344,20941.0
152.19494001429356,21015.0
153.6414126982802,21514.0
134.68505678596398,19173.0
112.26080291545884,16385.0
108.02426476308423,15091.0
94.26263498319456,12684.0
81.20499979372592,10759.0
59.06243350377185,6946.0
37.50142753430737,3934.0
24.822952031795886,2669.0
18.167870207652346,1815.0
20.93191491566071,2098.0
41.69561880751671,3869.0
103.24762650956366,11476.0
140.95491046305773,19347.0
145.31874050634292,22042.0
131.66708439899,20634.0
117.50050368604606,18530.0
84.09560630517767,13246.0
640.5514777492309,17673.0
119.62441403166291,17387.0
132.02827324642604,18619.0
132.97741669539587,19165.0
131.6106895962919,17590.0
144.59345035337628,21424.0
160.45734563199952,26223.0
160.85125247381143,25652.0
158.328922651043,24191.0
152.4092575400291,22496.0
129.00139530874364,18653.0
95.08009426023831,13138.0
64.70811499029568,7911.0
37.90663805338767,4503.0
27.825370950722146,3012.0
20.118700721828848,2059.0
21.572685540743244,2154.0
46.68198119540918,4196.0
106.04727246563593,11969.0
148.73427447833546,21120.0
165.33954982107355,24626.0
158.00462010946876,22847.0
146.38768824603753,20084.0
95.22470248426434,14289.0
858.3011330885226,19603.0
134.36083918518318,18868.0
141.82872209693818,20210.0
150.63059208210092,20148.0
144.9806532340298,17577.0
166.24230260629292,22191.0
180.63287904275614,27871.0
178.54286387719137,28354.0
169.99815901679705,27445.0
172.54889872652066,27300.0
157.56628658324823,23925.0
119.97108819436635,17552.0
84.15064385513911,10638.0
49.382872231308,6040.0
34.1706086154017,3951.0
23.48844057581412,2624.0
26.277549525684314,2481.0
50.779347402163204,4383.0
113.7645002039013,12204.0
155.64825411370123,22263.0
169.35297303532894,25450.0
168.7667618951122,24010.0
145.55640862500903,20770.0
98.30005388847833,14993.0
985.0753800669006,21265.0
151.2223602144603,20131.0
170.90030268888424,21958.0
180.65434131894034,21063.0
158.3082808982708,17106.0
183.22587728559904,21372.0
197.405879514171,27083.0
196.416182732115,28965.0
177.78679638364088,28367.0
181.80794850792407,28239.0
169.30173924527028,25817.0
136.43906600743549,20023.0
97.34613450538117,12674.0
59.99294308744268,7414.0
39.26583355960891,4699.0
26.858472443902773,3091.0
27.690913536544535,2838.0
47.21919524718783,4276.0
113.75513005140243,12048.0
158.08220474523065,22202.0
177.48424919636906,25768.0
160.47410761800856,23734.0
144.17238328842856,20718.0
104.53969091378467,15304.0
962.165674700303,21402.0
153.47044745372213,20314.0
178.15460495543658,22403.0
181.22186546151877,21146.0
163.7117393659072,17026.0
186.71276226717546,21775.0
207.85762318307349,26993.0
211.6467997759323,29114.0
202.61343471388125,29052.0
204.29549006634673,29270.0
193.826592049222,28323.0
184.31078279940147,25534.0
156.80827664521053,19548.0
105.89906083741043,12570.0
74.76515672268513,8126.0
56.0464151444109,5807.0
46.92058756969232,4453.0
61.94723085532775,5155.0
133.87095560980168,12882.0
177.3110693831042,22587.0
192.98466820816103,26161.0
186.58422439543915,25367.0
172.00954096982048,22659.0
111.73861770467221,16682.0
1081.0290388747956,22025.0
184.76964996278778,21705.0
211.37003688928883,22465.0
211.70305165487773,19885.0
177.80485914876243,15949.0
212.99724543241473,19852.0
241.39054019023726,24697.0
246.71627250382681,27578.0
225.24722617983934,27793.0
213.0261678477002,27298.0
198.9176605717176,27816.0
198.45953916803916,27327.0
191.04836993485756,25545.0
172.52291324603797,22142.0
147.01938202422613,18227.0
119.34462207447949,14467.0
90.53408008887588,9582.0
49.22190398824697,4647.0
63.62993260049459,5530.0
79.25872907084589,7933.0
108.14244067506704,12275.0
135.43312789405692,17326.0
153.8646089297894,20590.0
131.80977141880305,18664.0
975.8284002649572,25094.0
174.40621776059302,26076.0
176.95674052583934,25570.0
176.8149732232028,24606.0
165.94339480498857,20845.0
168.15887347926173,22324.0
201.24905175177994,26880.0
198.70687519000472,28434.0
176.87375214478672,26493.0
171.986976868971,25931.0
182.0895760740935,27205.0
186.26605754006948,27253.0
173.94170194937527,24874.0
159.7458812988601,21947.0
147.0143057188131,19016.0
123.52153595298338,15392.0
89.63254207634007,9821.0
45.76291092488328,4576.0
41.94798198023031,4097.0
57.456193291305205,5276.0
83.45308376356871,9051.0
112.72734558978279,13031.0
143.99913947586802,18199.0
140.34838893130055,18413.0
943.0926058558389,25257.0
173.360256249471,25804.0
176.27823946924417,25169.0
173.86170320030573,24093.0
175.15512899609504,22503.0
173.28764425162407,22903.0
188.62539605327657,25335.0
186.25033548024095,25316.0
165.22784891053783,22000.0
152.94544975804519,21162.0
150.22006115318578,20278.0
149.36283306824402,19077.0
108.99383253551588,14166.0
77.82591132398976,9513.0
64.76741068591618,6831.0
50.11185447367743,5137.0
43.170285047549136,4122.0
42.947360714039974,3755.0
74.69302823323963,6547.0
96.26174178872587,9880.0
126.39348314089183,15917.0
142.89146128359212,18784.0
147.72935633907687,19761.0
129.42222406287414,17145.0
848.0998502519822,23618.0
165.20212448064063,22519.0
178.2869301779195,23425.0
184.59660224066164,23211.0
170.7776990683319,21472.0
175.789013114581,23738.0
185.29815948393042,27149.0
177.79757434554398,25278.0
150.00136498935586,21350.0
144.27572442685923,20121.0
133.69698628821442,18667.0
107.94353418287399,14769.0
73.89945322605375,9464.0
50.50181137301087,5649.0
31.662304071382014,3657.0
23.17232782569907,2281.0
22.305366490518487,2113.0
37.59931988428351,3320.0
74.78287024768288,8062.0
104.74175061339409,13533.0
129.1723326702015,17841.0
142.3863366478943,19251.0
135.08083420746564,18899.0
94.7307621812627,14482.0
775.985175024796,19612.0
126.24221676652196,19297.0
137.9509070256132,20082.0
143.0917331268571,19670.0
139.8240587499638,17308.0
153.78902767654498,20915.0
173.28386834478053,25997.0
165.87981997912024,26543.0
163.99280962566044,26264.0
158.53946288036911,25400.0
146.83468022380526,22343.0
120.41406242138865,17703.0
90.0876931739972,11095.0
53.05274985887398,6649.0
35.659309346633016,4175.0
26.459185244316785,2818.0
26.83820479723428,2633.0
49.05841209957929,4126.0
110.43873694843795,11394.0
137.34214501855487,20092.0
161.45979822557268,23787.0
149.28252345246483,23014.0
147.58316943736966,20458.0
103.93802022964518,15000.0
935.832534813865,20928.0
153.4300494604545,20327.0
161.81151908895006,21086.0
165.35325682182867,20565.0
143.79894746597896,16970.0
167.61729655996106,20468.0
177.27734147519206,26206.0
180.50258427153494,28682.0
169.0224004584133,27400.0
170.6233837108178,27119.0
164.25537021342473,25154.0
138.1219924249678,20238.0
100.73154145150295,12628.0
64.40762834106557,7648.0
43.46378362400031,4852.0
34.16075327725954,3229.0
27.623362334330043,2712.0
50.41415148987541,4282.0
110.66866717451566,11599.0
145.19980909656937,20919.0
165.42390672731275,25021.0
161.02072211107517,24078.0
153.57711628615576,21986.0
117.60458452823654,16310.0
995.6616291350759,22702.0
161.52234825088684,22200.0
172.09294111498465,23079.0
188.19353714764128,22441.0
162.09610987722985,18334.0
185.2490941032549,22813.0
206.78391323679026,28260.0
207.42507965143903,30064.0
213.05637517220356,30851.0
206.09144912977848,30366.0
206.17138812372804,28615.0
180.06144638572803,24231.0
135.70807835346508,16674.0
88.21156797575212,10092.0
59.84062701244837,6477.0
41.42743587209041,4421.0
35.64805318375207,3606.0
56.94622433395486,4733.0
120.42696078810286,12088.0
164.8525005868736,22001.0
180.03869464257693,25942.0
165.81556592961962,24792.0
160.1919583251559,22690.0
113.78228391680577,16835.0
951.8728758251627,22698.0
158.25443007434515,22026.0
176.3520198113665,23601.0
181.149547928832,22078.0
162.3948035885036,18363.0
185.1664553078445,23467.0
215.40891629297755,29579.0
208.54070237446177,31856.0
203.86853447143193,30218.0
192.2563425710086,28425.0
197.53246867484194,28882.0
196.20237992283367,27804.0
187.23380667588418,25654.0
152.52033506891743,20762.0
131.4024233923692,17069.0
102.44332873782324,12569.0
74.53795994372696,7900.0
40.8817972952444,3919.0
56.07012165536605,5170.0
73.60766690992612,6877.0
98.92635276009976,11040.0
126.81229737976307,16370.0
156.1980703367989,20031.0
134.17575997843892,18163.0
953.6605663417268,24573.0
183.6110470724338,26495.0
191.40704103193616,24257.0
161.50887998113356,19617.0
126.9886004736548,16559.0
134.88838011389072,19266.0
162.24809692405933,24476.0
170.02108719759798,24486.0
144.2804308068974,21564.0
140.36885440417186,22590.0
154.6098045994382,24225.0
157.3401889030438,24851.0
150.60377446670296,22884.0
137.0534469059748,20155.0
121.13892766549601,17668.0
100.99663837023309,13651.0
69.30352340159943,8426.0
38.82147125954712,3786.0
44.53205214653182,4208.0
56.30890358496369,5654.0
81.98589061228678,8977.0
106.062688764958,13215.0
133.19815187763655,18204.0
127.38643848477005,17459.0
894.4612782697272,22727.0
149.1987644952763,22230.0
161.53864915624396,22226.0
155.6635238894452,20563.0
154.26498331149952,19271.0
159.931196989824,21146.0
172.41958705808943,23597.0
147.31043849485533,21698.0
113.23346346749516,16185.0
100.02571803926156,14370.0
107.62948335707716,15370.0
87.27801357417628,11484.0
89.80218809673298,13477.0
40.839993915443564,4847.0
27.650077362585037,3081.0
21.45466562266185,2213.0
22.48095905987274,2297.0
49.653677684941634,4496.0
109.56994583806227,11677.0
154.07253705192537,20162.0
176.91306192308292,23653.0
167.39036976708783,22325.0
145.2214939692128,19246.0
104.47889338739994,14739.0
811.9160370289242,19943.0
141.833641988196,19462.0
170.5281632513501,21198.0
177.7128747057954,22030.0
173.5713041066746,19944.0
192.43155472357563,24137.0
204.11698887835914,28759.0
208.27471192661588,28852.0
192.15604656552537,27269.0
182.52489028464933,25590.0
165.37960978137954,22420.0
115.17208372943689,14910.0
79.51624502187565,9550.0
49.59460839075218,5289.0
31.443474249043454,3224.0
20.490347520387918,2117.0
19.204170333199496,2028.0
45.856938255925414,4153.0
117.3935475830735,12756.0
168.68327370377696,22737.0
190.4445305883137,26020.0
190.16805316012193,24512.0
159.16967267160132,21421.0
108.82519321599928,15312.0
920.3664565473413,21458.0
142.86630565754814,20499.0
167.92074729571382,22543.0
162.74402221065637,22020.0
146.1906730555906,18295.0
171.65533911450268,22469.0
198.82131750432907,27921.0
183.69101519516812,28228.0
176.47058180538988,28050.0
174.24679480461384,27840.0
164.92258655924422,24507.0
127.31136669545424,18336.0
85.3330070238177,11379.0
51.35366845466274,6190.0
34.32769991574952,3994.0
24.903103818910676,2650.0
24.356449965796227,2435.0
49.688444246537294,4271.0
111.4781389140508,12374.0
158.68906732339897,21997.0
172.03665522866615,25219.0
167.1966756865413,23461.0
150.12605670208154,20855.0
96.23808066753774,14650.0
938.5394012809023,20999.0
147.03894966094316,20659.0
170.19486447948324,22033.0
168.69998750021597,21002.0
149.63165615974444,17009.0
175.09615633697217,21220.0
187.50532680904044,26517.0
178.59688652294645,28315.0
174.94293727293373,27571.0
174.93153966618658,27463.0
164.31130622040348,25540.0
138.0124240260004,20066.0
102.1663054778059,12965.0
61.68366592805237,7487.0
37.593305514119116,4650.0
29.36545940575197,3122.0
28.84505263800328,2706.0
51.44715365181419,4426.0
114.95932145135932,12570.0
165.8667726431929,22784.0
178.8470781721897,25983.0
171.83478583938498,24572.0
146.50067537411286,21302.0
105.80260550190047,15588.0
966.608458195356,21867.0
163.65692534482508,22299.0
178.02704495041493,23025.0
183.5146111497056,21686.0
158.66533356862743,17342.0
187.34926576679155,22004.0
198.77169891990883,27521.0
188.11039003323236,29632.0
192.74654362542574,29678.0
193.01015386974836,29125.0
186.57225425631108,27476.0
173.52523866395507,24643.0
126.52185430444065,16877.0
88.79057739320714,10798.0
56.71971291290194,6868.0
42.78119802616,4745.0
37.148029978555904,3815.0
55.35044251538966,5011.0
117.26394773474749,12062.0
154.9127957928153,21478.0
180.73124365900475,24798.0
181.35435475528178,23849.0
151.58685724303598,20679.0
101.71863747321107,15242.0
962.3677477080374,21725.0
155.3325463781394,21254.0
183.9572556594929,22411.0
184.02456482603557,20615.0
164.6992111406715,17052.0
187.0561275865966,21887.0
203.2484140687555,27412.0
207.6815698392394,30892.0
204.7389264820253,30040.0
196.36334810340617,29299.0
202.57808922667192,30257.0
208.98761754789177,29252.0
197.54509133166317,26347.0
162.54362731092996,22209.0
135.99077116472628,17927.0
109.48323068570612,13331.0
75.67410032638209,8449.0
45.748347375078424,4299.0
60.851924139297985,5227.0
74.04655878466052,7070.0
100.60331071811753,11531.0
131.9427995161914,16700.0
153.57297866407222,20090.0
132.491567214971,18005.0
974.5653901239929,24577.0
165.15378284001903,24337.0
170.98585669284518,23659.0
171.28640153269666,23371.0
157.40850092525667,20746.0
180.22300930331485,23204.0
198.3583984980805,28854.0
196.9072315721718,30206.0
180.2546069152054,26507.0
169.26836863082934,25997.0
181.28339984696188,28489.0
196.35271018485145,29541.0
190.6530955840078,28065.0
168.86821034933425,24732.0
151.14598305659732,21240.0
125.4001283572533,16061.0
95.19677443190818,10313.0
47.4225556005316,4601.0
50.30061778855452,4614.0
61.34670663282627,5513.0
80.35500623145508,8616.0
115.1108119957617,13416.0
144.24623867575733,17997.0
126.74034989373571,17291.0
963.8026496785662,24126.0
189.4599078051666,25443.0
184.24005486315582,21397.0
156.75781785827186,16262.0
124.03358656024255,13433.0
119.30876626268557,14927.0
121.68531241482094,17147.0
109.27340748337254,16205.0
105.15294253978492,14669.0
92.75275617114335,13489.0
89.70597765263447,12170.0
75.19916830135143,9419.0
58.794065832831734,7051.0
37.498242475179644,4313.0
24.77184630905398,2798.0
19.75653568209891,1938.0
21.977702950979975,2297.0
48.98480097942428,4485.0
105.0690749383687,11014.0
141.80841366748294,18028.0
162.90535243119416,20558.0
161.66621388680713,19992.0
143.88028600981596,19107.0
97.99388111783465,14976.0
769.6303028016612,18260.0
133.08234478626048,17553.0
146.82770600150604,18728.0
155.63842238177963,19520.0
155.20752388220475,17595.0
170.03749609638038,21714.0
167.87436850793682,26378.0
171.70901936167638,25915.0
163.49562224849464,24448.0
153.53445946020364,23504.0
144.12904621726645,20275.0
108.4160699909888,14447.0
73.60904675208819,8890.0
45.90700690950865,5122.0
32.867027901362526,3223.0
20.169260131815093,2080.0
19.974598730226017,2057.0
42.82465566015928,3864.0
105.27189343803394,11614.0
149.65835156417273,20795.0
167.484113722354,23957.0
159.68606375899085,22224.0
148.62350537730532,19500.0
91.29278186231586,14084.0
918.3255515605609,20320.0
141.94197579628764,19725.0
161.48823037275335,21609.0
178.79713416474675,20577.0
159.17710574810093,15467.0
174.1096340870956,17176.0
193.12682411491707,20402.0
179.719720375179,22201.0
175.76787619134439,24513.0
167.10053106255765,24624.0
160.04825701982526,22179.0
125.47810205654868,17041.0
84.59011674216015,10440.0
49.12118589969463,5672.0
30.448702683792032,3485.0
19.517463414121693,2258.0
22.88681408401715,2308.0
48.73287080477933,4277.0
113.92469309830992,12339.0
159.00302788221921,21809.0
177.98952057085148,25067.0
173.7622862397194,24248.0
154.4099194707367,21076.0
94.85658504503594,14305.0
907.4169700906994,20182.0
143.66711516550083,19781.0
161.1184059131355,21459.0
164.16185809036887,19842.0
152.87456034046554,15877.0
185.38225598048464,20150.0
183.31701492379867,26051.0
178.99428492591142,27940.0
191.16440618515247,29444.0
187.4465045857451,28282.0
172.59532004772166,25333.0
144.46167549380797,19786.0
106.45345921459794,12788.0
62.527639663860754,7441.0
42.634340954013624,4681.0
28.373038975829886,2991.0
26.89285597939201,2739.0
45.770677682042056,4116.0
102.33223112463764,11125.0
145.53799570130172,20120.0
154.94869925669113,21446.0
138.17795695955414,19374.0
114.21944245742935,17255.0
75.56993267561774,12504.0
792.303843230623,16916.0
103.51100440236193,14925.0
107.43761956986954,15745.0
117.01353030074299,16610.0
100.08218144995966,12994.0
107.86105857916392,15777.0
119.05583829390619,20574.0
138.62529723258055,22589.0
142.88474088388426,22013.0
140.1883215895992,20936.0
134.9179452785145,19871.0
130.11374674617963,18301.0
109.87616828609016,14204.0
74.61562918798388,9189.0
58.57615016060327,6533.0
37.85678002069419,4248.0
37.040063702985265,3684.0
55.43921482649931,4787.0
114.19898039744187,11096.0
155.34681676337703,18162.0
172.39404996463304,21563.0
159.1336466590449,21881.0
147.70748179077066,20654.0
96.44376121500824,14866.0
979.8474825122449,19795.0
164.3601213858193,19392.0
189.5896928518647,20667.0
184.9159671046422,18361.0
168.01745846315112,14429.0
193.03139149066718,18167.0
206.0985777037714,24084.0
201.178073949866,28225.0
192.2081089000868,29151.0
193.59583095565185,28884.0
194.97252842253553,29261.0
189.0524152768374,28539.0
191.4130416306763,26398.0
164.16434740346156,22090.0
132.67008698958963,18192.0
111.89958264027841,13875.0
78.90214266255134,9000.0
44.70818517684682,4441.0
61.57943935764952,5626.0
83.54246210668518,7644.0
107.39221261664211,12415.0
135.3893627432855,17674.0
153.1688042911391,21113.0
121.10172234441497,18596.0
980.0517598698727,24700.0
166.76568516669516,25361.0
172.70788560953585,24683.0
171.3825178616536,23741.0
151.44853692865024,21127.0
159.213431828698,23611.0
190.2992664420999,28776.0
192.0145942552431,30115.0
172.3361952591361,26032.0
153.6590645420435,25088.0
173.43338633986838,27642.0
181.15215654592683,28888.0
170.88465238682022,26928.0
328.17345506100975,24230.0
1.1486943762884232,148.0
152.85850030932215,21586.0
118.62726943865484,15094.0
64.01373464529185,7367.0
56.812177936353024,5120.0
67.73489543183165,6185.0
79.23555566843199,8642.0
109.28863451622992,12969.0
134.42897959620524,17695.0
117.47784467049955,16341.0
897.1203724290433,22649.0
163.46459705345592,23236.0
175.6946383567478,22773.0
185.6520477818889,20815.0
170.21066509964686,18677.0
170.76783537143592,20203.0
166.16119605033634,21505.0
158.9460321135023,21297.0
137.50260641722733,18539.0
131.54930037525017,17574.0
117.09736038628827,15790.0
106.38499164600626,12465.0
72.02248898202077,8349.0
44.91849629777121,5049.0
29.567562679062533,3206.0
21.150738812519155,2211.0
27.45947494563427,2660.0
48.80059549131474,4564.0
116.08997631642225,11451.0
157.0743199947301,19307.0
175.62676619703493,22868.0
166.65787365812523,21772.0
147.99342693798246,18527.0
92.63440544920759,13271.0
841.8149120315389,18423.0
142.68458642282715,18120.0
151.18585233180946,19184.0
161.3683938189876,19489.0
159.39631858590727,17009.0
167.50285676236916,20177.0
175.87924695972424,25023.0
166.4615469282319,25280.0
156.76085517246634,23796.0
150.32801440770143,22722.0
128.67828542582907,19365.0
116.81404372183171,16486.0
75.08247588166738,9344.0
53.46652740434566,5756.0
31.111231498290735,3531.0
25.090675948621346,2427.0
23.029665876526686,2320.0
44.87763303916268,4019.0
101.08354378426824,11054.0
144.1916593961333,20271.0
174.02862390169167,23768.0
167.2687866598667,22481.0
160.35214831772362,19958.0
95.2200762587581,13759.0
948.2359071762561,20038.0
149.49137379322278,18856.0
167.42311364283933,21006.0
181.99145164279096,19630.0
167.84682928429507,15807.0
194.1360753591704,19099.0
216.87423982033508,23990.0
193.45655964905097,25797.0
188.70052044722203,27086.0
187.71114186953469,26779.0
170.29466362171357,24079.0
142.25044563909248,18467.0
92.79433869619145,11468.0
52.23216904124678,6394.0
34.569983051700994,3891.0
22.68048610612762,2656.0
24.720031077407647,2590.0
48.32719749924512,4192.0
105.35519158971384,11283.0
153.47772701795563,21054.0
169.90738397818396,24212.0
166.04574602110836,22854.0
141.0249981143072,19909.0
96.37409592557452,14333.0
947.7482429535282,20150.0
147.37874405203996,19463.0
161.99271270134022,20454.0
172.44004949642536,19683.0
154.32677763076984,16141.0
196.86052866368982,20422.0
207.21297966714647,24402.0
183.8357581709516,26895.0
175.3110551218956,27324.0
180.4234194047039,27123.0
170.58951924680437,25754.0
152.3879232619045,20973.0
110.25663257340925,14362.0
70.06120108805392,8156.0
46.73755614831382,5164.0
32.54169679492268,3401.0
30.539283465060084,3094.0
51.991793439229916,4487.0
112.81311062845661,11445.0
160.63444783827055,21300.0
184.17328686179408,24724.0
172.53700107972278,23108.0
152.59276601241208,21144.0
112.15258933045858,15642.0
973.8584497877746,22247.0
166.0713625469608,21199.0
191.74726895572067,22210.0
194.59703363654927,20171.0
175.74109808918013,16069.0
200.71713425665183,20227.0
213.18646933672454,26479.0
205.28118158822414,29019.0
194.7436907382436,29220.0
197.78077536946685,28856.0
193.39783867187745,27915.0
185.66094284616565,25140.0
142.80132319830687,18630.0
96.51294274746675,11749.0
66.15485991329389,7641.0
52.06265612471758,5411.0
42.87273153114861,4280.0
59.30304271411729,5157.0
125.87121249051945,11557.0
168.0762778891781,20780.0
184.31426857989157,24094.0
163.49441478866518,22425.0
148.36620404886906,20358.0
103.24862130503836,15280.0
972.4446384898114,21298.0
163.80185521412895,19774.0
193.2934404315479,21754.0
174.89414063174968,19765.0
159.66988200490275,16342.0
189.96588216762296,21394.0
208.4961995299772,27715.0
204.1327877350004,30113.0
199.80144108788292,29012.0
191.0455112042905,28311.0
186.1449494557462,28454.0
184.31945867612825,27991.0
184.10527920582578,25947.0
154.40669544850888,22220.0
133.49859554217318,18250.0
112.85355692840447,14154.0
86.2394506964633,9193.0
46.17753880790579,4429.0
62.13984029800518,5297.0
82.69393487152564,7843.0
112.50228207292268,12407.0
140.93775259063008,17857.0
154.69878895046483,21004.0
128.90592201566503,18697.0
1026.6617608060712,25954.0
167.53100523548457,24343.0
156.83922199103105,22837.0
155.45331260240945,21888.0
152.37793194045983,20382.0
169.8815664217694,23251.0
182.05802727026204,26671.0
189.6030377277064,29218.0
181.18603281295424,27433.0
179.6643260308531,26944.0
170.18481766759726,27332.0
171.58636373287152,27331.0
173.71528212198672,26776.0
158.15901209386408,23650.0
142.34757836699802,20069.0
120.03324565074234,15122.0
86.8642150807394,9829.0
46.17292702734669,4664.0
55.13654643466933,6084.0
70.7167269760781,6519.0
81.4288992126686,8185.0
118.50572730102748,12286.0
148.4122812809267,16532.0
130.0803249414317,15997.0
915.1860767304929,22936.0
173.7092959219989,23215.0
174.20121025698492,22714.0
171.98382076751042,21743.0
170.51827730796035,20478.0
172.3554595956315,21489.0
168.32567872264835,21982.0
161.7857871760908,20989.0
148.4154213225293,19299.0
132.2190421845298,17357.0
113.29119050326773,15291.0
92.92217510914487,11857.0
70.79439061201074,8605.0
46.6405723753789,5288.0
35.091585986709475,3646.0
29.77748534735502,2821.0
29.761036802531486,2845.0
48.03787087664457,4345.0
105.44918012927741,10872.0
152.51654400577493,17885.0
165.80779322573403,21395.0
161.947441823986,20827.0
140.7829238857169,17889.0
98.24539341575664,13237.0
784.7023594897533,17828.0
136.383893082194,17569.0
140.94978859971258,18324.0
151.43523629365524,17699.0
144.57959334473577,16211.0
152.95219455747045,19203.0
167.1099515172634,23810.0
163.20928154167632,24175.0
156.47071060468338,23220.0
148.3237188225953,21358.0
128.39027881232576,18397.0
100.29857731064412,14108.0
71.2433710825133,9045.0
45.50458050395675,5428.0
28.80397504544604,3352.0
22.22922114451845,2139.0
23.05562616741585,2240.0
42.40461785264266,3858.0
95.38392638119134,10543.0
143.1588978897924,18774.0
176.2576354631063,22126.0
160.83519547850693,20562.0
144.30244267469035,16998.0
93.20586565776975,11739.0
735.0038865676206,16369.0
142.45411468310144,16757.0
154.85037330439746,18142.0
162.36847331162232,17840.0
144.3974370519437,15767.0
168.14049274761945,21756.0
191.41239255159357,27880.0
203.3825055035173,29661.0
207.5955193485603,29767.0
201.0780111527866,28845.0
194.95976214401466,27273.0
180.5795353745033,22622.0
130.27666330794986,15275.0
82.97722842676244,8961.0
53.58469577411651,5700.0
39.99144770385096,3950.0
32.74847541091768,3312.0
50.22826482079559,4441.0
107.75353861008391,11494.0
157.34301957515194,20458.0
175.24879972291728,24804.0
166.024430569577,23667.0
146.42986774833116,21091.0
102.38507311683001,15362.0
956.1399473049432,21135.0
157.16302289451275,20687.0
174.74550912898937,21016.0
174.01646169620204,19433.0
159.6211801052851,16605.0
183.89245688522487,21171.0
195.51666337876563,26770.0
191.42984814555646,29142.0
181.5769084923034,28174.0
182.21694880252875,27491.0
167.70251084230927,25483.0
147.03296898343865,20229.0
102.12718624275479,12806.0
66.61608242895691,7453.0
38.0157277760802,4513.0
26.57575009610689,2846.0
27.195303160323125,2732.0
48.443641564045365,4273.0
115.49057015086655,11420.0
166.09595004573325,20118.0
171.24953956280729,23875.0
167.06219174397475,22958.0
150.82865800982225,21062.0
112.80562322753399,15746.0
963.1438778222886,21680.0
169.26801366377532,21464.0
190.23385764739263,21835.0
193.18070290358276,19885.0
172.16327806693474,16027.0
198.47878633948054,21092.0
206.34640479222037,26489.0
191.4683495785875,28581.0
187.53356965487433,28347.0
180.61555061202668,28577.0
180.11116474194444,26753.0
174.32849005287696,24131.0
132.21354796881775,17243.0
84.90164264050236,10761.0
59.17538058390871,6899.0
46.06884177085774,4699.0
37.22832840169562,3968.0
51.72531441097722,4713.0
115.13682478336267,11054.0
158.02317661994184,19090.0
170.45639607980272,23359.0
156.11714476341837,22458.0
141.097467758329,20109.0
102.47686240468423,15039.0
929.5370781729561,21231.0
164.63126515637097,21030.0
166.76390780106672,21736.0
169.76241279008977,19751.0
146.59593276861335,16331.0
171.17300002259603,21311.0
186.36809000762662,27022.0
184.53683371082025,29024.0
175.90507507051933,26340.0
174.58250415188738,25913.0
176.9188897932776,26330.0
178.2164937766686,25987.0
175.57030131980198,23152.0
148.06066968616756,18928.0
118.17628859024204,15299.0
90.35841062147796,11127.0
66.01466405046635,7507.0
43.110648199577625,4095.0
56.99619236781441,5178.0
78.40666155244429,7335.0
103.39896097392489,11770.0
124.44440267344243,15964.0
134.62087230094224,18526.0
113.42673973178074,16553.0
936.2550394325141,22877.0
148.724747883169,22879.0
159.23860173079933,22405.0
158.0483880593238,22233.0
149.38941338784318,20506.0
166.74108934830375,23109.0
181.907850108084,26980.0
186.4868027905349,29200.0
171.2790793489828,25794.0
155.75039412434953,24696.0
173.46216778820553,27753.0
197.19452480561065,28875.0
184.64566680706258,27135.0
168.57326520766884,24789.0
147.38661345951888,21411.0
130.05076967702132,16666.0
88.14304552302757,10443.0
49.13048857675525,4743.0
53.30764631976185,4704.0
62.368826700327766,5705.0
91.83016589197155,8834.0
113.96199911044717,13041.0
144.18780314622435,17706.0
122.81577830203192,16347.0
899.5583494386927,22147.0
162.04628301734172,22095.0
172.72323463450397,22183.0
175.4041490244725,21556.0
173.61315198073314,20100.0
173.48861972428782,20896.0
182.87864892044786,22494.0
169.44179400299413,21509.0
156.38098709952746,19995.0
145.70901277854423,18895.0
133.47847328848266,17328.0
111.68627463888267,13128.0
70.58436320928072,8366.0
45.845351375365546,5036.0
30.041543132045938,3207.0
21.226604942019165,2040.0
28.320799963067202,2617.0
53.091223800698835,4578.0
109.62654963176894,11190.0
160.01517139327868,19112.0
168.97179553596192,22239.0
165.57606008442858,20873.0
139.04187464080658,18153.0
93.76284882718811,13516.0
765.255398165196,18376.0
141.21990241068195,18164.0
149.5202985559668,18828.0
160.13954439529346,18393.0
151.9687228307035,16630.0
165.55967878592665,20542.0
177.12012274617138,24981.0
175.4659659635681,25260.0
163.67618376765967,24094.0
161.17607929173175,23611.0
141.8661665833051,20599.0
111.27240676814131,14572.0
78.44912889996061,9727.0
46.183195548020905,5363.0
30.26933921438658,3518.0
21.32260900153071,2261.0
21.839990538035117,2170.0
43.2645256149785,3974.0
99.37154569138696,11040.0
147.90689954254933,19554.0
174.13149472852223,24083.0
164.4031717423878,22110.0
141.55065149808632,19292.0
92.8937776342631,13629.0
893.7615458732138,19489.0
144.67864214678687,18742.0
150.07649238870874,19582.0
151.30823954113654,18405.0
148.06449921197722,16150.0
171.80097372793176,20074.0
181.42981918951287,25261.0
174.30637725067302,26154.0
173.7101128255308,26405.0
168.53844874157,26131.0
159.92518643464498,24114.0
133.3827217915002,18215.0
88.9762374153708,11380.0
54.75800753267265,6566.0
36.04642685814166,4054.0
27.762188003645175,2872.0
26.389534565115785,2601.0
46.896489859614555,4146.0
104.77825205353638,11019.0
150.78835949745903,19573.0
163.72953023353014,23147.0
151.68508659457285,21725.0
139.575377841001,18997.0
93.04930609974446,13793.0
856.4522853963839,19460.0
151.78098315315628,19686.0
183.51606490098047,21879.0
199.75879285400535,21522.0
162.40400796285684,16609.0
177.1705085186354,20227.0
199.5670655965497,25466.0
200.13533446396218,28596.0
179.97147266004237,27624.0
169.4378987015356,26594.0
160.7875509217037,24661.0
136.23500888813803,19387.0
92.30140891794954,12427.0
56.69290599928297,7175.0
39.94854085089075,4617.0
26.7010996844951,2971.0
27.010416216774466,2689.0
45.24248790938501,4183.0
106.55027135610825,11076.0
144.69454667688248,19638.0
164.72660079506338,23820.0
164.22282021049068,22708.0
143.82159018107404,19902.0
98.34349864276811,14241.0
1007.9447695960919,21101.0
160.69735228054276,19581.0
183.07405445392823,20863.0
179.7967924991797,18414.0
160.17004435491077,14726.0
182.72986668766717,19331.0
210.35103176458856,24646.0
195.06270054079627,25721.0
191.9495839021906,25586.0
202.43777977325325,26625.0
212.47206935378517,27023.0
178.82877885807574,23701.0
151.2266600867489,18842.0
95.27743355721323,12011.0
62.756516863011804,7658.0
46.63140288965085,5145.0
38.845268503745196,4050.0
57.70901741458581,4858.0
125.07333379067029,11757.0
167.63894546189536,19934.0
162.29448926176312,23005.0
159.50608903150598,22301.0
146.55404169865136,19915.0
99.79149482561694,14717.0
911.0606024293178,20780.0
154.18167810987538,19926.0
174.8343664239149,21389.0
177.2093527241368,19573.0
151.62674153216412,16327.0
171.2137505287949,20709.0
191.5899175650189,26992.0
200.04684103847558,29328.0
184.3405889947337,27525.0
177.75429634904285,27279.0
187.31880913903697,28052.0
194.61448472002866,28113.0
188.7623423367848,26814.0
162.61184134741615,22580.0
148.1894209152091,19163.0
115.17794337967302,14351.0
82.51913905463839,9164.0
43.54743684899527,4223.0
60.87478659925614,5272.0
80.88974430036615,7632.0
101.8894400975381,11540.0
130.994539386463,16556.0
150.5638299285351,19815.0
126.47409125862593,18388.0
1003.4247195202911,25298.0
167.7358211881463,24895.0
163.4784208552216,23248.0
171.56436761408074,22991.0
152.51531969560756,20904.0
169.33702568903686,24220.0
196.83716397884407,28764.0
206.17634227370914,30525.0
197.42370237209687,28397.0
187.30261596549872,27562.0
200.575381719692,29440.0
213.73361515999463,31323.0
204.90267241118516,28010.0
177.4858348476219,24426.0
269.40599733128994,33561.0
98.85771852095465,10463.0
48.86164722829785,4523.0
47.4379044891028,4465.0
62.82163469485351,5869.0
88.24663290256446,9088.0
117.1159317361969,13533.0
147.1457205901523,18633.0
128.26657178474582,17262.0
928.8308322902761,22881.0
175.79472004781368,22424.0
178.75267952396894,21864.0
172.48951522419864,20178.0
165.02730355268426,18784.0
172.56431236003303,20409.0
172.12292586354698,21488.0
160.29483982036405,20876.0
142.99760713094773,19263.0
129.79403151098649,18005.0
116.97875721564165,16083.0
99.98879530712762,12541.0
66.69824600624577,7907.0
43.61217865679611,4881.0
26.23403084644721,3136.0
23.83656371313553,2251.0
23.166033510594147,2454.0
46.65349055903001,4353.0
108.77321762563403,11511.0
152.17833897779028,19470.0
171.32914621870052,22474.0
161.52678011189965,21218.0
139.65529132815666,18852.0
96.42962145557178,13898.0
785.5025923015777,18430.0
147.14717941693397,17923.0
165.34794689491244,19124.0
176.1446327230305,19249.0
154.01079536710458,16992.0
167.81836513929903,20722.0
180.9781716406636,24583.0
161.42819567930016,24372.0
157.28279923642498,24109.0
152.09506386751036,22847.0
134.28703607834808,20160.0
117.72347948751438,15465.0
83.2198302726685,10133.0
50.59921578635516,5708.0
31.826214507522035,3521.0
21.473672967452114,2449.0
22.411430972322364,2273.0
47.4567385041484,4019.0
107.13051631552686,11462.0
153.13482985798962,20974.0
166.1288626308507,23642.0
157.99200692856007,21839.0
143.54524509441228,19774.0
97.50275645331774,14526.0
911.0350460770907,20032.0
166.01554578152832,21748.0
187.22458284615038,23051.0
186.29785732390758,21700.0
154.19385755706878,16800.0
185.51915706017658,21044.0
209.75537598701086,26411.0
199.94501420560377,27502.0
199.78430408894948,28005.0
175.41624062781497,26068.0
160.38197232171666,23870.0
141.0504474715743,18618.0
102.00563675391423,12046.0
63.14610679054768,7032.0
35.977916854246644,4346.0
27.95861696544954,2890.0
27.450536024005423,2787.0
50.73100899868965,4389.0
114.61607723012537,12229.0
154.54440159472534,21879.0
179.32546480172024,25126.0
159.27206388647838,23153.0
148.9699118571705,20456.0
98.39408165993477,14692.0
971.2298202710876,20788.0
161.62827634182702,20374.0
183.26969654444474,21603.0
182.67825990528257,19933.0
154.36327155031395,16049.0
182.0400752565113,20262.0
198.17325865454762,25919.0
187.4471802521501,27915.0
178.87393635709202,27743.0
171.28607635834325,27172.0
170.53640799552397,25406.0
154.1778946807237,20635.0
113.65333166579687,13962.0
66.87778738959658,8156.0
40.52202548256148,5157.0
28.51947750151344,3301.0
30.287055247556257,3083.0
49.749673754672095,4389.0
105.9945044042686,11444.0
159.52029846945157,21314.0
169.27286230629187,24790.0
151.1771916411095,22420.0
140.35907644822433,20263.0
99.98013194136318,15090.0
1003.9132912833967,21188.0
167.38369996487387,20659.0
188.13203746569582,21942.0
185.82068789889533,19990.0
171.0370413726531,15730.0
201.89893219036267,19888.0
217.3109044851278,25488.0
207.0108750331873,26695.0
197.3702403960045,27147.0
190.1204222234514,26599.0
192.73667538030492,25831.0
179.513364467243,24189.0
163.5450546745394,20538.0
116.2651803798778,14740.0
79.3721202216741,10134.0
60.87425385981728,6986.0
49.907451126110985,5223.0
51.454546558326875,4497.0
82.41096459015387,8009.0
106.67950842472905,12367.0
116.59541973594598,17370.0
138.04957861721095,20861.0
148.61470111236133,22012.0
112.81422849956468,16690.0
974.7390924199443,23343.0
172.55723918299438,22137.0
182.82025341166838,21908.0
174.86616390494675,20454.0
147.39161895189287,17428.0
165.5532409806291,21845.0
170.05144983516632,25651.0
158.5770392904467,24538.0
142.72823595995692,21884.0
143.7909150748879,22016.0
153.4478517077424,24428.0
158.64432775276094,24365.0
149.28724376156507,22073.0
123.76533659526956,18920.0
111.04915002364098,15584.0
88.59031290482058,12132.0
69.54918662496718,8218.0
40.5867419381534,3965.0
51.16549039404653,4761.0
67.93719187304612,6791.0
78.70493961360896,9140.0
104.58911542333124,13861.0
124.67201438205899,17668.0
116.85808827219435,16470.0
851.6531819814902,21932.0
153.46076849247,22208.0
154.98203177294633,21400.0
157.9458383317656,21777.0
143.57613052611725,19845.0
169.21050334592059,22979.0
178.743213693844,25224.0
168.23337547943908,25275.0
152.03633780002946,22783.0
148.4940447513188,22510.0
153.28816733184263,24320.0
163.43285021491113,26359.0
153.60897021233737,22316.0
131.00351867929726,18976.0
113.48011545873227,15768.0
96.83470410793227,12283.0
73.1239443434244,8493.0
39.60609977639498,3951.0
45.49877098180922,4098.0
57.59439085250265,5338.0
87.03361362719892,8298.0
109.9911820206443,12105.0
140.00419919117314,17144.0
118.25129443866636,15364.0
774.4159517358315,20002.0
156.72125482937696,20925.0
156.31955815754574,20239.0
156.75218026981693,19805.0
136.46126799835625,18055.0
140.3547303882884,18726.0
139.70090361697785,19676.0
131.69863018943673,18551.0
132.31997156226655,18101.0
137.54377494596096,17884.0
118.69555689690928,16173.0
102.58036845022752,12671.0
63.25966699502873,8210.0
39.68414051956193,4663.0
24.927120360278693,3023.0
19.28328356904194,2118.0
26.127977079427946,2444.0
47.95978129370404,4080.0
95.16705434348007,9847.0
126.55107835476352,16862.0
141.19156788850617,20559.0
138.44417773684728,20122.0
130.79661869887778,17840.0
99.78412367623574,13664.0
795.9742924493064,18156.0
146.9852325043289,18098.0
162.3670625368953,18726.0
165.13377639166944,18721.0
150.80118601837074,17024.0
160.61815357094562,20043.0
169.0589979484385,23797.0
158.4717103257543,23754.0
153.311874556742,23284.0
144.27189055375925,21947.0
128.89539039631717,18539.0
122.6540272325399,17193.0
79.68223531464555,10141.0
48.62904977263076,5946.0
32.02921340865316,3598.0
23.903035944940314,2469.0
22.94783919712462,2311.0
41.42657353103151,3802.0
94.17452751270154,10504.0
131.9258162940937,19245.0
154.79012114815237,22900.0
140.99776212371012,21882.0
131.62223070003327,19232.0
95.74603033777545,14377.0
871.5404003581691,20483.0
155.03433760608155,20494.0
164.25044772222836,21209.0
161.86656875359873,20439.0
142.56900604813848,17455.0
175.0198476618416,22255.0
202.16333302969383,28160.0
210.72021077482546,30576.0
175.61384975454308,26898.0
160.84966313431042,25760.0
171.89861413482623,24184.0
137.34146259476395,17983.0
90.00271286191924,10995.0
52.62091094242077,6373.0
36.93489858396792,4096.0
27.183686339876125,2778.0
24.66107929001339,2527.0
42.94675561230263,4065.0
97.34127021026562,10908.0
134.3134186597539,19467.0
163.72222073004298,23749.0
156.3290314448071,22820.0
149.52157969103374,20862.0
104.09146017202463,15289.0
961.3761879627305,21490.0
162.21257193145553,21109.0
172.66945130174585,22134.0
166.63937999662502,20813.0
153.11919328368342,17548.0
173.32612877794855,21143.0
194.9311862236963,26150.0
196.2115990466199,28178.0
189.62184822159597,28929.0
185.74941150108143,28120.0
186.95922086309037,26733.0
166.89473180066415,22064.0
109.97962373897657,14061.0
65.5502551304057,7894.0
43.047376966387404,4914.0
31.172893783132356,3263.0
28.691980533904406,3008.0
49.17171707308047,4362.0
103.8209826450281,11125.0
138.58250154496253,19836.0
163.42675732704663,24339.0
162.13650903834068,23945.0
145.25770662635338,21407.0
102.1137262822903,15789.0
976.8670548786528,22472.0
167.18388292594992,22025.0
175.31708009023205,22398.0
174.57787461651068,21145.0
158.4575153131268,17208.0
178.99273962421438,21797.0
196.539683099994,27465.0
184.88113493802334,28835.0
178.86341317784286,28296.0
179.32982709064734,28401.0
179.27318844799416,26611.0
182.49626656962573,24061.0
147.3126597344643,18076.0
95.08170532465876,11244.0
60.6381336566238,7248.0
44.55789081780462,4913.0
41.80104221777865,4021.0
53.61831759042246,4695.0
110.21691004059895,11575.0
141.75660396543404,19256.0
156.09913279641665,23730.0
151.53311237926232,23112.0
134.25003019017734,20783.0
99.62316808281622,15475.0
882.4425581959423,21183.0
148.28679846512898,20357.0
164.3343859215718,22024.0
157.48680013253355,20524.0
146.5535533314096,17962.0
173.20289224126043,22478.0
185.22507443550722,27470.0
182.1698710870833,28870.0
169.43662165615572,26847.0
162.18038235883452,26287.0
174.62528621301993,27039.0
175.28198663855673,27364.0
170.93920986084603,25599.0
151.85914882506043,21965.0
129.24005872666635,18314.0
105.76457224919288,13464.0
74.34786977757511,8578.0
41.60077906004408,4097.0
55.79827499124622,5284.0
71.22022327577294,7374.0
93.70787946008888,11757.0
117.49562381079976,15912.0
137.43013502166679,19035.0
120.29987171870759,16593.0
962.4179814185585,22711.0
170.694594415046,22548.0
175.23800462127576,21378.0
178.8622185486012,20940.0
157.98851060404905,18444.0
179.83970458521958,21497.0
209.41838078697103,26203.0
205.61232725549715,27066.0
190.62686013872408,26386.0
178.30142011606102,26606.0
179.3147792626074,27729.0
186.70295648178984,28901.0
180.76018484787141,27398.0
160.29360101311045,24055.0
144.6782992974444,20966.0
123.39019530642778,15805.0
83.41662976534069,9761.0
43.06738310274106,4256.0
51.17588626157411,4515.0
61.02342611523788,5990.0
81.22916596603751,8568.0
107.08954442963837,13011.0
132.48785229708497,16982.0
114.95418012273123,15513.0
902.2907210948172,21693.0
155.0074446510917,21033.0
168.38577894922236,20989.0
163.09807297223543,19949.0
156.78174709223907,18778.0
166.902285514817,19587.0
160.59865829393934,20598.0
157.30248729541455,20294.0
144.95174080968292,19041.0
120.97174639933692,16495.0
111.04783275383882,15292.0
95.27136719728996,12472.0
72.396932602575,8701.0
41.20145270259962,4908.0
27.562488279055906,3197.0
20.97184885693173,2117.0
24.192548572587203,2468.0
43.680811316595175,4267.0
110.30939090024889,11243.0
150.51228782225508,18894.0
168.31834956882537,21754.0
150.49401125663562,20046.0
128.16547728955803,17525.0
91.50955367938536,13213.0
738.4676443917856,17576.0
129.58949448198965,17194.0
149.0232380690396,19057.0
145.67442672877766,18963.0
149.37293183510957,17328.0
171.31542437660966,20530.0
171.6843938569438,24374.0
163.52228560054274,23839.0
151.26373512427338,23107.0
145.6972742957433,22081.0
127.89693154537777,18421.0
101.00102100605699,13737.0
74.9917448327361,9235.0
46.680444515824306,5405.0
28.462848926939877,3270.0
21.62488199261514,2165.0
21.05507317251736,2062.0
41.71602770161024,3773.0
102.20401391648913,11321.0
154.04428549947184,20710.0
184.42289470296006,24567.0
165.6999505408595,21758.0
143.3171341202235,19446.0
91.38299707516059,13650.0
867.7241312706731,19171.0
139.60939870106148,19114.0
151.60811145120255,20790.0
150.6734257694535,19622.0
148.10560665912692,17374.0
169.82827646747643,21887.0
179.18710146592713,26346.0
168.72137884582528,26220.0
164.5476075094303,25408.0
157.6759533497913,25075.0
146.68934305875493,22198.0
123.58821222837499,17474.0
83.90482864328001,11192.0
60.18631697496289,7331.0
36.27513664043063,4248.0
24.163771384086807,2824.0
23.437028476901162,2559.0
44.61722346077162,4191.0
106.30445096613883,11544.0
148.144362851099,20693.0
175.79944439617094,23794.0
155.8512261463135,21750.0
143.08760120893652,19423.0
94.28482507467248,14007.0
948.9302669202303,20024.0
157.9671833429109,19594.0
166.64753383879605,20271.0
178.8928632060414,19502.0
158.71740051796186,16178.0
189.79784441649238,20550.0
204.52785728332475,24897.0
182.6788182939817,26604.0
171.46084288213163,26754.0
180.08573037277236,27452.0
171.85169296073005,25425.0
149.55318319160352,20872.0
105.52751974598779,13746.0
64.3761506047284,8063.0
43.35060537691505,5016.0
27.87495386451595,3291.0
32.17621852884946,3075.0
48.81001238313838,4424.0
114.71442056287837,11991.0
153.0955602800532,21073.0
175.26600838549672,24122.0
160.84791695888467,21991.0
144.50681784838744,19925.0
99.6010214587901,14609.0
975.0349252910291,20804.0
160.64562054312833,20400.0
190.8002656194974,21958.0
183.32276257544441,20177.0
162.36925010596204,16281.0
195.32001828369692,21191.0
206.60030160278782,27483.0
197.8861878498842,29110.0
187.89517114637727,28779.0
185.58875858128454,28283.0
185.96367075737683,26582.0
165.51252062943436,23339.0
128.22458891216766,18016.0
85.20923804583549,11535.0
62.673078894213134,7612.0
43.44030276852617,5147.0
39.640567677459835,4123.0
58.70267437062161,5230.0
119.93995629853464,11913.0
152.01782894848077,20584.0
173.98735384694436,24441.0
169.82272282586908,23156.0
145.3692667259214,20964.0
99.78948776726307,15280.0
931.961080342678,21625.0
154.36542661961997,20761.0
180.09955350318236,22066.0
175.90541550130206,20043.0
165.34454121265054,16627.0
178.69768651481337,20541.0
196.72410385503844,26597.0
192.6968843508038,29149.0
193.50141476758733,27790.0
182.90210887742876,26427.0
179.97952107672674,26919.0
181.75914726195163,27415.0
181.54623966117734,25604.0
160.27550848929624,22049.0
126.08514978000592,17875.0
100.02464812322705,13247.0
77.06024849194962,8610.0
45.637946616972634,4409.0
62.78601550912569,5642.0
87.01798681186214,8466.0
109.53452814351124,12939.0
136.23951307993758,17843.0
151.36801851742314,20668.0
127.23269081256969,18063.0
1046.6125138077794,25045.0
180.99978964549507,25183.0
190.04918102621397,24834.0
182.6170275182333,23998.0
159.52947763980134,20351.0
173.61026235038818,23480.0
201.8969352492524,28058.0
201.9733145623855,28922.0
193.97449455117388,27325.0
181.46249448720857,26516.0
194.90387991442705,28075.0
192.6333403028158,28520.0
179.74996793849107,26307.0
164.88180196775497,23912.0
152.4748644006244,20992.0
117.05598989566612,15793.0
86.39988792626937,10154.0
45.28093702787862,4766.0
53.968188715833534,5047.0
69.31670006570498,7134.0
87.41618732203364,9881.0
116.85923780010263,14864.0
143.31369431066653,19276.0
127.30728965269684,17758.0
995.2985736057367,23500.0
178.9590900923036,23073.0
182.71865878191505,23371.0
176.91976223383355,22570.0
187.77171861199474,21225.0
191.887616181745,22486.0
194.13943045707188,23867.0
174.9313879085233,22391.0
159.4008706101261,21600.0
151.84859729832775,19933.0
132.2125603140557,17740.0
118.35123127892108,13754.0
74.30563134118681,8593.0
42.54429990554755,4957.0
28.73943206859912,3219.0
20.680840851641815,2150.0
23.23785779460758,2448.0
49.80857212636455,4455.0
118.79403753854635,12062.0
157.31174349104643,20640.0
182.1606462929675,23289.0
182.8279615002465,23392.0
170.28253094608755,21399.0
104.01930244113169,14432.0
927.4999485754655,19862.0
139.82441477591132,18060.0
150.90621790341416,19233.0
149.24410835046947,18922.0
142.48578709695138,17057.0
159.4151413630474,21059.0
176.48648592627404,25644.0
166.89750268796345,24406.0
153.83715105868652,23103.0
147.35988830797953,21930.0
129.44191875615672,18982.0
104.4011468858196,14503.0
82.73911366465194,10215.0
47.53128735955967,6007.0
39.340690923320146,4491.0
23.69960200127292,2562.0
23.792814644861334,2286.0
48.900322387237146,4181.0
109.96811956821173,11928.0
153.06910790506157,20815.0
189.0513816632994,24959.0
181.53634154279828,23363.0
149.49745308239272,19525.0
98.20030676722403,14049.0
951.7248941795915,20099.0
154.32409481601198,19237.0
170.41009573289008,20863.0
165.10295612523052,19732.0
152.2672130456299,16993.0
173.28233231296662,21087.0
182.8247116135311,26352.0
172.4380335578241,26747.0
164.17771713552125,26650.0
161.80292497702362,26378.0
160.89736606410548,24348.0
137.06458401840948,18744.0
97.21386199279785,12071.0
54.8907155504787,7012.0
38.07077566737935,4448.0
25.86612018096455,2796.0
24.201567888745544,2618.0
50.491544409835036,4235.0
113.69961454526391,11742.0
145.75317148490282,20738.0
169.46102956826527,23963.0
154.80395019504388,21685.0
139.9586475147638,19435.0
98.96114622891695,14176.0
947.2042111034538,20069.0
155.51240439246027,19722.0
176.1621066489188,21274.0
194.66987771999237,21998.0
154.6655640914967,15858.0
188.91254252254924,20831.0
206.25961341796543,26148.0
176.30147424813123,26270.0
174.72640052153903,27041.0
179.06194306843238,27240.0
172.3212268326925,25794.0
154.78699601358565,20842.0
102.75800280671429,13328.0
69.27385275925135,7963.0
43.76682286542989,4822.0
31.46040689296465,3127.0
30.06566999492017,2996.0
55.91548675040876,4491.0
117.9833326082995,12340.0
160.49907547231402,21851.0
182.52059486831865,24796.0
166.84170934979625,22876.0
159.4678216165395,20840.0
106.65332266560186,15204.0
1055.839730702218,22073.0
174.37236247765995,21500.0
202.67773165521098,22346.0
200.5810513451215,20567.0
168.82844061320944,16287.0
203.09868796160438,21254.0
207.4325669969674,27310.0
205.3980536953327,29706.0
199.2058133300417,29430.0
195.86669178467588,29184.0
195.1245639396498,27772.0
186.2638792022901,25079.0
142.3158747143966,18353.0
94.38443876091662,11437.0
67.49739693713923,7606.0
49.06760124497894,5092.0
41.17979260637253,4080.0
53.98831688362951,4790.0
125.80837570271686,12000.0
167.06016207879154,21055.0
183.78816506009113,24325.0
166.19611745556463,22541.0
159.49034203899797,20975.0
106.34854007780251,15405.0
1030.6333325811993,21513.0
171.38770119956078,20256.0
190.71765522235546,21711.0
189.85580091024198,19412.0
169.26883379652162,15862.0
202.61862314059667,20050.0
217.28133251604015,25451.0
213.47120359406762,28590.0
211.07311047451046,29222.0
199.48421530022932,28608.0
204.12432396459593,29536.0
205.7886876109473,28611.0
193.74141396983632,25640.0
163.26385037412945,21395.0
137.26216907262,17439.0
107.52965585795484,13213.0
76.393468584836,8582.0
48.00334115376794,4602.0
63.60508872770176,5452.0
86.95725121358926,8259.0
117.2205221607246,13204.0
140.3504248613274,18057.0
153.07930944627995,20676.0
131.1821439437431,18006.0
992.6203047576511,23863.0
178.67447865081763,23166.0
183.72965400414117,22278.0
180.6133793649491,21969.0
156.96766924616398,19010.0
169.5209152693826,22062.0
196.16853794587973,27058.0
196.83373888569267,28918.0
186.9311195700369,27371.0
175.09912972497492,26423.0
183.60957828457884,27713.0
190.16230273738472,28308.0
182.77982551029268,26386.0
160.91945249208342,23750.0
151.1178452151993,20818.0
126.13332039042564,15795.0
86.42714946956849,10044.0
43.646834420843156,4550.0
50.60851561241351,4760.0
71.06075295409785,6945.0
94.63914420590032,9759.0
121.93680586620201,14271.0
147.45319988301375,17981.0
123.982679833461,15981.0
987.5655563084321,22131.0
181.9638212710656,22178.0
186.03474716248914,22299.0
178.48011930502662,21232.0
168.02234752994508,19481.0
179.4465987263677,21533.0
174.6938402330784,21833.0
157.19363784585033,20391.0
149.60940511170298,19805.0
146.24781924229347,18489.0
126.33198494408556,16555.0
107.20012477271156,13188.0
67.6118454155858,8180.0
40.62934431832562,4759.0
28.752906670148022,3110.0
22.338756390065228,2278.0
24.97989352937691,2591.0
50.41561738866567,4506.0
109.76559767343144,11321.0
157.35696231651602,19654.0
172.80871529115214,22711.0
153.72230330046906,20910.0
133.03525419498962,18247.0
94.1154996977439,13458.0
785.8088252258385,18475.0
141.36599963894622,18393.0
153.4183810972508,20140.0
151.9114713183378,19382.0
144.81275693981743,17552.0
161.64400143958812,21251.0
174.64616215330355,25396.0
171.89547392278163,25166.0
162.87317550710756,24030.0
158.04933500948306,23774.0
145.70223787399013,20809.0
113.27481111387576,14681.0
73.02324356926864,9252.0
45.32783097090827,5553.0
29.665177706394097,3454.0
20.62116198031917,2202.0
21.053667735439173,2213.0
44.68890839189471,4086.0
99.94741903250421,11228.0
154.22146311894952,20157.0
167.57018913681605,23261.0
152.705106061704,21580.0
137.10505618074336,18895.0
94.69206768367931,13804.0
903.5649689493213,19366.0
145.54505015155058,18789.0
156.5125712377514,20441.0
151.07477666654447,19531.0
141.3764184494575,16942.0
169.89941757444626,21083.0
179.8741139408404,26143.0
166.71230199910045,25847.0
161.06256664878927,25910.0
157.41818933102354,26355.0
153.35386477321717,24058.0
125.52866189586058,18334.0
87.88884751848104,11540.0
57.279882173287255,6848.0
34.065491770871596,4231.0
25.106924180907956,2841.0
25.38784021426376,2655.0
48.78208921739252,4305.0
104.94664808061457,11472.0
148.02302999398512,20519.0
171.10929385998418,23785.0
151.53921447285325,21860.0
140.49433080038233,19501.0
97.33480995895299,13928.0
979.4266032988327,19985.0
161.47180820024076,19697.0
174.6490975804519,20587.0
180.74467887825733,19695.0
166.5786252430292,15424.0
192.60781135706492,19403.0
201.75379474202353,24457.0
191.42965832505826,27200.0
198.78564995849698,28092.0
185.22072831846296,27744.0
185.09358265374541,26426.0
158.4698999636277,21242.0
116.00133844918422,14312.0
65.79555385458526,8364.0
45.00025556835724,5000.0
30.715669432402496,3282.0
30.685892876796327,3102.0
49.4738294004084,4507.0
119.99429551429813,12317.0
155.64203344789527,21133.0
179.8003532464305,23914.0
158.76457187331624,21795.0
153.23329802890115,19841.0
93.21078435809233,13899.0
997.9299431515426,20414.0
171.49190732267138,19937.0
188.7493335439921,20981.0
190.11718766213698,19206.0
167.20999009846798,15430.0
201.65736624752975,20412.0
203.95465386087082,26770.0
198.4610962014531,29047.0
184.92691368990938,28549.0
192.1319729906564,28831.0
199.34642809459064,27092.0
175.6993628179013,23350.0
