2391
2284
2690
1317
988
494
563
639
832
12275
1410
1678
1794
1752
2035
1601
1906
2175
1665
1569
1382
1219
1745
1428
1141
610
467
413
535
772
945
1350
1487
1509
1714
1399
1515
1456
1302
1870
1503
1706
1806
1939
1895
1729
1519
1190
902
769
488
443
442
616
1328
1655
2067
1978
1889
1888
1766
1816
1943
1804
1871
1899
2087
2329
2260
2338
1911
1565
1054
717
712
496
485
646
1079
2018
2038
2058
1725
1729
1939
1723
1764
1682
1466
1795
1982
2307
2209
2231
2392
1580
1202
829
651
672
471
614
1105
1934
2211
1968
1874
1784
1781
1971
1962
1778
1580
2035
2874
2326
3615
2571
2026
13300
1213
1003
742
562
667
636
1169
1845
1786
2013
1902
2100
1980
1926
1979
1877
1504
1732
2132
2911
2647
2353
2295
2230
2654
1932
1422
6062
936
805
642
802
1282
1464
1931
1864
2083
2351
1847
2237
1862
1983
2498
2588
2264
2135
2316
2776
2550
2291
2138
1455
1048
613
795
832
817
1150
1425
2233
2097
2119
1943
1843
1971
1771
1815
1680
1504
1664
1347
1074
759
586
721
412
421
566
1227
1937
1990
1962
1715
1474
1866
1569
1703
1714
1705
2048
2159
2148
2024
1846
1985
1302
921
598
497
669
433
565
1163
1865
2328
1942
1925
1692
1807
1886
1755
1598
1560
1920
2558
2265
2237
2261
2013
1739
1175
733
557
461
960
603
1195
1885
2301
2251
2049
1672
1835
1834
2181
1956
1623
1772
2307
2623
2402
2330
2100
1741
1390
862
626
536
521
881
1197
2142
2138
2045
2005
1751
3864
1771
1980
1885
1571
1868
2471
2254
2754
2588
2369
2139
1713
9103
952
723
608
707
1438
1896
2027
2412
1967
2311
1754
1826
1924
1697
3452
1653
2051
2433
7445
2507
2350
2093
2067
1924
1951
1497
1015
633
763
1302
1138
1631
1674
1956
6312
2134
2123
2106
1802
2111
2234
2399
2169
2031
2429
2278
2054
1891
1594
1997
1074
634
576
672
1222
1207
1594
1820
2109
2332
2076
1932
1910
1911
3185
1946
1835
1828
1846
1898
1302
1010
787
879
859
585
735
1181
1516
1816
1730
1785
1858
1876
2229
1979
1912
1933
4548
2412
1858
1692
7801
1262
1354
753
599
471
445
971
903
1235
1642
1683
1960
1659
1666
1727
1975
2152
1579
1778
2209
2167
2380
2109
1830
1641
1056
1052
579
486
501
607
1391
1698
1996
1961
1782
1960
1697
1799
1761
1791
1844
1563
2086
2300
2242
2472
1975
1691
1185
862
914
509
451
661
1180
2168
2118
2034
1776
1793
2111
1858
2007
2069
1592
2188
2221
2479
2530
2332
2465
1969
1369
997
821
869
517
589
1189
1836
2446
2052
1953
1771
8465
2202
2166
1796
1637
1843
2637
2625
2511
2361
2529
5521
1998
1816
1546
1201
1164
546
678
750
1044
1834
1663
1741
1963
2249
3456
1655
1404
1626
1684
2180
1854
1854
2034
1949
2201
1667
1571
1318
907
882
600
713
890
1166
3817
1986
1933
1906
1856
2150
1625
1730
1911
1752
1804
1405
1386
1100
1239
1005
491
452
477
667
1465
1685
1891
1840
1572
8758
1731
1673
1816
1924
2075
1852
2068
2352
2152
4244
1910
2266
1146
725
1163
408
449
648
1213
2983
2087
1860
1825
1578
2095
1680
1874
1719
1564
2574
2212
2134
2336
2200
3100
1647
1063
703
588
1084
467
609
1170
1799
2354
1959
1789
1671
2028
2385
1794
1897
1478
1786
2629
2295
2107
2420
2067
2038
1156
990
645
538
884
604
1221
1892
2144
2329
1763
1681
1841
1874
2318
1830
1518
1606
2091
2697
2206
2353
2438
1869
1822
1045
844
641
538
1065
1145
1695
2045
1909
2196
1678
1937
1836
1848
2122
1491
1840
2184
2442
2792
2232
2453
2412
2216
2244
1534
1234
903
608
1071
938
1213
1453
1681
2258
2166
1891
2050
1965
2089
1867
2237
2505
2184
2526
2158
2308
2588
1988
2111
1401
1040
620
631
1036
986
1237
1581
1634
2425
2106
1758
1490
1406
1790
1756
1554
1321
1184
1518
957
788
596
479
826
402
641
962
1538
2226
1741
1537
1480
1401
1969
1433
1630
1456
1659
2481
1995
2051
1885
1723
2340
946
700
524
438
824
573
1082
1794
1956
2340
1773
1721
1706
1793
2258
1715
1283
1396
1794
2304
2046
2004
1764
1915
1296
724
666
522
498
997
1187
1870
2131
2068
2233
1715
1847
1684
1788
2197
1485
1704
2241
2346
2491
2062
2136
1663
1079
1282
650
548
543
582
1426
1705
1778
1498
1568
1823
1425
1295
1387
1423
1560
1382
1753
1886
1690
2251
1389
1596
1264
971
1162
575
599
692
1114
1940
1747
1851
1817
1656
2142
1627
1657
1638
1322
1926
2072
2330
2793
2340
2750
2269
2008
1862
1489
1607
873
612
977
878
1593
1633
1761
1788
8866
2558
2064
1854
1861
1907
2787
2373
2150
1918
2283
2458
2185
1895
300
1460
8703
840
650
741
879
1721
1519
1697
1927
1781
2302
1746
1476
1681
2637
2654
1711
1498
1363
1165
1255
679
490
463
471
1110
1069
1473
1855
1834
2061
1379
1444
1590
1577
2182
1599
1581
2069
2103
2533
1884
1628
1441
851
1409
541
455
441
543
1593
1613
1881
1932
1828
2003
1743
1629
1857
1541
1744
1512
1810
2082
2504
2788
2047
1758
6692
796
971
464
477
590
1060
2154
2040
1938
1738
1583
2114
1626
8703
1646
1497
2237
2009
2051
2224
2099
2487
1751
1276
885
679
968
495
564
1068
1790
2577
1949
2002
1816
1833
2212
1971
1594
1446
1825
2734
2375
2139
1908
1986
2475
1452
1056
776
624
1065
645
1092
1635
1875
9395
1528
1468
1923
1913
2123
1788
1400
1781
2019
2886
2145
2397
2339
2119
2593
1696
1712
1272
891
4653
740
850
1134
1571
3263
1848
2293
2092
1873
2244
1626
1988
2161
2567
2721
2276
2285
2375
2227
2330
1880
1294
1016
550
1597
673
803
1026
1281
4355
1837
1673
1602
1675
2174
1649
1859
1669
1894
1938
1235
1087
912
657
980
508
479
629
1147
1913
1864
1805
1601
1507
2012
1685
1511
1343
1459
2051
1891
1968
1827
1757
2887
1354
912
663
509
812
403
516
1035
1662
8310
1639
1392
1307
1418
2086
1558
1409
1360
1924
2795
2361
2473
2283
2185
3174
1457
970
678
600
957
616
1091
1659
1995
2472
1880
1666
1564
1529
2102
1556
1341
1715
2324
2738
2008
2242
1818
1994
4299
871
673
476
462
2031
1146
1663
1790
1911
2223
1650
1448
1865
1876
2241
1248
1736
2439
2300
2649
2102
2408
1736
1483
1646
773
645
594
707
1629
1765
2030
1655
1737
1915
1563
1796
1444
1792
2338
1775
2283
1984
2332
6363
2018
2191
1831
1633
1750
1050
1098
532
641
1275
1148
1253
1689
1777
2447
2075
1630
1708
1949
2445
2064
2408
2000
1957
2450
2344
2131
1916
1707
1854
1131
589
621
698
1491
1251
1559
1519
1998
2186
1777
1882
1760
1646
2627
1822
5678
1712
1452
1609
863
592
499
446
1203
606
1064
2117
1621
2311
1520
1374
1514
1765
2140
1544
1307
1763
2053
2410
2009
2211
1592
1226
1471
680
631
442
410
8888
974
1749
2024
1790
5704
1598
1669
1575
1353
2176
1219
1754
2162
1827
2617
1815
2060
1600
8145
1245
600
466
468
551
1579
1683
2069
1615
1774
1991
1661
1520
1762
1726
4879
1555
1992
2319
2573
2694
1896
1675
1158
811
1046
492
461
551
958
2060
1887
1653
1503
1626
2360
1592
1683
1629
1365
2707
1828
2249
2079
2149
2793
2179
1439
1155
812
1088
543
647
1498
1809
2239
1679
4883
1440
1668
1932
1798
1689
1215
1548
2424
2007
2135
2255
2156
2852
2013
1717
1736
1267
1309
546
620
1045
1071
1832
5038
1838
1985
1878
2362
1733
1658
1833
1944
2766
2211
2120
2205
2394
2829
2077
2772
954
621
1208
750
953
1131
1468
2508
1643
1684
1987
1688
2216
1664
1729
1729
1463
2031
1247
1212
796
529
975
455
443
586
1043
2112
1928
1835
1628
1511
2195
1603
1614
1578
1426
2173
1950
1968
1867
1748
8086
1311
947
646
556
931
478
537
930
1693
2695
1869
1456
1789
1588
2505
1656
1907
1433
1767
2669
2080
2053
2050
1886
2042
1050
847
596
447
984
558
1209
1793
1965
2323
1632
1547
1668
1662
2526
1708
1503
1737
2115
2566
1974
2154
1943
1603
1714
790
614
523
484
1251
985
1843
1941
1712
2161
1595
1912
1785
1701
2277
1270
1696
1752
2079
2678
2086
2145
1624
1782
1678
863
785
635
603
1294
1231
1296
1761
1723
2490
1676
1720
1855
1630
1911
1625
1853
1917
1902
2136
1728
1739
1803
1546
3307
1061
935
598
602
1236
1200
1171
1510
1519
2184
1635
1803
1807
1698
2268
1785
1951
1583
1748
2519
2140
1701
1521
1252
1601
729
582
646
671
1398
1047
1274
1484
1613
2285
1564
1584
1521
1510
2073
1445
1484
1514
1330
6248
846
603
508
442
941
577
974
1325
1627
2418
1378
1600
1502
1436
3584
1574
1442
1683
1801
2436
1714
1517
1567
1239
2245
992
480
448
447
958
962
1667
1999
1641
1989
1345
1675
1607
1763
2013
1316
1664
2013
2081
6506
1937
1812
1486
1100
1299
581
488
434
608
1588
1458
1790
2796
1848
2241
1656
1480
1668
1500
1794
10207
1993
2225
2322
5779
1903
1662
1035
906
1131
678
501
541
951
2461
1771
1794
1862
1702
2374
1668
1590
1522
1531
2232
1850
2107
2227
2045
2830
1913
1381
1095
785
1080
694
623
1103
1393
2404
1710
1589
1546
1891
2128
1621
1907
1355
1946
2904
2314
1843
2119
2021
2572
1906
1843
1478
1223
1301
520
789
818
1003
2019
1340
1691
1712
2717
2332
1691
1478
1658
1848
2473
2288
2020
2254
2477
2699
1713
1568
1378
939
1171
581
863
782
996
1842
1333
1694
1706
1615
2363
1410
1601
1464
1872
2141
1177
1332
1072
862
1084
4134
477
447
627
1566
1598
1631
1961
1180
1823
1789
1526
1643
1579
2094
1548
2106
1793
1835
2366
1463
1096
990
628
1087
424
403
518
986
2197
1766
1817
1695
1446
1850
1834
1554
1561
1323
2093
2120
1810
2046
2092
2172
1280
926
857
669
1043
418
521
1074
1514
2368
1510
1747
1637
1560
2266
1430
1441
1176
1789
2398
2086
2045
1917
1865
1995
1153
808
632
606
1008
555
997
1513
2050
2279
1477
1519
1669
1639
2358
1393
1348
1540
1991
4250
2028
2233
1990
2209
3469
1076
833
629
559
1552
1062
1602
1786
1861
2146
1647
1577
1701
1940
2166
1499
1760
1943
2014
2733
1908
2013
1924
1880
2372
1384
1097
947
619
1219
747
1234
1426
1714
5286
1892
2032
2046
1941
3392
1785
1853
2116
2091
2297
1945
2296
1972
1908
2526
1285
909
579
551
1368
839
1275
1588
1849
2357
1872
1759
1647
1814
2384
1897
1651
1645
1428
2061
1311
952
609
602
1007
407
612
1093
1701
2344
1907
1801
1457
1619
1947
1515
1326
1384
1480
2325
1794
1737
1843
1572
2566
900
667
550
451
999
555
1007
1661
1960
2143
1734
1649
1714
1664
2061
1402
1331
1679
1912
2430
1778
2128
1935
1735
5915
886
662
514
469
1105
1092
1643
1802
1583
2079
1411
1531
1395
1623
2123
1262
1540
1828
2438
2514
2065
1722
1511
5700
1277
507
619
510
566
1650
1641
1660
1949
1692
2014
1665
9871
1659
1617
2066
1585
2098
2094
2442
2569
1850
1636
1537
1090
1363
761
606
585
1018
1991
1740
1878
1551
1401
2148
1603
1541
1550
1284
2096
1685
2064
2310
2140
3872
1859
3120
1918
1475
8433
867
623
669
849
1669
1423
1747
1694
1878
2226
1696
1587
1608
1654
2844
2024
2059
2104
2298
2661
1879
1828
1470
1201
1783
534
574
714
954
1713
1407
1536
1837
1591
2206
1451
1700
1662
1699
2035
1482
1732
1246
991
1287
616
480
438
854
1223
906
1419
1869
1566
2061
1339
1371
1444
1511
1892
1593
1691
2152
1967
2315
1838
1663
1113
804
1162
538
378
531
768
1564
1547
1635
1497
1394
1814
1445
1690
1547
1550
2173
1672
1999
1786
2168
4236
1894
1618
994
732
1063
481
532
594
1078
1972
1546
1606
1534
1359
2897
1564
1599
1599
1327
4046
1754
2247
2074
2149
2679
1523
1293
841
606
1091
554
675
1061
1586
2308
1564
1418
1464
7233
3165
1622
1376
1343
1669
2677
2039
1808
1980
1926
2424
