0.2629746204635894
0.2509678595117851
0.2538526754067705
0.25458572416894637
0.2547871867263528
0.2550161734025238
0.25522928349488183
0.25432988698558934
0.2538609158789635
0.2553768139243001
0.25557915719430463
0.2557008972209351
0.2547653224811937
0.25575516729473563
0.25594488038277513
0.2550249278822242
0.25512696009718716
0.25489696008458895
0.2551706593314995
0.2556491894029261
0.25521905982754584
0.2554886694402282
0.2559938815421764
0.2552204320263637
0.25549070702569854
0.2555321907383747
0.25583058976774997
0.25590762778904
0.2564863135871714
0.25646802811779423
0.25604290680612796
0.25620537306274527
0.2566539079509046
0.25675009521674536
0.25713305515957213
0.25723295435909055
0.2574826548196936
0.2578607308789968
0.2585352319384722
0.25854288607709663
0.25869613121110424
0.2588987764182425
0.2591772122533235
0.25948312951672503
0.26008653341598953
0.2604164606060237
0.2609917955929679
0.26130496160302086
0.26179672818077837
0.26235826267636514
0.2629538140801429
0.263221479990598
0.2634583948310825
0.26359611299789365
0.26400221670035867
0.26439498252606425
0.2647157160040277
0.26552547336141114
0.2662233402416982
0.2675759700029654
0.27049820358335397
0.27498114833880855
0.2794207800803679
0.2832870982396034
0.28707018819065566
0.29079855362972923
0.29463986718044294
0.2990139818152905
0.3033164292980745
0.3070365084627763
0.31010867795256425
0.3128120740640989
0.31583697718374965
0.3189170667134112
0.3217255082352895
0.3242123310488071
0.32665243358253354
0.32931018603257955
0.33205978067361047
0.3349818593475993
0.33751801748398885
0.33905197132194925
0.34058963599112124
0.34315751767770886
0.3455729957406675
0.34820171958313956
0.34963758071001244
0.35090175363537457
0.35337792655852046
0.3556458661584198
0.35781443680721864
0.3598641771832007
0.36189189259498183
0.36395486971604357
0.36494431604734967
0.3656545877697289
0.3674574599545234
0.3693248980924527
0.3700558268552875
0.3707347135838655
