205
176
175
176
274
179
176
170
182
198
178
171
185
171
365
183
191
180
178
327
197
186
171
176
248
218
184
170
175
246
177
178
174
183
246
187
172
186
171
245
174
183
175
177
247
187
175
173
173
265
183
169
170
191
269
171
173
185
171
281
178
182
174
175
300
179
171
171
174
284
174
171
176
184
294
172
182
170
184
295
182
174
171
172
303
172
172
171
180
325
173
191
185
169
302
176
186
171
170
363
171
171
172
170
345
170
173
186
175
316
173
183
171
167
341
171
203
177
171
347
175
172
185
173
314
175
188
174
190
331
175
175
171
172
319
170
173
177
170
345
175
187
168
173
333
178
174
169
173
343
169
199
186
172
331
169
182
172
171
354
171
172
195
169
358
181
174
185
170
330
170
182
171
198
363
173
175
171
173
352
170
181
180
202
341
175
190
171
173
348
172
171
169
174
399
176
168
185
174
360
183
178
178
173
407
184
171
171
182
352
177
172
185
211
356
186
179
173
174
358
172
173
200
178
340
176
174
183
171
351
185
174
209
172
358
174
175
175
182
349
174
212
170
170
367
194
172
170
171
366
201
171
173
181
372
171
188
171
175
576
173
175
170
177
389
173
170
182
173
371
182
173
174
171
373
172
169
172
177
376
173
174
186
169
351
184
179
176
178
391
171
176
175
178
359
169
181
186
171
371
187
176
172
174
388
172
188
178
173
353
170
189
173
169
380
183
172
171
169
364
170
172
177
171
378
185
173
170
171
373
170
169
170
813
393
196
171
177
171
368
168
167
171
178
399
174
184
176
170
373
185
172
173
171
400
173
173
177
176
367
177
173
173
193
382
172
171
174
179
382
171
185
176
193
369
184
174
168
169
385
172
182
205
170
370
173
185
172
173
407
169
172
193
182
391
173
176
172
170
367
190
173
198
173
396
172
173
184
174
372
179
195
170
173
406
175
170
170
179
409
172
217
172
169
405
175
171
172
174
382
196
170
186
173
376
189
170
174
170
365
200
172
171
182
378
171
184
171
171
420
171
173
173
177
397
173
174
184
170
392
188
171
176
173
385
172
172
184
172
401
171
188
174
170
386
172
170
170
182
400
171
184
172
173
379
181
172
172
174
424
170
176
190
171
394
178
170
173
170
414
175
179
175
193
387
176
186
174
173
415
175
173
172
173
389
172
173
187
195
365
184
174
174
171
402
173
175
171
202
391
173
184
176
172
388
178
172
191
185
392
181
178
183
175
375
188
176
193
170
401
172
175
184
173
391
184
177
187
176
391
172
174
171
186
391
173
198
173
173
386
181
174
170
171
396
170
194
187
172
376
191
172
176
176
402
176
197
171
186
408
172
184
171
172
401
176
199
173
191
395
173
181
174
176
386
216
178
173
174
393
174
174
187
172
394
207
172
174
174
404
173
174
180
194
394
651
183
172
175
419
174
173
175
182
397
220
181
171
178
403
184
179
173
174
422
174
173
182
176
370
183
173
172
170
399
193
174
175
188
391
175
193
174
176
414
195
175
173
184
397
171
183
177
176
401
185
171
177
172
385
175
178
188
173
397
205
175
176
176
402
175
174
179
187
420
174
194
177
172
403
176
181
172
183
403
176
183
173
173
375
187
172
172
172
391
192
171
189
172
394
183
178
178
174
391
199
172
172
185
401
176
186
175
176
401
199
175
172
184
391
178
192
179
172
393
198
174
172
175
403
172
178
185
176
400
214
174
175
176
416
189
182
178
189
423
205
194
181
184
415
184
176
171
192
386
193
187
173
172
410
173
174
170
173
396
178
198
191
175
387
190
179
175
175
408
177
192
187
177
394
187
174
170
178
395
177
195
186
175
395
174
196
172
173
407
176
190
173
186
401
171
189
173
175
400
174
193
174
182
396
176
182
174
175
392
185
174
197
172
406
173
172
185
170
390
195
174
189
173
404
170
174
184
172
393
199
174
175
195
406
173
174
179
194
401
175
195
177
198
402
178
176
172
189
399
178
186
176
193
403
177
172
177
174
406
183
175
190
177
433
194
175
173
173
413
181
177
189
177
421
182
173
174
178
409
176
174
193
175
402
175
189
177
172
407
173
172
173
190
421
172
185
178
175
417
176
176
179
184
417
179
195
180
182
394
187
173
178
174
1047
179
177
191
181
387
190
177
173
173
443
174
172
188
173
397
187
173
176
178
438
172
175
179
189
401
177
190
176
177
429
179
174
176
185
412
176
187
173
173
424
172
177
173
187
407
177
198
173
175
430
176
174
175
179
405
174
180
183
174
428
189
173
174
174
412
176
175
186
174
428
190
174
177
174
404
175
174
182
173
420
203
177
175
175
388
179
175
175
189
426
178
191
173
172
414
172
179
174
189
426
176
190
174
176
417
174
173
177
185
428
173
182
173
176
420
178
177
177
179
430
176
190
175
175
411
180
176
175
173
432
174
173
189
176
398
194
178
174
175
432
180
177
187
175
412
184
176
180
181
429
174
178
188
174
406
188
176
173
174
447
175
175
175
190
410
174
189
174
175
436
173
174
176
185
402
176
194
173
187
444
172
173
173
187
412
175
191
178
175
431
176
178
174
182
404
180
185
177
174
448
173
175
174
184
398
176
182
177
172
429
175
178
175
176
414
177
174
191
176
430
192
178
181
175
411
174
178
193
171
436
189
174
172
178
422
176
175
188
176
437
186
176
173
174
415
173
172
187
180
415
187
176
176
179
422
175
178
181
185
425
183
181
178
176
413
178
179
175
190
423
174
188
172
175
417
176
174
174
190
425
178
185
175
174
423
181
176
173
189
429
175
189
177
174
426
179
193
361
234
451
233
176
194
216
443
177
198
216
175
462
221
174
196
207
425
175
198
221
176
449
217
173
190
208
453
177
191
201
175
457
216
172
208
211
431
173
191
219
176
453
201
178
197
205
436
180
206
208
175
454
209
174
191
204
441
173
203
208
176
463
195
176
204
208
436
175
209
192
174
464
179
176
204
203
437
174
211
183
173
466
177
177
209
210
388
189
207
182
178
457
203
176
205
204
412
188
214
180
178
439
1021
202
193
213
421
194
212
180
190
433
180
261
204
211
408
188
202
177
192
457
175
216
204
215
412
190
198
175
220
454
177
201
204
204
419
192
205
180
205
443
175
208
203
205
402
204
207
173
192
450
178
210
203
202
403
208
209
176
203
444
177
218
207
203
426
216
180
176
206
468
191
189
196
179
442
201
176
189
205
436
190
191
200
175
444
208
177
207
203
439
196
205
203
176
438
209
177
193
202
430
198
205
210
175
431
184
174
204
207
459
177
219
180
178
471
178
187
207
194
434
191
215
177
188
454
175
190
203
215
418
178
224
174
206
455
179
192
191
209
443
204
205
176
191
453
184
192
206
205
421
210
213
175
194
460
174
196
207
188
464
212
178
193
209
435
180
191
205
178
474
215
175
191
208
456
176
190
206
177
478
193
175
207
208
446
178
207
207
175
462
216
174
197
210
447
180
213
178
176
473
178
210
191
214
406
191
213
181
192
480
180
191
207
204
402
198
209
192
190
493
178
194
206
208
422
193
204
177
207
502
180
191
192
211
418
206
183
192
233
455
178
193
210
175
450
205
177
231
206
442
179
206
209
180
449
176
176
233
212
413
195
224
184
179
461
178
218
206
217
433
192
209
207
206
466
197
195
203
207
417
191
213
175
207
464
195
192
197
180
440
214
177
185
206
443
201
194
222
180
422
212
178
206
206
464
176
209
225
177
443
212
180
197
212
461
176
218
185
189
468
178
189
206
211
428
193
210
179
207
457
181
198
212
211
434
212
197
174
207
466
181
195
222
176
451
202
182
208
207
464
175
190
206
176
479
214
183
192
208
1023
229
206
179
199
420
179
189
178
181
414
177
191
206
223
418
206
210
184
205
447
179
204
204
243
412
205
211
175
216
450
176
186
253
180
439
209
176
191
204
433
177
208
238
175
441
211
173
203
192
462
175
242
181
191
450
176
193
204
218
425
1336
208
183
208
450
180
190
214
204
423
284
178
191
207
450
176
192
204
178
468
201
177
207
208
440
177
213
185
177
475
187
192
211
222
410
193
212
181
208
480
177
194
211
214
419
220
180
194
207
457
176
193
221
178
441
215
176
210
206
461
180
219
179
184
487
179
190
207
223
409
209
198
194
202
448
181
199
205
228
433
204
186
189
203
446
177
189
221
180
451
205
177
205
205
451
180
198
203
190
472
178
205
195
219
404
191
209
200
208
476
184
197
209
225
441
208
204
195
203
460
179
210
226
193
460
233
211
216
249
505
204
230
183
199
485
207
192
209
218
407
198
211
178
211
504
180
194
208
210
416
222
184
194
211
462
178
193
217
196
465
216
180
213
192
478
178
226
181
192
471
183
200
210
209
450
216
226
181
208
482
181
197
208
206
451
213
182
208
209
449
183
209
226
179
477
186
200
219
215
420
196
235
182
209
476
178
199
213
216
435
228
181
191
209
458
181
194
211
183
475
218
180
210
216
427
191
211
185
208
492
180
206
200
212
439
217
180
183
211
517
185
204
224
186
481
229
183
203
220
480
194
234
181
183
485
186
208
210
215
450
220
183
198
210
438
183
197
234
179
472
225
182
213
197
451
181
219
188
218
467
182
196
211
212
434
198
221
181
235
459
183
196
222
182
456
216
180
231
228
477
186
214
207
196
478
186
199
235
266
455
199
216
181
211
488
189
208
258
199
493
242
195
209
219
460
201
239
227
181
476
187
198
229
214
419
201
241
204
211
468
184
210
203
211
439
232
187
196
238
484
191
197
216
183
481
211
183
210
221
430
197
208
182
216
502
185
193
209
215
428
218
192
195
207
474
183
202
218
197
463
188
198
208
217
449
198
218
186
212
478
179
200
215
216
456
222
181
207
196
469
184
199
215
187
506
186
198
214
204
443
214
215
184
213
497
185
195
228
182
455
212
180
205
210
484
198
215
206
200
474
183
198
215
219
453
199
222
182
215
496
185
194
203
179
482
214
180
210
215
457
181
228
182
182
502
178
209
212
212
422
211
182
181
215
482
182
197
214
180
471
189
183
213
219
461
199
247
183
195
497
185
217
212
227
472
218
180
193
208
451
184
203
213
232
470
180
196
210
220
422
197
209
193
1649
475
182
194
208
188
453
211
181
208
340
476
180
227
187
179
480
184
212
212
233
483
223
181
180
215
474
183
195
228
184
478
189
189
211
215
434
197
233
181
211
489
183
197
226
188
451
231
181
199
211
461
194
241
197
194
503
200
216
213
209
450
195
223
188
209
483
184
200
217
186
460
201
182
211
216
461
195
215
182
203
494
180
214
220
199
448
237
182
202
200
473
184
215
203
199
503
183
198
212
211
428
214
225
180
209
478
185
209
214
185
452
225
182
213
237
427
201
210
187
197
472
183
209
200
241
441
224
184
183
215
457
200
211
243
182
483
185
199
208
210
430
200
247
181
210
470
180
194
217
184
471
209
217
214
218
420
198
217
180
211
477
208
194
219
182
443
217
196
195
214
481
194
222
183
182
502
183
202
211
218
455
221
187
182
214
463
184
197
213
184
502
188
182
213
215
423
199
215
185
215
529
197
201
220
186
446
220
182
238
196
461
182
228
185
204
501
181
222
211
222
444
204
184
193
212
474
212
195
227
185
465
188
197
212
224
457
190
207
176
204
479
178
188
207
180
487
193
191
188
208
424
188
227
179
193
516
171
190
208
177
436
207
176
203
207
457
187
199
182
189
483
175
204
187
213
464
214
179
173
201
448
186
213
178
174
523
172
202
193
204
435
219
183
174
206
477
174
192
211
177
467
179
201
185
215
448
189
213
191
190
472
177
189
205
190
474
188
188
202
195
427
219
213
179
206
490
178
188
226
176
449
216
181
203
194
479
199
214
184
214
481
182
194
220
189
468
216
182
210
210
466
184
224
187
180
515
182
209
724
231
513
247
213
259
211
449
185
194
181
181
456
216
182
182
202
425
190
185
181
183
467
179
196
217
185
463
189
182
209
214
449
194
213
188
207
484
183
194
205
187
488
231
181
209
214
430
196
218
186
211
520
186
199
223
184
452
218
183
208
220
466
198
221
183
213
466
183
211
215
211
478
185
212
212
188
487
182
231
230
186
462
189
197
206
205
424
208
230
201
209
463
183
209
215
182
462
215
194
210
217
424
197
214
182
209
506
183
197
211
179
476
200
183
210
222
451
199
222
183
215
495
183
201
215
181
501
188
196
200
216
435
194
217
201
197
509
184
196
216
196
464
218
184
211
239
436
205
221
182
214
494
182
199
227
200
449
222
182
212
225
434
198
217
208
212
502
183
197
216
185
482
188
210
211
226
440
206
203
204
215
469
217
202
233
184
494
184
218
213
205
480
222
183
213
217
506
199
228
190
205
509
188
215
218
188
464
221
187
200
215
488
185
232
184
202
495
185
202
224
190
491
229
185
215
222
445
199
222
183
1893
496
186
200
215
204
459
227
203
323
227
434
203
225
201
201
498
184
222
215
198
476
193
200
216
211
427
231
221
186
217
487
186
200
216
187
501
193
207
214
229
427
200
205
202
214
489
189
196
218
190
513
184
199
212
221
465
221
190
193
216
474
189
201
230
187
542
189
203
216
230
428
223
186
190
216
511
207
230
188
194
492
188
213
221
239
424
225
204
196
216
465
186
241
214
203
489
190
199
227
185
470
223
212
216
221
426
200
225
188
219
507
210
200
211
186
469
224
193
214
224
468
198
238
191
224
486
185
202
217
184
506
190
199
215
223
435
204
223
188
214
496
189
202
225
184
525
