0.22028886517253646
0.21482396871668447
0.21600336741328383
0.2178416389241475
0.2193601532840993
0.22192940608829195
0.22300152386544478
0.22229382854757784
0.22337471977898346
0.2222651530362631
0.22137856066749767
0.2220396300232515
0.22258944071360268
0.22291968893551728
0.22346621248152043
0.22398120033585
0.22452106692229631
0.22471342636862557
0.22461281358124546
0.22543413544075117
0.22597129221242301
0.22698738988671083
0.22685997857681797
0.22697805811687355
0.227652665140439
0.22788760229668378
0.22806794097772326
0.22806213901551356
0.227888021893317
0.2278073894343312
0.22762591178421254
0.22746402003334618
0.2270196303355868
0.2270297641224046
0.22704751454877994
0.226702399532477
0.22625907302802098
0.22612396624600925
0.2259407844556698
0.2257561365521235
0.2254708834682822
0.22567043632340858
0.22567131677517904
0.22563731907592405
0.22547910513951316
0.22511717468454936
0.22470567395432262
0.224674930198708
0.22463006013871747
0.2246016776930448
0.2244924508962426
0.22417123872648115
0.22376545385255905
0.2236368187807623
0.2237863212667559
0.22366274610094483
0.22359712355087166
0.22382165776623353
0.22380720170545515
0.22372006294061825
0.22368288023036137
0.22382860920227327
0.22391084334166791
0.22379536016410959
0.22391617528838534
0.22392089716134597
0.2238585074274826
0.2237261467515185
0.22372777440211888
0.22384078006833275
0.2240522676354829
0.22397367463960097
0.2240464522460195
0.22406784779514968
0.22415665704749055
0.22424492784829755
0.22433153491971441
0.22447078236411452
0.22439956334986216
0.22450761162477034
0.2245072865884204
0.2243642617171744
0.2242359347478188
0.22416103397613177
0.22423763780187644
0.22419053586547924
0.22413345453350247
0.22423349998441758
0.2242752863458598
0.22433253918841722
0.22434012464862527
0.2244024659370556
0.2244946265601198
0.22457950486591624
0.22465014579486356
0.22467238024303396
0.2245655952704793
0.22444950151707746
0.22438997193782292
0.22430753226756348
0.22421824771117135
0.22430540318583964
0.22422150661398066
0.2242594012418829
0.22422866959859858
0.22425592374902847
0.22440099859722576
0.22441271572870505
0.2244366697146685
0.22453378919490688
0.22464702689119312
0.22467450195019328
0.22469707179273038
0.2246745622054862
0.22470464808081264
0.22467453408651014
0.22465768355007493
0.22473107377686488
0.22467271430850072
0.22474007534213125
0.22482012334412088
0.22486132075263648
0.22480727643286466
0.22484764324294804
0.22491126447008009
0.2249590784920365
0.2249362211881225
0.22482323934697696
0.22478427123777964
0.22484224016031418
0.2248013976713157
0.22477754020788215
0.2248191267326556
0.22488597143773817
0.2248729711353671
0.22485542695341573
0.22484915468474315
0.2248268066869246
0.22485588189664113
0.22478046626828047
0.224766873223
0.22481897783444935
0.22476930150137872
0.22469770059082061
0.22467773991009024
0.22459644876822166
0.2245847015524766
0.22455157720591462
0.22455461776141683
0.22454161112384682
0.22451388800258867
0.22448243863703157
0.22444758663082684
0.224440414439193
0.22442290205515486
0.22439851723157936
0.22441059540306912
0.2243969831380849
0.22439781784126853
0.22432731723168384
0.2242733164439082
0.22426779234323319
0.22431975049201164
0.22432623242125807
0.224289840032433
0.2242843255169454
0.2243127239487192
0.22429003159017258
0.22424571920397338
0.22421162796057456
0.22421524555890784
0.22421642423092122
0.22423477878898493
0.22422038657725207
0.22414251739622973
0.22420128925269264
0.22421067843265197
0.22419585058252645
0.22415889088112226
0.22407184206494984
0.22408284145737
0.22405524822899822
0.22409832340729494
0.22408894844906824
0.22409507459652378
0.22405186964876692
0.2240586770322875
0.2241122241909647
0.22415325080466864
0.22423870588654918
0.22426684070912967
0.22427321897628522
0.22425006943847695
0.22427702371037928
0.22429553901543936
0.22428625455815884
0.22431317190358388
0.22423348589399286
0.22420862882985082
0.2242019835453466
0.224237254990672
0.22424714258728654
0.2242608351493145
0.2242801666280357
0.22429195102311994
0.2242907334340182
0.22423428264847672
0.22417479754340153
0.22415933712441782
0.2241161984932578
0.22413688336327312
0.22411724561736338
0.22408145316400988
0.22412754366122667
0.22407447762984065
0.22400405965026346
0.22398166580712323
0.22400391839470138
0.2240218486683489
0.22398677081361545
0.22387193276429235
0.2238238548608921
0.22385610604713352
0.22389317710984943
0.22392714204803768
0.2239287376078087
0.22386560004760375
0.22380730886360378
0.22378384318350888
0.22377787218009906
0.22373563102937802
0.22373818648279892
0.223665365752126
0.22363172927332658
0.22363676934977478
0.2236630665775593
0.2236865750787671
0.22365034328095576
0.22365791121003573
0.22370951819155888
0.2237143392329214
0.2236745092362772
0.2236213154469799
0.22362513971441567
0.22362625635808897
0.2236182649175976
0.22361971189610091
0.22368203265814743
0.22368997897420184
0.2236971058646668
0.22367766937374217
0.22367669038068352
0.22365578828170052
0.22370354532317577
0.22370102119601862
0.22367880400058462
0.22371282494982372
0.22372379879008866
0.22369462785442312
0.22368250971362785
0.22366492963755577
0.22362161382893359
0.22361723736845135
0.22360094966223285
0.2236026749763852
0.22356866098697958
0.22355193615651264
0.22350352764427073
0.2235039964501313
0.22349883157158504
0.2234789330545996
0.22342288959188886
0.22339757519992953
0.2233949296507243
0.22335884430883643
0.22331468272563562
0.22331094059803913
0.2232672362131057
0.22326993132907452
0.22329458057374077
0.22334664143551317
0.22339408833636548
0.22342779226583326
0.22341372171938606
0.22341944915823653
0.22344962268146543
0.2234426035818802
0.22344816482041577
0.22346033332151924
0.22341161377377075
0.2233775272262635
0.22336936955107708
0.22333096216427842
0.2233095963047514
0.22332356891805646
0.22329035300234323
0.2232510770186641
0.2232691211032293
0.2232541478795504
0.22329035151013926
0.22333360304378133
0.2233691684262276
0.22335873159714836
0.22336314160117163
0.2233921981193731
0.22341112128895066
0.2234219412690235
0.22344443314880577
0.22343853280811757
0.2233832659113799
0.2233543532193
0.22334736499596697
0.22336481746392126
0.223383593368466
0.22337357270153155
0.22335652763006536
0.22336360774108296
0.22338597179214476
0.22334041256038
0.2233253401499682
0.2233053951218538
0.2232913581680845
0.22329487576475363
0.22330000512719997
0.22329528396903028
0.22328057346737867
0.22330533911712727
0.22333019768811863
0.22336593954255
0.22338032897293097
0.2233842126472495
0.22338554709835917
0.22336434329902696
0.22337074037343913
0.22333074833945984
0.2233153959900148
0.22327726465917888
0.22328959305388718
0.2232798464015465
0.2232918842082659
0.22328844716345111
0.22321163922646756
0.2231988482814297
0.22319852820441144
0.22320440958700125
0.22319699522397893
0.22316769685913176
0.22315926991388177
0.22314955168974165
0.22312070820232607
0.2231295584083524
0.22315125835318875
0.22315590388490805
0.2231815834691455
0.22317479817321365
0.2231701622075837
0.2231605201290048
0.22313627791441604
0.22310729945267924
0.22307738922751838
0.22305521790955363
0.22306331081594874
0.22308057575701798
0.2230803802356882
0.22309539653920904
0.22312503807962886
0.22315165657053754
0.22319700059657124
0.2232424103808272
0.2232688276234432
0.2232786514504048
0.22325270522780008
0.22325096691067245
0.22321607994941536
0.22323568024294288
0.2232204561134843
0.223194127203621
0.22316587134823548
0.22313747243589202
0.22311469873714976
0.22310026860767018
0.22307311741656796
0.22307770026971319
0.223099846763653
0.2231086699000751
0.22312785661209686
0.22314113928767607
0.22314798143806794
0.22314668629206325
0.22311973482446637
0.22309517551887964
0.2230812916165372
0.22309017642283493
0.22309360090987593
0.22306613265400865
0.22308768380509994
0.22309998726413993
0.2230864096470263
0.22305935585545789
0.22303510229441975
0.22301224210006643
0.2230132798712517
0.22302310880453635
0.22303583970204013
0.22304213767141232
0.22304707226198603
0.22302673164859718
0.22301279161043355
0.22304225532596508
0.22304302513754592
0.22304908947733634
0.2230959232147618
0.2230934785794707
0.2230894915566174
0.2230559427996366
0.22306217488110874
0.22307063247302794
0.22307083029357563
0.22304702792315334
0.22303128649653986
0.2230132066823289
0.22298807575797844
0.22297886131234498
0.22299396044754405
0.22298024649161607
0.2229549138358638
0.22295709045914536
0.22298039769596045
0.22300483899077314
0.223009064688814
0.22300662141589164
0.2230150653597599
0.22302411947916975
0.22301542192138057
0.22303010041437607
0.2230440190438162
0.22302913621765888
0.2230165843476395
0.22300413125756738
0.2230034891995668
0.22300500326145223
0.2229867972802792
0.22298943014326425
0.22298017580556284
0.22295968308252329
0.2229727804230062
0.2229453995077784
0.22296554903876759
0.2229830848312086
0.2229711126669752
0.2229530900917435
0.2229462961737788
0.222957570242186
0.222982863281541
0.22294713196763158
0.22293175445581656
0.22289116596460684
0.22287329734519465
0.22286669807790374
0.22284526436354632
0.22286660820982684
0.22290232604013763
0.22295603428424243
0.22296941837180934
0.2229713182861266
0.22295761870385436
0.22295805937809082
0.22296935542269483
0.22299286975629473
0.22299449346163897
0.2230001351013329
0.22297424569410804
0.2229339822039004
0.22293191821164526
0.22293534329995007
0.22294091136318706
0.22293818336318552
0.22292946492504884
0.2229145858275979
0.2228964665145604
0.22289008208926506
0.22290899226712663
0.22290564246110622
0.2228981725069586
0.2228795054834557
0.22283732333680883
0.2228159443076354
0.22280686979607184
0.22280032030003377
0.22281889672141686
0.22281975528822906
0.22286021070803122
0.22288785742857928
0.2228994517481046
0.2228912670692305
0.22288185577790146
0.22289783041543834
0.2229065592489624
0.22292876275915102
0.22293848992221904
0.22296633457954815
0.22295409865242546
0.22293219143619608
0.22289481760534557
0.22287948561794077
0.2228690727454926
0.2228548912230743
0.22286378378719257
0.22286547810361393
0.22285037042799186
0.2228226445530797
0.22283721503542994
0.2228569661015185
0.22286012530924793
0.2228534627187526
0.2228467735543518
0.22282594127913583
0.22280888091790055
0.22281333305900183
0.2227882367235322
0.22277564361914717
0.22277086791758083
0.22278026869206582
0.2227881309850712
0.22279961564012432
0.22279456827148822
0.22281544416897445
0.22279538087553036
0.22280204049157235
0.22282048349824013
0.22283517559409197
0.22282364543357366
0.22281872009311765
0.22281747335318305
0.22282511327532598
0.22281719372759642
0.22280259493123433
0.22277874170621287
0.22280200919809381
0.2228219274586263
0.2228320596489185
0.22285022547681105
0.222846645566571
0.2228465334291199
0.22283411928013816
0.22284081304488967
0.2228401499014595
0.2228404052606727
0.22286178129984924
0.22284693996412291
0.22282722157034304
0.2228075334273432
0.22279117430594508
0.2228066455684004
0.22283174717997406
0.22282576575503904
0.2228264431726363
0.2228535974526973
0.2228561230392302
0.2228448879846905
0.2228426095830292
0.2228341572589685
0.2228522313186333
0.22282420641769096
0.22281094900589157
0.22280143550863934
0.22279134079337806
0.22280685345372359
0.22279695028243882
0.2228185134337221
0.22281727789030242
0.22280375828753501
0.2228009760338483
0.22278126106523244
0.22277478817935906
0.22276868462257188
0.22275967173150982
0.22274110940018096
0.22273896834169302
0.22275319246211917
0.22274249916800481
0.2227523013678421
0.22274024430484035
0.22273327885908797
0.22272856685458517
0.22270884242343708
0.22269783046346028
0.22268126559731513
0.22265243057345485
0.2226453294905977
0.22264530339998304
0.22265664776140803
0.2226318677909707
0.22261093327389647
0.2225916939311696
0.22259000190497094
0.22256652079009043
0.2225794908913147
0.22258293976378823
0.22258063255831803
0.2225826548512966
0.22259601831945963
0.2225920718035739
0.22257699996054794
0.22258941272795166
0.2226068701169805
0.22258320801214776
0.22258127981900022
0.22258637981556614
0.2225821786029932
0.2225769541691701
0.22256850262176048
0.2225716548886842
0.22257918791000333
0.22260282838149306
0.2226190294787559
0.22261925736936997
0.22261039961996942
0.22263076717763006
0.22263486498371107
0.22263511668577993
0.2226286802107907
0.2226199460871559
0.22261300776808657
0.2226325155068929
0.22263795726771116
0.22264701900247655
0.22266546188273292
0.22268701557600723
0.22269648903860617
0.2226948677380558
0.22269058961281565
0.22270295922859087
0.2227168653894487
0.22270239203159592
0.22269518005118835
0.22270939643480378
0.22270931254970383
0.22270629784691298
0.22268410965542718
0.2226745018359403
0.2226681923405252
0.22266777681431857
0.22267466357794732
0.22267835522538051
0.22268857785313972
0.22270422554143512
0.22271463213362921
0.2227242753959563
0.2227061016689108
0.22268929975055218
0.2226438067849528
0.2226091173252643
0.22262087335248498
0.2226395775069428
0.2226443024653442
0.22262339376072718
0.2226070311398405
0.22261026306254578
0.22261326964663197
0.22260934222446743
0.22260795109844458
0.2226024940477007
0.2226057702978314
0.2226017800823344
0.2225950232418736
0.22258739100971292
0.22259359173755391
0.22260315300385508
0.22260030073301038
0.22261339683129008
0.22261743682318702
0.22262020506720417
0.2226288305772246
0.22262786095170534
0.2226249555504325
0.2226167921318892
0.22260647850913998
0.2226003798582383
0.22258881975097794
0.22258347068193327
0.22259682556060517
0.2225942051891987
0.22257445399799766
0.22256995855652612
0.22258309594188674
0.22258396158192598
0.22259611080188074
0.22260292059612635
0.22261735963773768
0.22261774614817822
0.22262616870211419
0.22261848010386093
0.22262365408158377
0.2226183424571741
0.22262385326571316
0.2226299384348522
0.2226370633832482
0.22262242790342232
0.22263525832301323
0.22261153734102532
0.22260814714723007
0.22260664430796243
0.22261981465824848
0.22262756185528132
0.22260462617981877
0.22259880809446128
0.2225944738575581
0.22259685293912881
0.22259502225853717
0.22259715260257626
0.22257860287284262
0.22257397274060362
0.2225767778527526
0.22257740514193936
0.22259877347854967
0.22259653030695023
0.2225974824272201
0.22258401555720972
0.22258797808675718
0.22259910651815754
0.2226180483364993
0.2226159304943408
0.22262518359085856
0.22260934517133069
0.22260178830728203
0.22260260282465608
0.22260175400584611
0.22260195603292873
0.22261264268928055
0.22260930511990415
0.2226169203843249
0.22261155907834165
0.22261625172046304
0.22261953089234446
0.22262681705935766
0.22261685088416924
0.22261760158957183
0.22261772551994563
0.2226310458768516
0.22264146603994323
0.22263121045088038
0.22260968942031029
0.2225926158959002
0.22258384212599835
0.22256678853777326
0.22257166490451016
0.22258426905904247
0.22260178299008915
0.22261057302353604
0.2226064821519283
0.22260531635954817
0.2226146544408541
0.22261308702903176
0.22259391944680537
0.22258993528293827
0.22259762850508852
0.2225949990687292
0.2226003877985405
0.22259624842787126
0.2225971201474829
0.22261429306851416
0.22260631404121017
0.2226078341107674
0.22260279588063075
0.2226061647750924
0.2226005740835717
0.22259743062373002
0.22259132284824368
0.22258437058209762
0.22260263700728822
0.2226102367026634
0.22259931790114892
0.22260806759171078
0.22260747795968688
0.22260813981053934
0.22261569004874662
0.2226189475565023
0.22261560729475377
0.2226130275685735
0.2226113762671689
0.22260669376524905
0.22260307855658096
0.2226161126472862
0.22260762972895068
0.22259376867178005
0.2225775202203069
0.2225838440529148
0.22256719518021878
0.22255945629055116
0.22256441717275177
0.2225615487322504
0.22255632626954858
0.22255186354561882
0.22255726446574145
0.2225531816313964
0.22254420432630218
0.22254093834930833
0.2225449667023046
0.22254911830486301
0.22256040104766067
0.22256753551850728
0.22257110610827488
0.2225814299312899
0.22258649901906785
0.2226020729894492
0.22260079658561624
0.22259322877789162
0.22257603488627353
0.22256673813499203
0.22254846726557456
0.22253927926459754
0.22253623116045992
0.222538247474751
0.2225408367779088
0.22254156742381195
0.22252376456600015
0.22250921238668894
0.2224963390033633
0.22248894519020285
0.22246954380546516
0.22245553220699235
0.22245828119773292
0.2224579026802121
0.22245095295398692
0.22245353156461617
0.2224512301290096
0.2224619042489952
0.22247106697932678
0.22248054720805033
0.2224903629549774
0.22246744771694174
0.22245903217965896
0.22245837261854523
0.22245522020826936
0.22244609220772119
0.22246219044767276
0.22245286040337556
0.22244169115114573
0.22243267966736935
0.22241848140141474
0.22240575657610134
0.22241729764472032
0.22242562034447635
0.2224142561100599
0.22240955306819785
0.2223960754372128
0.2223926869983181
0.22238589669300812
0.22238806265715608
0.22241517700542895
0.22242999999630786
0.22242172118328546
0.22243422680139316
0.22243115949529393
0.22243868735473588
0.22243350263088438
0.2224358737415271
0.22244134243809335
0.22243734347371255
0.22244308249460965
0.22243827185836923
0.22242326795519515
0.22241503924153957
0.22242176819955656
0.22243028268820636
0.22242074053973915
0.22240617529283352
0.22241064511650618
0.22241185447439102
0.22241937402052628
0.2224116470716729
0.22240090636921558
0.22239189349875477
0.22238031129613456
0.222385892120534
0.22238330432716277
0.22237291371536955
0.2223755977100923
0.2223768273592192
0.22238530300463435
0.22237761115549023
0.22237261562211671
0.22237085772864335
0.2223652348223065
0.2223655702835486
0.2223651345741254
0.22236981200317596
0.22236551440166127
0.2223613452848082
0.22235683951146587
0.22235514762966557
0.22234627356062306
0.22234338872675663
0.22234104325039702
0.22234663433240942
0.22235048779366745
0.22235157864258068
0.22235639656663636
0.2223521722488303
0.22235451633775605
0.22234825028319588
0.2223500848696799
0.22235437845114311
0.22234169475098992
0.2223365126877092
0.22233352322245337
0.22232878005325454
0.22232793260910336
0.222332304103767
0.222333583767278
0.22232824078322005
0.22231626048690137
0.2223195020100369
0.2223148307017546
0.22231406707844115
0.2222972806656819
0.22229175353007097
0.22227994015768504
0.2222652708975187
0.22225646222672052
0.2222532174142271
0.22224434415648459
0.22222889786081446
0.22223600995628354
0.2222551681032572
0.22223738802476076
0.22222625302571444
0.2222245381497456
0.22221404399185596
0.22222273572471843
0.2222179182684183
0.22220772530112828
0.22220777751077656
0.22220703664682692
0.22220650762541175
0.22221023109107982
0.2222147643212827
0.22221257114948562
0.22221352974267253
0.22220863854016787
0.22221188680242263
0.22221105317038806
0.22220425176105
0.2222015019343168
0.2222018706126631
0.22220554130707101
0.22220113237481967
0.22219579985337956
0.22220225357663967
0.222213528068631
0.22222223994687412
0.22222778163851944
0.2222426662926005
0.22224440934851203
0.22225060974216757
0.22224505996213964
0.2222377549454128
0.22223929341590357
0.2222338870942555
0.2222383074933882
0.22223922927125797
0.22222202243454936
0.22222808900019841
0.2222257302318866
0.22222095948402176
0.22222388203020677
0.22222505672183884
0.22222836498302154
0.22223969318723338
0.22226360752463187
0.22226606809795252
0.22226160848332543
0.22225098064879856
0.2222534935213205
0.2222467128357897
0.2222360207378629
0.22222456343564145
0.22222256025625214
0.22222634779822018
0.22224108872613613
0.22223838249281888
0.22223042981393493
0.222219592720803
0.22221073578404657
0.2222091520574625
0.22220154478090826
0.22219927903706935
0.22218514582202198
0.22216200720864948
0.22216136665770594
0.2221619892096418
0.22215703111154755
0.22216200759718666
0.22215544411248098
0.22214435827754253
0.2221418737774629
0.222134673305544
0.22212177954587858
0.2221258561930133
0.22214382893136034
0.22215255453992372
0.22215228707651846
0.22215883000966072
0.22217683287924778
0.22219081734510343
0.22220621675673977
0.22221032988561062
0.22220878975683525
0.22221145373106319
0.22221392032083395
0.22221379518261344
0.22220675367061968
0.22220252963046716
0.22218912675487962
0.2222004622314203
0.22219120787284644
0.22217589386202488
0.22217457235109406
0.22217153441185883
0.2221727492572735
0.2221666433396779
0.22216279593993235
0.22216124986675861
0.2221567089109492
0.22215788184968935
0.22216741204829207
0.22216579364448458
0.2221703832770367
0.22218141629299354
0.22217700356698392
0.2221734985064048
0.22217276982087938
0.2221703399421605
0.22217560025473138
0.22218475984282107
0.22218330657452873
0.22216503118750655
0.22216493187412972
0.2221797535041299
0.22218626549999237
0.22218326311607597
0.22217078847761448
0.2221571907804302
0.22214484473381302
0.2221478739469116
0.2221476949941415
0.22215196031600196
0.22215389868732288
0.22214673719154046
0.222132048296487
0.22212667450626822
0.2221340877059487
0.2221297997576327
0.2221325598955805
0.2221413299979277
0.22214413003969613
0.22214300396916095
0.22215371003198203
0.22215661358730243
0.22215231936604576
0.2221451636883266
0.22213671071087907
0.22213501482724313
0.22212991465143192
0.22212942444505338
0.22212722875145532
0.22212656545586745
0.22212303802693176
0.22213053453378334
0.22212644419698205
0.2221248538537009
0.22214173199947543
0.22214192941298025
0.22213367465036168
0.2221272749267196
0.22211569708674725
0.22211345188870546
0.22211587779058803
0.22211881366625572
0.22212122537796938
0.22211287187960627
0.22211063677739856
0.22209394787311393
0.22210202398556608
0.22211940207912645
0.22212008204144804
0.22211976342962722
0.22212071858983912
0.22211958005429708
0.22212659180408806
0.22213031753698992
0.22212642348476605
0.2221036807601824
0.22210279307583689
0.2221265048953432
0.22213213106991153
0.22213897321681084
0.2221570853114778
0.22217976316313484
0.2221873331326357
0.2221848888710199
0.22218156763930016
0.22218496167599597
0.22219308468174281
0.2221878106140935
0.22219060885673209
0.22218865021515652
0.22220372509789582
0.2222000404378938
0.22219665582366188
0.22219758204700557
0.2222023007598769
0.22220579014328679
0.2222062676090473
0.2222150682189956
0.2222102428986471
0.22222236589279581
0.2222320895268027
0.22224134770297244
0.22224178035203962
0.2222328839258292
0.22223922937575832
0.22224210718138224
0.2222374559206796
0.22223279398797602
0.222233979868392
0.22223145607629236
0.2222273878504982
0.22221874587193188
0.22221684036067046
0.22222519292691081
0.22223090162788262
0.22222149670938696
0.22221143622312967
0.2221943299421894
0.22219360985921752
0.22218544641385238
0.22217475370910142
0.22217582186417165
0.22216153641537592
0.22214931893178486
0.22214497246359974
0.22214809557644674
0.22213875684356083
0.22212743634018758
0.22213840095396703
0.22215162068356234
0.22216128824584563
0.22217038711538248
0.22217711021293748
0.22219110093547023
0.22218446542494655
0.22217720744820568
0.22217509493237345
0.22217754214642388
0.22217319317838213
0.22217113135052427
0.2221697315522175
0.2221676662180358
0.22217971630865047
0.2221818630488302
0.2221858441472289
0.22216725724755512
0.22217719464737512
0.22218511560310653
0.22218963431374003
0.2221912809715137
0.22219426233840703
0.22218307667445528
0.22218077847758022
0.22218376481419758
0.2221856157388239
0.22218951731798295
0.22219345024376214
0.22220134605950015
0.22220402971599956
0.2222001840557952
0.22219974561587383
0.22221279674388789
0.22222127470553374
0.22222973614729388
0.22223128232366304
0.2222421263230161
0.22224507054051912
0.22224879422670052
0.22225804285844494
0.222257664076137
0.22225943505607929
0.2222625728774208
0.22226567453491972
0.22225747816845962
0.22225700943171717
0.2222613611374232
0.22225251051921224
0.22224743559817317
0.22226469224508275
0.2222732952921667
0.2222734951303435
0.2222766858018511
0.22227690000122155
0.22227571749906744
0.22228073292086659
0.22228666384477327
0.22228249153455312
0.22228576825097943
0.2222786198997304
0.22227659309633785
0.22228033009409517
0.2222684420375081
0.22226542752744036
0.22226456665376254
0.22225498112447828
0.22224681313572184
0.22226294709085487
0.22227511059764987
0.22226807090476564
0.22226426131315813
0.2222668307854232
0.22226340377134549
0.22226712606379748
0.22226051833247343
0.22225685832297135
0.22225930225666662
0.22227007851215738
0.22227521301925665
0.22227662036660215
0.2222755244983214
0.22228364736285103
0.22227573501825262
0.22227649910293995
0.2222802007674985
0.2222757415530296
0.2222707905001124
0.22227554935699775
0.2222670208737468
0.22226337215387656
0.2222586852700888
0.22225987561319246
0.22226477862185126
0.2222604666855225
0.22224439192480108
0.2222453703493706
0.22223668926517187
0.2222401104288108
0.2222548541638452
0.22226235779950393
0.22226363571194593
0.22226885097668597
0.2222759333254818
0.2222684207691303
0.22227455464602167
0.2222874762019699
0.22229546913122336
0.22228943947200688
0.22228452447990588
0.22229077186754356
0.22229578774613976
0.2222940939911239
0.22230040746534563
0.22230278832373557
0.2223156989257777
0.22232875700845184
0.22233343677316045
0.22233547874460188
0.22233427582690082
0.22233676539390843
0.22234363191054954
0.22233900838238516
0.22233594891090866
0.22233688877175636
0.22233483747990523
0.22233249680602085
0.22233145767977355
0.2223425337001795
0.2223415052921273
0.22234423407648987
0.22233603994234247
0.22232937419529009
0.22233673817866986
0.2223415961168304
0.2223420248996562
0.2223446831426344
0.22234477009672637
0.22235167259416194
0.22237074105611795
0.2223808371413975
0.22238393663574957
0.22239215496736753
0.2223877732924207
0.22238548184114607
0.22238360567800206
0.2223753991564746
0.22236746759154108
0.2223675069944942
0.22236963731739964
0.22238114589553487
0.222383468879568
0.22237981452723113
0.22237665400068465
0.22237861648009605
0.22238981548583966
0.22239573352895087
0.22238475069779148
0.22238379233541458
0.22238282476756735
0.22238081524280903
0.22238214223720357
0.22237916552572445
0.22237875189621661
0.22237511094330492
0.22238219798837572
0.22237233812639848
0.222375611589047
0.2223761878377293
0.2223810180105654
0.22238400698982738
0.22238187714733695
0.2223815967085911
0.22237997535360995
0.22238082541795
0.22238565619535897
0.22238241181461954
0.22239374779013177
0.22239811001543677
0.22239245606138192
0.2223862414924244
0.22238315787570145
0.22237498933635352
0.2223774671739743
0.22238495313354495
0.22238975175973044
0.22239294730972461
0.22240706314405528
0.22241608943672708
0.22241021895190133
0.22240634176271748
0.22240298036611272
0.22239687994360152
0.22239522552568713
0.22239439261608568
0.2223947749262938
0.222391985528254
0.22238519927628192
0.2223835020502594
0.2223789378790607
0.22237325331245036
0.22236531333108067
0.2223745074606867
0.22238192274635143
0.2223684513610334
0.2223741685892669
0.22237162877951033
0.22237773020781243
0.22237362976188033
0.2223732887445649
0.22238035055562033
0.22238745409182578
0.22239016210475182
0.22239356375631245
0.22238423463796475
0.22238201613887648
0.22238390854298679
0.2223811609233279
0.22237319402078426
0.2223771378505001
0.22238623458290546
0.22239390494542816
0.22239969080411964
0.22240811754235845
0.22240552161795857
0.22241678968740458
0.22241382345872474
0.22241599434288914
0.22242211995038422
0.2224210086187827
0.22240954008914912
0.2224007951873823
0.22240606457939538
0.22240858328579327
0.22240784993783716
0.22241116379690745
0.22241889845812007
0.2224230963149776
0.22242634967569325
0.22242234093836724
0.22241475312100584
0.2224102045427646
0.22241109565297976
0.22240130138603548
0.22239473398373746
0.2223944318423333
0.22240050664958436
0.22239296974501782
0.22239561247785725
0.22239465686926282
0.22239743816768207
0.22240177273008216
0.22240592358304387
0.22240116854973652
0.22240156751249143
0.2224030193671371
0.2224038059364732
0.22240113280238918
0.22239873963951412
0.22239451237878607
0.22238456317364547
0.2223799147811646
0.2223818964817796
0.22238109243835227
0.2223863310774823
0.2223810831596968
0.2223827327675412
0.22237510201674407
0.2223723433395485
0.2223711037575406
0.22236766237432576
0.2223593732662039
0.2223599411621724
0.2223607666818791
0.22235624543478832
0.22235586010988811
0.22235442881845532
0.22235630887705257
0.2223614208631518
0.22235663070548492
0.22235170305436525
0.22236187007171224
0.22237378196421445
0.22238223315662323
0.22237903254943445
0.22238243874409994
0.22237391223217096
0.22237533391431802
0.22238438763203977
0.22238587254191508
0.2223852103039508
0.22238544373183525
0.22239205687554656
0.22239962485957235
0.22240145905140932
0.2224000228835858
0.2224095689606101
0.22241340519365807
0.22241464245058623
0.22241448517216708
0.2224127575490168
0.22240736299222727
0.22240766650939464
0.22240907526009968
0.22240919349589672
0.22241105950833323
0.22240608910519158
0.22241201077557773
0.22241153935825003
0.22241276131884577
0.2224213171986131
0.22242609499302676
0.22242589266129906
0.22242569274999746
0.2224352477116514
0.2224354022188407
0.2224227145125844
0.2224187695165133
0.22242940136635955
0.22243190114318834
0.22242628198788839
0.22242049124408236
0.22241487414580918
0.22242260034109312
0.2224214049545623
0.222422439187122
0.22241991145924236
0.22241802904317323
0.22241461807795523
0.22241739597799196
0.22242041972203905
0.2224250176016883
0.22242154574221987
0.22242388851385864
0.22242287483245218
0.22242242615980437
0.2224142205235201
0.2224175032990229
0.22241865092597415
0.22241259905476557
0.2224168691923973
0.222421168170926
0.22242171794715423
0.22242145049140924
0.2224138999501049
0.22241812536002942
0.2224140773773827
0.22242245189221066
0.22242830906352326
0.22243358350341694
0.2224353158868267
0.22244121096932995
0.2224387954960371
0.22243368524109322
0.22243780781927036
0.22244293327151207
0.22245030853441242
0.22243923120903325
0.2224404230651664
0.2224340533611322
0.22242894085510193
0.22242423690097674
0.22242135696134988
0.22241704780288865
0.2224170199137913
0.22241598195776585
0.22240607465351525
0.22240289966579535
0.22241605921117097
0.22241931134704554
0.22241851048471276
0.22242642032713514
0.22242914453089782
0.2224344091554419
0.22243760640588026
0.22243156818594906
0.2224241180351657
0.2224221105041922
0.22243273506969397
0.2224362094801173
0.22243141167407152
0.22243084589059847
0.2224275740611488
0.22242333651832016
0.2224230984705176
0.22242583422256032
0.2224209125258331
0.22241495917207185
0.2224147841244581
0.22242229786672546
0.22241900531626946
0.2224142775482225
0.2224145566118056
0.22241123819056377
0.22241027931414015
0.2224188086520851
0.22241960006498512
0.22242165780896733
0.22242994099072974
0.2224308419768888
0.2224393633675462
0.2224431171345929
0.2224422752179013
0.2224436342698134
0.22244080702345623
0.22244357583765917
0.22244937855746202
0.22246020164092814
0.22246007438480472
0.22245658953603362
0.22245533331963105
0.22245162465901772
0.22244465813881087
0.22244642196993913
0.22245046723522122
0.2224459431228968
0.22243996592128
0.22244185573889386
0.22244817380200985
0.22244735083659628
0.222451315564676
0.2224533985852083
0.22245160066176092
0.22245495389056022
0.22245995583055364
0.22246089990443393
0.22246288404580863
0.22246672151627078
0.222469872857034
0.22247190853455617
0.22247224137066066
0.2224689048423804
0.2224574403319287
0.22245693245790224
0.22246197154399547
0.22246085225267748
0.22246363682729856
0.22246376440912202
0.22246121519584816
0.22246759342242628
0.2224632703226444
0.2224581146964408
0.2224577292162881
0.22246396119909692
0.22246998438471136
0.22247614848635
0.22248199164033905
0.22247778485281341
0.22248096179114393
0.22247162553368535
0.22245863078424533
0.2224551513132656
0.22245861115999035
0.22245763991445958
0.22245409204551084
0.22244850244357342
0.2224444182403539
0.22244061915562452
0.22244113352151068
0.2224389006029815
0.22243210159107785
0.2224332958852805
0.22244506018350627
0.2224471389595528
0.22244949537621322
0.2224462634452807
0.22244320341104157
0.2224390482821689
0.2224318580205163
0.22242845331149722
0.22243246247397241
0.2224366319410679
0.22244353525277377
0.22243794000216638
0.22243453309371028
0.22243158260046075
0.2224267866259946
0.2224181713042634
0.2224210731060908
0.22242192357428914
0.2224156335724394
0.2224154158961355
0.22241475208883993
0.22241921786725924
0.22242786411089965
0.2224267859906091
0.22242302916740958
0.22242802472009063
0.22243289663919494
0.2224291098678297
0.2224255512336226
0.22242954640892812
0.22243694406887807
0.22243564631269233
0.22244038821897957
0.2224415698177329
0.2224527001545655
0.2224610490831649
0.22245653168084403
0.22244819582218203
0.22244964864950173
0.2224531330348847
0.22245588134001265
0.22246740036745546
0.22247362055719463
0.22247169807731718
0.22246517193374188
0.22246366573558216
0.22246835372741666
0.22246785526261506
0.22246628249626146
0.22245944969975345
0.2224625494026995
0.2224609012313468
0.22246147524060503
0.22245919385345134
0.2224551469366821
0.222461112400287
0.22246527292871116
0.22246430522977517
0.22246023251474556
0.22245897533763734
0.22246040962939054
0.2224541464377974
0.22245117937866768
0.22244921227416814
0.2224506429964908
0.2224528915114325
0.2224527253350876
0.22244912529342167
0.2224523952738391
0.22245148473708717
0.22245454464554326
0.22245184811992755
0.22245658714781374
0.2224619865645286
0.2224597365415624
0.22245213134551484
0.2224485942862653
0.22244551434195348
0.22244144332482474
0.22244539578677103
0.22244673618861172
0.22244125498983672
0.22243558671145677
0.2224357093054065
0.2224312136691047
0.22242959218708436
0.2224292596897851
0.2224316072789824
0.22243284650762454
0.22243453114948375
0.22244130927593528
0.2224396393608029
0.22243328785660096
0.22243200604363797
0.2224290072929772
0.2224243104446317
0.2224212758462873
0.22241789080804397
0.22241205486791346
0.22240811692394297
0.2224070810078256
0.22240682899908318
0.2224063849258292
0.22240860707100793
0.2224164265867573
0.22242502382127477
0.22242320988222575
0.22241998136719068
0.2224209579849353
0.22241620889156852
0.22241197075601896
0.22241381576017866
0.2224092933690183
0.2224057837130396
0.2224024363785425
0.22239847004645658
0.22240009963988738
0.2223995086820143
0.2223937103208245
0.22239513644787348
0.22240298120060575
0.22240185132087897
0.22240394470486455
0.2224078120958146
0.22240724391150457
0.22240988423537789
0.22241074504767083
0.2224132577183898
0.22241151139341928
0.22240891447377506
0.2224045686065946
0.22239994784819123
0.22240342272271726
0.222407278989735
0.22239932156143688
0.22239776033245143
0.2223954932369415
0.22239528988307494
0.22238649860963378
0.22238029628919914
0.22238025811191897
0.22236935488609158
0.22236934341032694
0.22237164299291454
0.22237006394262132
0.22237751149951376
0.22237430234770234
0.22237378385028314
0.22237656746367404
0.22237834317255792
0.22236959073374885
0.22236980153963914
0.22236600144758706
0.22236395326721464
0.22236102401461214
0.22236159577510484
0.22236592028816207
0.22235614554612348
0.22235806583398343
0.22236542130348966
0.22237313416785306
0.22237161751401974
0.222370005824649
0.22236917656433178
0.22236665273213754
0.22236509758384268
0.22236941693858694
0.22236807833326644
0.22236518168020203
0.22236512710253412
0.22236691916531787
0.22236999607420302
0.22237045906220168
0.22237340052284568
0.2223816651873245
0.22238334548508457
0.22238518271347696
0.22238690633271788
0.2223842815650502
0.22238972418592098
0.22239752676414987
0.22239943219448924
0.22240464238604854
0.22240406496420023
0.22240125742617164
0.22240762302214148
0.22241739045896275
0.2224279639574118
0.2224291031591636
0.22242761113424492
0.2224323675258917
0.2224296767804205
0.22242404145197767
0.22242441752938896
0.22242560296603722
0.22242125676369126
0.22241851589745532
0.22242081709148934
0.22241882485385617
0.22241270089467224
0.22240701653400732
0.22240396152203393
0.22239915752384795
0.22239832294025996
0.2223980208413627
0.22239850484261997
0.22239633153423044
0.22239862506318822
0.2223937549563332
0.22238818945410946
0.22237768901754812
0.22237941709638867
0.22238477239693208
0.22238931661800765
0.22239186320020957
0.22238822378621775
0.22238904117787509
0.22239103824649656
0.22239229049629797
0.22239047421901004
0.2223937575988865
0.22238842019169444
0.22238364837369065
0.222388211990191
0.22238504918727714
0.22237986674865257
0.22237767391387592
0.22237441489289
0.22238074470090424
0.22238673019643151
0.22237866177165377
0.22237388172027114
0.2223736202454777
0.22238448352763768
0.22238622300504404
0.22238571336974644
0.22239185673779205
0.22238915282236676
0.22238023136920365
0.2223748674505195
0.2223772674281525
0.2223791686019798
0.22238016866524163
0.22238021884995818
0.2223810265963857
0.222380411578941
0.22237375918334468
0.2223728510987703
0.22237183390928594
0.22236601515753837
0.22236399470435475
0.22236699357444162
0.22236762025710485
0.22236676512420295
0.2223675458533915
0.2223701063926099
0.22237534729153827
0.22237579472484506
0.22236799326680096
0.22236486279301476
0.22236832578332175
0.2223725559175357
0.22237494706489083
0.2223731624803217
0.22237767796858104
0.22237980841402114
0.22238220953459972
0.22237964201928068
0.22238094927400454
0.2223787343970848
0.22237507655787622
0.22237385567084075
0.22237057595530219
0.2223655893006582
0.22236392294848714
0.2223645534146636
0.2223667349555413
0.22236047969317224
0.22235521371531727
0.2223523364183231
0.22235208200448292
0.22235434839765608
0.22236129561705348
0.22235900922398155
0.2223555547955266
0.2223600175479143
0.22236144564696655
0.2223742983604054
0.22237509513542075
0.22236992750602794
0.22236557799155526
0.22237186820990884
0.22237679634091925
0.22237898422050054
0.22238059952773573
0.22237749643717616
0.2223720639819943
0.2223722313200973
0.22237065767847836
0.22237089326557893
0.22236422796846925
0.2223669057815766
0.2223698752309259
0.22236389281138666
0.22236891667496142
0.22236573676609211
0.2223661841058234
0.2223698456169615
0.22236494040664878
0.22236287636429972
0.22236095959661936
0.22235476258338346
0.22235221706002326
0.22235874540676004
0.22236147971209894
0.22236594620698297
0.22236346370623147
0.22236129926542644
0.22236106691865545
0.2223534590742592
0.22235505211281248
0.2223482202307191
0.22234977293688277
0.22235333575909233
0.22235080265705767
0.22234814273863315
0.22234716604660398
0.2223464211978068
0.2223480419835946
0.22234719719879506
0.22234324514671958
0.2223444085695721
0.22234627241580648
0.22235451016443333
0.22235744122149775
0.22235735896341574
0.22235306842639957
0.22234765453132332
0.22235213365023324
0.22235921128564332
0.2223598636130856
0.22235565880167218
0.22234715181683445
0.22234451975946917
0.22234237572101628
0.22234175548682325
0.22234193267935554
0.22233944479757115
0.2223402491900406
0.22233659797477767
0.2223292297732945
0.2223271283245994
0.2223262501532206
0.22233129690045908
0.22233509732455956
0.22233694231311857
0.222335799632802
0.22233273935467196
0.2223321606587658
0.222330281282126
0.22232601328361742
0.22231875103085036
0.22231496771352416
0.22231215047197095
0.2223081755474499
0.22230954416619486
0.22231354745477247
0.22232137884160613
0.2223280215945864
0.22233341981973043
0.22232703367168344
0.22233010424363628
0.222335917426203
0.2223371962681207
0.2223363097066465
0.22233991396694333
0.22233865676700323
0.2223396151041019
0.22234012108366497
0.22234987108846338
0.22235202041167307
0.22235903878414884
0.22236609982663863
0.2223670424989774
0.22236445589154655
0.22236554952013066
0.22236586266163114
0.22235921750462892
0.22235492167070678
0.22235167045816964
0.22235077809536763
0.2223449394173231
0.22234743200341328
0.2223424721630208
0.22234315831396134
0.2223408016172735
0.22234487634984085
0.2223450202708815
0.22233740124720613
0.22234070936958708
0.22234453350211517
0.222346782901191
0.2223529064867929
0.22235536382658183
0.22235178259976313
0.22235376023879128
0.22234753950300296
0.22234994463429478
0.22235503805353948
0.22236018693300857
0.2223625829357073
0.22236372932212972
0.22235983251077915
0.22235565927024073
0.2223562046917403
0.22235961387789785
0.22236860485303145
0.22237116107616364
0.22237190611880667
0.22237220455278484
0.2223711704983108
0.2223720110378518
0.222369252306592
0.22236521368411344
0.22236504679680377
0.22237128245906254
0.2223690960862819
0.22235982462332105
0.222350074760061
0.22234438923575775
0.22234608425902605
0.22234807870378867
0.22234630281291745
0.22234778171245154
0.22235569517860987
0.22235742171313097
0.22235285864282006
0.22235270685356698
0.22235624267914159
0.2223616146572499
0.22237316412652314
0.22237409573831562
0.2223797660335776
0.22238442575842995
0.2223843448604572
0.22238394477915374
0.22238092436723686
0.2223781343389934
0.2223893178981307
0.22239038408855938
0.22238225583080518
0.2223765392589705
0.2223764474469932
0.22237490473965646
0.2223710003357284
0.22236659928324665
0.2223631091423652
0.2223639627747891
0.22236421976456158
0.22236148289534516
0.22235670803951343
0.22235710277070436
0.2223522690831083
0.22234974765985233
0.22234781246402974
0.22234917245
0.2223571957885856
0.2223566005106905
0.22234914776084086
0.22235089293162813
0.2223504748619371
0.2223466276416194
0.22234640186117016
0.22234174689035696
0.22233793481179204
0.22233918061145516
0.22233944330548477
0.22233636232755077
0.22234005522089248
0.2223382125791775
0.22234328928402544
0.2223445711646758
0.22234898021366004
0.22235278356038135
0.22235642634452735
0.22235451786304083
0.222357330508996
0.2223585841620776
0.22236180349475118
0.22235951773576143
0.22235655737893034
0.22235089140739406
0.2223463307078089
0.222342680208873
0.2223476416923534
0.2223506096206792
0.22235521553604592
0.22236000669258021
0.22236615670986404
0.2223689586017524
0.2223618811937948
0.22236520826700906
0.2223681133545558
0.22237362149508322
0.22237075612010634
0.22236678155963419
0.22236690865584824
0.22236796738277906
0.22236663828134157
0.22236561817157555
0.22236940887664783
0.22236810326208792
0.22236338366704517
0.22236282962489384
0.2223660212469353
0.2223693761199173
0.22237064301024184
0.2223718040955489
0.22236937446357805
0.22236789699195547
0.2223708537718518
0.22237689157213503
0.22237683413052442
0.22237745492914657
0.22237528080626665
0.22237312765952683
0.2223710510512971
0.2223701431355234
0.22237034966259342
0.22237139922146934
0.22237362382392822
0.2223745145951909
0.2223700657850086
0.2223684499723627
0.22237724341708492
0.22238131574969625
0.2223859767589278
0.22237975280152777
0.2223808910230552
0.2223831554244958
0.2223856312217911
0.22238836749934754
0.22239034395196275
0.22238886139643446
0.22238609814517113
0.22238716986609414
0.2223862067386878
0.2223819922953073
0.22238128739618765
0.222383513823515
0.22238226269090883
0.22238028415206718
0.22237604268201433
0.22237600597962345
0.2223710350210775
0.2223651995584966
0.22236472285755887
0.22235868757619778
0.2223531724757961
0.22235547052430935
0.22235982169789034
0.2223674589900707
0.2223682241204741
0.22236612340829265
0.22236275566187236
0.222357598936326
0.22235649295397145
0.22236218693123935
0.22236269340703357
0.22236520215706118
0.22236339222446497
0.22236463666558123
0.22236147743893128
0.22236194730464687
0.22236108565250964
0.22235889105265305
0.22235445270175933
0.22235701405746522
0.22236190020110047
0.2223640180750755
0.2223667203043737
0.22236672142881894
0.22236599298966256
0.2223673026696582
0.2223654093800211
0.2223643059271658
0.22236267221627656
0.2223626565161098
0.22236620425457324
0.22236832110912227
0.2223706409137584
0.2223724498420419
0.22237621551648262
0.22237844437111515
0.22237830102038222
0.22237417248125388
0.22237252208374994
0.22237137521757894
0.22237160533289657
0.22237106862383632
0.22236899303320773
0.22237139392030064
0.22237422518005193
0.2223714686132149
0.22237417097975312
0.22237559790326403
0.22237387097633862
0.22237730548349882
0.22238078218763668
0.2223795105767969
0.2223828088002082
0.22237760292140266
0.22237949188908268
0.22238133447469924
0.22237590581153285
0.22237731345030445
0.22238402951147745
0.22238263014757337
0.22238267090508335
0.22238066499897016
0.2223787340543573
0.22238299875988035
0.22238426001377495
0.22238372985576055
0.2223794326414311
0.22237480964285164
0.2223681399545193
0.22236537413224275
0.22235974707259445
0.22236747484230732
0.22236611775966966
0.2223674804896691
0.222367653955031
0.22236730376363623
0.22236835750646744
0.22237759971032536
0.2223854649930704
0.22238429641991403
0.2223820332014829
0.222386221256271
0.2223933638037972
0.2223935986550405
0.22239053382269408
0.22238553399701352
0.222380404505947
0.22237854035346094
0.222378685011719
0.22237984634890495
0.22238386941047278
0.2223865935883891
0.22238452201774775
0.22237909554810384
0.22237605622738374
0.22236907216851387
0.22236477070355593
0.22236441773101043
0.22236335630540155
0.22236477386986797
0.22236949682556073
0.22237354592697084
0.22237647020760193
0.22237935220524027
0.22237737765631319
0.22237889655051377
0.22237578202497196
0.22237736430074073
0.22237456738004466
0.2223741254428536
0.2223704856823776
0.2223682209269529
0.2223683844360985
0.22236841237499
0.2223624695298067
0.22235812987739897
0.22235601174431924
0.2223491129839324
0.2223477921956862
0.22234529970368966
0.222344421570212
0.2223490629523567
0.2223505280775148
0.22235021353317236
0.2223525603443412
0.22235774089891908
0.2223593701434328
0.22235949847106748
0.22236283782009283
0.22236365650289971
0.2223613025463141
0.22235654945630032
0.22235176981469756
0.22235403750215674
0.22235597683513497
0.222354377729202
0.22235595800261113
0.2223478361899435
0.22234972844358228
0.2223492616094753
0.22234632580512131
0.22234629101002557
0.22235150722181013
0.2223558929613516
0.22235613595873424
0.22235522313775538
0.22236532337802506
0.22236607487103693
0.22236589360792638
0.22237076374373654
0.2223766200710428
0.2223763037441907
0.22237953783469716
0.22238052408314649
0.22237902407441623
0.222376253564228
0.22237828644151675
0.22237932020327694
0.22238213148481561
0.2223779548848571
0.22237667084909002
0.22237537337524346
0.22237416153893366
0.2223718826910165
0.22236926042930433
0.22236876493625674
0.22236874003904478
0.22236937539592508
0.22237397734230333
0.22237771438252726
0.22237775398556903
0.22237999802889494
0.22238261061118494
0.2223874371658463
0.22239001262184094
0.22238496180271194
0.22238146536433712
0.2223836460469678
0.22238248269562136
0.22238410591236238
0.22238326775696785
0.22238646353813224
0.2223842413525448
0.22238012096121343
0.22238120015109938
0.22238050035113024
0.22237957506742878
0.22237672367590233
0.2223751482475104
0.22237451499146116
0.22237962650964577
0.22237750341942597
0.2223733542858672
0.22236848278288437
0.22236741933236867
0.22237259300743095
0.22237428940863024
0.22237215338807073
0.22237325878722747
0.2223776515127605
0.22237710174613923
0.2223746276929222
0.22237324390297902
0.22237353282380443
0.22236915800844131
0.22236944755197435
0.2223712482593713
0.22237006717217783
0.22236671614752537
0.22236584845959964
0.22236762585873296
0.22236079876703915
0.2223605151535513
0.22236287244505457
0.22236495006639256
0.22236564954299434
0.22236855569910496
0.22236790949621651
0.22236986118249016
0.22237251180278403
0.22237525756855286
0.22237989370551814
0.22237746277383968
0.22237291139559742
0.22237351146491924
0.22237322538904572
0.22237171101628667
0.2223656751837401
0.22236819168370828
0.22236442913651064
0.22236259194321184
0.22235961845330196
0.22235954209819694
0.2223563571615045
