0.5
0.66666666666666674
0.75
0.80000000000000004
0.83333333333333337
0.85714285714285721
0.75
0.77777777777777779
0.80000000000000004
0.90909090909090906
0.83333333333333337
0.84615384615384615
0.85714285714285721
0.8666666666666667
0.875
0.88235294117647056
0.88888888888888884
0.89473684210526316
0.90000000000000002
0.90476190476190477
0.90909090909090906
0.91304347826086962
0.91666666666666663
0.92000000000000004
0.92307692307692313
0.88888888888888884
0.85714285714285721
0.86206896551724133
0.8666666666666667
0.87096774193548387
0.875
0.87878787878787878
0.88235294117647056
0.88571428571428568
0.86111111111111116
0.83783783783783783
0.84210526315789469
0.84615384615384615
0.84999999999999998
0.82926829268292679
0.76190476190476186
0.7441860465116279
0.75
0.75555555555555554
0.76086956521739135
0.76595744680851063
0.75
0.75510204081632648
0.76000000000000001
0.74509803921568629
0.71153846153846156
0.66037735849056611
0.66666666666666674
0.65454545454545454
0.625
0.61403508771929827
0.62068965517241381
0.59322033898305082
0.58333333333333326
0.5901639344262295
0.59677419354838712
0.58730158730158732
0.578125
0.56923076923076921
0.56060606060606055
0.56716417910447769
0.57352941176470584
0.56521739130434789
0.5714285714285714
0.56338028169014087
0.56944444444444442
0.57534246575342474
0.56756756756756754
0.57333333333333325
0.56578947368421051
0.55844155844155852
0.55128205128205132
0.55696202531645578
0.55000000000000004
0.54320987654320985
0.53658536585365857
0.51807228915662651
0.51190476190476186
0.50588235294117645
0.51162790697674421
0.50574712643678166
0.5
0.4943820224719101
0.48888888888888893
0.48351648351648346
0.47826086956521741
0.4731182795698925
0.47872340425531912
0.48421052631578942
0.47916666666666663
0.46391752577319589
0.46938775510204078
0.4747474747474747
0.46999999999999997
0.46534653465346532
0.46078431372549022
0.44660194174757284
0.44230769230769229
0.43809523809523809
0.43396226415094341
0.42990654205607481
0.43518518518518523
0.43119266055045868
0.42727272727272725
0.42342342342342343
0.4285714285714286
0.4336283185840708
0.43859649122807021
0.43478260869565222
0.43103448275862066
0.42735042735042739
0.4152542372881356
0.41176470588235292
0.40833333333333333
0.41322314049586772
0.4098360655737705
0.4065040650406504
0.41129032258064513
0.38400000000000001
0.36507936507936511
0.35433070866141736
0.359375
0.35658914728682167
0.35384615384615381
0.35114503816793896
0.34848484848484851
0.34586466165413532
0.34328358208955223
0.34074074074074079
0.34558823529411764
0.34306569343065696
0.34782608695652173
0.34532374100719421
0.34285714285714286
0.34042553191489366
0.34507042253521125
0.34265734265734271
0.35416666666666663
0.35172413793103452
0.34931506849315064
0.34693877551020413
0.34459459459459463
0.34899328859060408
0.34666666666666668
0.3443708609271523
0.33552631578947367
0.32679738562091498
0.33116883116883122
0.3354838709677419
0.32692307692307687
0.32484076433121023
0.32278481012658233
0.32704402515723274
0.32499999999999996
0.32919254658385089
0.3271604938271605
0.32515337423312884
0.32926829268292679
0.33333333333333337
0.33132530120481929
0.3293413173652695
0.31547619047619047
0.31360946745562135
0.31176470588235294
0.3099415204678363
0.30813953488372092
0.30635838150289019
0.29885057471264365
0.30285714285714282
0.30113636363636365
0.29943502824858759
0.2921348314606742
0.29050279329608941
0.28333333333333333
0.29281767955801108
0.29120879120879117
0.29508196721311475
0.29891304347826086
0.29189189189189191
0.29569892473118276
0.29946524064171121
0.30319148936170215
0.30158730158730163
0.30000000000000004
0.29842931937172779
0.296875
0.2901554404145078
0.28350515463917525
0.27692307692307694
0.27551020408163263
0.2741116751269036
0.27777777777777779
0.27638190954773867
0.27500000000000002
0.27363184079601988
0.27722772277227725
0.27093596059113301
0.26470588235294112
0.26829268292682928
0.26213592233009708
0.26086956521739135
0.26923076923076927
0.26794258373205737
0.26666666666666672
0.2654028436018957
0.26415094339622647
0.26291079812206575
0.26635514018691586
0.2558139534883721
0.25462962962962965
0.25806451612903225
0.26146788990825687
0.26027397260273977
0.25909090909090904
0.24886877828054299
0.2432432432432432
0.24663677130044848
0.2455357142857143
0.24444444444444446
0.24336283185840712
0.24229074889867841
0.24122807017543857
0.24454148471615722
0.24782608695652175
0.25974025974025972
0.26293103448275867
0.26609442060085842
0.26068376068376065
0.25957446808510642
0.25423728813559321
0.2573839662447257
0.25630252100840334
0.2510460251046025
0.24583333333333335
0.24066390041493779
0.23966942148760328
0.23868312757201648
0.24180327868852458
0.24081632653061225
0.23983739837398377
0.23886639676113364
0.23790322580645162
0.24096385542168675
0.23599999999999999
0.23904382470119523
0.23809523809523814
0.24110671936758898
0.24409448818897639
0.24313725490196081
0.2421875
0.24124513618677046
0.2441860465116279
0.24710424710424705
0.24615384615384617
0.24521072796934862
0.24045801526717558
0.23954372623574149
0.23863636363636365
0.23773584905660372
0.24060150375939848
0.2359550561797753
0.2350746268656716
0.23420074349442377
0.23333333333333328
0.23616236162361626
0.23529411764705888
0.23809523809523814
0.23722627737226276
0.23636363636363633
0.23188405797101452
0.23104693140794219
0.23381294964028776
0.22939068100358428
0.22499999999999998
0.22419928825622781
0.22695035460992907
0.22614840989399299
0.23239436619718312
0.23157894736842111
0.23076923076923073
0.22996515679442509
0.22569444444444442
0.22837370242214527
0.22758620689655173
0.22680412371134018
0.22945205479452058
0.22866894197952214
0.22789115646258506
0.22372881355932206
0.22635135135135132
0.22558922558922556
0.22483221476510062
0.22073578595317722
0.22333333333333338
0.22259136212624586
0.22185430463576161
0.22112211221122113
0.22039473684210531
0.21967213114754103
0.22549019607843135
0.22149837133550487
0.22402597402597402
0.2200647249190939
0.21935483870967742
0.22186495176848875
0.22115384615384615
0.22364217252396168
0.22292993630573243
0.22539682539682537
0.22784810126582278
0.22082018927444791
0.22012578616352196
0.22257053291536055
0.22187500000000004
0.22118380062305298
0.21739130434782605
0.21671826625386992
0.21913580246913578
0.21846153846153848
0.21779141104294475
0.21712538226299694
0.21646341463414631
0.21580547112462001
0.21212121212121215
0.20845921450151061
0.20783132530120485
0.2072072072072072
0.20359281437125754
0.20298507462686566
0.20238095238095233
0.20178041543026703
0.20118343195266275
0.20058997050147498
0.19999999999999996
0.19648093841642233
0.19883040935672514
0.19533527696793007
0.19767441860465118
0.19710144927536233
0.19653179190751446
0.19596541786743515
0.1954022988505747
0.19484240687679089
0.19428571428571428
0.19373219373219375
0.19318181818181823
0.19263456090651554
0.19209039548022599
0.19154929577464785
0.1910112359550562
0.19047619047619047
0.18994413407821231
0.18941504178272983
0.19166666666666665
0.19113573407202211
0.19060773480662985
0.19283746556473824
0.19505494505494503
0.19178082191780821
0.19125683060109289
0.19073569482288832
0.1875
0.19241192411924124
0.19189189189189193
0.19407008086253374
0.19354838709677424
0.193029490616622
0.18983957219251335
0.18933333333333335
0.19148936170212771
0.19098143236074272
0.19047619047619047
0.18733509234828494
0.18684210526315792
0.18635170603674545
0.18848167539267013
0.18798955613577029
0.1875
0.18701298701298696
0.18393782383419688
0.18346253229974163
0.1829896907216495
0.18508997429305918
0.18205128205128207
0.18158567774936063
0.18112244897959184
0.1806615776081425
0.18020304568527923
0.17974683544303793
0.17929292929292928
0.17884130982367763
0.17839195979899503
0.18045112781954886
0.18000000000000005
0.17955112219451375
0.17910447761194026
0.17866004962779158
0.17821782178217827
0.17777777777777781
0.17733990147783252
0.17690417690417692
0.17647058823529416
0.17848410757946209
0.17804878048780493
0.18004866180048662
0.17961165048543692
0.17675544794188858
0.17632850241545894
0.17590361445783131
0.17548076923076927
0.17266187050359716
0.17224880382775121
0.17183770883054894
0.17142857142857137
0.17102137767220904
0.16824644549763035
0.1678486997635934
0.16509433962264153
0.16470588235294115
0.16431924882629112
0.16393442622950816
0.16588785046728971
0.16783216783216781
0.16744186046511633
0.16705336426914152
0.16666666666666663
0.16628175519630484
0.16589861751152069
0.16551724137931034
0.16513761467889909
0.16475972540045769
0.16666666666666663
0.16628701594533024
0.16590909090909089
0.16326530612244894
0.16289592760180993
0.16252821670428896
0.1644144144144144
0.16404494382022472
0.16367713004484308
0.16331096196868011
0.1651785714285714
0.16926503340757237
0.16666666666666663
0.16629711751662968
0.16592920353982299
0.16556291390728473
0.16740088105726869
0.16703296703296699
0.16885964912280704
0.16849015317286653
0.16812227074235808
0.16775599128540308
0.16739130434782612
0.16702819956616055
0.16666666666666663
0.16630669546436283
0.16594827586206895
0.16774193548387095
0.16738197424892709
0.16702355460385443
0.16880341880341876
0.16631130063965882
0.16382978723404251
0.16348195329087045
0.16313559322033899
0.16279069767441856
0.16244725738396626
0.16210526315789475
0.16176470588235292
0.16142557651991618
0.16108786610878656
0.16283924843423803
0.1645833333333333
0.16424116424116419
0.16390041493775931
0.16356107660455488
0.16322314049586772
0.16288659793814431
0.16049382716049387
0.16016427104722797
0.1598360655737705
0.1595092024539877
0.15918367346938778
0.15682281059063141
0.1565040650406504
0.1582150101419878
0.15991902834008098
0.15959595959595962
0.15927419354838712
0.15895372233400407
0.15863453815261042
0.15831663326653311
0.15800000000000003
0.15600000000000003
0.15600000000000003
0.15600000000000003