0.5
0.33333333333333337
0.25
0.19999999999999996
0.16666666666666663
0.1428571428571429
0.125
0.11111111111111116
0.099999999999999978
0.090909090909090939
0.08333333333333337
0.15384615384615385
0.1428571428571429
0.1333333333333333
0.125
0.11764705882352944
0.11111111111111116
0.15789473684210531
0.19999999999999996
0.19047619047619047
0.18181818181818177
0.17391304347826086
0.16666666666666663
0.19999999999999996
0.19230769230769229
0.18518518518518523
0.2142857142857143
0.2068965517241379
0.19999999999999996
0.19354838709677424
0.1875
0.18181818181818177
0.17647058823529416
0.17142857142857137
0.16666666666666663
0.16216216216216217
0.18421052631578949
0.17948717948717952
0.17500000000000004
0.17073170731707321
0.16666666666666663
0.16279069767441856
0.15909090909090906
0.15555555555555556
0.15217391304347827
0.14893617021276595
0.14583333333333337
0.1428571428571429
0.14000000000000001
0.13725490196078427
0.13461538461538458
0.13207547169811318
0.12962962962962965
0.12727272727272732
0.125
0.1228070175438597
0.12068965517241381
0.11864406779661019
0.1166666666666667
0.11475409836065575
0.11290322580645162
0.12698412698412698
0.125
0.12307692307692308
0.12121212121212122
0.11940298507462688
0.11764705882352944
0.11594202898550721
0.12857142857142856
0.12676056338028174
0.13888888888888884
0.13698630136986301
0.13513513513513509
0.1333333333333333
0.13157894736842102
0.12987012987012991
0.12820512820512819
0.12658227848101267
0.125
0.12345679012345678
0.13414634146341464
0.13253012048192769
0.13095238095238093
0.12941176470588234
0.12790697674418605
0.12643678160919536
0.125
0.1235955056179775
0.12222222222222223
0.12087912087912089
0.11956521739130432
0.11827956989247312
0.11702127659574468
0.11578947368421055
0.11458333333333337
0.11340206185567014
0.11224489795918369
0.12121212121212122
0.12
0.11881188118811881
0.11764705882352944
0.11650485436893199
0.11538461538461542
0.11428571428571432
0.1132075471698113
0.11214953271028039
0.11111111111111116
0.11009174311926606
0.10909090909090913
0.10810810810810811
0.1071428571428571
0.10619469026548678
0.10526315789473684
0.10434782608695647
0.11206896551724133
0.11111111111111116
0.11016949152542377
0.10924369747899154
0.10833333333333328
0.1074380165289256
0.10655737704918034
0.10569105691056913
0.10483870967741937
0.10399999999999998
0.10317460317460314
0.10236220472440949
0.1015625
0.10077519379844957
0.099999999999999978
0.0992366412213741
0.098484848484848508
0.097744360902255689
0.10447761194029848
0.10370370370370374
0.11029411764705888
0.10948905109489049
0.11594202898550721
0.1151079136690647
0.11428571428571432
0.11347517730496459
0.11267605633802813
0.11188811188811187
0.11111111111111116
0.1103448275862069
0.11643835616438358
0.11564625850340138
0.11486486486486491
0.11409395973154357
0.11333333333333329
0.11920529801324509
0.11842105263157898
0.11764705882352944
0.11688311688311692
0.11612903225806448
0.10897435897435892
0.10828025477707004
0.10759493670886078
0.10691823899371067
0.10624999999999996
0.10559006211180122
0.10493827160493829
0.10429447852760731
0.10365853658536583
0.10303030303030303
0.10240963855421692
0.10179640718562877
0.10119047619047616
0.10059171597633132
0.099999999999999978
0.099415204678362623
0.098837209302325535
0.098265895953757232
0.097701149425287404
0.097142857142857197
0.096590909090909061
0.096045197740112997
0.095505617977528101
0.094972067039106101
0.094444444444444442
0.10497237569060769
0.10439560439560436
0.10382513661202186
0.10326086956521741
0.097297297297297303
0.10215053763440862
0.10160427807486627
0.10106382978723405
0.10052910052910058
0.099999999999999978
0.099476439790575966
0.10416666666666663
0.10362694300518138
0.10824742268041232
0.10769230769230764
0.1071428571428571
0.10659898477157359
0.11111111111111116
0.11055276381909551
0.10999999999999999
0.10945273631840791
0.11386138613861385
0.11330049261083741
0.11274509803921573
0.1121951219512195
0.10679611650485432
0.106280193236715
0.10576923076923073
0.10526315789473684
0.10476190476190472
0.10426540284360186
0.10377358490566035
0.10328638497652587
0.10747663551401865
0.10697674418604652
0.10648148148148151
0.10599078341013823
0.10550458715596334
0.10502283105022836
0.1045454545454545
0.10407239819004521
0.10360360360360366
0.10313901345291476
0.1026785714285714
0.10666666666666669
0.10619469026548678
0.10572687224669608
0.10526315789473684
0.10480349344978168
0.10434782608695647
0.10389610389610393
0.10344827586206895
0.10729613733905574
0.10683760683760679
0.11063829787234047
0.11016949152542377
0.10970464135021096
0.10924369747899154
0.11297071129707115
0.11250000000000004
0.11203319502074693
0.11157024793388426
0.11111111111111116
0.11885245901639341
0.11836734693877549
0.12195121951219512
0.12145748987854255
0.12096774193548387
0.12048192771084343
0.12
0.12350597609561753
0.12301587301587302
0.12252964426877466
0.12204724409448819
0.1215686274509804
0.12109375
0.12062256809338523
0.12403100775193798
0.12355212355212353
0.12307692307692308
0.12260536398467436
0.12213740458015265
0.12167300380228141
0.12121212121212122
0.12075471698113205
0.12030075187969924
0.11985018726591756
0.11940298507462688
0.1189591078066915
0.11851851851851847
0.11808118081180807
0.11764705882352944
0.11721611721611724
0.11678832116788318
0.11272727272727268
0.1123188405797102
0.11191335740072206
0.11151079136690645
0.10752688172043012
0.1071428571428571
0.10676156583629892
0.1063829787234043
0.10600706713780916
0.10915492957746475
0.10877192982456141
0.10839160839160844
0.10801393728222997
0.10763888888888884
0.10726643598615915
0.10689655172413792
0.10652920962199308
0.10616438356164382
0.10580204778156999
0.10544217687074831
0.10508474576271187
0.10472972972972971
0.10437710437710435
0.10402684563758391
0.10367892976588633
0.10666666666666669
0.10631229235880402
0.10596026490066224
0.10561056105610556
0.10526315789473684
0.10491803278688527
0.10457516339869277
0.10749185667752448
0.1071428571428571
0.10679611650485432
0.1064516129032258
0.10610932475884249
0.10897435897435892
0.10862619808306706
0.10828025477707004
0.10793650793650789
0.11075949367088611
0.11041009463722395
0.11006289308176098
0.10971786833855801
0.109375
0.1090342679127726
0.10869565217391308
0.10835913312693501
0.10802469135802473
0.10769230769230764
0.1073619631901841
0.10703363914373087
0.10670731707317072
0.1063829787234043
0.10606060606060608
0.10574018126888218
0.10542168674698793
0.10510510510510507
0.10479041916167664
0.10746268656716418
0.1071428571428571
0.10682492581602376
0.10650887573964496
0.10619469026548678
0.10588235294117643
0.1055718475073314
0.10818713450292394
0.10787172011661805
0.11046511627906974
0.11014492753623184
0.10982658959537572
0.10951008645533145
0.11206896551724133
0.10888252148997135
0.10857142857142854
0.10826210826210825
0.10795454545454541
0.1076487252124646
0.10734463276836159
0.10704225352112673
0.1067415730337079
0.10644257703081228
0.1061452513966481
0.10584958217270191
0.10833333333333328
0.11080332409972304
0.11049723756906082
0.11019283746556474
0.10989010989010994
0.1095890410958904
0.10928961748633881
0.10899182561307907
0.10869565217391308
0.10840108401084014
0.10810810810810811
0.11051212938005395
0.11021505376344087
0.11260053619302945
0.10962566844919786
0.11199999999999999
0.11170212765957444
0.1114058355437666
0.11111111111111116
0.1108179419525066
0.11052631578947369
0.11023622047244097
0.11256544502617805
0.1122715404699739
0.11197916666666663
0.10909090909090913
0.10880829015544047
0.10852713178294571
0.10824742268041232
0.11053984575835474
0.11025641025641031
0.10997442455242967
0.10969387755102045
0.11195928753180662
0.1091370558375635
0.10886075949367091
0.10858585858585856
0.10831234256926947
0.10804020100502509
0.10776942355889729
0.10750000000000004
0.10723192019950123
0.10696517412935325
0.10669975186104219
0.10643564356435642
0.10617283950617284
0.10591133004926112
0.10565110565110569
0.10784313725490191
0.11002444987775062
0.1097560975609756
0.10948905109489049
0.10922330097087374
0.10895883777239712
0.10869565217391308
0.10843373493975905
0.10817307692307687
0.1079136690647482
0.10765550239234445
0.10739856801909309
0.1071428571428571
0.10688836104513066
0.10663507109004744
0.1063829787234043
0.10613207547169812
0.10588235294117643
0.10328638497652587
0.10304449648711944
0.10514018691588789
0.10722610722610726
0.10697674418604652
0.10440835266821347
0.10416666666666663
0.10392609699769051
0.10368663594470051
0.10344827586206895
0.10321100917431192
0.10297482837528604
0.10502283105022836
0.10478359908883828
0.1045454545454545
0.10430839002267578
0.10180995475113119
0.10158013544018063
0.10135135135135132
0.101123595505618
0.10089686098654704
0.10067114093959728
0.1026785714285714
0.10244988864142535
0.10222222222222221
0.10199556541019961
0.10176991150442483
0.10154525386313462
0.10572687224669608
0.10549450549450545
0.10526315789473684
0.10503282275711157
0.10480349344978168
0.10457516339869277
0.10869565217391308
0.10629067245119306
0.10606060606060608
0.10799136069114468
0.10775862068965514
0.10752688172043012
0.10729613733905574
0.1092077087794433
0.10897435897435892
0.10874200426439229
0.10851063829787233
0.10828025477707004
0.10805084745762716
0.10782241014799154
0.10759493670886078
0.10736842105263156
0.1071428571428571
0.10691823899371067
0.10669456066945604
0.10647181628392488
0.10624999999999996
0.10602910602910598
0.10580912863070535
0.10559006211180122
0.10537190082644632
0.10515463917525769
0.10493827160493829
0.10472279260780293
0.10450819672131151
0.10429447852760731
0.10408163265306125
0.10386965376782076
0.10365853658536583
0.10547667342799194
0.10526315789473684
0.10505050505050506
0.10483870967741937
0.1046277665995976
0.10441767068273089
0.10420841683366733
0.10399999999999998
0.10399999999999998
0.10399999999999998
0.10399999999999998