0.5
0.33333333333333337
0.25
0.19999999999999996
0.16666666666666663
0.1428571428571429
0.125
0.11111111111111116
0.099999999999999978
0.090909090909090939
0.08333333333333337
0.15384615384615385
0.1428571428571429
0.1333333333333333
0.125
0.11764705882352944
0.11111111111111116
0.10526315789473684
0.15000000000000002
0.1428571428571429
0.13636363636363635
0.13043478260869568
0.125
0.16000000000000003
0.15384615384615385
0.14814814814814814
0.1785714285714286
0.17241379310344829
0.16666666666666663
0.16129032258064513
0.15625
0.15151515151515149
0.1470588235294118
0.1428571428571429
0.13888888888888884
0.13513513513513509
0.15789473684210531
0.15384615384615385
0.15000000000000002
0.14634146341463417
0.1428571428571429
0.13953488372093026
0.13636363636363635
0.1333333333333333
0.13043478260869568
0.12765957446808507
0.125
0.12244897959183676
0.12
0.11764705882352944
0.11538461538461542
0.1132075471698113
0.11111111111111116
0.10909090909090913
0.1071428571428571
0.10526315789473684
0.10344827586206895
0.10169491525423724
0.099999999999999978
0.098360655737704916
0.096774193548387122
0.11111111111111116
0.109375
0.10769230769230764
0.10606060606060608
0.10447761194029848
0.1029411764705882
0.10144927536231885
0.11428571428571432
0.11267605633802813
0.125
0.13698630136986301
0.13513513513513509
0.1333333333333333
0.13157894736842102
0.12987012987012991
0.12820512820512819
0.12658227848101267
0.125
0.12345679012345678
0.13414634146341464
0.13253012048192769
0.13095238095238093
0.12941176470588234
0.12790697674418605
0.12643678160919536
0.125
0.1235955056179775
0.12222222222222223
0.12087912087912089
0.11956521739130432
0.11827956989247312
0.11702127659574468
0.11578947368421055
0.11458333333333337
0.11340206185567014
0.11224489795918369
0.12121212121212122
0.12
0.11881188118811881
0.11764705882352944
0.11650485436893199
0.11538461538461542
0.11428571428571432
0.1132075471698113
0.11214953271028039
0.11111111111111116
0.11009174311926606
0.10909090909090913
0.10810810810810811
0.1071428571428571
0.10619469026548678
0.10526315789473684
0.10434782608695647
0.10344827586206895
0.10256410256410253
0.10169491525423724
0.10084033613445376
0.099999999999999978
0.099173553719008267
0.098360655737704916
0.097560975609756073
0.096774193548387122
0.095999999999999974
0.095238095238095233
0.094488188976378007
0.09375
0.093023255813953543
0.099999999999999978
0.0992366412213741
0.098484848484848508
0.097744360902255689
0.10447761194029848
0.10370370370370374
0.11029411764705888
0.10948905109489049
0.11594202898550721
0.1151079136690647
0.11428571428571432
0.11347517730496459
0.11267605633802813
0.11188811188811187
0.11111111111111116
0.1103448275862069
0.11643835616438358
0.11564625850340138
0.11486486486486491
0.11409395973154357
0.11333333333333329
0.11258278145695366
0.11184210526315785
0.11111111111111116
0.11038961038961037
0.10967741935483866
0.10897435897435892
0.10828025477707004
0.10759493670886078
0.10691823899371067
0.10624999999999996
0.10559006211180122
0.10493827160493829
0.10429447852760731
0.10365853658536583
0.10303030303030303
0.10240963855421692
0.10179640718562877
0.10119047619047616
0.10059171597633132
0.099999999999999978
0.099415204678362623
0.098837209302325535
0.098265895953757232
0.097701149425287404
0.097142857142857197
0.096590909090909061
0.096045197740112997
0.095505617977528101
0.094972067039106101
0.094444444444444442
0.099447513812154664
0.098901098901098883
0.098360655737704916
0.097826086956521729
0.097297297297297303
0.10215053763440862
0.10695187165775399
0.1063829787234043
0.10582010582010581
0.10526315789473684
0.10471204188481675
0.10416666666666663
0.10362694300518138
0.10824742268041232
0.10769230769230764
0.1071428571428571
0.10659898477157359
0.11111111111111116
0.11055276381909551
0.10999999999999999
0.10945273631840791
0.11386138613861385
0.11330049261083741
0.11274509803921573
0.1121951219512195
0.11165048543689315
0.11111111111111116
0.11057692307692313
0.11004784688995217
0.10952380952380958
0.10900473933649291
0.10849056603773588
0.107981220657277
0.11214953271028039
0.11162790697674418
0.11111111111111116
0.11059907834101379
0.11009174311926606
0.1095890410958904
0.10909090909090913
0.10859728506787325
0.10810810810810811
0.1076233183856502
0.1071428571428571
0.11111111111111116
0.11061946902654862
0.11013215859030834
0.10964912280701755
0.10917030567685593
0.10869565217391308
0.10822510822510822
0.10775862068965514
0.11158798283261806
0.11111111111111116
0.11489361702127665
0.11440677966101698
0.11392405063291144
0.11344537815126055
0.11715481171548114
0.1166666666666667
0.11618257261410792
0.11570247933884292
0.1152263374485597
0.11885245901639341
0.11836734693877549
0.12195121951219512
0.12145748987854255
0.12096774193548387
0.12048192771084343
0.12
0.11952191235059761
0.11904761904761907
0.11857707509881421
0.11811023622047245
0.11764705882352944
0.1171875
0.11673151750972766
0.12015503875968991
0.11969111969111967
0.11923076923076925
0.11877394636015326
0.11832061068702293
0.11787072243346008
0.11742424242424243
0.11698113207547167
0.11654135338345861
0.11610486891385763
0.11567164179104472
0.11524163568773238
0.11481481481481481
0.11439114391143912
0.11397058823529416
0.11355311355311359
0.11313868613138689
0.11272727272727268
0.1123188405797102
0.11191335740072206
0.11151079136690645
0.11111111111111116
0.11071428571428577
0.11032028469750887
0.10992907801418439
0.10954063604240283
0.11267605633802813
0.11228070175438598
0.11188811188811187
0.11149825783972123
0.11111111111111116
0.11072664359861595
0.1103448275862069
0.10996563573883167
0.1095890410958904
0.10921501706484638
0.108843537414966
0.1084745762711864
0.10810810810810811
0.1077441077441077
0.10738255033557043
0.1070234113712375
0.10999999999999999
0.10963455149501666
0.10927152317880795
0.1089108910891089
0.10855263157894735
0.1081967213114754
0.10784313725490191
0.11074918566775249
0.11038961038961037
0.11003236245954695
0.11290322580645162
0.112540192926045
0.11217948717948723
0.11182108626198084
0.11146496815286622
0.11111111111111116
0.11392405063291144
0.11356466876971605
0.1132075471698113
0.11285266457680254
0.11250000000000004
0.11214953271028039
0.11180124223602483
0.11145510835913308
0.11111111111111116
0.11076923076923073
0.11042944785276076
0.11009174311926606
0.1097560975609756
0.10942249240121582
0.10909090909090913
0.10876132930513593
0.10843373493975905
0.10810810810810811
0.10778443113772451
0.11044776119402988
0.11011904761904767
0.10979228486646886
0.10946745562130178
0.10914454277286134
0.10882352941176465
0.10850439882697949
0.11111111111111116
0.11078717201166177
0.11337209302325579
0.11304347826086958
0.11271676300578037
0.11239193083573484
0.11494252873563215
0.11461318051575931
0.11428571428571432
0.11396011396011396
0.11363636363636365
0.11331444759206799
0.11299435028248583
0.11267605633802813
0.11235955056179781
0.11204481792717091
0.11173184357541899
0.11142061281337046
0.11388888888888893
0.11634349030470914
0.11602209944751385
0.11570247933884292
0.11538461538461542
0.1150684931506849
0.11475409836065575
0.11444141689373299
0.11413043478260865
0.11653116531165308
0.11621621621621625
0.1185983827493261
0.11827956989247312
0.11796246648793562
0.11764705882352944
0.11733333333333329
0.11702127659574468
0.11671087533156499
0.1164021164021164
0.11609498680738783
0.11578947368421055
0.115485564304462
0.11780104712041883
0.11749347258485643
0.1171875
0.11688311688311692
0.11658031088082899
0.11627906976744184
0.115979381443299
0.1182519280205655
0.11794871794871797
0.11764705882352944
0.11734693877551017
0.11704834605597969
0.11675126903553301
0.1164556962025316
0.11616161616161613
0.11586901763224178
0.11557788944723613
0.11528822055137844
0.11499999999999999
0.11471321695760595
0.11442786069651745
0.11414392059553347
0.11386138613861385
0.11358024691358026
0.11330049261083741
0.11302211302211307
0.11519607843137258
0.11491442542787289
0.11463414634146341
0.11678832116788318
0.11650485436893199
0.11622276029055689
0.11594202898550721
0.11566265060240966
0.11538461538461542
0.1151079136690647
0.11483253588516751
0.11455847255369933
0.11428571428571432
0.11401425178147273
0.11374407582938384
0.11347517730496459
0.1132075471698113
0.11294117647058821
0.11267605633802813
0.11241217798594849
0.11448598130841126
0.1165501165501166
0.11627906976744184
0.11600928074245942
0.1157407407407407
0.11547344110854507
0.11520737327188935
0.11494252873563215
0.11467889908256879
0.11441647597254001
0.11643835616438358
0.11617312072892938
0.11590909090909096
0.11564625850340138
0.11538461538461542
0.11512415349887128
0.11486486486486491
0.11460674157303374
0.11434977578475336
0.11409395973154357
0.1160714285714286
0.11581291759465484
0.11555555555555552
0.11529933481152999
0.11504424778761058
0.11479028697571747
0.11674008810572689
0.11648351648351651
0.11622807017543857
0.11597374179431075
0.11572052401746724
0.11546840958605664
0.11739130434782608
0.11713665943600871
0.11688311688311692
0.11663066954643631
0.11637931034482762
0.11612903225806448
0.11587982832618027
0.11563169164882225
0.11538461538461542
0.11513859275053306
0.11489361702127665
0.11464968152866239
0.11440677966101698
0.11416490486257924
0.11392405063291144
0.11368421052631583
0.11344537815126055
0.1132075471698113
0.11297071129707115
0.11273486430062629
0.11250000000000004
0.11226611226611227
0.11203319502074693
0.11180124223602483
0.11157024793388426
0.11134020618556706
0.11111111111111116
0.11088295687885008
0.11065573770491799
0.11042944785276076
0.11020408163265305
0.10997963340122197
0.1097560975609756
0.1095334685598377
0.10931174089068829
0.10909090909090913
0.1088709677419355
0.10865191146881292
0.10843373493975905
0.10821643286573146
0.10799999999999998
0.10799999999999998
0.10799999999999998
0.10799999999999998