0.2504689532415965
0.24268969771745835
0.24787938623555061
0.2591534671407721
0.25895220462181995
0.2626182149158079
0.2629434447978815
0.26210024368276436
0.2619629105197126
0.26576898504585866
0.26953237515798134
0.2738859219899394
0.27502242632233004
0.27685597949640195
0.27701627302546783
0.2793228865924643
0.2836152520850349
0.28547225602407866
0.2884358659244801
0.2889266979338676
0.2889855756121959
0.29070206246899755
0.2908473511987771
0.2900876567044173
0.2894872537780969
0.2913419319613721
0.291743824464554
0.29177768051206654
0.2908348945417267
0.290471108879194
0.29011835976105427
0.29030740272620287
0.29048787256245734
0.29081060552551113
0.29104286380258576
0.2909625804307738
0.29144890813037233
0.29175301570057255
0.2916081686168986
0.29109352196949767
0.2894147960172971
0.28787340920715904
0.28653801619750074
0.28503997281801075
0.2833717490195716
0.28251810549688083
0.2819359173195218
0.280695488572528
0.2798649071935187
0.27918808241660414
0.27808077783142415
0.2770383821191969
0.27603419366174875
0.2748721705904863
0.2736372634335632
0.2727658740971832
0.2734739163870119
0.2733688907019449
0.27280675683676586
0.27193568819749553
0.27135840635480984
0.270644547379315
0.2696548802843524
0.2686713251213623
0.2680632183266369
0.2674209047401397
0.26709215864337627
0.267034542532821
0.2668335263258284
0.2663819599565193
0.2664802192034564
0.26683904349565246
0.2674795317405246
0.26770395192057805
0.2678681689357669
0.26871503406375435
0.269937559592732
0.2705482522223063
0.2708375435271792
0.2707303837770522
0.2710866074779533
0.2715140368439013
0.2722893329126705
0.27262599866030746
0.27255709813976764
0.27292799996149536
0.2734058128733844
0.27343488820616046
0.27309425745935095
0.2728475270772578
0.2729104166832449
0.27338978407273606
0.2737395947914361
0.273789568774764
0.2738270540457468
0.27439459897939067
0.2749154485464826
0.27515555935418995
0.27545847612024843
0.2757343146368002
