0.3771927142260139
0.36852243363871273
0.3671324951367082
0.3707934439244416
0.3710523813012529
0.37261019849711297
0.37309871150514085
0.37421646605812753
0.37587735162284297
0.37642365234628783
0.37605712820888415
0.37610131150903836
0.37604208349323354
0.37776612568684975
0.3788906593823507
0.37862438237617846
0.37912234870556705
0.379742185276369
0.3800437461904198
0.3792348609994621
0.37903966902358377
0.37894927808364987
0.37854995439835787
0.37850685426214814
0.37813367811859805
0.3778572745544152
0.37754548411002525
0.37718318295565684
0.3771403126949752
0.3767760487379269
0.3766914595273686
0.3767418523938449
0.37692618491343616
0.3765769966790757
0.3760625787294034
0.3762012505085585
0.37639111046159923
0.3756290371145767
0.3758663471135108
0.375168778248873
0.3745421546912612
0.37419330219213226
0.3746642543841972
0.37474615284809426
0.37482512257844636
0.37433275895010826
0.37437457539256785
0.37412950107096526
0.3744107899206115
0.37463327501484894
0.37472904272700075
0.37436085827318344
0.3744463895844858
0.37432158513198655
0.3745385942819656
0.37474220948062026
0.3747410207642331
0.3745470390389799
0.3746182778109584
0.3748930715483271
0.37489533083988136
0.3748621357363471
0.37489188044024585
0.3748604605279522
0.3748787688177185
0.3747819253846555
0.37483743128959596
0.3749663874953971
0.3749517797770366
0.37497521268748285
0.3747684320787526
0.37475038088626095
0.3749470264538842
0.37484059952545296
0.37490924949281024
0.37489808628938875
0.37477494879932394
0.37475693286831474
0.37460778578464804
0.37437885699523854
0.37458832683553733
0.37463798282156496
0.37485035114481174
0.3749340316265067
0.37506192307292746
0.3748863231518901
0.3748495540540512
0.37493936864653804
0.3748847173917311
0.37500351333979
0.3752568438475924
0.375197492901873
0.37513163249462655
0.37519091841275454
0.37517610275196056
0.3751953696446655
0.37530671872548216
0.3753283173946203
0.37528586232562544
0.37517408657042645
