0.24830681958317918
0.2311473116952569
0.23324890765015183
0.23299934754624485
0.2314460491846
0.23157234398321158
0.22936425186831136
0.23117958340534445
0.22758962740271152
0.22507534930133244
0.22558796991916163
0.22639140236445912
0.22718098307924356
0.22706714190686247
0.2264427222748145
0.22685922045171722
0.22708947701578644
0.22821798568462437
0.22867332953169864
0.22850321604955848
0.22885415820219038
0.22898938505643224
0.22983034022447632
0.23028258911810034
0.23056324939368525
0.23082964931001693
0.2309766666433822
0.23153631266113345
0.23191523174219641
0.2324156872096404
0.2321774427490054
0.23172372371335792
0.23144228758199506
0.23117357409250908
0.23112218463456685
0.23135054878377415
0.2309360632147465
0.23084072740918496
0.2306034329355976
0.23011648783323255
0.23042130143969422
0.23061502332754794
0.2304577384505236
0.23057454727071247
0.23030598587202714
0.22964544664064862
0.2294432431930192
0.22961333504855239
0.2299572272681574
0.2297440463053364
0.2296047696047696
0.22947653410132782
0.22954594565361794
0.22985603053135684
0.2300546897385108
0.23000067839511734
0.2301117458195003
0.22975228133678124
0.22932293430655393
0.2293434510375169
0.2293495669449669
0.22935774254901667
0.22975855887886465
0.23002609600613871
0.22993600393556046
0.23003694939883018
0.23008668516452696
0.2300222493212592
0.22999633668095934
0.2300657035383043
0.2299357398247418
0.22970655483028787
0.2296812203740083
0.2296679423671479
0.22982889206908796
0.22965717462211593
0.2295227254939332
0.2295642425648981
0.22968866055988596
0.2297380856474358
0.23004726188486999
0.23009009833377675
0.22982758153838123
0.22978079018528547
0.2300345610930422
0.22987519817060792
0.2299630349172636
0.23008153575672127
0.23022985257702394
0.2304038365611695
0.23045680915214894
0.23051886763803775
0.2304446193416256
0.2302769935471856
0.23031390667808835
0.23018921870423498
0.2302124680785988
0.23008519825233706
0.23001088875975334
0.22991588180136438
