0.2537240537240537
0.2734727347273473
0.2647450110864745
0.2761049480542349
0.2979038224414303
0.3115147438053593
0.315096308947718
0.3173451764125339
0.3112852892082154
0.30840963698941487
0.3146953405017921
0.31958796072750684
0.3244582654622637
0.3271904566022213
0.3324737222860547
0.3356901150523508
0.342997120311156
0.34665538277090163
0.3505854097868508
0.3547454033355486
0.36510430777567054
0.37193375240391513
0.3835376724539894
0.3942487985503821
0.4007607244514975
0.4006728139596796
0.40147651319313443
0.40069570681568256
0.3957513155330345
0.39177388648298084
0.3888787713227706
0.3846431160485119
0.3807250422529862
0.3768566112124394
0.3749512513640673
0.37393209200438116
0.3732765180337848
0.37325169933672375
0.37107039227945304
0.3676338692792075
0.3681281336198357
0.3699608857954461
0.3719688058205899
0.3729025667220023
0.37340601117907324
0.3732660508145797
0.37199591181194336
0.3710287295832846
0.37074281932831926
0.3686754198930161
0.36724966083672494
0.37164874938577885
0.376242372941135
0.37982671696720083
0.38167589666927143
0.3849130884462683
0.3876795682714471
0.3881922304876609
0.38754154401291424
0.3867778711397421
0.3849580183433824
0.38411063940826384
0.38320346833367896
0.3820215981881628
0.3805758906783797
0.379451370631084
0.3785314510065993
0.3780063826479759
0.37743537065570965
0.3766658673700477
0.37494462392421574
0.37510164970346777
0.37531564205382306
0.3759991266302203
0.37771978226828723
0.37885855835969884
0.38063563527219035
0.38119449820403156
0.3815802923438618
0.3820619725308426
0.3838995851831405
0.3857845030634888
0.3885694191936196
0.3911959727673918
0.3935309973045822
0.395444668240458
0.39668329301621963
0.3971148216338998
0.39672197462668873
0.39613514575962594
0.3956731392247935
0.395464081651927
0.3941451631199995
0.39344991715023203
0.3928529905485993
0.39218195567448083
0.3919700138800939
0.39099259934539976
0.3904410981394795
0.3898026662696419
0.3881070391047728
0.3883105589306673
0.3891857713222409
0.3894190685774605
0.3890454166888168
0.38916445801812555
0.3887550061145596
0.3878765955247791
0.38682208910051824
0.387139724575674
0.3869142381534921
0.3862089581983957
0.38580042686506566
0.38542302274865536
0.38575194475441915
0.38595546149776344
0.38589904577220396
0.38565447391507623
0.3859734658478271
0.38650096333142214
0.38779626983029314
0.38954780302683917
0.3911941509329383
0.39273786854192594
0.3947704252376065
0.39595414102961357
0.3972713831920718
0.3976878276908777
0.3970803971582148
0.39660436894360795
0.39571656284439904
0.39493050568205823
0.3938003997037161
0.3927390084104328
0.3920706382314742
0.39149686359722846
0.39029026992072857
0.38969379463904935
0.3893956208023032
0.3888468533046606
0.38903079268426627
0.3895925213423545
0.3903412905713011
0.3905961398663965
0.3902477157100201
0.3901289246942334
0.3898710283602779
0.3889428730451667
0.3883663993947934
0.3878736080660944
0.3879262895836666
0.388044279841427
0.3881218656272388
0.3884316729599202
0.3883475363465296
0.38877813900499764
0.3889855209652164
0.38892376910083515
0.3892335432414645
0.38932503608760094
0.3895223041393129
0.3904700751799235
0.3911288882811224
0.3921828457522114
0.39335682310252573
0.39384825394694145
0.39414322734198615
0.3939917231416684
0.39399147919803357
0.394166038477926
0.39439502713426666
0.39479266769603977
0.3950218099971731
0.3953137729962039
0.39548282802556783
0.3953910923997341
0.39518918370701445
0.3948121950625785
0.39431286504206736
0.3938789335589187
0.3938971133886649
0.39412186818755335
0.3938990526248144
0.3936699195032276
0.3931448415685566
0.3926853210612307
0.39191166979436615
0.39111466656132
0.390195789494366
0.38960778373870925
0.3900258895272164
0.3904853999658328
0.38986593300177325
0.38904360419677236
0.3881580074833624
0.3868754321654211
0.38576360420809264
0.3847217924796615
0.3838546671268957
0.38306430403559416
0.38244868680711414
0.38213387493528655
0.3815002789132443
0.38071275392123854
0.379945004361619
0.3793967902102313
0.3784688780680279
0.3775635934185906
0.3770323199488423
0.3763234423201011
0.37585413129473727
0.3754978271591967
0.37533078292796995
0.3748848585777107
0.3742111488090613
0.37331511604925544
0.37263264136580193
0.3718315695072355
0.3713451927939228
0.370676520462656
0.3713643451216201
0.3730101800528928
0.3745468971505775
0.37570254005341375
0.37614950824720444
0.3756158316430298
0.3748508607697737
0.3740557142818382
0.37322052304425696
0.37244801626685387
0.37293067572887295
0.37421868125714924
0.37509365234867614
0.37514109955879127
0.3748712157705074
0.37437558810963545
0.3737834049783499
0.3733381155476545
0.3726703573434374
0.3722128149814819
0.37259938555357924
0.37406955850515927
0.3754955340211119
0.3766466656019712
0.3778454376304914
0.37868595666789867
0.3796198217554509
0.37959242715589375
0.37952699966963005
0.3788208283543502
0.37887974688223075
0.3801496665758555
0.381384592442655
0.38276951098059553
0.3838956679497161
0.38468782539579
0.3847696606094735
0.38426355418437574
0.38362764130961674
0.38304087307534035
0.3833287126882913
0.3846100099377064
0.3853378764470593
0.38536306541197857
0.3849199181328311
0.38416670735308134
0.38353959220732897
0.3830588495912165
0.38269801530648606
0.3820947826266208
0.3822193925868116
0.38332889989291535
0.3843790703100401
0.38436712189022726
0.38361633374484766
0.38284769413804925
0.38213953239168724
0.3814992025518341
0.3810607319932887
0.3808087031994329
0.3816482145332832
0.381889706801392
0.3813621058473667
0.38086740303824035
0.38035144359176304
0.3797923977177154
0.37916830949349223
0.37855672139454094
0.3781410803651854
0.3778101872285442
0.37772890597277203
0.3774876704380621
0.37739327521477906
0.376980266215753
0.376492090740077
0.37600262366858217
0.3757579542781244
0.37522361860656195
0.37475117819425574
0.3743865918932232
0.374397055168348
0.37438615671557757
0.37414229715197556
0.3737092696657779
0.3731740790068498
0.37269411762328786
0.372020727475586
0.3715709241426934
0.3711928672473233
0.37079571359336577
0.37115218311833154
0.3720691424959228
0.37248602000161973
0.37236822156458527
0.37189238840508027
0.37131666011242
0.3707714841274021
0.3703211181295554
0.3696964411342322
0.3691201103557001
0.36941829940737914
0.37049721699027915
0.3715533659100523
0.37209237538615364
0.3718146696113175
0.3712815202941673
0.37087036501373505
0.3703584332750929
0.3697395049410067
0.36924048190423736
0.36941610215550813
0.37037570828189387
0.371307636185416
0.37156691265068603
0.3712392899783908
0.3707730548518083
0.37029308121414906
0.3700346953593814
0.36964909305425625
0.3693341260620474
0.3696391893680239
0.3701778074213857
0.370156021619907
0.36999994608960984
0.36968423165065695
0.3693095999957121
0.36901515839804466
0.3685231073666111
0.3680668250147455
0.36774844180226385
0.3673307867471853
0.3669836453070478
0.3665712299429656
0.36623274120406024
0.3656962662306569
0.36542638808582456
0.3651431331910053
0.36507453048299343
0.3647817844653474
0.36449032364409967
0.36465697177660317
0.3655422538457992
0.3665585372041978
0.36749179373012114
0.3682475330186842
0.3690680420658685
0.36962773205061483
0.36982392136509235
0.36973260365942523
0.36938484695096385
0.36957910362717605
0.3702129639322144
0.3702700597720806
0.37012720653005643
0.3700708258955429
0.369905921071017
0.36970910205774676
0.3694927226972377
0.36914636672162615
0.3688685245096365
0.36889258767169736
0.36908123920982333
0.3692479250684651
0.36940923482042687
0.3695658525699993
0.36949204107481115
0.3693649493163659
0.3691336962114442
0.36915054363110306
0.3691970985690944
0.3694745178377507
0.3699558053036789
0.3704626340116284
0.3709195126427694
0.3714410443452423
0.3718575537794259
0.37187186205414896
0.371686706762387
0.37136461997679604
0.37103734709108016
0.37079339538453715
0.3709307098744079
0.37101305249985045
0.371052458469677
0.3712216865888701
0.3715739687845838
0.3717924071315442
0.3718192132501413
0.3718256396772941
0.37194267703146977
0.37203839288802276
0.3721960461359146
0.37219730673286855
0.3720782409957619
0.3718558032104292
0.3718029055783598
0.37179294512396643
0.3718631673416041
0.37182066111192236
0.3716947788328117
0.3716872254003485
0.3718170754745994
0.37196033655777777
0.37195920586404774
0.3718141221668201
0.3717045373767443
0.37145855133376465
0.37121429365584735
0.371128196041655
0.37106520704973706
0.37107592422919367
0.37122449534289215
0.37130587061609144
0.37135184164698076
0.37141521723997334
0.3715709995053287
0.37145681400686426
0.37131577870616106
0.3714453833798578
0.3715019262667504
0.3717585994767516
0.372515760466082
0.3729874354649938
0.37334730729777765
0.37364612365799704
0.3738618492792901
0.37379430668054675
0.37370113344340855
0.3736551703255943
0.37345011459779537
0.37328762336963
0.37336811408743587
0.3735055432100281
0.37360969892973667
0.37352216966205304
0.37326590045790936
0.37304753366624344
0.3729186314947265
0.3727674045712116
0.3725090979434416
0.37247576804344124
0.3725519936760923
0.3726564512404923
0.37267575734572417
0.3728504622597505
0.37311485322608234
0.37324631916574375
0.37339280314883694
0.3733592102021268
0.37340569735169254
0.37366609858846345
0.3741272702755424
0.3744082961987513
0.3748098957213012
0.37531231340225496
0.3758201472377028
0.37617816951857597
0.3764292057877938
0.3763817131269036
0.37629940306308324
0.3762233450108489
0.37614221853009916
0.37611592778948366
0.37595875799044787
0.37565419245023884
0.37541674136289144
0.37520564265948014
0.37495413157684815
0.3747878071063296
0.3746756301079825
0.3746635809111033
0.37462018313596795
0.3745774629351803
0.37458144616681616
0.37443886460974235
0.3741521005482616
0.3741678570851345
0.37412970138679513
0.3739433541486344
0.3736712477400491
0.37350604758891937
0.37348970199608833
0.37361124930748263
0.37390223359924674
0.3739106495909086
0.37410781774510055
0.3742637461473495
0.3743161602561062
0.37434044810562056
0.37440970972826476
0.3747060224734861
0.3752632931831594
0.3757663572451488
0.3760135788978926
0.37612858563717533
0.3760853243669465
0.37598629919246024
0.37584996403688636
0.3757601082884215
0.37565467639576566
0.37568603174264337
0.3758567016910914
0.3758828248030915
0.3759524761254553
0.3762974888754724
0.3763627970243822
0.3763296085652081
0.3763592683477677
0.3762003039084117
0.37596872927107633
0.3759344394294285
0.37607193170111924
0.3760422136672776
0.3760063590576654
0.3760149855814593
0.3760323405020524
0.37592698060954577
0.37579513964254174
0.3755993667889759
0.37546679115193493
0.37564214572776516
0.37584922694955425
0.3758646153706112
0.3757686441130339
0.3754945873422371
0.37527041966960084
0.37525332104425535
0.3751388733864812
0.3748758410901
0.3746591492464045
0.37462444733740813
0.3746650862565883
0.37470021529307007
0.3746319474416151
0.3746324998691972
0.374642606723494
0.37445301867140524
0.3742663251985531
0.3739841441943281
0.37379101256731306
0.37374284018285964
0.3737561823976325
0.37383246694957195
0.37388372391083596
0.37364742881074775
0.3734333640062044
0.37320785103389964
0.37294354000994173
0.37267646710728475
0.37244696775088637
0.37222627970210526
0.3721327358212389
0.3720004873530798
0.37178151696464995
0.37168042514282273
0.37158418953169464
0.3713955622369341
0.3711558544143127
0.37104373870946744
0.37095778755622877
0.37081939008037906
0.37064877356457643
0.3706105701317955
0.37058667335252343
0.3706357277808932
0.3705941578397481
0.37053904744463706
0.3703838891988413
0.37035680458663345
0.3700665655147283
0.3702606784937368
0.370825023819736
0.3708373834073546
0.37071324490706503
0.3705224488863554
0.3703575859913612
0.3702013475602247
0.3700016219695256
0.3697569769972328
