0.3786757904229122
0.3797276787809412
0.37590477111627774
0.37491091107898705
0.37370300295335657
0.3738873283869254
0.37365629467188266
0.37358562319223776
0.37482297152382604
0.37493732342726954
0.3752980348495198
0.37500445989013576
0.37442728195950603
0.37444893269696333
0.37483479040905826
0.37426006795138433
0.37429935659641556
0.37423957938842345
0.3741031269916518
0.3741313044973003
0.37435637275507183
0.3741328372882394
0.3742907332239947
0.3743661282370419
0.37468297171729664
0.3746345615923131
0.37441412454643946
0.3743276503151346
0.3742671760913434
0.3742474014152772
0.3742332985291733
0.374464857027135
0.37449942050898705
0.37436529097674837
0.3741936659973709
0.37413767318623525
0.3739691227713544
0.37370325884754285
0.3737171773885168
0.37373053583964294
0.3735152460892272
0.37336377156105666
0.3732961738349299
0.37334880171960194
0.3731732541040061
0.3730463672079001
0.37305493728018474
0.37315463077184047
0.3732057663401189
0.3731717466885726
0.37318782053523936
0.3730509733232903
0.3730537979502187
0.3729864394339413
0.3728839230321029
0.37285336718628737
0.3728572074294497
0.37305008478948787
0.3730869717084616
0.3731205767343461
0.37301806016360056
0.3729756730278044
0.37294962205550863
0.3727794312406026
0.37266920940285625
0.3726112382291222
0.3725909671564471
0.3726280548928462
0.37254587914276743
0.3724967578779891
0.37247086617803876
0.3724699486719245
0.372404890482709
0.3723833572147933
0.3723362103696374
0.37224333287074857
0.3722243979458704
0.37211844372928093
0.372032414391968
0.3719911419816508
0.372087661355831
0.372011102501716
0.3718830200908005
0.3717583989931921
0.3717183255704821
0.37178817844806383
0.3717020683334105
0.3715591674677247
0.37152259157470613
0.3714447516653043
0.37140461309529343
0.3712619196857926
0.3712406791196894
0.3712890943995242
0.37134275585526033
0.3712656266605034
0.3711333039040772
0.37102420249308043
0.3710080145077945
0.37102098220140306
0.3709984409518497
0.37092901498301334
0.3708260455144451
0.3708066794850998
0.37076503460678145
0.370745161789324
0.37067375537045333
0.37063030798473295
0.37064463138194337
0.3706630899724889
0.3707202025291331
0.3707495181392426
0.37073491605397807
0.37072196679988795
0.3707784918754008
0.37078944085266186
0.37086662205175336
0.3708835920510495
0.37082775533404483
0.37083512166618754
0.3708017241708512
0.3707822064206542
0.37072970818657264
0.37066065692061584
0.3706761161639231
0.3706320704486851
0.37071115418342065
0.3706912999999672
0.37062534350590803
0.37064059773220076
0.3706767477318655
0.37065729744739423
0.3706337764472018
0.3705649025455055
0.37043618788850297
0.37041091105661333
0.37041575814952443
0.37042813780591644
0.37042742573948384
0.37040524908711087
0.37041213749893526
0.37040520179017233
0.37034976959896854
0.3702497809083069
0.3702160381113738
0.3701511346877339
0.37009841981090535
0.3701244186656934
0.37009719073744834
0.3700650394222606
0.37006853342343604
0.3700172323578356
0.36997260478687255
0.36997474892047705
0.36993876676986553
0.3699270673799768
0.36988575469650153
0.36978098879648813
0.3697819676131693
0.3697651479824172
0.3697070014970334
0.3696941956935815
0.36971761376572637
0.3696893343276618
0.36963138884616087
0.36954399171224916
0.36954884374082986
0.3695818884679883
0.3695750451248642
0.36956731528374076
0.36949883260793853
0.36950090836553784
0.36952777477680043
0.36953855547883363
0.36952851158670574
0.3695550775372101
0.36952354875744475
0.3695214071002793
0.36947807406172467
0.3695311797847369
0.36951570415263146
0.3694848301106862
0.3694414877660481
0.36947296405298713
0.3694650794920451
0.3694395963625101
0.3694884303012287
0.36947931069364537
0.36946309869688687
0.36945769660211847
0.36946259829351896
0.3694499204767285
0.3694574811119236
0.3694570981894879
0.36949592325883485
0.3694617833149505
0.36942744230573504
0.36946203334415667
0.3694514779337816
0.3693942155332248
0.36933805822288607
0.36928481949564723
0.3692389327202628
0.369177548654991
0.36914720800704337
0.36912080812809034
0.3691253350895374
0.36912739817888274
0.369177749328289
0.36918140109736425
0.3691747221797426
0.36919466196858
0.3692251668839238
0.3692495435124467
0.3692557380729059
0.3692194494386396
0.36919548008614606
0.36915566428223484
0.369170041290466
0.3691809232833664
0.36913173459651805
0.36912893958591864
0.3691399941891643
0.3691513770437806
0.36915413966331356
0.36913798689487565
0.3691551865352882
0.3691299221461309
0.3690802548055418
0.3690646546353884
0.36904961604735725
0.36901528626524527
0.36903309994629546
0.36902924844693097
0.36904163740034307
0.3690222626326553
0.36899604730134644
0.3689601855731103
0.3689187242331524
0.3689038328146425
0.3688971655047483
0.36885997102488244
0.36884337641785103
0.3688615086530876
0.3688385904116689
0.36882036622504893
0.36877555196397316
0.36874910893878465
0.36874187451461926
0.36871564079170105
0.36869066907913145
0.36870942068598456
0.36868572205652084
0.3686237992271573
0.3686383855798108
0.3686771945327364
0.3686467167157723
0.3686376228152261
0.3686193442389792
0.36859271893431406
0.3685811776364718
0.3685872190959118
0.36859230303401086
0.36855620835734426
0.36853661770744545
0.36848833521604984
0.3684727069044549
0.3684556706336348
0.3684581846345569
0.3685123673828533
0.36849909106346534
0.3684838179516693
0.36844500989830575
0.36845473940783025
0.36847651247814744
0.3684876046146476
0.3684619345803396
0.36847453239596367
0.3684914125543559
0.3684950193603504
0.36851178450029676
0.3685078672176619
0.36851113352241655
0.36850639273592034
0.368493064296489
0.3685025308716257
0.3685085064946558
0.36851640409674397
0.3685407785978965
0.3685555315623866
0.3685775830026748
0.36855182981666473
0.3685342667269731
0.3685348962235452
0.36852630461730645
0.3685495772859759
0.3685480110278207
0.3685366248544
0.36854235615850706
0.3685546304311068
0.3685555324062784
0.36854920701314037
0.36853035467956136
0.3685075236742686
0.36848588162056345
0.36847310111549575
0.3684551927206426
0.36841516124214885
0.3684185210188184
0.36842584554079694
0.36840874241585264
0.3684102138774056
0.36838688983532264
0.3683751511125775
0.36836817696396423
0.36835996611575644
0.36836912640425074
0.3683638958851831
0.3683950383910928
0.3683987045655971
0.3684039600162683
0.36839781183697207
0.36839004131028097
0.3683729656483494
0.36835896857378925
0.3683909663368321
0.36839201626165896
0.3683877044083097
0.36838755683997626
0.3683839838118331
0.368364980161074
0.3683535063575104
0.3683444035686533
0.3683409246347637
0.3683633667624037
0.36837485349679827
0.3683591316537676
0.3683383178011692
0.36834518806945965
0.3683394867520682
0.36831454557342497
0.3683115707098824
0.368308307903958
0.3683022337478758
0.368285525612129
0.36826039331185734
0.3682831746380771
0.36828519868837795
0.36828723699484084
0.36829470663852487
0.36827236908265504
0.36826982611455317
0.3682651794782373
0.36825404757824964
0.3682521174422129
0.36823474424426517
0.3682263470223445
0.36824312206021376
0.3682692537691063
0.3682844221947217
0.368287083508973
0.3682936426768564
0.36828820822670727
0.36829065766584734
0.3683182260608274
0.368334010205619
0.36832237925144445
0.3683220894163768
0.36832350138309433
0.3683287314454318
0.36833418462798423
0.36829782514950327
0.3682849648475129
0.3682799194156971
0.36825789897833744
0.3682219619975913
0.368180113673775
0.3681798712824939
0.36817384590118546
0.3681706098535416
0.3681874071675389
0.3682026719628474
0.3682212837844345
0.36821501745066104
0.3682214601050208
0.3682024970252076
0.3682109496149054
0.3682428615397207
0.3682603857623366
0.3682426430490631
0.3682313974474004
0.3682233222565062
0.368215692901653
0.36820501182905124
0.36821756276867085
0.3682090196153118
0.36817772032195323
0.3681794035442508
0.3681648608957147
0.3681397851858779
0.36811838989841206
0.3681053556348657
0.3680998634854573
0.36809488099195614
0.3680969216019987
0.3680948269943202
0.3680963509343277
0.36809132268131917
0.36808747228599753
0.368055392288368
0.36804992087262944
0.36806344961672083
0.3680645113763555
0.3680718471652928
0.36805428662918055
0.3680541786734487
0.3680512007862618
0.3680585705089989
0.3680558706618599
0.36805839343474506
0.3680558349534871
0.36806634578078445
0.36806235540943577
0.36807200188805034
0.3680837709480851
0.3680812784168183
0.3680802585687962
0.3680723901328769
0.36806381071228167
0.3680387224845588
0.3680410256384006
0.36803684113961366
0.36803806081981577
0.3680287341477524
0.3680053574721257
0.36800131438419303
0.36797708585044153
0.36796435528391636
0.36794245868387004
0.3679463049563407
0.3679477045752549
0.3679393114936379
0.367928584058852
0.36792074655388923
0.36793239999894695
0.36790869987983504
0.36791076045846655
0.36790068887362165
0.36789371775334273
0.36788604171903017
0.3678869844783828
0.36787451935209187
0.36785347830505005
0.36786079744910366
0.3678567780953565
0.3678425909890756
0.3678571195518897
0.3678639825617713
0.3678559743851872
0.36782904473981226
0.36781492814239336
0.36779862170322525
0.3677939323994336
0.36778749853207854
0.36778511057400426
0.3677909779498514
0.3677978646831148
0.3677878771445911
0.3678016279151612
0.3678080149241287
0.3678199337999654
0.36782829467513356
0.3678193840726667
0.3678183775440345
0.3678198909941939
0.36782369919984537
0.3678191060398711
0.367817434811958
0.36782003762226445
0.3678125944497938
0.3678231723237533
0.36783521326790614
0.3678401842374557
0.36783448485895215
0.3678338269477237
0.367836254906606
0.3678243063164612
0.3678313126057487
0.3678378502023349
0.3678514974484499
0.36785956295537936
0.3678674181553894
0.3678995390795618
0.3679145969663614
0.36791873149277815
0.3679419670707338
0.3679508828843894
0.3679525221636512
0.36795282264549506
0.3679236127644546
0.3679131251188207
0.36791782989372995
0.3679189594365036
0.3679193027426667
0.36791151345292905
0.3678832713142093
0.3678636467893669
0.3678563665361041
0.3678592543145132
0.36786580325157764
0.3678684403535616
0.36786958487606003
0.36787469329980144
0.3678747959957697
0.3678864824621741
0.3678846032500012
0.36787447856779176
0.36786661493339495
0.36786984216397595
0.36787977548901873
0.3678720949159139
0.36786908375684185
0.36786929400814733
0.36787202073862796
0.36787925073559247
0.3678792892860306
0.36787876296974753
0.3678795197064259
0.36790037946010246
0.367890329224669
0.36788622624196854
0.3679087539824331
0.36790516782962057
0.36788715522957216
0.36790231033267107
0.36788925894258534
0.3678824161565698
0.36788001641549173
0.36787821505030505
0.36787180863302615
0.36786589873640413
0.36786703049599023
0.36785129319188486
0.3678510101587346
0.36785961607023976
0.36786995296232267
0.36786413270096485
0.36786465881261077
0.3678637186539188
0.3678681464376599
0.3678765883587454
0.36789006886288717
0.36788402381166313
0.36788058587651384
0.3678815939617913
0.3678858933299584
0.3678911999740571
0.36790521179778557
0.36788932353499004
0.36789155568226967
0.3678934126040296
0.3678913857023971
0.3678782266483788
0.3678817160100934
0.3678857050787755
0.36787912746384754
0.36788143229812736
0.36788237754210296
0.36787551500774757
0.3678711704410394
0.3678690477513239
0.36787743383717636
0.3678900035185898
0.367904330096117
0.36792034571896604
0.3679372847913468
0.36796300905657436
0.3679680705475603
0.3679404506866504
0.3679347859777694
0.3679449635183668
0.3679452398624097
0.3679435617307897
0.36794155006468915
0.3679441755875557
0.3679432085223378
0.36795304610280605
0.3679646946379805
0.3679597102369951
0.36795897780107284
0.36796221738680623
0.3679669074145027
0.3679843919599539
0.3679785295243597
0.3679843822032331
0.36798308863663676
0.36797755692103756
0.3679756313235688
0.36799039989854077
0.36797987927824954
0.3679683201079409
0.36796531925010306
0.3679646446352219
0.36797286064651785
0.36799057994672635
0.367998082674886
0.36798656739637975
0.36798545795247894
0.3679761818525509
0.36797232189473555
0.3679689254741417
0.36797378604086894
0.36796604810651806
0.36795729985662334
0.36795748257678446
0.3679480142894485
0.36793086301729744
0.3679122379203207
0.36790754172022
0.36789971756367246
0.36788983529464964
0.3678958790204982
0.36790570645587867
0.3679165120074396
0.3679310969702116
0.36793435071328534
0.3679356921801969
0.36793631783062997
0.3679271222585779
0.36793050106132974
0.3679422010442935
0.3679483634313842
0.3679523938365549
0.3679391203828755
0.3679290433434259
0.36793168688682387
0.36793569270898624
0.3679372379721
0.3679338669585481
0.3679420658976406
0.36792863095975936
0.3679348917383204
0.3679355658403243
0.3679152204189279
0.3679058771404245
0.36790640467143587
0.36791846266721673
0.36793620010824163
0.36793705360321255
0.3679298784626996
0.3679419950286195
0.36794627567650295
0.3679396058103491
0.3679409123179424
0.3679427706633443
0.36794789595304017
0.3679490030877913
0.3679497231988081
0.3679585841460347
0.3679538916209097
0.3679616191623657
0.3679758488731208
0.367975024811391
0.36797462198649966
0.36797691415807104
0.36797315766811445
0.3679752379491821
0.36800276815439925
0.36800938195929395
0.3680136539446818
0.36802992214862496
0.3680259138892561
0.36802607744021015
0.36802685906636273
0.3680163816832347
0.36800371326976733
0.3680079184235223
0.3680098105562909
0.3679970830301759
0.36799857268275143
0.36798943792666766
0.36797157044837236
0.3679584057132542
0.36797098495164365
0.3679684247225031
0.3679743987390209
0.367978247851983
0.36796825554261303
0.36796219905167316
0.3679478412085847
0.36793664983224333
0.3679411276315574
0.367945155980828
0.3679436495148268
0.367937187397528
0.3679294327393006
0.36793712066583517
0.3679334601000478
0.36794001352522904
0.36793427012799806
0.3679404866930654
0.3679242184676376
0.3679162571000866
0.36790521723333214
0.367910916812518
0.36791102393181363
0.36790947634719184
0.36790593347268025
0.36790277806704946
0.3678986958020221
0.36789902684164455
0.36791049913964186
0.36791287678866436
0.3678966443042868
0.36789353742091535
0.3678876644556248
0.36788368292298856
0.36788107669369574
0.3678712727278521
0.3678654857044422
0.3678711059301481
0.3678810664936088
0.3678875612842768
0.3678805246517128
0.36787531018010317
0.36787760259054375
0.36789497029590595
0.3678965543916182
0.3678940064587344
0.367893829017412
0.3678884544059494
0.36789153419957954
0.3678928337655869
0.36788958353110185
0.3678926852822338
0.3678929335995604
0.3678934784128777
0.36790290803347614
0.3678984680376161
0.36790002739371436
0.3679029538171086
0.3679017160525034
0.3678998845251628
0.36789133904325233
0.36790116180127014
0.3679086118526884
0.3679170224872996
0.36790882799302815
0.36790963941535554
0.36791160764799424
0.3679083177310158
0.3679102936744767
0.3679132560884381
0.367914816725338
0.36791677228348085
0.3679130992848958
0.3679103625489978
0.367924844522338
0.36793280632021713
0.36793623512903156
0.36792544749762823
0.3679228827107511
0.367935620755747
0.36794017099303833
0.3679420893504839
0.36793366348434486
0.36793464311282903
0.3679414420050726
0.36794213029513717
0.3679460268720987
0.367948072480098
0.3679601754086852
0.36797544985233505
0.367974507220122
0.3679726675528256
0.3679820060520908
0.36798330772142646
0.36798549708296885
0.3679784472382696
0.3679753568389019
0.36797416520213677
0.36797049163871454
0.36796956701725353
0.3679689479250176
0.3679682342007741
0.3679646767719333
0.3679666968714354
0.36796889492401513
0.3679735435085625
0.36798220982379054
0.3679761607442378
0.3679700171984094
0.3679681513687318
0.3679613221900829
0.36795975452979984
0.36796429729840735
0.36796220770673255
0.3679517882556703
0.3679550427299653
0.3679627038012147
0.36795505975702003
0.3679547990730734
0.36795044534113436
0.36794880040726313
0.3679429895779905
0.3679331950938013
0.36793166962867047
0.3679309425640511
0.3679311085337093
0.3679212794348565
0.367907596203229
0.36790991002551715
0.36791966387945535
0.3679238451671308
0.3679346532351574
0.3679350366308505
0.36791813903717585
0.36790890692225425
0.3679102336775966
0.3679058192403885
0.36790920223481205
0.3679062520005891
0.36791155595877845
0.3679219667021326
0.36792702253233134
0.3679141363013977
0.36790736632603915
0.3679114214492966
0.36791285563714904
0.3679142895664463
0.36791096074988133
0.36790960380322796
0.36790779527671685
0.3679055151973527
0.3679035984055402
0.3679032763807607
0.36790465305727055
0.36790052755175323
0.3679041983200722
0.3679076371552913
0.36791271176556084
0.3679011919245665
0.3678965170690592
0.3678954272891941
0.36789663079700946
0.3678993224475339
0.36790720619773204
0.36790244441131664
0.36790043392488153
0.3678974910431464
0.36788812754445943
0.36789705640867404
0.3678955707162011
0.36789613924688663
0.36790292372531597
0.36790495925358896
0.3679079534878486
0.36791220628366483
0.3679051390904423
0.36790816252405084
0.36790870791338826
0.3679046834570207
0.367900513295684
0.3678972370883043
0.3679017287931952
0.3679099088529659
0.3679086855616137
0.36790676432713726
0.3678948302333555
0.3678894868322585
0.3678805645291012
0.36788391475972204
0.367881269414171
0.36788275425691264
0.36789280999002594
0.36789876727216453
0.3679099968356929
0.3679054085704572
0.3679201300016266
0.36792501074382833
0.3679219973085816
0.36792078897975306
0.36793463353555966
0.3679354505747152
0.3679448126436571
0.36794463933455385
0.3679570711292549
0.36796293651509193
0.36795971990177895
0.3679724497711733
0.3679775707553254
0.36798279943850165
0.3679761199493649
0.3679904184714957
0.36799074056444087
0.367987058769452
0.3679994948026573
0.3680061930992453
0.368003632832011
0.36799890978439415
0.36799130025079807
0.3679914705882821
0.3679976396031718
0.367991580447469
0.36799307495441563
0.36800143710579675
0.36800616874975334
0.3680015083707861
0.36800083378011944
0.3680003330722301
0.36801359670074585
0.36801497322164056
0.3680095099155877
0.3680078997750681
0.3680014885608804
0.368002376719623
0.36799546603416905
0.3680034011311545
0.368007517986457
0.3680059769441383
0.36800480560638
0.36800706290028473
0.3680034868751963
0.3680050282777654
0.36800574791650353
0.3680048437445859
0.36801905893902265
0.3680231641311637
0.368031824870804
0.3680328679051607
0.3680303725451006
0.36803706212195636
0.368035673383024
0.3680488492722899
0.3680459987675828
0.3680501610278664
0.36804306812889026
0.3680374826020415
0.3680394012595715
0.3680436780051435
0.36805104845235453
0.36804785649105254
0.36804317757539384
0.3680572067338239
0.3680617288519471
0.3680627054751934
0.3680658903044452
0.36805819180111304
0.368066493924256
0.36805948887691164
0.36805479827430787
0.36804829539091133
0.3680394901085658
0.36804268613651486
0.368043270152108
0.36803847981838905
0.36803720936864104
0.3680287770021845
0.36802405864352733
0.3680166985146272
0.3680156533613927
0.36801156014474495
0.36800990781081105
0.36800610084799257
0.36800770823962564
0.36801161184507464
0.3680133703317465
0.3680171638580601
0.3680240699284938
0.3680220787574541
0.3680098585257095
0.3680094081286524
0.36800996089635707
0.36800920839020895
0.36800845566881246
0.3680013412053124
0.3679925546922198
0.36798472843311225
0.367978432501258
0.3679815356816448
0.3679767434423645
0.36797983428488995
0.3679818970062094
0.3679788020574619
0.3679729845671773
0.36796699960177787
0.36797003298845077
0.3679676654175733
0.3679639944351717
0.3679569177425632
0.3679532757774562
0.3679613876826458
0.36795921507713736
0.36795691993779944
0.3679648728880175
0.36796766634171607
0.3679657478940532
0.36795984965819434
0.3679570637520068
0.3679555569064009
0.3679602825151787
0.3679511984019215
0.36794714152765545
0.36794137860964765
0.3679395744368835
0.36794249421686953
0.3679428177281626
0.36794623874779553
0.3679504409415259
0.3679541890164567
0.3679551560691749
0.36796068861270576
0.367967469562113
0.3679684018835345
0.3679609821884874
0.36796427001939414
0.3679723538865227
0.36797590563763977
0.36797479106466957
0.36798157904119716
0.3679877271488046
0.36798367328370074
0.3679772161138966
0.36796790797665874
0.3679714395774103
0.3679702889475296
0.36797426869277083
0.3679733487796115
0.3679731432398
0.36797402177969063
0.36796908421287244
0.3679663130056553
0.3679612351454233
0.3679613460717551
0.3679676018082662
0.3679704189000555
0.36797771387257133
0.36798183916102634
0.36798993679262787
0.36798645198395297
0.3679855120870842
0.36799366573892384
0.3680021913009491
0.3680073377193641
0.3680140348147233
0.3680216317386762
0.36800906639093023
0.3680029667424872
0.3679999371255364
0.36799043912911894
0.36799007299233033
0.36799783695030397
0.36799261845022285
0.3679867979669773
0.36798199044739177
0.36798880064907036
0.367989726982073
0.36798971122412566
0.3679853323183343
0.36798949800949626
0.36799191126298475
0.3679901475699675
0.3679878451400899
0.3679873742394016
0.3679802253833174
0.36797642870331143
0.36796607872125486
0.367966222715913
0.3679636461656425
0.3679554423961748
0.36795379821176655
0.3679569078201838
0.3679603106322602
0.3679696218599536
0.36796366453351204
0.3679594949647601
0.36795526451833294
0.3679502662008236
0.3679438288301916
0.3679435829343249
0.36794734741080903
0.3679411605400609
0.3679457058998794
0.36794743873456937
0.3679443230464164
0.36794544195008133
0.3679446246743112
0.36794236089376753
0.3679389181185189
0.36793210283757743
0.36793513201152483
0.36793453785095503
0.3679351881565396
0.36793695074362737
0.3679386386609013
0.3679330499704671
0.3679280598146134
0.36792763324989936
0.36792812181496753
0.3679257404024795
0.3679250198968948
0.3679236022082379
0.3679140644752301
0.36790716644634736
0.3678979750930131
0.36789234838700424
0.3678902694825254
0.36788911532542445
0.36788073198343857
0.3678765502408458
0.3678804880670603
0.3678818464573444
0.36788066709319656
0.36787179451523266
0.36787802703420786
0.3678802538436021
0.36787282124007753
0.3678765592633869
0.3678764175497216
0.3678740558591941
0.3678705498581997
0.367868826288846
0.3678650054441276
0.3678636074912427
0.36787158671031994
0.36787006173214454
0.3678571120568647
0.367851092063353
0.36784928749236784
0.3678406950255434
0.3678398313790144
0.36784061259896006
0.3678392374703475
0.3678359805674686
0.3678447902247161
0.3678548982200186
0.3678579016269838
0.3678564218159696
0.3678641698448121
0.36786808533617377
0.36786679438936093
0.367867061264471
0.36786944833208896
0.3678704229604788
0.3678633808865408
0.3678626912581014
0.36786500010372536
0.3678669731819283
0.36786699760135794
0.3678744071535284
0.3678723960061324
0.36787206153349156
0.36786669641003056
0.3678687079740861
0.367871929611937
0.3678731612597383
0.367870422151962
0.36787689226446507
0.3678736617912928
0.3678698559997867
0.3678674302616269
0.36785961255217753
0.3678612733025258
0.36785525759451454
0.3678561453265917
0.36784838030733513
0.36785272626994137
0.3678566638993697
0.36786760848907085
0.36787564441502946
0.3678779179125007
0.3678762157399104
0.3678735470185017
0.3678723864692067
0.3678709069754263
0.3678757879039106
0.3678753756500146
0.3678722200793694
0.367867452693632
0.3678595713704537
0.3678526509269357
0.36784410069625684
0.36784200616675755
0.36784083391603395
0.36784067955686767
0.3678384943825576
0.36784134563249477
0.3678444476091027
0.36783518704387314
0.36782395781753296
0.36781924588898623
0.367824390689613
0.36782495464936343
0.36782785545447555
0.36782186531156363
0.36782899953943277
0.3678299714892932
0.36783581232370643
0.3678410373465144
0.3678406549526025
0.36784843514912885
0.36785237046968267
0.36785999025637184
0.36785982282571417
0.3678484462725332
0.36783820431781544
0.3678380349211632
0.3678317854004898
0.36783715540417583
0.36783702637991783
0.3678309630147787
0.3678319283205371
0.36782510689828973
0.3678198116750065
0.3678144741119127
0.36780572123312333
0.36779926157323284
0.3678019407458419
0.36780985157676827
0.36781372711196414
0.3678144413013372
0.3678111334028219
0.367807439611135
0.3678042300908744
0.36780614789537275
0.3678076999998353
0.3678045504100612
0.3678054225321007
0.36780374983218495
0.3678079132353537
0.3678135661658719
0.3678211052243539
0.3678149909782531
0.3678159179601085
0.3678137564276879
0.36781098973251236
0.3678099978603423
0.36780598408521875
0.36779317029507197
0.367790112538156
0.36779025281449457
0.36778782795165177
0.3677932419713256
0.3677936726499352
0.36778823461182997
0.36779002661341503
0.36778934492208254
0.3677847266933091
0.367781624096045
0.36778284949606455
0.3677756389374992
0.36777282248462617
0.3677724023576359
0.3677662012284788
0.36777213602200165
0.3677725006249808
0.3677691530742988
0.36776780434312684
0.36777088460917207
0.367769697714181
0.3677696593714845
0.3677693902089095
0.3677738236088098
0.36777511784778744
0.3677760602886622
0.3677786238882158
0.3677808021236762
0.3677923994412513
0.367793112969752
0.36778918663935095
0.3677847913160912
0.36778007630997345
0.36777450977331877
0.36777441097216657
0.3677748543437436
0.36777544936934636
0.367772125965518
0.3677761650781259
0.3677741202362709
0.36776799257283144
0.36777153173584437
0.3677699163432117
0.3677690839186052
0.3677703761867315
0.36777585898194254
0.3677686797326752
0.36776129097373117
0.3677618673453061
0.36776632271688864
0.3677673726273356
0.36776736514521835
0.3677673808131206
0.3677684920289698
0.3677711342874533
0.3677678560652503
0.36776551563582965
0.36776692440742764
0.3677653502602197
0.3677754629637213
0.3677724968978414
0.36777784893168586
0.3677819991949153
0.3677858241714884
0.3677863751825334
0.36778021371761604
0.36777667350232823
0.36778253949297035
0.36777864490953716
0.36777616667160806
0.3677772626155446
0.3677735774462266
0.3677716893997158
0.36776800276916427
0.36776906541298954
0.3677688843831972
0.3677704489387963
0.3677650435519514
0.36776261837529545
0.3677584207354169
0.36775834458592355
0.3677586357691586
0.36775678338455847
0.3677537549442846
0.36775629067643545
0.36775540422120884
0.3677542755744687
0.3677513576850674
0.3677425109080374
0.36774489882652694
0.36774341348934847
0.3677392637497011
0.36773357094281395
0.36773226972365425
0.36773597750253284
0.36773996655076013
0.3677447622909178
0.3677472978051766
0.36774922816713473
0.3677536234958375
0.36775366985890307
0.367756869051718
0.36775199538257564
0.36774910067455535
0.36774864557538894
0.3677510515593608
0.36774390389267864
0.36774548739502144
0.3677426203140185
0.3677422199335235
0.36774649236462315
0.3677441438951407
0.3677461197886714
0.36775330243273185
0.3677542269937617
0.36775715183481567
0.367753891962955
0.36775484049874935
0.3677525336858756
0.36774792270683754
0.36774592964971387
0.3677489280497419
0.3677531357130937
0.3677557059027207
0.3677511498346276
0.3677497943812407
0.36774211150047065
0.36774869936799554
0.3677461107524269
0.36774249330001596
0.3677432163004656
0.3677427217047759
0.3677413008492557
0.36773358412530593
0.36772661707313103
0.36772519193603914
0.36772440623172403
0.3677175510894759
0.3677191776120809
0.36772164484617775
0.3677191946818696
0.36771683012982753
0.367713552392902
0.36771682584207005
0.36771956425950264
0.3677189794695425
0.367718199744364
0.3677151854567397
0.3677159507414099
0.3677188126599381
0.3677166249198591
0.3677174641785591
0.36771227426727415
0.36771139621500737
0.36771116422047373
0.367703949342131
0.3677048934252623
0.3677130649686629
0.36771664373175
0.36771786741713797
0.3677238417202239
0.3677306362563178
0.36773617375541945
0.36773229606337166
0.36773293065810697
0.3677375970170487
0.36773949367657643
0.36774072594124096
0.3677363057497802
0.36773818386691115
0.3677399132254796
0.36773697353596285
0.3677398279049887
0.367747712737242
0.367750922825782
0.3677448981637572
0.3677416692922464
0.36773880156497457
0.36773404026220535
0.36773832825729075
0.3677421330658053
0.36774232182910155
0.36774042933942913
0.3677428618821639
0.3677424545367615
0.3677344592778719
0.36773273105954063
0.3677311865845338
0.36773266674028904
0.36773269812280235
0.3677237529836948
0.3677338780475313
0.36773791664279865
0.367743481471384
0.36774351863871685
0.3677467473359294
0.36774385551519756
0.36775232087446813
0.3677499858915815
0.36774800185292916
0.3677514145876358
0.36775306857417817
0.3677553640954732
0.367750899662801
0.36774911029474455
0.3677559114086243
0.3677574722754078
0.3677616179141903
0.3677590323188209
0.36775743994381876
0.36776008350638056
0.36777019545790873
0.3677666147569809
0.3677715154476824
0.3677746080878173
0.36777240947320783
0.36776945728622534
0.3677714507069582
0.36777333094314
0.36777531094217764
0.3677771938707378
0.36777842194340155
0.3677811863376867
0.36777806168427035
0.36778549958076534
0.3677927174823252
0.367796134568017
0.3677940245162703
0.36779827696502376
0.36780039650937596
0.36779214840803215
0.36779022339557493
0.3677904029161556
0.3677988513187163
0.3678064286614843
0.3678044323630733
0.3678102902785429
0.3678064615561832
0.36781169172324835
0.36781562628873743
0.3678115633400203
0.367809265646613
0.36781090665400623
0.3678150100278122
0.36782022587695246
0.3678246141959332
0.3678275088703031
0.3678285459126213
0.3678347278802649
0.3678340713613705
0.36783554539169283
0.36783455697434897
0.3678355584478774
0.36784160027240786
0.36784063069541634
0.3678347409806008
0.367838952879901
0.36783603022111505
0.3678395685013041
0.36783973250053975
0.36784556464728496
0.36785186931986896
0.36786032494783755
0.36786290268632693
0.36785950663830036
0.3678548212875058
0.3678584703493287
0.3678606520097098
0.3678536301291992
0.36785083597446455
0.3678524565839577
0.36785743140002986
0.3678636996728407
0.3678634435688753
0.36785644696896064
0.36785818511815616
0.3678572791328913
0.3678636569166953
0.3678658194778124
0.3678685587776481
0.36787503990121423
0.3678718734403974
0.3678710495203068
0.36786995549865537
0.3678760571908957
0.3678738328776189
0.3678686971757247
0.3678659481579773
0.36786586670226473
0.36786749119119705
0.3678649202651578
0.3678678429908677
0.3678632871038554
0.3678668902874506
0.367871388748117
0.3678714748302214
0.36787062844970386
0.36787244024083426
0.3678743148213822
0.3678806750353858
0.3678842966702108
0.36788861464290523
0.36788540043951123
0.3678837281576348
0.3678928776186281
0.3678957491657725
0.3678855954983613
0.3678855871371083
0.36788553128442397
0.3678835975437622
0.3678903125846961
0.367887140926874
0.3678875342585697
0.3678900646084488
0.3678890738754029
0.36789504806101797
0.367894563374477
0.36789428266981355
0.36789676536773347
0.3678962116082128
0.3678997609161782
0.3679016566342526
0.36789765506093214
0.3678934087769017
0.36789639735894125
0.36789401647769804
0.3678904407517714
0.3678899031080426
0.36789566467832246
0.3679016702248378
0.3679078929894022
0.3679066102638962
0.36790421710074206
0.36790887565047803
0.3679118666383035
0.36790862198083213
0.36790751814845507
0.36791070296112144
0.36790950826251634
0.36791343218868816
0.3679199110142479
0.3679220068552099
0.36791696570285015
0.3679105718084967
0.36791542606573735
0.3679128637730556
0.3679107098089934
0.3679106165184252
0.3679089079076976
0.36791082141367926
0.36790969310358285
0.3679086209758599
0.36790578683896413
0.3679053080546849
0.3679037868940729
0.3679009499101061
0.36789574524430485
0.36789898862197395
0.3679021343494924
0.36789974460558356
0.36789682863245804
0.36789526674770134
0.3678940165060483
0.3678917782361267
0.3678948422898201
0.3679029589741316
0.36790790417165076
0.36790938709783194
0.36791245855744903
0.3679150396048381
0.3679184208158614
0.36791926409151315
0.36791639589057845
0.3679177098481576
0.36792106259442997
0.3679245472148538
0.36792547786454777
0.3679254053853875
0.3679312040126574
0.36793206233873027
0.36792919399932483
0.3679330712365832
0.367934497806224
0.36793416486961283
0.36793532464766654
0.3679416119362457
0.3679460813318229
0.3679458581333481
0.3679435749061646
0.36794014363156907
0.36794263524859017
0.367949099071299
0.3679480570745812
0.36794806126742297
0.36795122712966566
0.36795085251518517
0.3679523635413174
0.36794817031250804
0.3679496017262463
0.36794659022625603
0.36795243730736166
0.3679571212305355
0.36795623871932237
0.36795149799037563
0.36795144308856625
0.3679474060351332
0.36794406193540374
0.3679442169985857
0.367938483029661
0.36793902348000845
0.36793812248040714
0.36793466782641093
0.3679335422702434
0.36792846606321383
0.3679263443349615
0.3679285423056123
0.3679315047318429
0.36793530782032263
0.3679397452177305
0.36793647319561795
0.3679338703496798
0.36793526791322423
0.3679341410571756
0.36793082400863036
0.3679314955170595
0.36793424870980423
0.3679370359199554
0.36793588583886355
0.3679350939200807
0.36793302102962716
0.3679265821406944
0.3679299632884904
0.367928683401689
0.36792656488112735
0.36792531179831045
0.36792958843141993
0.3679337797642742
0.3679378409824705
0.3679375804422013
0.3679391964623708
0.36792918703416355
0.36792898986613426
0.3679330926119517
0.3679423495563896
0.3679499000666571
0.36794559492660595
0.36794500265348784
0.36794299163326144
0.3679485941298323
0.3679510681248986
0.367951167439969
0.3679586988495203
0.36795799552963365
0.3679565225163152
0.367956086574338
0.36795399940474244
0.3679500197555379
0.3679496010488892
0.3679498321408862
0.3679486141784775
0.36794956021368563
0.3679496832473929
0.3679479323902711
0.3679481809012841
0.36794628277619
0.36794512544576596
0.3679422770745445
0.3679438551660414
0.3679389984497434
0.36793616289556436
0.3679413959893415
0.36794667939743675
0.3679470622422671
0.367944406214765
0.36794827615061215
0.3679504304906399
0.3679491460442773
0.36794529728815356
0.3679469427683799
0.3679481906904537
0.3679434919633791
0.3679452206004661
0.36794708154358435
0.3679485280667816
0.36794674756245144
0.36793942989270106
0.36793867337518205
0.3679367988592919
0.367936394706634
0.3679339470364628
0.3679335100725118
0.3679298346603996
0.3679339321005916
0.36792908434099947
0.3679313909325862
0.36793236696390824
0.36792960971137245
0.3679254970625026
0.3679223073243712
0.36791855535040124
0.3679100173363145
0.36791379827517645
0.3679201092298342
0.3679225309076992
0.367919901627162
0.3679261563173728
0.3679287697844761
0.3679265543272246
0.36792100202079997
0.3679185867417248
0.3679219546402664
0.3679245563058674
0.3679304043513077
0.36792658039092196
0.3679237823521672
0.3679252046519826
0.36792496690997145
0.36792368202771075
0.36793001126904135
0.3679274434039306
0.36791894268334624
0.3679178296252643
0.36792363867752653
0.36792533217393464
0.36791982700402615
0.36791980523924944
0.3679188743192625
0.36791763932924015
0.3679214108593753
0.36792106946190695
0.3679186261153384
0.36791963008453515
0.3679157275227014
0.36791181577861315
0.3679105708815691
0.36791157459716084
0.3679164207963977
0.36792521359368396
0.3679302094241773
0.3679254941047562
0.3679286314486039
0.36793025197381674
0.36792664294644845
0.36792753772302417
0.36792726553717736
0.3679267818117978
0.3679309406890767
0.367929957135484
0.36792989491452516
0.3679285524697538
0.3679313764340616
0.3679296674956302
0.36793167374122565
0.367927278205663
0.3679243081142024
0.3679239315979295
0.3679205570816989
0.3679210856554537
0.3679219057300013
0.3679272184885993
0.36793076523022283
0.36794008876367423
0.36793599079432165
0.3679411641581798
0.3679410755659076
0.3679415024067054
0.3679394182819238
0.36794014571124295
0.367943965916381
0.36794164400642265
0.36794161067209674
0.3679436341572246
0.36793802960265165
0.3679350469421498
0.3679357089655546
0.3679352695035681
0.3679330431798919
0.3679348943011961
0.3679322368970408
0.3679340315143201
0.3679356783326874
0.3679314099535558
0.3679302183220937
0.36792959227158173
0.3679262086994697
0.36792403366751464
0.3679250419831594
0.36792237170469977
0.36792614760421183
0.36792439467814697
0.3679266038004194
0.3679294312348255
0.367930185334981
0.36793941480255327
0.3679398416942163
0.3679422697368792
0.3679416662318584
0.3679387407338037
0.36793627317527056
0.36793428112047566
0.3679332918815708
0.3679348658302349
0.36793588263348126
0.36793642255420056
0.3679325880847492
0.3679353059404279
0.36793682265775673
0.36793549057256725
0.3679322119830997
0.3679337911377124
0.3679397503695148
0.36794130548300075
0.36793750597450514
0.3679375899748151
0.36793712548052865
0.3679372881732424
0.3679394455476021
0.36793799949754996
0.3679371964081265
0.3679398017194964
0.3679419845910889
0.36794495559660073
0.36795054521687637
0.3679497918486369
0.3679503315055363
0.3679487657093748
0.36794426441983125
0.36794358742706873
0.3679463921368013
0.36794692171038906
0.3679458212251025
0.36794527899545637
0.36793983144955056
0.367941666108687
0.367942367057099
0.36794076150991173
0.3679381935794228
0.36793877521794877
0.36793595232924753
0.36793706339814786
0.3679400832859356
0.3679380901771125
0.3679378572416218
0.367941563815483
0.367939064692357
0.3679375384530623
0.3679403780100033
0.367941294992556
0.36794378031716063
0.36794160426029665
0.36793454688000815
0.36793034491029314
0.36792634585682676
0.36792392169490384
0.3679257570357667
0.36792433312665407
0.3679266040520583
0.3679308034130701
0.3679344094507811
0.36793416454901384
0.36793502812764073
0.3679315469647039
0.3679324996217534
0.36793246489623127
0.3679301765101854
0.3679345926159368
0.36793861008578915
0.36793789027089296
0.3679312247378448
0.36792965430276603
0.3679310723996711
0.3679321725525091
0.3679293312060629
0.36792969599718955
0.3679252889542464
0.3679254370010544
0.36792427378981796
0.3679249741320851
0.367925545566485
0.3679298096759713
0.3679353723119877
0.3679377137096731
0.367936318254015
0.36793445772587885
0.36793008762973384
0.367928679717899
0.3679268136808291
0.3679242522965097
0.3679236037315975
0.3679217659989768
0.3679196723455408
0.3679138517698036
0.3679149620594542
0.36791515066630853
0.36791252464515944
0.3679174512987392
0.36792165233767454
0.3679230238139689
0.3679270225240565
0.3679280938834629
0.36792602930902396
0.36792422520405815
0.367926410541666
0.36792922405838807
0.3679300672009919
0.3679296294527857
0.3679273011398186
0.36792204501982717
0.36792167216073535
0.36791967690386634
0.36791956819092286
0.3679206383282107
0.3679194620291168
0.36791982358582587
0.36791395801199317
0.36790788840610295
0.36790334056297824
0.3679046654344347
0.3679071246168203
0.3679030616227198
0.36789977028284254
0.3678955522310666
0.36789498153544714
0.3678890171722283
0.3678874653134797
0.367885920996621
0.3678850212539193
0.3678890331825699
0.3678903519454759
0.3678895617296482
0.3678917421937677
0.36789019686824603
0.36788742694763077
0.3678828753950898
0.36787861784643533
0.3678819396718769
0.3678850050844247
0.3678833792383332
0.3678858665051148
0.36788548632119683
0.3678861046244498
0.3678865669508125
0.367886552792928
0.3678908291278849
0.3678952949874768
0.3678964380388259
0.36789512698120835
0.36789757117403826
0.3678995857593029
0.3679043369216669
0.3679049998915238
0.367904908229762
0.3679070453137726
0.3679050067992194
0.36790171460206933
0.3679050446803739
0.3679024762355859
0.3679017726343767
0.3679000793041469
0.3679052590718853
