0.26896008762921886
0.2985902620695958
0.29476737010983584
0.28689940932733843
0.28048869688450023
0.282780676653762
0.28798366804348857
0.2891055973885254
0.28774401239274344
0.29439409197717353
0.30266192477637677
0.3068963255180146
0.30692047502654124
0.3114314163281998
0.3140611143037553
0.3165006294150312
0.32180511132309575
0.3233707015305872
0.32488456626387663
0.3290950273192332
0.33322711176015
0.336267299554841
0.3346685931229777
0.3322857430536403
0.33255958804501945
0.33479606835331027
0.3356891533929373
0.33678452028675926
0.33790313168176134
0.3388919693994864
0.3385948165463056
0.34080029001695034
0.34345829547960544
0.3444711619665325
0.3451940118105814
0.34669819659256557
0.3476614739089055
0.3474895452970068
0.3471973043243575
0.3478988962943863
0.34738413912872657
0.3445714517087311
0.3442363476306092
0.3448230056752651
0.34501933114321537
0.34549591613550423
0.34537079442198815
0.3444260345802226
0.3437254248960784
0.3431090299817035
0.3413406292378075
0.33869068903498345
0.33626711136455234
0.3344880125275065
0.3324903554954013
0.33094413210026896
0.330222139676262
0.32950396814746824
0.32880958703595253
0.3284936373481525
0.327640577324543
0.3258278980264497
0.3239479579726391
0.3219678055740522
0.32127807312343853
0.321571858113609
0.32183009508722044
0.3224703009205279
0.32268270081357225
0.3227204342936881
0.32233979162440834
0.3218996751507338
0.3218325105350814
0.32216861297623695
0.3225309524236955
0.3223569419973683
0.32235051890224303
0.32239120998156134
0.3227593796129199
0.3235792389680651
0.32445323712504903
0.3255206354375871
0.3260900343222652
0.32580624891422066
0.32568047606234785
0.32601761506365096
0.32689961452873434
0.32701119760833414
0.3263288418936508
0.32589925769594924
0.325628768699742
0.3261275624801596
0.32675708210387544
0.32729292309114255
0.32749985756521066
0.32785169672440495
0.3283154706505087
0.328818797049868
0.3293721344698493
0.3294546824394862
