0.3365686315525248
0.3317984947691257
0.3316559545959931
0.3328725850302313
0.3327044481333934
0.32994077067987415
0.32674179686388344
0.32666403545556955
0.32833873905251165
0.32765238058241547
0.32836685067624166
0.32901767715484687
0.32826659956283827
0.3287724732833496
0.3280817284990492
0.3288537077498
0.32877343712028595
0.3291657905319001
0.3291818963681695
0.32962924645154956
0.32886386374275
0.33020045809424026
0.33215975912078116
0.3328136161034583
0.3327450076802588
0.33374829996588407
0.3336753906541377
0.3340394888006975
0.3346702732872986
0.33488835123129373
0.33491618505052284
0.33531424232992096
0.33587181635418745
0.33650419274135407
0.3358080240857232
0.3360902002834438
0.3359121367826304
0.3359899306583239
0.3357584011246458
0.3358221189182642
0.33564650820149794
0.3354619513015599
0.3357032144670196
0.3357672056702884
0.3349750755982368
0.3352146674846262
0.33528368079884263
0.3349069077878834
0.3351825810006304
0.33550109857363697
0.33560232872115336
0.3355747903532669
0.3357201923507253
0.3356067696623029
0.33538168564802234
0.3354067685203724
0.33574355380994486
0.33570169711014897
0.33564956006380553
0.335425684351661
0.3354077946595806
0.33552761235313866
0.3359000950242307
0.33588411331739204
0.33598636033959267
0.33606129136039387
0.33597723676055014
0.3359387213099446
0.33607336261559323
0.33644619421172006
0.33646690699881937
0.33637232406982503
0.33657379353135247
0.33647034394516784
0.33637305811211715
0.33630313252657085
0.33630176695169534
0.33654716775052
0.3365568455775229
0.3363695781758439
0.33616031977380056
0.3361404450387796
0.33611410290110016
0.3360598910412787
0.33599583540795236
0.33594350846288223
0.33593648449474045
0.3358894276068185
0.33592235736117626
0.33567235818223384
0.3356705415264056
0.3359607873530115
0.3359902228215139
0.3359123403464028
0.3358630047913723
0.33573391542309305
0.33578480452533477
0.3358601393118423
0.33584774390960004
0.33584774390960004