0.7490765372793472
0.7666842889885663
0.7644039049179956
0.7649532647794285
0.7646161067781927
0.7627109686215388
0.763649252807904
0.7649553503243084
0.7642838997855164
0.7630720538965013
0.7632502893765292
0.7628498734276462
0.763828338882723
0.7628209660842754
0.7627860925039872
0.7636486620909181
0.7632040370058873
0.7634367080800071
0.7635046094857048
0.7635398022933966
0.7638063405107494
0.7637862866527718
0.7633982916194039
0.7640328082186776
0.7638598856226042
0.7641293683315564
0.7639964742104836
0.7637639074273823
0.763482514332731
0.7638803866441776
0.7641515894180024
0.7642053773001084
0.7640211441012331
0.7642454046644344
0.7644869534090931
0.7645556214265076
0.7644155961589228
0.7646546713565624
0.7645031602658575
0.7647144999893278
0.7648179471478102
0.7647584979561293
0.7649221085078128
0.7650627132616677
0.7647749524681883
0.7651637173999383
0.7650246286426641
0.7652693931516134
0.76519715830802
0.7654412714627379
0.76527807366396
0.7653227907258154
0.7653449381638057
0.7655359022214399
0.765638268854054
0.7657706120651984
0.765820383861426
0.7658120595907302
0.7659147674589117
0.766141874484228
0.766131808383889
0.7662289641111468
0.7662474066277141
0.7661306780984954
0.7662514041756089
0.7661422070497966
0.7661684321448771
0.7660644496546198
0.7660915495856756
0.7661360036685902
0.7660025542264364
0.766139951612341
0.7660961927378566
0.7660500566774839
0.7660325846863469
0.7659498020403618
0.7660144669788137
0.7659931827308722
0.766010775072296
0.7660467190118185
0.7659865702177758
0.7661148537979569
0.7661059514390363
0.7660922554660327
0.7661962924263089
0.7661690720358532
0.7661177993028283
0.7660752074406836
0.7661372708036429
0.7660374269827686
0.7661120304299607
0.7660228491836758
0.7659405489916814
0.7659161555442372
0.7658782159537472
0.765865751158441
0.7656908975625994
0.7656973437596892
0.765724954237156
0.7656410979078686
