0.29108543304604656
0.3035197782732199
0.3065781911070018
0.30865215825277637
0.3100686082541317
0.3111123085391019
0.31162460459865765
0.31142009730682285
0.31165511868184204
0.31206097520764303
0.31237100291445596
0.3125501153935893
0.31233848108398465
0.3121606520832931
0.312102320843941
0.3120261889843076
0.3117945155757964
0.3113491845838548
0.3109958473733987
0.31073118740932015
0.3115077622294367
0.313825614731749
0.316054635354381
0.31827178517845867
0.3203134048892582
0.32222934341487786
0.3240985940207658
0.32588815269603066
0.32761261243586765
0.3290909625876438
0.33032845860930077
0.3314674404045489
0.33265775213304294
0.333789698792572
0.3348298110627559
0.3357652607888735
0.33671535946517006
0.3376297377958153
0.33848595580893326
0.3393638455474816
0.34035421261245524
0.3412723997159284
0.34208657176752605
0.3427597034696065
0.34330586652316414
0.3438339774681747
0.3443181641161305
0.3447566169803714
0.3452395618550404
0.3457686764360204
0.3462784211748625
0.3467899671806358
0.3472079028839462
0.34764609812461356
0.3480792111761012
0.34857619194469586
0.3490435931818649
0.3495165581827662
0.34995867631160754
0.3504562216283858
0.3509753563249755
0.3513535075836686
0.35176618042179403
0.3521672574343834
0.3524886494400009
0.3527701878656662
0.3531660732514912
0.3535018706183888
0.35381561154963603
0.35410385867818556
0.35435489110166174
0.3545842981458057
0.35481574452623105
0.3549526012510973
0.35509891676435495
0.3552822699506643
0.35543991310767326
0.35558913446951634
0.35571186164681234
0.3558722219534391
0.35602051545238556
0.35618782211789174
0.35637588836353024
0.35657177230054016
0.356740961372223
0.35691878660304355
0.35710930049059286
0.3572510077234392
0.3573592430181245
0.35749511941875073
0.3576731379939517
0.3578407175610263
0.35796823751513496
0.3580993854359624
0.3582065209746389
0.3583337976863235
0.3584667951133819
0.3586300527079621
0.35881064693218295
0.3589421281824816
