0.34974192172712315
0.33989889546060764
0.3408447523143173
0.3411640130938274
0.3405271447695656
0.3396906399278576
0.33884114956621525
0.33810950387520067
0.3380942220796161
0.3379991468664392
0.33858247359746735
0.33817766131047866
0.3379919126096429
0.33814368748679413
0.33829452482512
0.3386181723373399
0.3388194306005294
0.338796542056078
0.33884872360518753
0.3387634259668605
0.3387012741971823
0.33867236113373594
0.33845251049594244
0.33838680600388726
0.3381438423669327
0.3380913184797254
0.33806278801572903
0.33778800965552724
0.3378940529444837
0.3379886418220699
0.3381556399203433
0.3380393695343636
0.33815456140251576
0.33821608256257313
0.33827194511679276
0.33838244102914394
0.33838065159377917
0.33845106695442423
0.33842089680722287
0.33844932712458425
0.3383523586688646
0.33829384917960165
0.33826691245730106
0.3382170554605506
0.33815444372707554
0.3382147402333447
0.33839310026301306
0.33835330686381326
0.3382667930232053
0.33818881438519177
0.33821952654280124
0.33821317753752195
0.3381183441423137
0.337918648492238
0.33791634329105125
0.3379648873189157
0.3379921355554928
0.3379503921025857
0.33790843915392477
0.3378328373622382
0.33776529409663614
0.33779046938798857
0.3377266128193692
0.3376721899012526
0.3377457872047885
0.3377973067329186
0.33779942343469366
0.3377396674764196
0.3377601594007997
0.3377814449394358
0.3378331955385559
0.337805139829862
0.3377505902472281
0.33766060434717965
0.33756954847230347
0.3374996573321478
0.3374807018703716
0.33746781454976854
0.3374531178115546
0.3374001725283523
0.3373836326739438
0.3374358877596511
0.337448388705946
0.33742811810504203
0.33742937687815516
0.3373891353339686
0.33732576815224563
0.3373327473393947
0.33731339848551
0.3372517655582973
0.3372928648690676
0.3372749944874361
0.3372345451878515
0.3370942976474249
0.33707465841647316
0.3370637070431308
0.337044354954959
0.33702955480153896
0.3370558390916115
0.3370970225597462
0.3371207159110328
0.3371118678356082
0.3371289567655023
0.3371474839740654
0.33709591568226427
0.337069615002477
0.33713787981044663
0.33716771292842695
0.33719644740490234
0.3371653786860404
0.33721763689911377
0.3372255102083006
0.33723822048204166
0.33723180830133864
0.33719489781324435
0.33720744512009054
0.33723741490871567
0.3372033997019719
0.33723416836344133
0.3372739167574292
0.3372547327769644
0.33730161122713564
0.3373561850391107
0.3373875712491309
0.3373962432732474
0.33734886100007905
0.3372857995909266
0.33730487105981277
0.33725653338518274
0.3372873752610455
0.3372269561332765
0.33723193499301485
0.33724236297648313
0.3372484671641822
0.33721799799866276
0.3372426268649478
0.33723180470449116
0.3372429779978436
0.3372317804652043
0.33721373078368744
0.33717124802618315
0.337138593077603
0.33716011061817586
0.3371190737198427
0.33708846024604244
0.337077998705913
0.337078792912226
0.3370821128764624
0.3370580431458297
0.33706058502544134
0.33707905021551404
0.3370985860312795
0.3370933081042655
0.33711583974855736
0.33714495858969595
0.33718805756330256
0.33722508096256126
0.3372591016304352
0.33727607978410845
0.3372512353424385
0.33727362655793813
0.3372888282087437
0.3372634284843484
0.3372502171030453
0.3372076252280632
0.3372172495572468
0.3372279463748659
0.33720856230712437
0.33716119238612247
0.3371110600064331
0.33712075282760445
0.3371029926546532
0.3370903898353762
0.33706359535114805
0.3370818996055422
0.3370874576631964
0.33711273242997575
0.3371366781467836
0.33716105041344724
0.3371440994104161
0.3371583685878655
0.33714835184188063
0.3371195292515149
0.33711765229936674
0.33716436284332085
0.3371414977109607
0.337129590275203
0.3370797317979847
0.3370647214779525
0.3370724731432107
0.33705633311379607
0.3370437241614219
0.3370172367388266
0.3370372647041154
0.336994902959247
0.33699353585794406
0.33701330713941907
0.33703573894248523
0.337045652295597
0.33703787924793865
0.33701939624340066
0.3370297202586198
0.33705494713693196
0.3370419822218944
0.3370306928761232
0.3370381079391092
0.33704191343386136
0.33708120784795365
0.337101803037321
0.3371289618299232
0.3371147507069567
0.337092922730263
0.3371105747789393
0.33713564130704066
0.3371329452910425
0.3371546843951852
0.3371387249977184
0.3371052669468877
0.337106477829784
0.3371164011674433
0.33711030079505727
0.33711967623472694
0.3371570216333993
0.3371488410840495
0.3371055297648386
0.3371176604938554
0.33712232572493095
0.3371007924289591
0.3371187234479088
0.3371381887441919
0.3371230936960909
0.337123987068615
0.33713524081387986
0.3371378107904893
0.3371494771713555
0.33716946417461646
0.3371833779876186
0.337178687210979
0.33716417966619144
0.3371494797658577
0.337163181527568
0.3371491073512894
0.3371392153734606
0.33713470884036784
0.33712322962541763
0.3371427070651287
0.33716167533910857
0.3371602091125091
0.3371656374512503
0.3371647609033885
0.3371737896426101
0.3371626467974954
0.33716352752219086
0.3371551548478301
0.3371776953611942
0.33717796007342626
0.33715548884581303
0.33715240619349063
0.33716363870810834
0.3371722971390638
0.33716257169123715
0.337151376601159
0.3371467548235985
0.3371343786074882
0.33714477173149143
0.3371463241633505
0.33714114477447304
0.3371286908445434
0.33715711695058587
0.3371576221015632
0.33715020646763744
0.3371269937207801
0.33713173190715456
0.33713212424194045
0.3371645498094953
0.3371880912946197
0.33719529086995725
0.33717782381659706
0.33715621564875753
0.33716067977831815
0.33716348670642105
0.33716759082029785
0.33715526714791066
0.3371582693109304
0.33717996666312894
0.33716122767297246
0.3371616109020328
0.3371606413014882
0.33715416334915393
0.3371321097415972
0.33711554745491734
0.337145305620421
0.33713695200376
0.3371326046647034
0.337137299124552
0.33713097570930245
0.3371263003948569
0.33712186528862914
0.337136330931328
0.3371404617338923
0.33714750632381457
0.3371477971458767
0.3371292992000191
0.3371029701723476
0.337109206510284
0.33707669378811067
0.33708642586010606
0.33709493604364
0.3371073593538823
0.3371171509543533
0.33713456126085667
0.3371531040909786
0.3371725005585219
0.33719699611716875
0.3371919493465657
0.3372085439655108
0.33721503566478844
0.3372055174141823
0.3371858900886124
0.3372031878078989
0.3372067379075625
0.3372028747063063
0.33718213751952364
0.3372051635031434
0.33722888076563273
0.3372379147462567
0.3372419348996738
0.3372444729020908
0.3372576457743866
0.33724203318571433
0.3372271067140476
0.33721080562397204
0.33719292215649094
0.33720196029438193
0.3372195966347989
0.3372109062069531
0.33721627095548645
0.3372244059940216
0.33721676470116274
0.3372052087430531
0.3372082251858803
0.3372053703295172
0.33720525973032495
0.3372120605148383
0.337219781049636
0.3372280458873837
0.3372402050176186
0.3372495931629227
0.33723322288418134
0.33723496012971965
0.3372515115479207
0.3372326976143419
0.3372243103251331
0.3372159358267504
0.3372220124619981
0.33720143673586367
0.3371738480442449
0.33717680160434904
0.3371671846996143
0.33715798435076944
0.33715866831506347
0.3371589869153208
0.3371644842225116
0.3371620427743625
0.3371847309015665
0.3371797475678913
0.3371743275582004
0.3371742947063881
0.33716351758068164
0.33718064337818926
0.33717955810792616
0.3371794274092896
0.3371900614422599
0.33720107263939825
0.3372110591646156
0.3371949772551824
0.3371860108915772
0.3371924770852707
0.3372134357512182
0.3372194189006911
0.33720480172622075
0.33719344175835164
0.337175755549832
0.3371724217070926
0.3371753447584991
0.337180078080749
0.33718725630670127
0.3371858179717272
0.3371808972512387
0.33717101545378203
0.3371682633442909
0.3371803620476265
0.3371973288386931
0.3372167774342027
0.3372253384221892
0.3372199692593268
0.33722952338539375
0.3372444569775149
0.3372369157195638
0.3372432614446252
0.337252876371539
0.33727210185140977
0.3372656051689373
0.33726484268918894
0.3372702733317863
0.3372713327344427
0.33725138694553236
0.3372481206147027
0.33725644345801636
0.33726491060628444
0.33726927593373235
0.3372569040287726
0.33726832848982596
0.3372740329524601
0.3372696006080645
0.3372753002531004
0.3372673692816604
0.3372757996854049
0.3372809005262848
0.33728041802824016
0.3372658886849466
0.33727168618503317
0.3372831616831769
0.3372742992211944
0.3372722763499973
0.3372673835473529
0.33727903293238415
0.3372788411367096
0.33726509109415703
0.33726474861098676
0.33726586842706363
0.3372706681798779
0.337261340850924
0.33725910912355683
0.3372619542469936
0.3372581773283903
0.3372725466170069
0.33728446745290247
0.3372611149987586
0.3372795726239654
0.33727923015549954
0.3372828962965883
0.3372865643055715
0.3372812448109189
0.3372893988323912
0.3372839186250785
0.33728443393987406
0.33728320572340575
0.3372823744139209
0.3372763761346941
0.3372642278085122
0.3372664696678143
0.3372645731118548
0.3372695325138035
0.337279289521956
0.3372813172604296
0.3372805084596405
0.3372845625205743
0.3372786259767346
0.33727078810939104
0.33726804358556367
0.33726878421266143
0.33726724214933324
0.33725528479444883
0.33725464737495325
0.33725007738101825
0.3372565411163151
0.33725698091466183
0.33726105630432024
0.33725684610213275
0.33725504070409373
0.3372525651833411
0.33725411306718817
0.33724978704630637
0.3372575749211744
0.33726536056961404
0.3372608388270068
0.337263996704997
0.3372619816931423
0.3372740525412933
0.33728160948609204
0.33729151818183933
0.33729825217432025
0.3372938981343856
0.3373152095349786
0.3373185361670567
0.3373330416523711
0.3373355949954968
0.33733997586048925
0.3373431222106767
0.3373417637543827
0.33734097135228747
0.3373344494302093
0.3373346304257219
0.3373382902614329
0.3373172742677159
0.33731604715878793
0.33731587625014137
0.33731652583235255
0.33732464521248734
0.3373348232226478
0.33735578069723177
0.33736471687684577
0.3373581231719304
0.3373593677985292
0.33735314864727795
0.33734434810870584
0.33734219930827397
0.33734052922302527
0.337339000078318
0.3373329335290578
0.33732273293368237
0.33733551355404784
0.33734962366265253
0.33733761683720176
0.3373320559899049
0.3373209138922511
0.3373013710004152
0.3373090389357981
0.33731928633752534
0.33732868959249795
0.33733566570110013
0.3373273289627526
0.3373276141511329
0.3373230215518673
0.3373238283475183
0.3373195063497118
0.3373114887022177
0.3373176692471301
0.3373232554364538
0.33731674481574
0.33732154751313687
0.3373248859236824
0.33733473208871745
0.33734488805657786
0.3373575194706258
0.3373493300086615
0.3373428321271506
0.3373379816418794
0.3373362849403558
0.3373439999859161
0.33734259713339215
0.3373490230278554
0.33735496434610746
0.3373512492219491
0.33734680905645825
0.33733677765117864
0.3373436701680833
0.33733592260200873
0.3373277718512427
0.337325297862824
0.33732734817093873
0.33733104928325536
0.33732666940566586
0.3373337755797708
0.3373435138166171
0.33734746259171877
0.3373388268336507
0.33733219094828765
0.3373286145173993
0.3373157362736201
0.33731229251496697
0.3373079946913945
0.33729952749883624
0.33729670669939177
0.33728500963345903
0.33728194680487183
0.3372787583623883
0.33727915511988776
0.33727212540924195
0.3372638902331702
0.33726987060097785
0.33727128724287386
0.33728682146279315
0.3372946946627056
0.33729925059692734
0.3372896150593706
0.33728714548637595
0.33729170921111834
0.3372985730023882
0.3373103696464383
0.3373161665968447
0.3373153166223127
0.33731542640407486
0.33732019138513464
0.33731046370601286
0.3373042151675708
0.3373093727887214
0.33730231152415546
0.3372951646167588
0.3373056941320932
0.33731502661364915
0.3373151169072139
0.33731575748714526
0.33729841006753497
0.3372888146031424
0.33727722391970183
0.33726934085988763
0.33725987449277134
0.33725201326756604
0.3372529097897783
0.3372593057503579
0.33725282825451347
0.33725201820469314
0.3372536081277168
0.33725771616640854
0.33726501608232246
0.3372768812807979
0.33726757665776663
0.3372558671972731
0.33725437489757554
0.33725181296664464
0.3372415217962862
0.33723369966259137
0.3372391362076106
0.3372407177908556
0.3372313424921441
0.337230765089827
0.33723125744058285
0.33721681604831943
0.3372091600406018
0.3372074194515145
0.33721161610654343
0.3372092479097744
0.3372166591980728
0.3372110740103796
0.33721289192663995
0.33721048337976123
0.3372158316363915
0.33722049734964854
0.33722170889304337
0.3372246768334071
0.337223885319709
0.3372256437417009
0.33722912026505214
0.3372200806708396
0.33721394203265725
0.3372105933970369
0.33721451749093345
0.3372167940715094
0.3372216433330406
0.33722882188683173
0.3372251422403374
0.33723438201799205
0.3372266656649901
0.33723242224910027
0.3372071211831862
0.3371892110924908
0.33718062772192076
0.3371800840733797
0.337181249650759
0.33718226170769117
0.33718524168086483
0.33718947811250943
0.3371944433301729
0.33720247002026416
0.33720668636459505
0.33721017996848635
0.33720703053780376
0.33720495872312445
0.3372135364433645
0.3372256521375899
0.3372281575403701
0.3372188154131468
0.3372168186666725
0.33721462891468856
0.33721164072174825
0.33721881129018855
0.33721713661654207
0.3372196540592835
0.3372323690897474
0.3372396293207446
0.3372429201554451
0.3372461566734492
0.3372350970873033
0.33723032688972465
0.33722619076290455
0.337222150753337
0.3372185783165513
0.33723118336821173
0.33723413112436607
0.33723563995914263
0.33724649300830767
0.3372477838558146
0.33724746439554504
0.33724718915464075
0.3372506959105425
0.3372579557371894
0.33725901925153784
0.33726427163861217
0.33727562412371886
0.33727820731453284
0.3372807333258176
0.33728153505966013
0.33728086676500757
0.33727479705523256
0.3372731004352719
0.3372729779885677
0.33726730708090924
0.3372693460914931
0.33728326123392904
0.3372906239181992
0.33728559821641296
0.33727772559440694
0.337270095079486
0.3372589498630061
0.3372526176498487
0.33726176012436476
0.33726080872737685
0.3372607219568007
0.3372591651159998
0.33725269699042176
0.3372495941754812
0.3372472565915832
0.33724300500334714
0.3372523482572174
0.3372556661454828
0.3372532948420917
0.33726215796474374
0.3372682011749503
0.337272558608549
0.3372713229005215
0.33726488462617665
0.3372684637436623
0.337266757634653
0.3372658387463085
0.33726574379650887
0.3372621586295074
0.3372695661301141
0.33726988689004583
0.33726718595744315
0.33726952854401715
0.33727618208052657
0.33727413084908914
0.33727465668466916
0.33727273300900845
0.33727273963706295
0.33726638303708284
0.3372622965909152
0.3372674190106505
0.33726273386382416
0.3372533834937784
0.3372536121544861
0.3372460131347289
0.33724146693252727
0.3372427054776117
0.3372489241829952
0.3372539268065626
0.3372619674714799
0.33725963445233426
0.3372649623248705
0.33726353706033285
0.33726273324062905
0.33725610813622153
0.33725909781056834
0.3372670125474514
0.3372759568725464
0.33727977497404243
0.3372768668559258
0.3372715627228995
0.3372724351093695
0.33727335200634345
0.3372880151974784
0.3372904851789381
0.33729386215692836
0.3372895148060438
0.337286663243077
0.3372819031571748
0.3372749215371199
0.3372701500353063
0.3372782199668609
0.33728064783263006
0.337285762185043
0.3372846891027175
0.3372837263559112
0.33728108066215845
0.3372795995622136
0.3372719641150625
0.3372801044359968
0.33727507295126186
0.33728351607276824
0.3372897636061001
0.33729259888627433
0.3372995805571708
0.3373053094359896
0.3373049351600676
0.3373081917594494
0.33731419791355377
0.3373130398114719
0.3373189632745647
0.33731732395892877
0.3373226006447631
0.33732507596635064
0.33732481707181156
0.3373289361430311
0.3373335219225417
0.3373357285686053
0.3373436820455912
0.33734800007047056
0.33735050663394395
0.33734272017558714
0.33732779182376826
0.33732234391851024
0.337328333783211
0.3373215258249482
0.337313700517817
0.3373176651604632
0.33730981260124343
0.3373016804727242
0.3372997975614392
0.3373098423522785
0.3373114854346504
0.33731388686239977
0.33731206724216306
0.3373063129522749
0.33730723263882445
0.33730357612766937
0.3373054842525555
0.33730763124127516
0.3373042101841493
0.337308635257992
0.3373090701465029
0.3373004121258065
0.33729349746443843
0.337293772748231
0.3372959776411821
0.3372989052440775
0.3373004669574195
0.3372934810391347
0.33728609552449784
0.3372751638400674
0.3372712644697114
0.3372766906301535
0.33727779514913053
0.3372760880441702
0.3372764095638406
0.3372759512098508
0.3372804960816128
0.33728341201445994
0.3372858432779395
0.3372858691777478
0.3372798699035649
0.3372766018865381
0.3372743717012785
0.33727583576462156
0.3372743634827482
0.3372738098337741
0.3372649533551146
0.3372583374407233
0.33725264148988543
0.3372512711485982
0.33725164118066897
0.3372442000301573
0.3372370001060792
0.33723016153840013
0.3372248110510072
0.3372310702203217
0.3372384326383302
0.33724508781898976
0.3372529110180382
0.3372570416963118
0.3372603311566061
0.33726032761884844
0.33726703055461604
0.3372701200858165
0.3372708429618961
0.3372651156663848
0.3372627246025007
0.33725580797602234
0.3372547503957381
0.33724328699738076
0.33724412996250475
0.3372480839456127
0.3372567170707609
0.3372529220425659
0.33725000865514126
0.337246334822199
0.3372416951632648
0.3372358522906294
0.33723264836447087
0.3372388037078609
0.3372455390381497
0.3372536716927007
0.337260831088708
0.3372591051673842
0.3372605022627376
0.3372633234397629
0.33726219638321914
0.33725925326424894
0.33726370757348695
0.33726037854967483
0.33725942427856864
0.33726142776968693
0.33726627254312763
0.33727420822418913
0.3372832673902448
0.3372895500104732
0.3372899508595118
0.3372883242879411
0.33728288216075514
0.33728154550903305
0.3372745430328899
0.3372719187297715
0.33727811286746606
0.3372825563237141
0.33727361625343777
0.33725975755334275
0.33725421906388386
0.33726538725851785
0.33727254265505524
0.33727781441499594
0.33728186746066935
0.3372906704433198
0.3372891465326193
0.33728393320199146
0.3372855867960752
0.33728360027981463
0.33727637622768747
0.33727294537030256
0.3372769934807829
0.3372764348333643
0.33727114182715023
0.33726802380019344
0.3372710503762862
0.33727004533028737
0.3372659448615583
0.33727380863698764
0.3372765705201807
0.3372752617723537
0.3372763185981869
0.3372729339657762
0.33727746090557775
0.33727478455625665
0.337272263368366
0.33727330541613243
0.3372694684497008
0.3372630895627983
0.33726272714381855
0.33727079009213656
0.33727344006587534
0.33727791847470157
0.33727966438200685
0.3372873971008191
0.33728800982480767
0.3372979454100462
0.3373016798826821
0.33729889359882437
0.33730340079528753
0.33731749569849845
0.33732059352984306
0.33732760846043514
0.33733121421761353
0.33732659318062796
0.33731970455185395
0.33732404747844075
0.3373271820002627
0.3373261444870743
0.3373186173813899
0.33731625710677837
0.3373081566194212
0.3373042752202654
0.3372993791249742
0.33729530446584965
0.33729169593080643
0.3372888868837805
0.33729084461674697
0.3372933559457356
0.33729373503772797
0.33729250200657585
0.3372956072064423
0.3372881971030469
0.3372823159291855
0.33728324621543276
0.33728885373878587
0.3372920717679588
0.3372920992043389
0.33729130155645615
0.3372858815074588
0.33728755001197697
0.337295437817954
0.3372920602750689
0.3372932859931723
0.3372966799804298
0.33729566132020755
0.3372968846906476
0.33729942930298423
0.3372972183983047
0.33728901431256186
0.33728577046613306
0.3372859553403922
0.33728562188344
0.33727953974130237
0.33728221343498976
0.33728405704038894
0.33728059255484444
0.33728417285402224
0.3372868994999903
0.337287835125044
0.3372907137507774
0.3372966124666422
0.33729388217586853
0.33728693656736614
0.33728526815116855
0.33729161580178885
0.33728833755349336
0.33728481744101285
0.33728490538654776
0.3372812375816092
0.3372852711638911
0.3372831904310323
0.33729108414032577
0.33729765365980513
0.3372983810119441
0.3372912303573685
0.3372917109505964
0.33729025481544034
0.3372887930268076
0.3372901556853826
0.33728990516616547
0.337282846361395
0.33728669821867596
0.33728715266200576
0.3372916638298992
0.3372927436904019
0.3372844559742863
0.33727192962965813
0.33727269796957726
0.33727782088053027
0.33728100584045906
0.33728065437350424
0.33728596179503356
0.33727851056385394
0.3372748005009671
0.33727047413259653
0.33727565305618523
0.3372728610620088
0.3372703667430672
0.3372652910170921
0.3372675990111949
0.3372702242404796
0.3372774573164432
0.337275615008825
0.3372681963790994
0.337267675269331
0.33726614074611017
0.3372674810303471
0.3372672502775497
0.3372673079741666
0.33726418352643966
0.3372666807051733
0.33726543721084973
0.3372698715103746
0.3372703074163582
0.33727340470788286
0.33727131660316956
0.33727413327618994
0.3372780961873149
0.33728105118259394
0.3372760385722701
0.3372731632312376
0.3372736098371099
0.3372740965490932
0.33727202380502447
0.33727166141320936
0.33727420204292147
0.337274194235544
0.33726921007431626
0.33726620770809557
0.3372681515328226
0.33726597926880175
0.33726263410519836
0.33726357780303656
0.3372591092374042
0.3372661815604326
0.3372683420725645
0.3372749896441572
0.33727814852868476
0.3372787128245999
0.3372768043235286
0.3372794783008259
0.3372829250476566
0.3372797943383174
0.3372849097208615
0.33728471896052936
0.3372858174060149
0.33728202914585603
0.33727931212362916
0.3372733977194893
0.33726835249710213
0.337264397923687
0.33726455219169754
0.3372619392453817
0.337257509422757
0.33725980135553507
0.33725729809718563
0.33725760619624234
0.3372610188703808
0.33726411921303995
0.3372631566179656
0.3372614096159913
0.33726266651535
0.3372615345735841
0.3372581910484163
0.3372563620283674
0.3372534628752315
0.3372551294610902
0.33725463780466164
0.33724776838201626
0.3372463819713783
0.3372453150874994
0.3372434388223553
0.33724903434467535
0.3372505058571646
0.3372535161601404
0.3372583541434861
0.3372604741650244
0.33726127784813753
0.3372584718274616
0.3372604863614963
0.33726228169821587
0.3372626660641226
0.33726983971799246
0.3372760254803079
0.33727702590899744
0.337273330656563
0.33727423876370416
0.3372743081858632
0.3372771545992026
0.33727457345026507
0.3372752416389535
0.33727917225428067
0.33728460650852976
0.33728292810937244
0.3372833847025172
0.3372799254483431
0.3372741301192492
0.3372756647502092
0.3372777827982678
0.33727930761745395
0.33728049531934307
0.33728134147266825
0.33727723948488014
0.337273055643506
0.33727338013992786
0.3372785630355921
0.33727291561434675
0.3372692731321317
0.33726987267698233
0.33726889515532527
0.3372690480833251
0.3372683321453998
0.3372663236844693
0.33726490663164344
0.33726363227457484
0.3372578857873134
0.3372569505811629
0.3372525009292616
0.3372469251629934
0.33723899265601565
0.3372363990871236
0.33723767358562245
0.3372388138628814
0.33723649775413334
0.3372403562600331
0.33724303543987805
0.33724379327555537
0.3372445815113312
0.3372479128332172
0.3372438888021125
0.3372430338061898
0.33724571463731956
0.3372430502355483
0.33723969953259353
0.337238249162999
0.33723710596210726
0.33723521535012835
0.33723369927925995
0.3372266975334325
0.3372277433109454
0.33722693984579455
0.337224116214473
0.3372219093213968
0.33721752290907364
0.33721664418345537
0.33722179240712874
0.3372234107026447
0.3372226569843333
0.33722790538472985
0.3372310920827584
0.33723755783901876
0.33723613015050996
0.3372385688126991
0.33724013113711054
0.3372382807221672
0.3372401744393069
0.33724113311131626
0.33724686305422596
0.33724777608529083
0.337252593792261
0.33725484473478773
0.3372600161277923
0.3372562962490785
0.3372472777893265
0.33724603385107244
0.33724381961799543
0.33725024553737853
0.3372478879947151
0.3372495443531749
0.3372476023764028
0.33724862498375446
0.33724928331778603
0.3372479209614197
0.3372487817933159
0.33725042700020824
0.3372467808274791
0.3372454310061991
0.337243543103238
0.3372442454667038
0.3372429230404733
0.3372468593927725
0.33724884228142854
0.33724595194450563
0.3372474991901073
0.3372481618285511
0.3372396344729717
0.3372376700935297
0.3372315503874425
0.33722714263715353
0.337229763032677
0.33723389442046203
0.33723839333943134
0.33724335217488527
0.33725036232801364
0.3372463766550103
0.33724592177339446
0.33725308138962945
0.3372503044048642
0.33724930272943887
0.33725076088386735
0.3372558735648191
0.3372612931282973
0.3372643108561688
0.3372662692848318
0.3372726541130412
0.33726671813255665
0.33726569261992034
0.33726565756368027
0.33726359774869785
0.3372634004500462
0.3372639157888927
0.3372696911111949
0.33726895656604006
0.3372726344790601
0.3372748593534146
0.33726746835343796
0.3372727472450142
0.33727276090595937
0.3372707422666548
0.33727409989659785
0.337273897746431
0.3372693460484481
0.33726378287720893
0.33726631961298337
0.337268358684941
0.3372706131887197
0.3372670383533269
0.3372652555503112
0.33726762891969747
0.3372669362230081
0.337266470157774
0.33726212207922907
0.33726205357108546
0.33726366942247904
0.3372601667124756
0.3372542522149701
0.3372522343066929
0.3372530765582622
0.33725373914577333
0.33725387291247355
0.3372569402801507
0.33725716928173594
0.33725538350618633
0.33725237160429533
0.3372533185380513
0.3372563425924002
0.33725691806740965
0.3372533076200639
0.3372548564248654
0.33725547690884206
0.33725780376298126
0.33725446574630824
0.3372516398119562
0.337251266455881
0.3372468866506736
0.3372521967648389
0.33725457489376137
0.3372488954851368
0.33724407062012207
0.3372396022959318
0.33723760650034845
0.33723575497944625
0.3372423621848434
0.3372433759803896
0.3372393656063278
0.3372377520956496
0.3372343420441899
0.33723411627388433
0.33722825641007825
0.33722328446072775
0.3372233815578896
0.33722463874731806
0.33721922924217984
0.3372185431571822
0.3372205013584695
0.3372165639555051
0.33721390572820087
0.3372073786973267
0.3372035319779125
0.3372067052399256
0.3372080765825976
0.3372028114996734
0.3372019968160464
0.3371984456116331
0.3371988359900441
0.33719631007858814
0.33719912531121227
0.33720107677371386
0.33720110617437005
0.3372090787266365
0.33720633892298874
0.33720294908722187
0.33720273654685334
0.33720257937703896
0.3371995891083384
0.3371995646933253
0.33720511561286265
0.33720583368135487
0.3372071566860831
0.3372034990999673
0.3371948378480365
0.3371914400236793
0.33719230197702627
0.3371961141351554
0.3371961739614249
0.33719879011465703
0.33719732473875275
0.33719723007476143
0.33718858700923443
0.33718816902672416
0.3371898112439251
0.3371909541844195
0.33718723214572327
0.3371789403209372
0.33717804010616537
0.3371808422082685
0.33718016734358525
0.33717978488710454
0.33718537870840737
0.33718601344373145
0.3371871707666402
0.3371834567226497
0.33718276772128125
0.3371839731654137
0.3371852200455146
0.33718446480258785
0.33718694256951276
0.3371863307688776
0.33718474878054405
0.3371852512333776
0.3371862234484795
0.337187212705244
0.33718181421894355
0.33718161843162925
0.3371857504643993
0.33718842941193833
0.3371877824724814
0.33718986758407626
0.3371909373741331
0.33719624099566187
0.33720203063157744
0.33720476112026215
0.33720323874295766
0.3372039499889573
0.3372133719572794
0.337215689047241
0.33721477037262265
0.3372181540080751
0.3372189507782934
0.33722367879071363
0.3372267236321915
0.3372322000846022
0.33723221310499535
0.3372300118777308
0.3372324975651758
0.33723404845202287
0.33723172675603574
0.3372380371455639
0.33723635880558633
0.3372367275752199
0.3372348081118709
0.33723179147186155
0.3372292033170389
0.33722974171542597
0.337229578163798
0.33723098625704906
0.3372281127686792
0.3372266756381594
0.3372337253394447
0.337232451613952
0.33723366735775856
0.337236499047437
0.33723967592491316
0.33723952216184805
0.337235069120046
0.3372344801290808
0.3372321053135246
0.33722847613771706
0.33722968525382996
0.3372290685992391
0.3372292471405261
0.33723005721607474
0.33723698747865044
0.33723834399501584
0.33723942199997325
0.33723943674232576
0.33724333650580324
0.3372401575382679
0.33724127166650614
0.3372374140644864
0.33723251168764884
0.33722898094075604
0.3372264527278733
0.3372211817194157
0.33722326544506404
0.33722089498574853
0.3372115972118554
0.3372104321339636
0.33720896318870497
0.3372127750694103
0.3372176057286708
0.3372170466203363
0.3372166104808087
0.33721532369988855
0.3372131715152973
0.33721203078232886
0.33721530541937733
0.3372144262945596
0.3372118632336518
0.33721227959790284
0.33721347200756985
0.3372157270391416
0.33721778996013846
0.33721788214151915
0.33721515024856896
0.3372167950219165
0.3372204565873255
0.3372216475200662
0.33722056249326354
0.3372222910991583
0.3372208250483119
0.3372186891926793
0.3372159368930968
0.3372186072580883
0.33721822488086783
0.33722156283822796
0.3372209822860629
0.3372192452273262
0.3372178993586722
0.3372204810601704
0.33722211520712714
0.33722397614607286
0.33722397854315295
0.3372234431072397
0.33721881391004294
0.3372148441715433
0.3372159830348868
0.33721258424741557
0.33721193154342494
0.33720384301330647
0.33720292561149945
0.33720349299057967
0.33720230090628356
0.3371982943558583
0.33719925554552826
0.3372016626938504
0.3371984102723681
0.33719934064663787
0.33720126209408924
0.337203104070632
0.33720055237455104
0.33719768160486163
0.33719758029514607
0.33719916190703814
0.3371988574539465
0.3371972698710284
0.33719706203444855
0.3371985615386709
0.33719682888268404
0.33718919429204613
0.3371910205505865
0.33719019725419663
0.3371923210679672
0.3371964910866416
0.33719552601048514
0.33719331325028595
0.33719445906711454
0.33719628487753056
0.3371973863778505
0.3372020328317627
0.33720602738319577
0.3372075329566056
0.337209495216376
0.337211853523174
0.3372142162189022
0.33721254442697535
0.33721528341831
0.3372180661369755
0.33721894358590343
0.33721707878488194
0.3372208045958323
0.33722444938630336
0.3372251601979266
0.3372282110183671
0.3372278225012445
0.3372309082566018
0.33723275341587566
0.3372305943849362
0.33722126051791745
0.3372167961976706
0.33721631090542725
0.3372157437978503
0.337219047162906
0.3372159758613849
0.33721801564465903
0.3372210495481526
0.337222675647507
0.3372186766630519
0.33721286832961556
0.3372135921508873
0.3372142853674781
0.33721436957767065
0.3372148622863371
0.3372148869519333
0.3372137931621199
0.33721575190478553
0.3372133220860137
0.33721410613071423
0.33721605843977115
0.3372179740143386
0.3372153280993001
0.33721450465107305
0.33721907806190776
0.3372260270841053
0.3372232935834898
0.33722071167021755
0.33722541010021645
0.337229396064551
0.3372290490932939
0.33722965641588437
0.33722767309967966
0.3372235696524465
0.3372226522892218
0.3372269232913031
0.33722842047137885
0.33722553840252917
0.33722484815054676
0.3372240496055652
0.33722173921728993
0.33721759921356753
0.3372159655344813
0.33721733883580873
0.33721749425874525
0.3372167399984221
0.3372161516480322
0.3372218278780594
0.33721473601959256
0.33721575908680257
0.3372191020064237
0.3372224345934263
0.3372268818126539
0.3372256651394595
0.3372217075782081
0.33722343677600924
0.3372208549886039
0.33722009963105637
0.3372163055652977
0.3372103851559076
0.3372092164997389
0.33720776723190976
0.33720515757212627
0.33720568454401517
0.3372050987375301
0.3372045974894953
0.3372063038270482
0.337207096619955
0.3372114514717458
0.33721274120659755
0.33721118038136466
0.33721341966919877
0.33721536034228256
0.337213445718193
0.33720885207370216
0.33720970378428017
0.3372074892796495
0.3372059896307561
0.3372096218642583
0.33720981674315803
0.33720789453962585
0.337206814399343
0.3372049004032365
0.3372036480016045
0.3372021788740657
0.337196962179427
0.33719809460831257
0.3371983027055813
0.3371961825264051
0.3371878660158426
0.33718654101378903
0.33718682633055724
0.3371858628031534
0.33718820482851375
0.3371879727822813
0.3371871466993955
0.3371931033226488
0.33719293999706584
0.33718806021655096
0.33718802143665955
0.33718660469809175
0.3371856931184551
0.33718644524136204
0.3371907068257885
0.3371898551493863
0.337184486170539
0.3371812979211167
0.33718036727576856
0.337176884623315
0.33717848235650477
0.33718270946065365
0.337180883715275
0.3371792626477694
0.33717591842125466
0.3371745934414412
0.3371740402763849
0.3371773825998783
0.3371787154493978
0.3371790850748186
0.337183221874865
0.3371876049151337
0.3371877647055589
0.3371842820819383
0.3371823416115567
0.3371812867589929
0.337180256927354
0.3371814098611683
0.3371854033212238
0.3371883302385839
0.3371926944594511
0.33719227580645794
0.3371906420818579
0.3371906471328542
0.33718882637208897
0.3371887736185842
0.33718982169978373
0.33719014426082794
0.33719186766311066
0.33718896602285914
0.3371866600879703
0.3371870828143661
0.33718351603854885
0.3371820782653579
0.3371807138278633
0.3371776780953246
0.3371770240017227
0.3371775800588139
0.3371806339784206
0.3371828552307247
0.3371852985670737
0.33718315060951537
0.3371814876786031
0.33717802287271337
0.3371743388645812
0.33717752656300876
0.3371817797796015
0.33718202137078745
0.33717756315247704
0.3371753968657233
0.3371723098898262
0.33717131278180146
0.3371755348422181
0.3371744385629293
0.3371745500156236
0.33717207067609495
0.33717060449336167
0.3371714567480233
0.3371702539908258
0.33716783908100173
0.3371663826827421
0.33716491824049194
0.33716649749989297
0.3371633491668715
0.3371643698427179
0.337168683855485
0.3371679559770261
0.337167788570612
0.33716589768258254
0.33716349740895096
0.33716266644631115
0.3371628556705172
0.3371598113704067
0.33716115818436326
0.33716272697231053
0.3371678815543847
0.33717324739885224
0.33717549069376523
0.33717616993450567
0.33717610680399235
0.3371771949271989
0.33717415832308745
0.33717318562873905
0.3371779770995925
0.33718015297235704
0.33717926420575745
0.33717840314795183
0.3371763867540615
0.33717167214687926
0.3371695151635516
0.3371671291141897
0.3371673470374308
0.337166540446525
0.33716792814720814
0.3371728412877944
0.3371781766299492
0.33718125103188534
0.3371826457707952
0.33718250026925484
0.33718381021669697
0.33718188638681323
0.33718361531027796
0.33718086212052795
0.3371836697806343
0.33718495031457724
0.3371874730873209
0.3371866686725483
0.3371853273144895
0.33718643766775613
0.3371872633041746
0.33718642130990234
0.33718788897942403
0.3371866983545563
0.3371828466107781
0.33718059316575333
0.3371835597538105
0.33718528828802913
0.3371820301784178
0.33718329262022956
0.33718275556584526
0.33718251352135
0.33718518208405857
0.3371870576329688
0.33718603852794854
0.33718468309958355
0.3371886913979855
0.3371924946001094
0.3371930908650736
0.33719300980390715
0.337193294950775
0.3371942034959868
0.33719533102939003
0.33719577644317866
0.3371969624113475
0.33719717626998436
0.3371958057587341
0.3371933876629739
0.3371914570959927
0.33719173000175134
0.33719117057405457
0.3371920428184629
0.3371900474343936
0.3371902578408212
0.33719313585277655
0.33719167095440317
0.33719168989322346
0.337192895740065
0.3371902179657339
0.33719075476009575
0.3371929320922134
0.33719388624217317
0.33719187101073794
0.3371932309788058
0.33718998047651016
0.33718883610668526
0.337192427984558
0.33719080237888827
0.3371911947783763
0.33719244319522157
0.33718843608619026
0.3371845840714823
0.3371829522721421
0.3371826336305666
0.3371838830000374
0.33718165991362825
0.33718415355332065
0.3371833047990992
0.3371846484195078
0.33718523746468093
0.3371861798472552
0.33718851552508655
0.3371900256334778
0.33719000683628864
0.33718938034485796
0.3371897735940337
0.33719133968073883
0.3371912563680034
0.3371931644433288
0.33719477154557986
0.3371959832604075
0.33719821661512994
0.3372011645292886
0.33720210743669876
0.3372008988268937
0.33719998126268014
0.33719786686480513
0.33719820429413927
0.337197774621467
0.33719502739848384
0.3371928322143108
0.3371919672788741
0.33719142108018757
0.3371921556919662
0.33719293682711204
0.3371943220843466
0.3371925004457985
0.337193459045938
0.3371954768884068
0.33719608815755414
0.3371964887045194
0.33719096473946647
0.33719302214133184
0.337197163071584
0.3371962522270649
0.3371970369102828
0.3371950761449612
0.337194164351277
0.33719349174936103
0.33719357163560365
0.33719133575943516
0.3371920843987304
0.3371895466066122
0.3371898147998818
0.33718781241877277
0.33718474454484754
0.3371862196688297
0.33718268075507635
0.3371794301963904
0.3371799907462942
0.3371812266756055
0.3371809374340188
0.337181308100926
0.3371774920708642
0.33717679277461343
0.3371746757783079
0.3371770358587596
0.33718023752749215
0.33717964027839914
0.33717756459622605
0.3371775761130942
0.33717638104747455
0.3371777477249246
0.3371764739689381
0.337176572622432
0.33717833154702637
0.3371779630489882
0.33717593159813297
0.3371786181411734
0.3371740731793775
0.3371715930203141
0.33717204529343003
0.33717196576532305
0.3371757809454138
0.3371740385383177
0.33717248800491983
0.3371709919058998
0.33716831153443705
0.33717057848528764
0.33716990494312327
0.3371696741152715
0.3371690924937498
0.3371688195771656
0.3371660959803322
0.337166009159317
0.33716629049268315
0.337165534607696
0.33716848861611515
0.33716857931985894
0.33716869225131085
0.33716624053428035
0.33716402791302647
0.33716477751911117
0.3371638930598838
0.3371630504579974
0.3371625600234952
0.3371618533562435
0.3371601751194392
0.3371563457584923
0.33715622506567744
0.33715535126301116
0.3371561510159003
0.3371544909044496
0.3371566822826319
0.33715975246400043
0.33715816737320603
0.33715414496970914
0.3371541547874669
0.3371568940708302
0.3371569694035799
0.33715837041810987
0.33715862112694495
0.33716115274754394
0.3371641561903042
0.33716422535437074
0.33716259964885276
0.33715997505228856
0.3371577568257506
0.33715679322292397
0.3371564888630544
0.3371564114987863
0.33715644013717105
0.3371544948707161
0.33715637053661246
0.3371553434283625
0.33715353433314404
0.33714990589275246
0.3371491445101001
0.3371482717578678
0.3371527750533367
0.3371518490582771
0.3371529958343057
0.3371508349847455
0.3371467730184296
0.3371492787098858
0.3371496347324976
0.33715121131108505
0.33715048180098584
0.3371510849027808
0.3371525774605312
0.33715438269512904
0.33715526020968095
0.337156499573139
0.33715615965373097
0.33715114865959545
0.33715052143502144
0.33714973084481825
0.33714886422746804
0.3371464998846538
0.3371457478543198
0.33714389427728936
0.33714587689865677
0.3371473138788145
0.3371486196827708
0.33714999326130995
0.337152973184953
0.3371525095918559
0.3371532829714057
0.33715187217118747
0.33715391962874386
0.3371567673324745
0.3371582523874409
0.3371558008870429
0.3371554486478058
0.3371535670722002
0.3371554310540693
0.33716014301871905
0.3371578953394795
0.33715621224998704
0.33715395004865234
0.33715503175296085
0.3371528937357524
0.33715426849474767
0.33715235773967756
0.33714929596881676
0.3371493478498155
0.33715252019639685
0.33715573734228915
0.3371549303712297
0.3371559190826451
0.33715731433370355
0.33716003304134784
0.33716008552325827
0.3371623587482993
0.33716186272872306
0.3371616964302994
0.33716254562408704
0.3371640797451258
0.3371637433268236
0.33715976085759114
0.33715851598538243
0.33715733328208175
0.3371549486045338
0.3371530901352783
0.3371517724585123
