12764
11550
11883
11013
1211
10342
10878
10116
11167
1657
1781
11356
11733
11577
12919
1736
2377
2461
11703
1646
10917
1594
11256
1759
950
863
686
10494
602
637
1133
11011
1839
1834
1852
1597
11494
1822
1565
1675
1541
1782
11279
2113
1772
11259
1522
11070
10391
978
681
621
747
769
1396
1721
11788
2174
11348
2104
2144
1838
2059
2094
1707
1849
2365
2321
1955
2374
1819
1839
1318
991
720
540
604
794
1402
2017
2133
2245
1761
1916
1998
1792
1893
1826
1576
1649
2196
2264
2249
2048
2333
1871
1258
864
737
658
641
10193
1373
1706
2309
2061
1887
1915
1898
2026
2021
1924
1548
1898
11845
1909
2543
2546
2484
1802
1549
1096
888
717
580
717
1246
2115
2031
2079
1868
1972
2040
2066
2085
1755
1522
1998
2330
2505
2764
2163
2371
2184
2315
1784
1836
1027
1032
634
769
849
1262
1753
1735
2050
1864
2254
1938
1975
1905
1938
2311
2223
2206
2087
2002
2965
2102
2196
1859
1565
1190
724
643
665
873
1175
1706
1582
1625
1863
1945
1797
2111
1961
1972
1795
1522
1444
1185
1081
882
639
526
581
537
602
1086
1629
1868
1599
1648
1472
1354
1546
1574
1579
1516
1731
2047
2219
2100
1784
1596
1368
868
636
539
546
505
775
1239
1711
2253
2034
1636
1712
1593
1655
1699
1695
1315
1794
2270
2452
2162
2040
1953
1447
1185
754
509
595
534
691
1245
1858
1986
1917
1927
1583
1687
1846
1790
1926
1706
1654
2208
2207
1998
2305
2159
1399
1190
807
733
569
502
633
1131
1395
1941
2001
1689
1736
1753
1824
1770
1648
1513
1709
2152
1813
2393
2388
2374
1756
1574
1264
970
691
645
708
1242
2425
1996
2163
1829
1998
1838
1751
1625
1631
1559
1810
2096
2170
2100
2044
2116
2171
2032
1768
1485
1378
943
653
678
955
1086
1461
1674
1730
2193
1972
2099
1953
1763
1812
2286
1992
1733
2051
2223
2115
2278
1822
1661
1313
860
655
547
730
1103
1237
1523
2080
1891
1997
2243
1948
1770
1876
1935
2047
1810
1758
1679
1516
1371
966
829
659
584
550
649
831
1382
1706
1781
1680
1612
1405
1808
1710
1647
1865
2161
2209
1795
1730
1549
1530
914
768
562
434
526
630
869
1156
1408
1639
1584
1444
1653
1590
1650
1273
1433
1617
1797
2142
1948
2095
1715
1641
1171
842
537
490
531
634
1041
1701
1882
2037
1851
1563
1642
1868
1675
1700
1111
1867
1640
2252
2049
2051
1887
1625
1092
820
770
492
459
579
1082
1661
2107
1992
1858
1743
1884
1889
1764
1821
1587
1803
2441
2182
2493
2447
2158
2238
1310
1085
838
614
547
643
1116
1703
1922
1977
1681
1827
1823
1522
1922
1692
1677
1889
2213
2407
2043
2178
2185
2307
1959
1685
1396
1157
840
585
720
766
1098
1351
1617
1729
2102
2017
1698
1634
1431
1781
1920
2025
1449
1859
1982
2025
1781
1591
1498
1225
883
578
597
698
880
1219
1486
1669
1779
1832
1752
1629
1526
1801
1819
1807
1343
1322
1311
1125
1182
652
491
448
463
652
1073
1664
1887
1395
1527
1468
1315
1611
1683
1866
1762
1796
1762
2525
1795
2202
1437
1335
917
630
498
445
413
557
1135
1897
2005
1841
1708
1588
1730
1645
1814
1739
1507
1907
2034
2094
1898
2260
1949
1489
1065
709
597
452
480
655
1283
1726
1945
1890
1762
1535
1692
1683
1719
1654
1476
1830
1673
2188
2366
2051
1971
1551
1147
740
620
485
471
651
1099
1780
1978
1887
1811
1857
2050
1690
1887
1824
1449
1700
2013
2203
2213
1887
2521
1898
1417
1055
735
693
575
629
1215
1809
1908
1820
1711
1752
1725
1705
1774
1453
1365
1689
1785
2352
2076
2042
2379
2600
1529
1834
1135
1196
746
574
621
851
1116
1384
1333
1850
2071
2113
1835
1852
1777
1805
2086
2214
2016
2113
2132
2323
1666
2006
1712
1355
993
714
676
650
857
1184
1534
1693
1863
1942
1741
1394
1183
1299
1335
1390
1283
1208
1078
912
751
617
515
428
450
597
1027
1539
1664
1625
1813
1551
1520
1467
1563
1549
1265
1742
1961
1925
1918
1834
1542
1271
862
641
553
428
422
607
1056
1674
1908
1775
1587
1554
1729
1641
1706
1674
1326
1410
1866
1698
1846
2011
1688
1426
1021
683
539
450
453
573
1187
1732
1967
1909
1704
1476
1587
1618
1848
1651
1362
1834
1932
2157
2186
2096
2007
1620
1133
790
612
520
495
566
1051
1587
1736
1657
1437
1183
1385
1315
1288
1390
1133
1428
1656
1871
1700
1628
1311
1508
1202
912
733
571
522
598
1023
1578
1648
1739
1592
1639
1595
1597
1805
1566
1306
1548
1657
2071
1765
2266
2187
2182
2052
1851
1371
1243
904
602
669
699
1264
1460
1634
1779
1741
2717
1846
1905
1648
1436
2226
2215
1961
1947
2131
2258
2416
1908
261
1751
1262
788
659
683
886
1131
1489
1587
1677
1777
1712
1725
1608
1652
1678
1706
1492
1524
1606
1125
853
628
493
491
504
620
1049
1253
1746
1745
1504
1418
1190
1473
1573
1563
1418
1598
1895
1996
1745
1846
1503
1393
891
638
553
483
425
521
1046
1649
1818
1723
1557
1496
1612
1573
1684
1347
1313
1551
1976
1992
2091
1998
1829
1536
1077
711
597
386
458
543
1043
1669
1945
1700
1626
1330
1623
1539
1588
1572
1318
1652
2019
2006
2105
1921
1935
1694
1228
886
559
527
494
684
1185
1461
1885
1777
1693
1563
1779
1643
1833
1623
1324
1664
2186
2145
2341
2148
2164
1910
1490
1085
818
718
577
710
1080
1668
1829
1803
1620
1576
1732
1620
1693
1828
1357
1697
2242
2212
2201
2113
2126
2045
1553
1674
1525
1243
939
588
675
772
1125
1475
1669
1455
2060
1969
1779
1682
1657
1969
2033
2223
2057
2202
2029
2081
2076
1873
1568
1301
981
654
729
713
864
1085
1343
1568
1835
1761
1755
1676
1722
1748
1785
1633
1609
1222
1315
1114
850
650
522
507
532
590
1006
1443
1655
1696
1428
1483
1455
1379
1462
1511
1404
1554
1891
1840
1823
1739
1187
1294
862
668
546
432
441
442
957
1519
1636
1595
1560
1268
1498
1519
1501
1455
1330
1733
2102
2252
2262
2210
2095
1810
1326
900
681
539
521
604
1056
1540
1891
1628
1651
1593
1640
1624
1651
1554
1380
1695
1964
2058
2198
2034
1941
1568
1183
780
580
437
452
574
999
1612
1876
1769
1682
1528
1819
1511
1583
1616
1390
1791
1938
2228
2083
2116
2020
2086
1383
1031
793
600
555
615
1022
1511
1940
1764
1554
1459
1427
1713
1692
1585
1368
1712
1987
2204
1994
2117
2064
2049
1758
1512
1334
1033
810
518
589
792
1091
1333
1524
1609
1704
1741
1702
1840
1655
1748
2090
2157
1931
1917
2097
2291
2115
1847
1710
1386
945
660
605
676
900
1143
1447
1525
1525
1724
1663
1722
1615
1609
1779
1336
1624
1507
1495
1144
845
646
527
458
437
597
1041
1480
1775
1678
1457
1390
1549
1463
1332
1238
1396
1653
2037
1873
1874
1776
1583
1301
1020
639
440
391
404
530
1046
1524
1865
1717
1850
1549
1607
1480
1551
1537
1314
1565
1759
1928
1971
1975
1811
1630
1007
731
528
446
426
544
1032
1557
1598
1702
1594
1464
1516
1418
1762
1687
1399
1614
1532
2148
2128
2026
1779
1504
1069
739
592
483
485
554
1017
1381
1872
1784
1584
1527
1635
1534
1679
1480
1260
1577
1990
1805
1935
2158
1995
1887
1544
1111
819
617
584
642
1078
1613
1961
1779
1562
1495
1600
1492
1764
1535
1336
1660
2040
2175
2005
2051
2079
2019
1956
1783
1555
1174
889
568
650
786
993
1374
1577
1752
2080
1745
1837
1839
1709
1910
2163
2196
2130
2278
2254
2407
2080
1897
2441
971
504
557
666
970
1187
1512
1783
1787
1716
1700
1639
1544
1574
1717
1724
1333
1569
1303
1192
869
681
490
398
423
602
1044
1557
1884
1647
1495
1436
1478
1629
1482
1486
1402
1601
1850
1838
1864
1723
1631
1311
993
632
548
449
409
528
1021
1580
1893
1638
1534
1667
1559
1740
1833
1699
1384
1637
1983
2151
2108
1948
1807
1511
1109
847
616
503
501
601
1194
1838
1838
1616
1678
1503
1527
1609
1676
1656
1317
1651
1958
2034
2197
2054
2005
1722
1268
844
686
520
504
586
855
1733
1852
1727
1499
1557
1623
1586
1725
1608
1302
1680
1997
2033
1892
2115
2207
1914
1305
1233
948
748
558
576
805
1097
1396
1639
1737
1684
1811
1706
1699
1515
1402
1696
1569
1869
1673
1786
1871
1889
1782
1551
1321
1137
856
580
605
767
876
1198
1205
1566
1444
1706
1660
1595
1628
1564
1913
2070
1617
1632
1836
2050
1735
1479
1327
935
890
603
564
661
858
1080
1425
1451
1281
1650
1573
1602
1464
1558
1605
1580
1491
1448
1366
1084
880
594
525
422
433
608
933
1356
1725
1651
1521
1412
1469
1446
1543
1573
1410
1644
1822
1915
1852
1688
1507
1412
956
732
532
446
428
546
997
1642
1738
1672
1589
1517
1654
1636
1704
1548
1422
1753
1921
2300
2011
2078
1853
1430
1024
734
592
447
461
530
1136
1698
1867
1775
1678
1624
1675
1659
1760
2253
1390
1705
1978
2156
2172
2237
2140
1725
992
787
599
525
475
586
1007
1587
1819
1848
1716
1633
1713
1722
1815
1657
1134
1860
2074
2149
1681
2094
2136
1832
1476
1029
766
604
561
646
1057
1512
1788
1893
1670
1558
1692
1322
1711
1743
1430
1653
2082
2090
1996
2067
1970
2065
2012
1726
1539
1157
838
529
606
756
1070
1342
1517
1569
1759
1818
1794
1928
1546
1697
1932
2141
1997
2049
2229
2092
2091
1824
1713
1303
964
625
616
671
839
1191
1444
1499
1721
1688
1622
1608
1526
1621
1624
1623
1530
1447
1305
1105
828
631
405
403
435
569
1025
1523
1953
1645
1521
1116
1337
1430
1523
1553
1446
1709
1814
1553
1773
1715
1496
1230
893
629
552
506
462
534
1039
1554
1840
1737
1572
1420
1539
1322
1598
1633
1126
1679
1991
1916
1896
1853
1737
1485
981
776
582
461
436
572
1011
1749
1818
1766
1601
1516
1619
1273
1640
1562
1471
1702
1892
2045
2050
2042
1962
1385
1171
820
606
485
522
615
1079
1796
1897
1639
1588
1555
1671
1601
1730
1487
1111
1649
2058
2134
2304
2148
1858
1750
1167
1053
822
663
472
679
963
1648
1898
1655
1463
1531
1660
1680
1755
1536
1378
1619
1986
2262
2226
1847
2358
2057
1896
1725
1426
1133
853
542
629
884
1102
1411
1599
1718
1883
1977
1655
1852
1705
1874
2062
2231
1664
1974
2142
2075
1979
2028
1726
1452
1035
592
611
779
959
1224
1503
1699
1759
1894
1856
1783
1722
1779
1965
1841
1714
1291
1403
1171
876
584
501
404
370
614
1051
1715
1824
1773
1613
1521
1612
1457
1499
1592
1494
1670
2025
1852
1644
1711
1518
1232
958
662
628
528
437
543
1110
1524
1741
1854
1583
1496
1561
1351
1728
1500
1390
1657
1922
2061
2088
1834
1749
1546
965
796
589
449
546
551
1026
1552
1708
1643
1509
1513
1606
1337
1728
1647
1278
1565
1964
2082
2034
1636
1990
1579
1169
793
638
473
492
561
1072
1664
1891
1657
1654
1575
1885
1359
1693
1592
1327
1542
2122
1985
1984
1815
2105
1958
1495
803
772
650
602
578
1087
1632
1902
1754
1491
1383
1678
1484
1727
1588
1339
1612
1639
2171
2184
2029
2148
2140
1889
1335
1384
1143
811
576
669
734
1156
1420
1656
1775
1451
1784
1771
1741
1533
1887
1652
2221
1784
1995
2084
2112
1989
1790
1431
1306
998
565
611
851
858
927
1134
1432
1595
1731
1578
1678
1548
1356
1818
1720
1576
1516
1404
1160
816
590
522
417
427
506
1052
1538
1732
1677
1445
1368
1471
1452
1510
1592
1403
1672
1787
1944
1492
1433
1616
1260
824
742
490
397
415
462
994
1557
1774
1633
1448
1448
1451
1468
1481
1653
1410
1617
1926
1982
2026
1957
1731
1404
1040
736
463
442
491
547
1012
1711
1660
1677
1573
1387
1430
1454
1659
1527
1300
1555
1590
2117
2056
2076
2028
1467
996
812
527
509
393
595
1091
1728
1641
1792
1573
1492
1584
1523
1614
1536
1268
1285
1989
2360
1831
2123
2019
1716
1391
839
844
626
557
596
1015
1278
1921
1559
1276
1572
1267
1552
1552
1321
1387
1620
2000
2186
2165
2044
2105
2084
1810
1372
1466
1071
682
600
591
809
1141
1458
1628
1389
1859
1760
1790
1865
1647
1771
2127
2186
2010
2103
2248
1711
1517
1794
1630
1309
954
556
565
728
904
1142
1390
1388
1754
1795
1908
1480
1638
1732
1791
1702
1311
1569
1398
957
854
594
543
447
411
566
994
1462
1677
1679
1519
1358
1512
1458
1538
1587
1438
1580
1687
1816
1697
1782
1511
1334
977
661
495
438
416
542
979
1636
1825
1580
1263
1289
1589
1565
1697
1669
1388
1693
1766
1726
2304
2090
2077
1605
1213
905
632
499
517
592
1058
1683
1859
1550
1657
1514
1606
1635
1714
1535
1148
2028
1601
1813
1947
2007
1710
1226
1148
784
593
513
416
575
1071
1475
1782
1746
1555
1196
1557
1628
1744
1526
1286
1640
1934
2138
1875
2124
2043
1643
1443
1008
754
540
522
597
1066
1395
1811
1718
1353
1468
1558
1513
1691
1462
1019
1528
1922
1838
2004
1855
2031
1592
1808
1320
1189
1195
711
540
529
634
1062
1425
1339
1672
1874
1776
1747
1679
1518
1831
1919
2261
2012
1782
2101
1895
1664
1552
1413
1144
792
531
601
731
919
964
1520
1579
1805
1547
1434
1610
1349
1576
1438
1540
1563
1534
1417
1151
867
603
463
409
473
535
966
1546
1744
1681
1261
1284
1258
1530
1434
1686
1397
1636
1966
1886
2116
1711
1345
1281
1000
680
537
452
405
602
1016
1581
1795
1762
1550
1438
1625
1538
1536
1583
1449
1619
1966
1655
1817
1927
1931
1697
1123
850
631
485
427
560
1035
1669
1576
1735
1678
1309
1598
1571
1659
1506
1265
1415
1936
2255
2057
2201
1996
1826
1078
916
639
570
498
593
1083
1677
1753
1677
1673
1529
1710
3928
1624
1426
1182
1627
1470
2049
1904
2085
1989
1765
1412
1226
867
569
610
619
1003
1580
1751
1823
1530
1587
1404
1455
1578
8586
1059
1565
2032
1997
2146
2151
2062
1996
1830
1315
1312
1127
713
640
658
659
1197
1415
1643
1822
1811
1815
1702
1703
1513
1718
1753
2032
1639
2053
2056
1864
1671
1531
1472
1209
884
591
590
758
987
1236
1543
1673
1565
1832
1704
1428
1296
1417
1528
1637
1607
1583
1197
1443
920
670
520
413
442
568
1013
1460
1332
1597
1396
1507
1453
1640
1368
1572
1444
1322
1828
2117
1535
1880
1678
1379
1096
761
612
470
449
466
1064
1525
1509
1870
1572
1525
1664
1644
1758
1529
1356
1601
1997
1842
2005
1981
1854
1614
1251
726
671
492
472
598
1101
1580
1765
1403
1685
1536
1796
1666
1312
1457
1355
1506
1897
2121
2016
2162
2031
1655
1266
921
718
498
502
609
1038
1692
1849
1789
1795
1360
1676
1609
1684
1246
1230
1558
1579
1818
1998
2074
1667
1497
1480
1110
902
692
614
612
1006
1308
1703
1323
1509
1428
1632
1503
1579
1503
1237
1266
1443
1827
1593
1561
1730
1513
1761
1245
1236
801
644
547
590
610
879
983
1256
1340
1413
1534
1197
1282
1395
1198
1742
1488
1616
1583
1684
1618
1562
1394
1140
961
740
418
485
630
705
778
1130
1244
1337
1479
1282
1439
1383
1362
1432
1457
4335
1471
1212
1183
1256
1064
842
611
466
498
480
547
664
657
973
998
1292
1436
1404
1369
1362
1398
1443
1345
1448
1190
1323
1048
711
618
404
394
468
600
1018
1455
1343
1254
1388
1359
1612
1331
1654
1554
1434
1612
1919
1944
1631
7047
1615
1331
761
708
543
508
441
599
1000
1465
1673
1720
1218
1165
1562
1649
1684
1553
1279
1504
1616
1985
2021
1956
1803
1624
1140
792
592
514
473
636
1051
1768
1540
1717
1649
1315
1313
1368
1584
1583
1330
1659
1934
2053
1518
1804
1877
1487
1438
1067
797
647
535
591
997
1610
1798
1693
1491
1486
1452
1587
1581
1374
1245
1591
2008
2088
2002
1753
1940
1834
1734
1437
1305
1124
807
623
645
645
1062
1168
1533
1571
1832
1605
1409
1643
1529
1691
1844
1955
1437
1622
1912
1607
1844
1695
1586
986
909
562
583
690
838
1140
1500
1489
1602
1623
1562
1344
1285
1037
1385
1479
1242
1326
4516
1118
747
640
576
431
412
604
912
1476
1750
1583
1616
1446
1543
1615
1541
1536
1330
1642
2020
1853
1842
1966
1690
1007
927
739
463
446
383
580
1107
1912
1718
1404
1619
1426
1589
1448
1691
1577
1333
1596
2002
1920
1957
2092
1690
1562
1059
680
483
443
546
495
908
1301
1587
1724
1591
1421
1583
1580
1532
1519
1333
1544
1888
1652
2005
2099
1899
1726
1296
886
657
550
535
604
1048
1322
1519
1593
1518
1527
1659
1550
1630
1376
1264
1609
1562
1868
1912
1888
1602
1728
1612
912
677
636
597
619
1036
1300
1641
1696
1732
1345
1674
1415
1271
1442
1296
1512
1856
1792
1861
1939
1745
1654
1961
9083
1463
1152
790
550
540
858
1021
1316
1515
1547
1478
1689
1526
1360
1217
1547
1814
1906
1779
1569
1666
1790
1709
1723
1403
1262
895
2715
616
707
904
1040
1362
7826
1340
1654
1607
1532
1413
1238
1645
1617
1328
1332
1444
1434
965
556
431
455
505
650
949
1490
1364
1570
1206
1388
1153
1373
1620
1441
1463
1278
1897
1680
1778
1740
1721
1453
982
718
502
436
424
518
1039
1470
1712
1579
1513
1574
1601
1641
1310
1488
1459
1575
1854
1903
1938
2028
1894
1493
1172
743
485
473
473
511
859
1536
1370
1683
1263
1223
1611
1553
1622
1424
1053
1514
1833
1911
1839
1834
1831
1693
1205
831
524
520
465
573
1070
1530
1641
1738
1614
1566
1385
1446
1704
1469
1048
1960
1904
1849
1716
1806
1773
1583
1268
1093
847
618
472
515
1083
1593
1446
1696
1612
1494
1709
1380
1487
1525
1182
1661
1794
1667
1692
1785
1661
1902
1922
1351
1322
872
706
1213
573
801
847
1237
1441
1560
1383
1659
1636
1403
1510
1688
1873
1828
1619
1788
1700
1807
1601
1461
1392
1311
749
468
515
617
782
1089
1061
1351
1466
1499
1632
1454
1411
1495
1282
1362
1470
1614
1767
1443
724
595
470
412
396
450
804
1343
1556
1422
1124
1364
1246
1487
1754
1301
1324
1553
1672
1728
1430
1696
1508
1656
988
582
475
420
417
585
985
1125
1786
1674
1504
1198
1444
1425
1635
1446
8345
1325
1678
1756
1674
1673
1657
1397
1107
853
620
453
457
564
829
1282
1629
1544
1404
1497
1539
1502
1536
1511
1069
1526
1481
2042
1573
1606
1471
1439
1234
774
523
485
480
562
1047
1279
1831
1427
1630
1358
1481
1220
1337
1183
1254
1496
1872
1592
1663
1964
1907
1655
1528
1178
819
622
527
544
1010
1242
1792
1379
1382
1437
1490
1215
1307
1257
1128
1599
1511
1922
3708
1755
1831
1904
1458
1500
1376
887
852
499
499
778
994
1137
1394
1506
1305
1579
1338
1473
1216
1402
1584
1592
1232
1476
1338
1574
1605
1664
1286
848
1727
509
456
578
735
904
1103
1153
1584
1502
1246
1275
1270
1500
1453
1474
1040
1461
1412
1165
655
649
3095
371
423
546
973
1172
1303
1241
1369
1345
1282
1222
1382
1405
1388
1493
1494
2751
1503
1466
1377
1186
994
673
492
390
403
566
1034
1165
1577
1623
1482
1544
1541
1660
1477
1577
1327
1529
1589
1939
1355
1749
1455
1138
1041
739
543
412
441
568
1009
1314
1374
1365
1201
1443
1216
1382
1277
1449
1337
1272
1480
1781
1976
1784
1823
1575
1206
910
682
534
434
499
954
1434
1418
1376
1168
1195
1561
1589
1328
1510
1096
1246
1837
1722
1504
1731
1939
1409
1349
912
913
701
561
615
864
1423
1377
1333
1237
1335
1596
1434
1309
1412
1246
1160
1430
2303
1651
1522
1780
1766
1736
1474
1397
1120
766
517
633
729
933
1160
1145
1135
1270
1293
1316
1438
1528
1305
1551
1939
1639
1721
1910
1487
1508
1393
1377
910
786
468
570
613
827
1001
1366
1188
1231
1471
1374
1118
1274
1108
1333
1079
1285
1359
1266
1017
777
739
588
394
487
585
846
4534
1495
1401
1362
1098
1458
1123
1264
1336
1114
1138
1542
1549
1296
1621
1516
1368
918
564
526
435
407
536
1072
1069
1250
1628
1346
1071
1502
1452
5922
1388
1199
1422
1807
1502
1658
1710
1757
1177
1098
636
647
457
424
504
986
1169
1608
1285
1199
1186
1174
1452
1441
1310
1028
1169
1769
1620
1558
1670
1414
1474
999
757
673
528
493
455
741
1139
1262
1273
1324
1269
1156
1250
1512
1403
1262
1412
1683
1471
1475
1247
1508
1333
1322
1035
936
764
642
479
628
744
853
786
837
999
938
1182
1164
1072
1206
1047
1086
1336
981
1424
1371
1046
1252
1261
797
704
565
439
438
411
545
567
811
866
1050
1018
898
1047
861
1142
1391
987
941
1066
1005
1308
1178
1061
924
634
623
446
450
473
583
788
953
890
967
1448
1293
1221
1053
1084
1134
1374
1018
1058
1052
1040
787
482
440
353
343
406
841
1226
1193
1476
1257
965
1342
1119
1039
1132
1267
1419
1348
1473
1335
1290
1170
1116
753
584
466
352
385
477
782
1381
1379
1382
1372
1308
1197
1160
1230
1174
1264
1492
1448
1658
1508
1632
1306
1154
942
724
528
413
442
549
969
1387
1365
1714
1506
1244
1255
1590
1465
1323
1311
1528
1540
1649
1642
1459
1682
1440
1020
726
538
7470
474
569
943
1490
1557
1598
1286
1256
1393
1392
1488
1252
1267
1428
1786
1853
2007
1698
1399
1345
1306
976
683
4135
597
523
953
1339
1596
1166
1106
1192
1303
1241
1418
1326
1287
1519
1667
1669
1604
1681
1725
1786
1839
1310
1368
893
694
566
506
733
908
1135
1080
1382
1630
1317
1245
1357
1457
1433
1626
1599
1352
1482
1664
1680
1683
1512
1370
1144
712
451
814
618
650
979
1028
1094
1344
1362
1480
1236
1434
1526
1567
1468
1198
1373
1088
1088
691
582
401
424
389
443
837
1067
1356
1412
1399
1283
1186
1146
1298
1422
1086
1219
1608
1449
1254
1496
1483
1202
941
549
510
370
360
568
1001
1339
1355
1320
1462
1336
1561
1678
1385
1258
1116
1210
1574
1654
1767
1775
1663
1339
865
789
573
501
433
531
974
1415
1570
1586
1468
1260
1576
1435
1189
1317
1318
1483
1655
1933
1646
1753
1706
1338
1294
752
562
504
401
592
1016
1190
1514
1477
1536
1136
1212
1376
1247
1283
1011
1152
1469
1607
1461
1780
1674
1373
1192
1094
884
607
7289
500
899
1156
1306
1194
1209
1350
1178
1377
1101
1199
1133
1119
1409
1590
1311
1519
1629
1615
1406
1322
1004
895
717
501
518
645
807
1021
1083
1215
1246
1491
1396
1525
1230
1430
1811
1673
1622
1608
1550
1630
1552
1304
1308
1005
692
508
477
634
715
1331
1233
1151
1566
1306
1382
1659
1446
1295
1425
1514
1457
1402
1343
1246
802
583
451
368
390
543
923
1355
1806
1383
1140
1643
1368
1184
1376
1283
1423
1268
1624
1497
1351
1636
1292
975
756
661
414
473
349
456
783
1386
1569
1485
1264
1482
1476
1415
1399
1079
1060
1234
1339
1797
1488
1719
1705
1227
1052
632
554
473
468
470
1081
1288
1312
1472
1587
1321
1227
1233
1463
1212
1057
1461
1600
1434
1914
1848
1983
1647
993
727
669
475
510
605
977
1289
1386
1389
1386
1309
1382
1437
1400
1270
1235
1402
1603
1551
1764
1575
1783
1552
1287
1115
733
671
491
562
790
1207
1476
1305
1378
1186
1244
1362
1356
1229
1003
1410
1359
1506
1539
1394
1553
1598
1359
1270
1073
976
811
505
666
738
879
1172
1204
1098
1365
1472
1213
1375
1150
1329
1292
1519
1490
1307
1624
1725
1535
1498
1768
1020
726
439
564
579
591
864
1172
1183
1178
1312
1478
1446
1176
1302
1308
1414
1082
1055
1236
918
693
584
418
410
511
502
830
1230
1485
1200
1250
1270
1256
1419
1127
1329
1146
1275
1518
8381
1525
1616
1226
1267
782
625
436
409
474
489
832
1121
1305
1232
1263
1394
1432
1395
1448
1298
1546
1243
1602
1475
1639
1668
1731
1261
1072
638
471
450
447
440
880
1224
1552
1440
1290
1361
1262
1377
1450
1334
1089
1429
1501
1773
1569
1737
1670
1553
1228
683
641
461
429
484
1042
2235
1861
1749
1263
1161
1409
1482
1244
1289
1203
1158
1409
1686
1490
1513
1704
1380
1341
991
788
614
570
579
996
1420
1562
1273
1370
1280
1413
1254
1369
1232
991
1409
1863
1819
1679
1416
1475
1569
1953
1424
1452
1077
873
463
592
760
935
906
1203
1422
1368
1315
1183
1798
1337
1238
1460
1341
1433
1319
1509
1616
1349
1379
1177
1083
698
551
554
668
670
885
1174
1019
1346
1369
1267
1390
1176
1306
1190
1360
1236
1366
1215
1162
702
536
462
365
430
468
773
1132
1422
1589
1122
1145
1317
1230
1346
1213
1293
1175
1607
1396
1489
1654
1194
1226
905
642
536
363
416
482
969
1054
1585
1517
1432
1376
1329
1367
1466
1157
1331
1239
1411
1441
1735
1547
1554
1360
867
771
530
500
439
569
985
1430
1321
1469
1452
1419
1259
1473
1456
1354
1029
1248
1462
1694
1736
1694
1481
1499
934
1014
582
417
449
525
964
1391
1497
1362
1315
1273
1346
1191
1165
1119
1211
1255
1452
1720
1723
1502
1429
1643
1123
942
706
651
540
568
888
1094
1271
1234
1082
1034
1117
1131
1156
1118
1218
1329
1657
1396
1540
1421
1623
1449
1655
1259
1271
997
757
509
469
553
842
886
1183
1183
1283
1291
1259
1114
1143
1439
1456
1302
1353
1264
1260
1429
1448
1165
1059
1011
777
490
484
514
608
854
886
1225
1230
1322
1216
1203
1301
1240
1238
1288
1341
1072
1245
883
714
539
449
385
461
532
756
988
1187
1305
1168
1209
1232
1097
1254
1370
1086
1149
1299
1591
1505
1449
1232
1060
640
616
514
395
394
438
1046
1340
1299
1602
1186
1042
1136
1055
1218
1143
1164
1287
1338
1390
1541
1554
1433
1271
965
644
538
449
352
419
766
1026
1418
1674
1407
1307
1190
1444
1136
1120
1247
1142
1538
1600
1685
1568
1572
1211
1113
790
807
445
430
460
873
1044
1208
1454
1341
1173
1187
1351
1279
1350
1271
1285
1435
1613
1610
1545
1690
1407
1271
984
791
645
539
506
730
1214
1455
1446
1093
1091
1348
1213
1176
1285
1199
1389
1518
1619
1408
1316
1501
1531
1487
1275
1112
872
707
515
574
653
800
931
1029
1347
1115
1383
1529
1352
1275
1312
1417
1350
1518
1264
1280
1329
1294
1441
1200
1010
751
475
562
606
834
1035
1126
989
1301
1190
1221
1281
1107
1195
1532
1200
1337
1074
1302
1006
775
537
422
329
434
558
814
1275
1196
1340
1172
1112
1315
1525
1365
1183
1234
1514
1548
1486
1432
1432
1398
1021
673
570
506
373
387
450
749
1058
1399
1296
1143
1068
1406
1457
1282
1448
1095
1392
1698
1439
1672
1382
1357
1173
1043
685
515
377
426
515
854
1073
1575
1339
1193
1400
1469
1269
1263
1591
1070
1327
1343
1635
1633
1820
1545
1198
1069
805
510
499
447
534
994
1200
1495
1445
1412
1329
1212
1141
1299
1206
1551
1425
1405
1676
1738
1570
1683
1358
1081
1131
808
584
513
525
795
1030
1177
1395
1222
1267
1300
1187
1176
1458
1057
1406
1737
1585
1336
1580
1385
1361
1345
1203
1185
1075
828
501
548
602
676
846
947
1298
1102
1125
1301
1146
1536
1443
1458
1488
1351
1403
1274
1376
1445
1300
1201
1053
763
573
459
512
649
882
1032
995
1012
1150
1258
1128
1067
1089
1136
1080
1169
1290
1113
1012
654
509
467
323
445
479
881
1194
1171
1322
1210
920
1379
1078
1066
1280
988
1278
1294
1539
1270
1134
1105
1077
665
452
391
360
384
523
890
951
1332
1151
1469
1257
1101
1222
1384
1323
1277
1390
1580
1420
1507
1403
1253
1277
818
678
553
544
371
505
862
1224
1223
1365
1133
1040
1291
1129
1116
1073
1129
1178
1462
1706
1552
1541
1612
1419
1076
776
476
474
447
497
898
1050
1302
1242
1050
1046
1394
1104
1174
1322
1136
1375
1666
1610
1502
1625
1654
1427
1240
958
598
488
500
541
856
1118
1400
1242
998
1027
1324
1097
1125
1286
997
1188
1538
1639
1344
1476
1520
1331
1255
1232
1185
952
676
563
589
740
791
979
1170
1111
1171
1105
1085
1343
1264
1203
1519
1445
1188
1416
1482
1566
1462
1363
1218
1015
635
418
432
831
728
865
1129
1287
1075
1143
1327
1156
1283
1148
1183
1180
1365
1325
1250
956
713
560
463
364
336
458
780
971
1360
1220
1173
1080
1202
1069
1150
1367
994
1414
1554
1323
1405
1366
1201
1112
828
545
458
384
322
460
925
1119
1505
1316
1210
1201
1118
1407
1202
1113
1077
1208
1343
1663
1670
1415
1380
1333
924
535
427
411
440
447
780
1061
1464
1248
1240
1151
1159
1193
1228
1122
1041
1392
1579
1692
1471
1358
1592
1059
972
578
498
421
422
499
887
1394
1460
1561
1152
1276
1638
1280
1454
1221
1049
1499
1396
1685
1655
1680
1506
1485
1228
975
831
583
527
494
894
1133
1131
1204
1419
1203
1403
1389
1484
1151
1279
1232
1320
1349
1444
1403
1379
1230
1177
1221
1025
744
614
421
601
586
809
947
1123
1158
1040
1283
1184
1097
1266
1129
1147
1482
1168
1194
1408
1394
1215
1170
997
914
685
476
421
491
563
689
899
922
1217
1180
1057
1032
1093
1238
1293
1079
1024
1241
1032
1007
882
743
789
492
495
376
553
461
607
670
862
1102
1181
1294
1303
1291
1060
1120
1398
1165
1288
1124
1203
934
618
540
364
367
438
431
945
1215
1282
1290
1229
1332
1398
1322
1356
1499
1152
1275
1653
1703
1490
1359
1311
951
1182
533
497
349
395
531
986
1455
1384
1510
1415
1347
1444
1327
1358
1273
1254
1392
1582
1802
1585
1753
1813
1176
945
657
475
524
494
565
941
1433
1513
1347
1443
1159
1295
1482
1201
1272
1196
1314
1548
1568
1793
2014
1576
1629
1249
913
699
575
472
512
902
1258
1468
1487
1161
1262
1440
1373
1280
1178
937
1364
1622
1830
1849
1646
1737
1445
1359
1296
1132
1140
818
509
592
748
802
1215
1394
1324
1494
1351
1431
1582
1275
1488
1717
1633
1552
1459
1574
1552
1759
1533
1153
1076
683
455
460
598
1195
867
1068
1170
1280
1752
1267
1332
1415
1529
1288
1262
1338
1345
1046
1206
829
637
485
377
410
421
707
968
1378
1461
1291
1141
1175
1155
1390
1183
1280
1402
1527
1594
1419
1230
1243
1265
726
566
495
397
385
421
827
1332
1460
1379
1563
1398
1219
1226
1206
1203
1251
1245
1456
1757
1501
1666
1476
1427
875
851
860
399
390
454
799
1485
1335
1572
1425
1601
1516
1420
1516
1176
1068
1276
1435
1680
1519
1485
1463
1300
1189
651
596
524
386
539
832
1483
1588
1525
1253
1329
1411
1423
1461
1230
1196
1347
1500
1556
1599
1696
1702
1616
1573
816
825
601
523
564
922
1464
1420
1261
1437
1136
1253
1298
1416
1217
1407
1333
1757
1768
1531
1521
1912
1523
1669
1501
1236
1084
670
467
513
796
1105
1178
1243
1545
1288
1702
1561
1440
1428
1357
1834
1721
1637
1859
1684
1653
1649
1417
1283
1140
746
452
574
702
742
1265
1426
1510
1428
1308
1426
1534
1321
1352
1369
1472
1261
1084
1134
1046
715
543
377
409
433
549
794
1407
1266
1535
1259
1266
1270
1302
1375
1202
1247
1413
1456
1548
1571
1559
1232
1001
927
599
469
380
390
584
842
1217
1545
1294
1297
1150
1176
1181
1557
1443
1181
1352
1551
1682
1617
1532
1484
949
862
570
541
384
445
500
719
956
1373
1152
1129
1035
1126
1321
1384
1166
1341
1481
1708
1774
1797
1498
1364
1336
964
576
549
384
459
519
961
916
1132
1088
1156
1175
980
1037
1007
1075
997
1398
1376
1277
1318
1283
1238
1290
1215
814
751
498
538
485
869
1301
1088
1180
963
1153
1002
1194
1052
1180
1128
1472
1525
1664
1451
1425
1791
1513
1374
1189
1051
874
770
490
596
830
1077
1209
1356
1229
1526
1383
1457
1578
1339
1545
1464
1503
1596
1381
1547
1807
1789
1632
1413
1003
737
532
620
680
922
1168
1193
1459
1626
1488
1336
1431
1349
1432
1195
1492
1103
1381
1120
1118
733
532
402
422
427
548
774
1352
1106
1574
948
976
1121
1221
1060
1262
1219
1146
1356
1390
1628
1436
1353
961
817
614
460
348
376
499
847
1404
1258
1193
1076
1171
1143
1219
1317
1688
1064
1342
1575
1612
1379
1441
1538
1183
910
680
544
422
392
492
845
1427
1277
1542
1145
1145
1272
1359
1390
1081
1225
1212
1590
1658
1553
1702
1649
1217
1013
645
732
423
466
650
987
1235
1574
1336
1155
1264
1459
1177
1196
1374
957
1451
1611
1679
1771
1504
1759
1889
1128
804
751
502
502
508
828
1449
1501
1553
1200
1384
1318
1176
1416
1375
1009
1415
1650
1526
1747
1621
1676
1399
1501
1204
1161
1049
555
452
498
605
868
1211
1286
1380
1566
1324
1689
1429
1367
1567
1519
1518
1590
1406
1618
1646
1826
1323
1375
1139
873
527
478
620
660
998
1229
1342
1530
1329
1234
1211
1188
1286
1605
1390
1295
1297
1078
846
576
516
350
302
350
440
878
1113
1252
1204
1050
1056
1301
1178
1345
1238
1336
1270
1676
1653
1424
1320
1141
901
864
486
424
387
372
552
813
1369
1497
1180
1167
1115
1128
1344
1350
1429
1274
1294
1647
1591
1444
1441
1786
1385
801
718
488
470
405
474
838
1380
1518
1544
1165
1570
1168
1268
1362
1145
1293
1407
1756
1718
1814
1486
1539
1411
1007
991
542
453
473
519
889
1740
1571
1398
1180
1464
1201
1408
1360
1386
1222
1240
1779
1565
1736
1490
1544
1419
1324
994
709
528
412
491
1001
1181
1558
1346
1365
1286
1287
1316
1427
1269
1297
1447
1607
1546
1468
1418
1402
1728
1389
1439
1243
939
811
451
680
626
1001
1123
1417
1377
1349
1541
1544
1609
1426
1772
1464
1493
1442
1676
1755
1783
1450
1367
1387
1286
764
555
518
638
1123
1043
1235
1354
1314
1498
1434
1363
1372
1389
1321
1493
1242
1362
1110
1115
909
641
537
478
411
514
652
1059
1282
1142
1125
1208
1288
1246
1286
1178
1401
1382
1660
1526
1287
1271
1132
1067
876
516
433
415
382
544
880
1418
1502
1377
1241
1363
1380
1186
1284
1378
1122
1278
1710
1557
1589
1507
1290
1207
958
507
478
406
361
453
828
1224
1534
1261
1456
1256
1428
1176
1604
1238
1032
1545
1742
1552
1814
1716
1660
1373
858
624
488
418
401
468
1017
1325
1564
1326
1487
1446
1240
1216
1537
1373
1196
1468
1448
1685
1553
1907
1680
1708
1267
825
748
558
422
510
806
1526
1463
1528
1400
1303
1295
1362
1371
1360
1061
1264
1515
1820
1592
1705
1641
1785
1401
1383
1388
989
865
603
619
638
909
1409
1415
1541
1550
1604
1558
1394
1576
1677
1792
1782
1779
1629
1636
1671
1603
1581
1176
943
835
586
472
645
897
967
1310
1546
1375
1555
1322
1459
1153
1551
1324
1287
1435
1374
987
875
773
480
480
346
455
451
964
1375
1569
1443
1163
1112
1170
1162
1311
1445
1108
1306
1491
1625
1540
1505
1539
1238
683
619
459
338
357
489
873
1198
1368
1778
1334
1319
1159
1265
1493
1193
1031
1342
1524
1733
1707
1401
1471
1345
931
577
512
432
409
439
815
1175
1474
1383
1159
1338
1562
1181
1409
1251
1239
1344
1532
1668
1488
1720
1671
1483
912
1055
480
406
449
685
873
1506
1324
1561
1481
1247
1238
1536
1291
1399
1265
1480
1664
1601
1636
1873
1562
1527
1354
906
637
563
446
500
998
1444
1407
1509
1275
1234
1290
1351
1250
1149
1390
1242
1740
1618
1956
1722
1602
1745
1433
1467
1442
1097
859
623
672
815
1079
1061
1327
1248
1626
1425
1453
1388
1330
1305
1711
1698
1539
1368
1667
1745
1577
1448
1367
952
661
462
448
550
822
1187
1152
1257
1534
1505
1545
1235
1565
1226
1476
1329
1133
1397
1194
1040
856
480
425
372
629
479
955
1116
1317
1196
1199
1078
1211
1316
1561
1510
1061
1314
1471
1573
1543
1636
1334
960
697
493
483
327
360
422
934
1308
1461
1340
1354
1074
1228
1387
1485
1471
1140
1349
1551
1751
1830
1658
1413
1377
1003
822
489
457
429
776
804
1329
1495
1460
1260
1317
1513
1539
1490
1436
1238
1203
1345
1494
1673
1625
1516
1423
1067
619
490
363
443
499
949
1581
1663
1266
1280
1326
1397
1218
1298
1292
1089
1396
1703
1522
1680
1581
1720
1396
1376
999
750
520
474
450
877
1339
1387
1403
1477
1237
1336
1317
1328
1332
1325
1518
1774
1726
1894
1897
1724
1541
1588
1571
1329
1084
890
570
587
664
859
1052
1161
1186
1530
1529
1448
1498
1415
1510
1465
1552
1644
1593
1680
1828
1559
2692
1264
1263
816
597
712
635
781
883
1138
1097
1229
1373
1342
1322
1419
1157
1341
1356
1441
1168
1103
875
721
567
420
343
356
551
976
1396
1540
1326
1411
1168
1115
1392
1320
1184
1395
1169
1434
1318
1349
1572
1173
1207
809
521
423
498
418
506
937
1279
1438
1197
1332
1319
1143
1285
1217
1170
1140
1328
1540
1426
1435
1600
1474
1297
941
605
453
438
391
518
843
1382
1413
1435
1271
1133
1296
1686
1360
1157
1224
1262
1444
1668
1502
1743
1672
1227
1074
605
547
375
431
608
975
1359
1474
1262
1238
1443
1450
1252
1345
1301
1087
1529
1485
1587
1757
1773
1583
1471
1225
1058
1250
463
532
475
957
1259
1300
1311
1207
1193
1386
1431
1256
1348
1451
1311
1798
1682
1530
1514
1643
1687
1586
1401
1161
1133
757
552
662
803
1116
1232
1358
1492
1344
1562
1374
1605
1273
1461
1793
1758
1422
1366
1683
1741
1443
1379
1248
1018
874
489
538
651
756
1208
1212
1548
1291
1407
1379
1622
1374
1297
1472
1269
1332
1284
1188
925
680
484
443
392
390
537
837
1418
1257
1327
1337
1080
1058
1195
1401
1207
1256
1502
1719
1398
1434
1487
1797
1026
646
507
418
408
339
498
966
1474
1472
1452
1280
1396
1247
1257
1404
1144
1136
1315
1519
1533
1460
1837
1320
1269
942
739
478
425
496
481
868
1236
1382
1377
1244
1113
1365
1182
1377
1467
1144
1410
1647
1704
1675
1816
1552
1135
824
616
535
385
426
513
795
1346
1407
1191
1218
1315
1414
1252
1247
1447
1340
1429
1686
1552
1877
1752
1690
1418
1089
963
582
516
549
507
961
1236
1669
1337
1401
1170
1361
1467
1294
1371
1095
1229
1695
1825
1740
1861
1808
1600
1492
1298
1180
890
709
498
482
723
864
1304
1193
1242
1536
1539
1705
1567
1195
1340
1588
1739
1755
1441
1777
1777
1672
1537
1405
1308
869
510
539
546
690
932
1595
1234
1354
1262
1394
1362
1387
1584
1292
1187
1094
1027
1106
800
764
529
436
597
623
463
875
1469
1219
1156
1067
1259
1213
1226
1184
1208
1255
1333
1718
1559
1620
1474
1412
970
844
505
412
350
369
441
793
1469
1447
1325
1360
1100
1147
1319
1494
1505
1178
1292
1621
1578
1683
1789
1349
1152
825
636
535
348
401
429
825
1565
1381
1523
1136
1360
1371
1241
1522
1562
996
1436
1583
1706
1586
1684
1672
1165
1071
741
595
421
419
494
810
1319
1556
1306
1267
1337
1672
1418
1242
1254
1023
1417
1612
1616
1989
1641
1589
1439
1047
750
639
478
567
630
853
1529
1335
1260
1279
1245
1347
1310
1455
1164
1026
1330
1776
1693
1516
1667
1799
1789
1381
1486
1388
904
697
657
614
758
1006
1349
1396
1265
1400
1515
1523
1348
1358
1313
1466
1591
1582
1602
1525
2043
1628
1570
1347
1210
708
497
596
605
771
1090
1071
1189
1299
1299
1585
1547
1285
1280
1523
1493
1172
1231
908
893
707
513
353
594
394
513
761
1139
1298
1307
1583
1227
1271
1152
1455
1431
1306
1316
1530
1685
1384
1669
1230
957
931
509
434
330
454
466
935
1378
1392
1320
1210
1116
1541
1392
1294
1218
1295
1478
1615
1622
1579
1822
1401
1281
1139
770
572
514
475
478
894
1049
1423
1226
1377
1215
1281
1367
1250
1208
1118
1588
1375
1281
1166
1128
1234
997
1041
978
793
671
570
547
891
661
642
856
795
975
987
961
1129
1223
895
1108
871
956
1052
931
929
961
748
498
450
421
476
377
468
552
756
906
955
938
1010
1130
1151
1151
1545
1202
1301
1205
1004
1202
1128
1045
1076
1150
861
690
581
512
532
574
826
971
1142
1029
1254
1624
1419
1587
1506
1475
1558
1611
1512
1234
1491
1521
1252
1308
1073
1021
745
663
585
657
755
1037
1062
1119
1430
1321
1247
1442
1434
1466
1348
1308
1219
1212
1150
916
658
561
476
405
381
601
1000
1327
1460
1416
1209
1325
1194
1462
1308
1444
1291
1304
1540
1590
1435
1576
1192
915
725
618
530
460
476
575
833
1318
1436
1841
1497
1232
1352
1263
1562
1306
1083
1369
1453
1636
1693
1666
1725
1135
957
707
541
466
484
790
922
1346
1408
1592
1444
1273
1648
1496
1285
1349
1256
1233
1391
1513
1569
1563
1444
1359
911
666
578
549
524
682
991
1354
1517
1354
1735
1237
1293
1427
1419
1469
1367
1431
1522
1718
1628
1630
1626
1470
1200
897
763
556
493
541
903
1493
1559
1323
1499
1396
1456
1272
1581
1481
1317
1549
1670
1782
1613
1791
1979
1905
1584
1500
1386
1012
771
459
532
777
886
1320
1441
1282
1780
1444
1507
1785
1691
1429
1529
1673
1519
1445
1711
1660
1735
1728
1841
1595
781
572
506
670
718
1003
1299
1274
1690
1492
1763
1621
1410
1654
1450
1268
1231
1466
1143
993
756
550
404
641
412
562
889
1480
1533
1404
1263
1316
1411
1330
1247
1383
1197
1654
1611
1781
1602
1534
1445
1258
1015
582
480
470
460
534
1010
1372
1379
1343
1466
1161
1368
1204
1479
1286
1035
1328
1684
1645
1755
1620
1549
1328
907
833
613
495
429
565
882
1602
1576
1531
1289
1316
1380
1450
1459
1175
1119
1247
1619
1843
1729
2062
1526
1399
1136
758
612
530
475
540
1063
1586
1589
1351
1482
1189
1428
1423
1339
1220
1280
1512
1800
1644
1633
1871
1849
1722
1544
1202
802
570
510
551
807
1441
1580
1488
1198
1180
1315
1367
1304
1670
1044
1439
1838
1877
1696
1772
1600
1610
1540
1406
1480
1091
760
459
589
718
882
1169
1529
1366
1659
1551
1746
1442
1395
1298
1723
1584
1364
1673
1651
1490
1635
1671
1447
1199
768
628
632
569
783
992
1184
1401
1579
1366
1333
1341
1437
1181
1327
1236
1223
1103
1011
868
716
579
534
435
413
521
886
1291
1595
1546
1424
1183
1399
1311
1455
1281
1340
1297
1631
1755
1492
1511
1486
1281
767
713
517
403
438
570
870
1212
1611
1446
1446
1280
1409
1612
1651
1437
1370
1623
1530
1697
1743
1689
1853
1407
1161
876
602
473
474
599
1003
1588
1467
1725
1309
1561
1402
1507
1608
1377
1210
1329
1579
1647
1692
1768
1791
1616
1334
786
606
589
518
607
861
1423
1625
1425
1557
1377
1618
1563
1385
1426
1187
1223
1660
1752
1760
1750
1566
1786
1414
1064
974
773
619
565
899
1294
1642
1371
1460
1299
1374
1359
1585
1301
1147
1445
1806
1866
1717
1672
1717
1687
1726
1655
1236
1271
985
634
653
744
913
1262
1295
1687
1689
1503
1513
1683
1420
1573
1605
1611
1661
1496
1591
1822
1861
1704
1321
1076
1014
678
578
672
891
1161
1191
1564
1420
1624
1340
1353
1518
1329
1484
1553
1503
1165
1387
1031
817
695
505
473
500
599
1008
1290
1274
1381
1143
1150
1533
1463
1574
1451
1384
1259
1728
1467
1326
1350
1433
1046
983
740
650
428
463
522
708
1084
1310
1532
1550
1369
1225
1648
1366
1179
1369
1273
1583
1576
1552
1415
1314
1143
1013
760
750
500
553
528
847
1176
1124
1347
1400
1243
1513
1546
1478
1344
1048
1321
1403
1399
1251
1098
1134
1141
867
817
669
467
446
459
632
892
1015
1192
1102
1281
1371
1523
1294
1278
1194
1184
1242
1028
1127
1051
1241
996
1028
795
630
636
560
469
398
536
477
708
812
748
1046
939
815
1116
1092
981
875
977
927
901
912
807
615
554
546
410
356
395
448
511
615
641
930
880
1116
1055
1158
1249
1282
1058
1286
1218
960
1016
1219
1148
1248
962
963
684
620
429
565
548
585
846
892
972
1037
1219
1064
1370
1215
1137
1094
1289
1098
1007
1007
958
781
602
559
512
468
459
618
720
1039
1153
1164
1182
1316
1266
1430
1278
1086
1352
1513
1521
1450
1113
1183
979
828
627
473
457
364
515
688
867
933
1109
1029
1053
1150
1219
1409
1463
1169
1269
1337
1246
1261
1459
1408
1102
1066
722
574
465
455
429
729
692
891
1264
1036
1104
1046
1214
1192
1358
1117
1279
1322
1301
1490
1290
1669
1744
1301
994
699
667
578
467
707
748
980
958
1047
1269
1350
1383
1279
1311
1377
1463
1292
1420
1645
1716
1683
1377
1754
1973
1598
1424
1167
904
637
697
728
716
698
964
1331
1231
1381
1159
1039
1136
1367
1175
979
990
1251
1113
896
752
697
670
533
475
567
533
681
837
918
1074
1205
1324
1292
1499
1379
1435
1702
1465
1203
1238
1518
1343
1347
1333
1010
822
637
466
511
507
634
1008
1161
1190
1188
1317
1216
1280
1233
1621
1337
1245
1261
1155
876
839
679
449
424
395
394
438
944
1262
1482
1394
1075
1090
1107
1104
1172
1426
1346
1286
1456
1407
1285
1185
1063
792
755
631
477
369
355
627
1006
1525
1587
1515
1399
1090
1172
1092
1251
1387
1155
1489
1555
1415
1527
1559
1075
919
763
526
468
442
412
439
776
1201
1642
1398
1190
1057
1351
1277
1250
1417
1108
1382
1630
1505
1579
1497
1427
928
710
539
509
439
404
571
962
1259
1514
1297
1132
1215
1320
1146
1252
1383
1101
1570
1732
1708
1586
1423
1551
1385
908
770
560
494
417
558
786
1226
1330
1335
1198
1183
1194
1364
1321
1478
1199
1316
1546
1820
1434
1510
1759
1652
1386
1523
1209
936
802
461
582
680
931
1207
1434
1438
1536
1386
1485
1433
1414
1367
1456
1595
1574
1384
1683
1456
1792
1380
1319
1012
825
489
487
574
698
1083
1157
1208
1461
1462
1256
1556
1381
1407
1293
1070
1281
988
954
881
577
487
450
342
411
473
886
1286
1368
1463
1294
1053
1299
1106
1360
1465
1172
1516
1478
1636
1370
1510
1168
1059
780
482
481
405
397
522
985
1300
1510
1667
1348
1358
1311
1412
1439
1386
1180
1381
1739
1494
1462
1483
1592
995
907
540
510
409
421
529
1027
1475
1549
1413
1355
1236
1344
1267
1419
1307
1146
1575
1617
1888
1740
1605
1555
1293
809
694
541
458
396
523
1023
1352
1544
1571
1297
1198
1476
1373
1532
1582
1158
1486
1733
1651
1558
1559
1710
1331
1169
737
640
558
513
496
801
1541
1703
1362
1321
1251
1254
1452
1667
1537
1333
1555
1693
1713
1581
1698
1754
1705
1437
1404
1087
894
668
468
496
718
813
1000
1179
1486
1373
1513
1462
1399
1619
1485
1628
1568
1440
1388
1602
1850
1573
1552
1382
1192
867
543
558
618
681
858
1213
1189
1520
1395
1469
1522
1307
1484
1589
1381
1239
1271
1093
1154
915
824
580
501
419
401
583
736
1104
1090
1252
1407
1266
1599
1457
1384
1292
1593
1608
1637
1297
1171
1112
1051
683
523
357
409
409
476
881
1437
1563
1541
1356
1220
1528
1441
1300
1322
1213
1373
1608
1831
1485
1528
1538
980
804
679
473
462
422
589
840
1444
1775
1354
1231
1238
1264
1390
1558
1510
1168
1462
1610
1819
1533
1831
1466
1291
806
640
498
431
433
522
896
1282
1675
1384
1252
1434
1255
1288
1383
1303
1212
1730
1826
1907
1647
1781
1764
1295
1149
819
737
540
515
580
999
1320
1542
1546
1523
1423
1272
1345
1558
1399
1406
1618
1727
1902
1667
1645
1501
1705
1357
1065
820
728
566
410
414
369
478
429
471
419
473
447
336
299
262
220
241
193
195
210
218
183
195
197
178
171
252
192
206
306
397
444
613
811
926
844
942
1157
968
1105
1149
1193
922
1081
915
815
708
451
406
465
507
518
824
1120
1198
1211
1039
946
931
1012
1030
1037
1228
1206
1275
1508
1227
1295
1370
1207
721
540
483
389
432
557
830
1160
1244
1142
1312
1209
1048
1037
1341
1164
1027
1393
1631
1358
1409
1459
1385
1262
825
661
536
399
476
567
866
1232
1381
1430
1269
1100
1328
1279
1154
1248
1110
1319
1698
1569
1726
1630
1625
1212
897
630
489
484
413
516
1040
1344
1663
1328
1217
1251
1378
1379
1220
1382
1258
1302
1621
1626
1896
1815
1507
1505
1140
762
818
525
498
515
828
1191
1563
1491
1431
1122
1239
1276
1259
1253
1376
1434
1611
1847
1602
1518
1877
1568
1699
1617
1316
956
725
565
585
655
852
1226
1700
1506
1343
1422
1482
1382
1278
1608
1843
1757
1453
1768
1854
1895
1660
1474
1265
1072
802
647
538
541
897
923
1111
1386
1548
1446
1313
1248
1294
1304
1402
1204
1068
1046
1017
762
758
577
424
374
447
555
882
1195
1369
1476
1179
1218
1111
1208
1279
1494
1414
1461
1692
1722
1415
1507
1425
1000
665
582
535
401
409
548
853
1393
1654
1428
1228
1275
1342
1275
1426
1501
1300
1473
1524
1563
1693
1788
1610
1167
912
643
448
423
494
562
963
1472
1471
1371
1267
1245
1317
1348
1435
1596
1235
1513
1440
1505
1717
1359
1536
1171
795
739
581
387
413
554
837
1283
1501
1405
1352
1321
1298
1275
1278
1375
1170
1533
1593
1650
1781
1591
1692
1297
1033
761
718
565
474
628
893
1296
1590
1463
1182
1136
1385
1268
1361
1297
1222
1484
1776
1795
1739
1717
1573
1535
1583
1357
1158
928
821
459
587
624
1010
1179
1177
1390
1425
1454
1583
1578
1372
1716
1821
2050
1544
1620
1620
1868
1516
1723
1253
1184
857
515
547
604
740
892
1089
1426
1259
1326
1318
1260
1492
1540
1612
1055
988
1119
1635
1100
699
544
442
392
430
565
994
1393
1414
1561
1126
1059
1156
1094
1246
1456
1144
1486
1578
1511
1589
1387
1168
1004
648
588
410
361
359
547
912
1301
1466
1514
1111
1164
1344
1259
1458
1311
1396
1375
1729
1556
1870
1516
1528
999
929
639
468
431
396
510
1013
1253
1494
1568
1247
1325
1356
1528
1381
1343
1465
1543
1609
1717
1605
1758
1586
1281
1032
688
529
546
440
617
909
1438
1454
1618
1282
1297
1545
1549
1660
1392
1457
1553
1690
1784
1912
1959
1643
1397
1063
733
611
560
571
577
860
1491
1768
1585
1506
1274
1550
1375
1507
1419
1243
1416
1712
1822
1756
1753
1919
1616
1575
1395
1273
1070
761
525
508
693
808
1161
1257
1417
1781
1643
1670
1536
1462
1542
1896
1972
1660
1457
1594
1537
1512
1218
987
841
646
431
573
599
808
1004
1245
1444
1536
1495
1522
1607
1432
1536
1798
1846
1371
1352
1281
1303
1155
928
726
567
451
516
566
756
1070
1335
1326
1244
1582
1556
1618
1618
1292
1390
1508
1341
1435
1385
1192
1016
718
644
536
411
421
546
1003
1315
1643
1605
1265
1349
1543
1648
1455
1416
1110
1205
1606
1479
1520
1466
1304
1231
916
607
475
416
466
552
830
1315
1409
1323
1222
1187
1451
1309
1511
1354
1193
1316
1592
1787
1575
1528
1432
1246
947
633
529
459
492
574
1036
1230
1536
1385
1285
1365
1329
1495
1425
1347
1232
1416
1978
1661
1747
1849
1569
1606
1268
983
713
618
522
663
1063
1246
1523
1373
1447
1353
1353
1464
1382
1533
1266
1683
1816
1722
1740
1683
1694
1844
1669
1299
1131
1136
735
496
578
653
804
1083
1398
1465
1559
1415
1376
1327
1251
1438
1610
1657
1650
1525
1731
1640
1734
1642
1337
1279
807
565
499
598
706
1121
1039
1148
1365
1362
1380
1484
1468
1479
1447
1494
1225
1328
1035
986
622
497
411
449
403
569
855
1266
1382
1509
1145
1206
1337
1304
1242
1417
1149
1304
1719
1539
1529
1373
1214
1215
804
546
483
378
403
596
946
1291
1717
1333
1443
1244
1326
1657
1384
1568
1233
1529
1684
1846
1786
1710
1519
1170
775
546
448
384
421
547
1097
1360
1534
1397
1391
1522
1624
1455
1297
1447
1185
1382
1585
1545
1676
1770
1429
1183
932
792
647
435
411
499
860
1340
1660
1397
1395
1187
1255
1502
1774
1420
1297
1398
1844
1620
1716
1739
1583
1507
1159
812
660
666
552
554
872
1530
1562
1357
1500
1443
1534
1629
1398
1437
1317
1437
1779
1751
1724
1847
1753
1675
1455
1541
1370
838
798
487
615
706
957
1186
1480
1418
1387
1479
1351
1472
1549
1604
1673
1825
1466
1664
1624
1626
1660
1489
1326
1050
825
518
584
625
677
1001
1405
1284
1551
1426
1608
1363
1452
1456
1529
1301
1070
1039
1069
981
1099
529
407
461
469
516
827
1231
1520
1216
1348
1190
1364
1326
1402
1189
1135
1325
1806
1449
1664
1402
1151
917
769
623
443
360
385
522
839
1279
1715
1329
1315
1128
1433
1288
1323
1275
1390
1360
1622
1613
1556
1803
1563
1032
767
564
423
466
430
490
873
1314
1698
1531
1200
1334
1227
1445
1467
1524
1221
1504
1902
1720
1742
1704
1536
1229
1064
586
467
389
419
607
878
1411
1528
1613
1314
1269
1514
1332
1415
1337
1457
1570
1729
1716
1738
1645
1583
1437
998
988
570
493
462
522
897
1301
1738
1413
1605
1314
1339
1224
1516
1473
1211
1434
1824
1795
1647
1729
1582
1744
1680
1443
1366
1087
821
532
598
788
851
1043
1327
1490
1462
1659
1687
1511
1347
1734
1846
1815
1707
1599
1679
1620
1480
1708
1236
1146
936
596
577
660
921
1120
1162
1489
1559
1554
1412
1308
1272
1571
1364
1249
1394
1065
928
924
775
493
414
401
385
604
854
1350
1582
1351
1124
1089
1139
1177
1465
1457
1349
1335
1602
1422
1353
1309
1192
953
727
510
489
387
382
474
874
1325
1299
1540
1348
1120
1260
1228
1469
1277
1330
1559
1824
1604
1720
1682
1508
1049
904
615
483
495
454
499
827
1251
1365
1601
1366
1201
1206
1466
1319
1266
1379
1582
1785
1537
1591
1587
1506
1239
1131
657
501
457
493
601
933
1266
1386
1407
1227
1220
1407
1310
1482
1447
1183
1338
1727
1686
1568
1579
1746
1367
1089
1031
627
515
537
519
885
1225
1609
1289
1217
1203
1259
1481
1351
1284
1368
1446
1791
1750
1635
1795
1621
1828
1645
1459
1147
1058
739
516
573
783
884
1200
1404
1449
1513
1507
1538
1466
1533
1664
1781
1846
1475
1519
1544
1646
1790
1401
222
1349
1033
636
553
617
759
938
1097
1270
1341
1354
1612
1556
1321
1437
1278
1256
1239
1272
1173
973
675
495
460
366
410
506
1081
1345
1533
1370
1241
1354
1409
1502
1512
1436
1284
1451
1786
1863
1548
1527
1490
1251
739
540
517
360
370
559
993
1279
1628
1539
1422
1352
1442
1229
1350
1277
1298
1416
1539
1750
1675
1702
1629
1185
829
681
520
441
471
483
851
1299
1657
1321
1276
1307
1419
1280
1299
1345
1106
1758
2040
1645
1553
1586
1468
1505
845
620
525
448
460
593
970
1414
1336
1341
1125
1140
1288
1299
1483
1455
1212
1369
1735
1790
1738
1705
1592
1637
1287
1118
672
624
582
579
1035
1302
1437
1350
1373
1414
1309
1479
1502
1336
1178
1429
1554
1705
1613
1662
1800
1614
1706
1441
1315
1015
657
529
655
676
916
1045
1341
1500
1594
1626
1409
1433
1503
1676
1611
1830
1676
1653
1549
1693
1608
1445
1555
1057
806
482
642
669
960
935
1321
1285
1417
1564
1522
1485
1538
1402
1539
1492
1301
1438
1016
1000
664
490
499
374
437
574
946
1138
1335
1428
1030
1151
1286
1318
1340
1321
1179
1371
1562
1404
1409
1372
1208
968
803
588
497
374
465
500
798
1183
1448
1350
1376
1097
1299
1371
1413
1197
1249
1367
1597
1479
1729
1617
1597
1038
807
589
493
440
460
503
1012
1210
1386
1343
1515
1147
1265
1497
1236
1308
1149
1384
1530
1567
1594
1520
1772
1540
1059
711
538
510
492
598
952
1217
1490
1319
1445
1346
1442
1262
1350
1216
1248
1327
1605
1711
1745
1619
1551
1640
1200
1146
840
596
620
520
810
843
1231
1275
1213
1242
1534
1406
1540
1454
1217
1356
1619
1585
1630
1382
1509
1509
1500
1485
1077
1148
669
526
545
617
781
879
1099
1191
1344
1287
1279
1308
1444
1379
1677
1566
1412
1423
1412
1658
1640
1258
1705
799
443
464
599
826
921
1134
1469
1347
1268
1394
1249
1300
1438
1454
1317
1186
1146
1290
916
804
637
543
418
419
561
1017
1240
1410
1584
1242
1293
1431
1355
1297
1432
1137
1320
1616
1471
1734
1300
1193
1098
800
710
492
417
362
548
966
1210
1357
1340
1160
1412
1250
1278
1435
1206
1379
1399
1554
1651
1665
1802
1513
1136
844
691
432
486
437
527
971
1366
1590
1299
1249
1130
1236
1495
1259
1210
1213
1375
1728
1596
1600
1698
1499
1428
1080
808
547
431
413
507
821
1277
1428
1499
1254
1160
1240
1230
1298
1262
1126
1323
1591
1934
1552
1595
1676
1562
1269
848
622
525
528
592
828
1416
1604
1533
1332
1203
1352
1428
1294
1330
1312
1624
1785
1626
1613
1422
1770
1703
1605
1510
1260
990
678
543
693
690
868
1212
1371
1329
1575
1365
1393
1454
1369
1658
1640
1862
1576
1486
1575
1773
1669
1455
1315
1042
864
544
542
558
742
939
1230
1399
1478
1793
1475
1537
1367
1507
1417
1453
1245
1295
1284
904
702
489
461
462
393
540
830
1290
1468
1438
1223
1169
1244
1480
1455
1608
1300
1658
1560
1493
1645
1528
1159
1350
986
662
525
443
468
543
1086
1493
1557
1370
1412
1145
1463
1493
1253
1407
1208
1332
1578
1880
1822
1587
1657
1420
812
718
502
466
410
482
1110
1562
1541
1522
1268
1275
1242
1286
1342
1399
1158
1291
1608
1693
1802
1625
1657
1227
853
704
528
421
455
583
1020
1402
1489
1597
1568
1213
1312
1431
1318
1240
1303
1388
1853
1813
1703
1683
1713
1459
1151
982
626
561
541
557
874
1458
1627
1619
1440
1191
1386
1609
1403
1376
1448
1437
1769
1800
1867
1612
1878
1580
1566
1550
1205
1042
708
613
624
687
911
1207
1410
1407
1711
1647
1756
1658
1666
1566
1785
1618
1534
1425
1821
1846
1668
1446
1308
1262
746
550
540
575
790
994
1406
1526
1371
1420
1365
1312
1240
1591
1571
1568
1391
1126
1277
1106
630
637
438
411
478
557
968
1428
1518
1248
1128
1076
1261
1228
1428
1330
1282
1424
1639
1505
1420
1492
1322
952
842
537
490
371
410
512
1058
1565
1473
1338
1562
1175
1272
1264
1409
1209
1443
1298
1797
1659
1595
1818
1591
1194
978
723
549
398
473
506
1056
1270
1452
1394
1288
1200
1279
1249
1296
1488
1209
1506
1769
1618
1846
1751
1588
1266
1054
778
571
508
458
516
877
1273
1495
1428
1440
1251
1380
1456
1461
1434
1171
1408
1762
1723
1816
1926
1643
1404
1293
823
618
519
582
529
936
1278
1625
1361
1486
1412
1444
1309
1563
1416
1333
1389
1655
1747
1740
1810
1789
1726
1658
1287
1057
948
682
590
525
822
1081
1242
1294
1405
1402
1446
1518
1362
1526
1508
1698
1672
1837
1656
1638
1932
1468
1579
1228
993
965
504
640
832
996
1007
1265
1588
1428
1371
1307
1379
1333
1363
1606
1551
1377
1355
1088
1060
705
635
436
433
464
585
866
1420
1276
1428
1342
1344
1212
1323
1256
1297
1470
1438
1661
1523
1621
1383
1341
1008
856
626
518
437
451
499
834
1270
1429
1378
1413
1157
1169
1445
1515
1312
1374
1513
1603
1546
1738
1844
1633
1101
958
724
578
404
396
512
1056
1459
1384
1282
1161
1194
1298
1214
1524
1260
1103
1343
1481
1625
1781
1805
1615
1305
901
632
568
488
526
493
916
1308
1365
1233
1472
1238
1511
1351
1380
1479
1279
1198
1405
1505
1656
1764
1588
1399
1258
821
790
622
481
627
798
1176
1360
1488
1142
1411
1422
1157
1549
1501
1093
1293
1624
1422
1463
1573
1580
1724
1683
1408
1197
865
737
484
514
792
884
998
1384
1396
1434
1259
1191
1411
1264
1500
1580
1467
1515
1371
1601
1597
1474
1557
1247
1148
924
495
522
757
713
851
1214
1291
1306
1413
1418
1213
1298
1320
1530
1359
1352
1102
1048
851
656
536
436
375
381
568
903
1382
1541
1321
1360
1118
1321
1270
1291
1237
1182
1433
1405
1568
1429
1445
1426
974
713
620
432
400
464
587
809
1431
1565
1316
1184
1435
1205
1242
1301
1433
1398
1250
1667
1476
1936
1506
1467
1282
799
743
460
428
403
613
834
1283
1516
1402
1164
1227
1446
1239
1235
1157
1125
1357
1685
1812
1552
1518
1611
1401
975
661
614
405
417
594
897
1245
1420
1448
1224
1314
1441
1245
1375
1477
1347
1625
1696
1624
1562
1607
1791
1614
1042
797
604
508
520
620
778
1434
1396
1387
1377
1402
1220
1291
1532
1485
1360
1690
1626
1760
1738
1609
1830
1442
1716
1313
1283
902
651
467
526
649
1003
1213
1186
1292
1334
1358
1404
1427
1423
1317
1807
1804
1523
1605
1596
1620
1693
1419
1185
1155
844
481
489
573
876
1072
1273
1270
1481
1444
1340
1434
1459
1361
1409
1274
1354
1114
991
883
811
541
404
357
377
608
809
1397
1507
1281
1123
1430
1207
1174
1424
1335
1403
1659
1504
1594
1505
1330
1249
1187
961
687
584
497
457
497
982
1344
1703
1544
1340
1368
1491
1403
1394
1502
1165
1435
1713
1891
1622
1664
1426
1344
788
716
482
397
443
474
1093
1545
1465
1381
1337
1370
1496
1320
1388
1585
1154
1445
1617
1728
1756
1661
1514
1497
891
820
626
403
443
617
912
1468
1657
1399
1273
1306
1328
1263
1408
1375
1161
1451
1764
1721
1851
1924
1738
1610
1320
1159
959
730
601
581
1141
1352
1507
1500
1355
1215
1365
1392
1467
1272
1294
1346
1570
1686
1597
1722
1603
1728
1377
1356
1015
1060
651
519
572
774
910
1311
1336
1492
1654
1645
1753
1657
1452
1642
1475
1586
1685
1397
1648
1580
1443
1562
1374
1089
825
474
515
600
726
1004
1226
1286
1611
1609
1541
1279
1286
1388
1260
1524
1313
1246
1069
870
720
624
417
404
504
517
921
1201
1424
1214
1305
1089
1127
1320
1256
1258
1224
1370
1589
1373
1610
1527
1249
956
853
582
479
429
401
502
1024
1539
1544
1228
1169
1129
1270
1211
1439
1234
1124
1541
1696
1634
1685
1531
1325
1337
851
592
555
438
396
560
1044
1516
1371
1288
1154
1161
1298
1255
1464
1284
1279
1435
1553
1698
1567
1517
1513
1472
903
685
558
480
451
505
834
1313
1603
1340
1379
1307
1488
1270
1282
1259
1025
1238
1811
1637
2032
1607
1605
1359
1050
834
609
591
570
577
889
1406
1428
1939
1267
1335
1376
1199
1294
1287
1051
1419
1338
1467
1428
1612
1477
1834
1514
1460
1177
872
734
548
626
807
1112
1254
1295
1583
1633
1521
1541
1413
1274
1373
1899
1576
1531
1441
1595
1898
1556
1380
1474
1189
760
609
540
631
949
1040
1430
1438
1642
1695
1501
1579
1492
1336
1389
1366
1614
1268
1335
953
857
646
429
355
404
590
974
1310
1370
1463
1383
1232
1254
1355
1313
1357
1371
1589
1828
1775
1707
1634
1569
1292
988
590
531
387
412
557
892
1257
1576
1581
1187
1187
1284
1233
1426
1237
1158
1397
1620
1909
1655
1551
1414
1248
951
773
587
465
404
646
1017
1297
1712
1515
1289
1165
1257
1226
1287
1067
965
1239
1600
1572
1652
1570
1517
1341
1077
705
642
545
511
556
857
1282
1547
1364
1388
1179
1304
1294
1444
1221
1231
1471
1609
1746
2028
1783
1691
1546
1177
1053
725
547
536
501
1086
1221
1543
1560
1227
1204
1284
1258
1372
1252
1359
1325
1531
1863
1780
1715
1721
1551
1640
1264
1190
1031
887
601
614
802
939
1152
1572
1496
1599
1661
1678
1510
1283
1617
1919
1817
1565
1491
1586
1840
1355
1440
1379
893
795
482
497
565
701
1171
1227
1393
1338
1408
1527
1251
1463
1462
1496
1467
1179
1098
1172
915
704
517
431
379
427
557
893
1216
1410
1243
1114
1025
1179
1185
1218
1325
1155
1357
1533
1404
1589
1386
1322
1005
721
545
455
469
429
561
923
1390
1584
1501
1193
1124
1348
1364
1561
1228
1410
1360
1487
1686
1469
1691
1398
1132
832
615
490
479
486
514
798
1232
1574
1468
1213
1157
1285
1462
1549
1451
1088
1270
1648
1593
1598
1654
1443
1572
948
730
554
473
531
517
1056
1385
1493
1299
1391
1140
1220
1454
1291
1159
1043
1274
1560
1613
1887
1521
1398
1334
1177
784
750
590
500
664
809
1335
1192
1492
1289
1199
1255
1410
1317
1177
1129
1422
1352
1385
1490
1432
1321
1257
1138
1093
906
758
641
512
562
637
907
1109
1185
1076
1214
1317
1186
1334
1103
1392
1432
1260
1223
1192
1194
1139
1168
1123
894
731
601
517
539
621
713
877
997
993
1093
1203
1331
1278
1056
1175
1307
1156
1117
1108
1301
1139
1117
769
667
620
514
497
487
508
614
650
797
896
1000
1023
1286
1109
1288
1312
1237
1257
1294
1012
1146
874
692
470
395
363
419
583
1007
1231
1390
1337
1218
1118
1190
1187
1282
1259
1115
1266
1506
1557
1370
1290
1153
953
724
590
483
437
446
475
1070
1385
1377
1452
1151
1287
1220
1229
1284
1399
1126
1575
1589
1470
1481
1556
1732
1195
877
668
526
504
420
596
843
1404
1372
1478
1225
1188
1245
1247
1478
1444
1071
1275
1634
1736
1902
1625
1745
1614
1115
972
639
535
444
580
833
1295
1639
1491
1322
1316
1237
1398
1486
1251
1091
1336
1641
1653
1427
1562
1557
1512
1382
1246
1267
857
658
449
510
770
955
1050
1255
1287
1592
1496
1405
1529
1396
1308
1535
1727
1403
1572
1518
1482
1419
1350
1141
961
846
588
449
670
736
971
1056
1419
1225
1420
1149
1331
1153
1265
1510
1601
1190
1168
1160
849
709
567
474
438
393
609
794
1171
1454
1232
1168
1074
1356
1305
1194
1263
1424
1406
1562
1684
1534
1623
1504
1015
859
595
462
404
403
496
859
1323
1382
1430
1272
1240
1267
1310
1339
1496
1102
1496
1495
1503
1582
1689
1558
1202
918
879
502
446
458
624
872
1415
1430
1305
1379
1359
1456
1414
1382
1218
1071
1168
1505
1488
1455
1662
1642
1464
1038
647
533
399
425
541
970
1238
1416
1401
1243
1196
1249
1461
1499
1371
1107
1234
1625
1540
1515
1596
1714
1335
1362
905
754
656
598
626
1025
1217
1387
1359
1198
1336
1284
1189
1281
1307
1213
1309
1474
1509
1468
1652
1559
1704
1512
1319
1050
1055
857
491
555
818
937
1090
1113
1133
1463
1348
1358
1220
1254
1404
1607
1578
1243
1526
1402
1606
1333
1284
1234
901
698
559
501
556
684
1118
1233
1276
1202
1249
1333
1134
1289
1259
1418
1190
1105
1209
1304
985
809
542
485
398
432
535
1018
1307
1420
1382
1109
1081
1174
1165
1408
1353
1085
1336
1470
1434
1417
1350
1354
1057
870
540
443
366
375
476
851
1422
1325
1270
1212
1142
1172
1357
1620
1469
1295
1404
1664
1680
1642
1711
1442
1238
1043
699
473
442
398
490
875
1176
1372
1442
1206
1367
1490
1430
1303
1244
1117
1230
1534
1516
1432
1779
1537
1345
1019
715
545
442
476
565
1000
1366
1673
1348
1315
1256
1269
1420
1313
1208
1183
1251
1679
1663
1508
1899
1524
1439
1258
895
635
537
557
632
774
1337
1501
1516
1181
1149
1271
1441
1250
1149
1062
1215
1547
1477
1395
1520
1681
1539
1525
1485
1229
1166
670
559
555
627
983
1030
1254
1170
1252
1308
1207
1175
1355
1264
1580
1509
1214
1380
1505
1391
1342
1175
1011
883
806
568
483
594
805
940
1073
1066
1319
1273
1302
1134
1273
1408
1241
1428
1147
1190
1110
1017
802
581
494
410
446
487
844
1284
1469
1398
1135
1125
1132
1382
1248
1350
1186
1276
1564
1431
1372
1359
1224
1061
768
577
485
433
438
550
883
1250
1346
1308
1180
1300
1599
1242
1444
1179
1284
1360
1523
1445
1508
1479
1605
1254
895
649
471
392
407
497
782
1287
1327
1214
1359
1273
1427
1437
1572
1199
1078
1370
1581
1660
1666
1756
1532
1414
970
794
594
522
483
512
842
1158
1606
1621
1234
1161
1283
1448
1341
1287
1088
1313
1781
1560
1415
1784
1469
1590
1192
1063
760
561
562
617
860
1267
1247
1498
1155
1327
1221
1351
1262
1331
1061
1365
1588
1633
1534
1427
1457
1552
1682
1500
1111
965
861
556
574
858
863
997
1171
1265
1238
1243
1315
1274
1189
1455
1501
1421
1463
1454
1360
1754
1614
1342
1099
990
725
476
586
707
920
921
1224
1136
1305
1334
1351
1232
1117
1154
1315
1162
1105
1113
1253
1021
857
764
504
494
520
614
1002
1073
1221
1239
1170
1211
1330
1169
1224
1171
1286
1447
1584
1638
1311
1744
1493
1070
982
646
424
387
480
566
1022
1350
1393
1388
1195
1196
1209
1295
1162
1228
1359
1253
1374
1386
1313
1642
1497
1239
853
745
542
502
452
471
946
1368
1316
1273
1180
1325
1170
1258
1225
1312
1091
1363
1412
1522
1494
1479
1457
1374
918
651
505
486
498
633
913
1118
1258
1297
1141
1132
1357
1199
1371
1183
1028
1141
1337
1382
1300
1460
1617
1439
