0.2650625718136694
0.2667564432503008
0.2664590049426747
0.26431264361204354
0.26296658716269133
0.26313445884512116
0.26334861971032936
0.26288400088260716
0.2624411582186091
0.2625994903924256
0.2630758060276153
0.2631871262559274
0.26291342650781807
0.26240525583812374
0.2618146529928091
0.2616316988146209
0.2616094742677829
0.26119765640728715
0.2611049373537488
0.26142750789965646
0.26167198020490556
0.26183668285617495
0.2618762538194971
0.26184639091404566
0.2618160379796139
0.2615432928136773
0.26132677413115374
0.26123694533122715
0.26122328466940364
0.26129796799251026
0.2614187231059114
0.2616005782886782
0.2618627075433681
0.26218293683061034
0.2623093420197527
0.26227157503624837
0.2622316390382164
0.2621592652885261
0.2622417260233301
0.2623954769376021
0.2626442773497347
0.2627594659231947
0.2629226656193571
0.2631135049624367
0.2633414584480966
0.2635626395321696
0.26376654040469066
0.2640139335215477
0.26420513641186677
0.26440698476172175
0.264550463274558
0.26468846412158464
0.2648722645989871
0.2649906608406001
0.26507472561879064
0.26519508429212874
0.2652814807636324
0.26536255799486913
0.2654438091065124
0.2655680027020153
0.2656866266640391
0.26575651362705266
0.26584867739579016
0.2659740733119892
0.2660321845902338
0.2660562582889405
0.2661870999636651
0.2663029250642079
0.266354078327617
0.26641026652862887
0.26643784961418954
0.2664640400601137
0.26642310360242427
0.2663964248593104
0.26635374461287337
0.2663350638560388
0.26633602525483896
0.266304052431754
0.26625246375669775
0.26622425786762366
0.266178894780507
0.2661492335891083
0.26608537910492064
0.26605755702118594
0.2660469877297952
0.26602707786351854
0.26598335896902914
0.26593933015905274
0.2659091269063057
0.26588716676900054
0.2658818282581514
0.26593455985378905
0.2659838594730291
0.2660799471924919
0.26617565689720113
0.2662484325355794
0.266300216604818
0.26633921504521246
0.26637909183882513
0.26636895237483615
