0.379551004468654
0.38023399164030885
0.38019120474304136
0.3792280762057502
0.3794377476785139
0.3779513251437981
0.37681168311310065
0.37743583689993965
0.37693854818494776
0.3760224348922743
0.3756817437134356
0.3754626384593258
0.3754768640733765
0.37539616980858065
0.37517966453698637
0.37492161255139855
0.3749008870477458
0.3749161276155293
0.37486445769096594
0.37454889725355656
0.37450359126967414
0.3744408886137479
0.37431501586501603
0.37446444709111115
0.37446555986560925
0.3742962439760752
0.37402102838322077
0.37385082290335764
0.37350640922355016
0.37338528878068133
0.3732444500932189
0.3732122734455075
0.3731415077705883
0.37303235548974406
0.3728015090428039
0.37276557320530246
0.3728864739326939
0.37297156824394395
0.37295803024599866
0.3728278391526791
0.3727037154055815
0.3725831194923081
0.37239198842856486
0.372201815939959
0.3721110558618926
0.3720722297531313
0.3720328664966334
0.3720552661385626
0.3719784219732892
0.37203991022501315
0.37206796806657616
0.3720333101271578
0.3719622128310897
0.37199936088756813
0.37205565967872933
0.3721832790637717
0.37223891350254423
0.3722944417650338
0.37219840301456236
0.37215144450452997
0.37209079646186466
0.37198866495160815
0.371891309835168
0.37185751720484883
0.37177033363794837
0.3717889468454851
0.37180421369149785
0.37178011612352635
0.37178779576742843
0.3717278932887596
0.37169285555725656
0.37162937337927293
0.37152363624346724
0.3714492980318233
0.3714886768171587
0.3715079892009663
0.3714851253398485
0.3714795307881455
0.37153068582247467
0.37155340067271625
0.37154163866941775
0.37153078739638395
0.3715520393843231
0.37154764690644926
0.37152210051838147
0.37138033937208464
0.37128764442367734
0.37126750031201905
0.37120393953497993
0.3711132910257318
0.3710044606702079
0.37089228204762453
0.37084904084087894
0.37084116756319696
0.3708361017650614
0.3708246165920297
0.3707943623388859
0.37080554426397644
0.37077187855694965
0.3707770459508455
0.3707692520401613
0.3707544933702738
0.3706867059959401
0.37065540639959066
0.3706372879883109
0.3705671733516658
0.37052203428637
0.3705521002031455
0.3705062830174185
0.37046642567078647
0.3704862212360321
0.37045071689993575
0.37047246704317693
0.3704361313538799
0.37045118730644155
0.370515346091896
0.3704558600137533
0.37037846329096086
0.3703813383353467
0.37035768331170943
0.37032600432268703
0.3703101063217622
0.3703214401940452
0.3702967441843629
0.3702889553702985
0.3702363601572643
0.37019263618278764
0.37020665045918305
0.3702068690045703
0.370171630930339
0.3701510965997295
0.37014485929710267
0.3701233609185845
0.37018528758433744
0.3701833073442351
0.37013481226635153
0.37006684222958636
0.3700424138992292
0.37001004272371385
0.37000237666075775
0.3699925245614186
0.36996991858777983
0.3699420848106097
0.3699465433680468
0.3699117687236841
0.3698919690561622
0.36988971243608165
0.3698813451577886
0.36986138503227833
0.3699070086574154
0.3699381842014799
0.3699426668326919
0.36991781605794083
0.36993008555665363
0.3699159592813624
0.36987850043735065
0.3698773963801371
0.36984797441460654
0.36978384031023154
0.36974491320495134
0.36972560898628803
0.36970844028400757
0.3696974188250877
0.3697154528120292
0.3697087068272462
0.36967193761478984
0.36964608805778904
0.36966698024981104
0.36964669138193457
0.3696531469114114
0.3696320220073915
0.3696153076409524
0.3695734251661226
0.36953382379297467
0.36953244326144924
0.36954947093691576
0.3695425235862417
0.36948770210302967
0.36949341438312283
0.3694974420629613
0.3695114028991608
0.3695211341773007
0.3695071592513102
0.369495932585839
0.3695066660647366
0.36949993025554767
0.3694677637721968
0.36946103444681
0.36942106474793623
0.3694079550388205
0.3693821017173278
0.36937632139240084
0.3693660171462209
0.3693411340754616
0.36932969690706996
0.3693024424935401
0.3692669216191337
0.3692614158900323
0.36926717165511275
0.369237456728913
0.3692235381044451
0.36920368890765115
0.36919605965774177
0.369195116434195
0.3691456798300468
0.3691325384279792
0.3691271344926038
0.36912652983073113
0.36911986620370263
0.3691134031670125
0.36911794659077946
0.3691064383646747
0.36908822058804935
0.3691029108895136
0.3691024915741842
0.36908693464857956
0.3690675823918219
0.36907189911160454
0.36909080398992383
0.3691015064244374
0.3690964003768447
0.36907517145967256
0.36907160849746895
0.3690574581522117
0.36910401641668994
0.36911755899810855
0.36911705953099505
0.36913505542489505
0.3691529250760829
0.36915814881912956
0.3691728982996039
0.36918146235372806
0.3691845571573699
0.3691720447472328
0.36917289663420233
0.3691649253979514
0.36915199951340466
0.3691578477740712
0.3691276694398751
0.36909255766664856
0.369073182961036
0.36905374728268037
0.369065154503015
0.3690511624388789
0.3690373171708515
0.36904133281135487
0.3690509634484505
0.36904746203892086
0.36904130409473745
0.3690445949182887
0.3690240608830308
0.36903879893117836
0.36903241762510686
0.36900900594799624
0.3689990324398069
0.36899043834483364
0.3689909013970812
0.3689932588552504
0.3689814429429809
0.3689642092391275
0.36894607791536027
0.36898093200530446
0.36900405262949576
0.3689982033760257
0.3689697616803532
0.36895235053333897
0.3689346639133033
0.36890686688208546
0.3689111341515397
0.3689120635811254
0.3688808297194392
0.368876010214821
0.36887702601395633
0.3688618252358002
0.36883603924696584
0.36883486170219926
0.3688246347101363
0.3688065130687709
0.3687951806320035
0.36878383034233775
0.3688013938115786
0.3688172561962549
0.3688063973383856
0.36876793587272827
0.3687605665473397
0.36874516757062825
0.36874039095982564
0.3687277634836061
0.3687084038169985
0.368708220726387
0.36871079617548236
0.3687161700580618
0.3686977817684231
0.368696690525197
0.36868363218344435
0.368689182881587
0.36867902932587654
0.3686833776922626
0.36868923290129535
0.36868396613583504
0.3687044274673524
0.36874510725933896
0.36876448311102356
0.3687733947752387
0.3687971566467173
0.3688349023766726
0.3688543658697675
0.36886905527188796
0.3688795142629882
0.36888063068845933
0.3688928545235793
0.3688836337847845
0.36889602742900124
0.3688952342355087
0.36891431667412333
0.36894861756185715
0.3689448079049946
0.3689434434396296
0.3689384320422274
0.3689398181946128
0.36893840029234815
0.3689582510093933
0.36897637363612534
0.36898090707161624
0.3689976367439227
0.36899739451971636
0.3689977090552953
0.368996828532287
0.369006747715363
0.36901956496840843
0.3690212292957443
0.36902045408409934
0.36902739537702484
0.36904329187631224
0.36905534818607505
0.3690561215649341
0.36905618618795893
0.3690835502258058
0.36909447886041913
0.36908069550350864
0.369084260727466
0.36908033071541085
0.3690847436056514
0.36911670200347274
0.369116812286242
0.3691066836637901
0.3691054816571454
0.369098221880652
0.3691097576232135
0.369112797884768
0.3691225535716463
0.36912513527926677
0.36912080034142686
0.369127553892842
0.36913171686371493
0.3691327404654776
0.3691315021066875
0.36914029155293515
0.36913429806840387
0.36911097393088677
0.36910292425215463
0.3690839132089155
0.3690810558079751
0.3691051781450771
0.36910455603481035
0.3690891476078049
0.36908404479938883
0.36907471452824503
0.36906958949974866
0.3690635199281841
0.3690558950285698
0.36906333921466883
0.3690653990586073
0.36906523782093364
0.3690509549919723
0.36904353974149945
0.36905438953725234
0.36904839968127845
0.36905300853173295
0.36902632500156907
0.36901141594545317
0.36901067484140504
0.36901858058718423
0.36900810657737826
0.3689881492856309
0.36897972440897914
0.3689664245538662
0.3689343909800731
0.368915090459213
0.36889067557773725
0.36888345862152433
0.3688843014242512
0.36887327248630974
0.36886513424646716
0.36884653581787696
0.36885893927210084
0.3688578217218119
0.3688597086152656
0.3688660377564165
0.36887335736069415
0.3688746187490836
0.36885942683886025
0.36886429767340373
0.368862836547692
0.3688747913223424
0.368868592745653
0.36885283447633016
0.3688469034517658
0.3688356993781445
0.36883583934974296
0.36882080014286395
0.36882660412235535
0.36881627439346987
0.36880327004391295
0.36880899687160223
0.3688061769747969
0.36882127030218914
0.368817431102206
0.36881119002003365
0.3688093288200009
0.36881337790833285
0.36882263356058204
0.3688314350026138
0.3688443862812888
0.3688410333891534
0.36883091055419204
0.3688126748834921
0.3688107066299646
0.3688127686276299
0.3688042788930243
0.36879766027933053
0.3688066199531804
0.36882115647357055
0.36881614821798503
0.36882258219312253
0.368824032370775
0.3688210131993793
0.368812322589362
0.3688125197226804
0.3688066590295758
0.36881328526445933
0.3688095225212937
0.36881307831821003
0.36880788073193765
0.3688011418681543
0.3687849253869028
0.36877992876527776
0.3687791275974355
0.36878300089187266
0.3687773134651699
0.36877126551572204
0.3687688136349535
0.3687761162826731
0.3687653966689764
0.368764297703481
0.3687631527436612
0.3687666719489699
0.3687530360003174
0.36874734169108536
0.3687359612065284
0.3687395574716443
0.3687168124076866
0.3686891434816278
0.3686754935192878
0.3686608284753513
0.3686630839257643
0.3686763658249328
0.36868561674166594
0.36866625835660943
0.36866876081735145
0.3686732526106018
0.3686433659979446
0.36862203019177736
0.3686061601304384
0.368582003725123
0.36857662389663587
0.3685707348819803
0.36855974654653584
0.36854812089163713
0.368538096506557
0.36853089271912776
0.36852451999153263
0.36852868830221475
0.3685216215434713
0.36850704353579045
0.3685051071182792
0.3684961129191906
0.3684972175206434
0.3685045176746272
0.3685030741182742
0.3685035742243221
0.36850604544676735
0.36850868358251176
0.3685047441695546
0.36850173075850196
0.36851199788057787
0.368508187990655
0.3684997323169323
0.3684978240769378
0.36849959389585396
0.36849097119053953
0.36849337259091397
0.36849783449463175
0.36848316419954447
0.36848334869991345
0.36848241962775713
0.3684832785936167
0.3684874523610014
0.36848725297794055
0.36848145686495715
0.3684658498459109
0.36845245745625194
0.3684617619253385
0.36846646820057216
0.36845997029176725
0.36845715611434515
0.3684556413724243
0.3684574577190982
0.36846118412401857
0.368468167756686
0.3684615339036009
0.3684553509825084
0.36844013633770195
0.3684438955987253
0.36844297988642244
0.3684408936676143
0.36844643728131027
0.36843763895429366
0.3684325034277725
0.36843945477305495
0.36844102659788536
0.3684317317471561
0.36842408305931873
0.36842714645205754
0.3684320814204114
0.36842999682171734
0.36842750875630215
0.3684315139863422
0.3684337154541496
0.3684377528895138
0.3684499904122209
0.36843730226986576
0.3684259078909438
0.36843004181446637
0.3684199604108396
0.36841548887821784
0.36840930077710937
0.36840427579726126
0.368409302095103
0.3684025796523452
0.36837980719092456
0.3683761189890138
0.36836980029716887
0.36836957771567147
0.3683587488789678
0.36835272941700864
0.36834924045465595
0.36834630484315256
0.3683469853934529
0.36835224300887215
0.36835430088577054
0.3683479367542245
0.3683415839852422
0.3683383410452839
0.3683156150485889
0.3683112723606618
0.3683117443519181
0.36831341043030597
0.36831155463228243
0.3683190464978127
0.36830674275815306
0.3683036466702935
0.3683157189127996
0.36832073588527403
0.36831831049213787
0.3683154366307901
0.36831251559710454
0.36829960745124707
0.3682903486990475
0.3683014343747407
0.36830527871722973
0.3683090665576692
0.36829511218924554
0.3682902593316899
0.3682978434592936
0.36830179987520606
0.3682987656801261
0.36829848978504226
0.3682941918722778
0.36829031052471106
0.36828461390498723
0.3682710443573169
0.36826587033345415
0.3682576797902075
0.3682503088940039
0.3682398862886605
0.3682319083350054
0.36823206747952286
0.36823489842130486
0.36823212100156466
0.36821936336886285
0.36821919172846723
0.36820237895163194
0.3682035400750386
0.36821454070297066
0.3682200826551418
0.3682217475927281
0.368230604384663
0.3682331045061364
0.3682399181955018
0.3682420671187383
0.36824425923672965
0.36825139348724045
0.36826585911945975
0.36827492224172653
0.3682890731992113
0.36828882029887766
0.36828632560058916
0.36828909705628327
0.36829201678495854
0.36829867833588975
0.3683068624744487
0.36832036505928756
0.36832499574772776
0.36832807973132425
0.36833144561309844
0.368336008467119
0.3683386403420912
0.36835302908322015
0.3683623366124707
0.3683733505967499
0.36838046115212786
0.3683797189679268
0.3683887221253161
0.3684021425775945
0.3684024412012264
0.36840495969353004
0.3684059634686135
0.368410230157532
0.3684060719719228
0.36839636214764554
0.3684052020069183
0.3684097583772015
0.36841019253841945
0.3684109974929471
0.3684008896041539
0.368398129102887
0.3683998628756329
0.3684001425779495
0.36840705299113224
0.36840975976524676
0.36840935861783086
0.3684169632047004
0.3684279621204494
0.36842649437985586
0.36842886698548
0.36842825050049116
0.3684247472356803
0.3684298717023263
0.3684306908296132
0.36842165596486587
0.3684255620737305
0.36843000308116464
0.3684327698708056
0.36842957197514536
0.3684353258279442
0.3684418754117825
0.36844367134729417
0.36843605122246825
0.3684291058936137
0.3684306108895083
0.3684263591498319
0.36842207413351946
0.3684279601088914
0.3684330210298981
0.3684264544048931
0.368430033084644
0.36843042235875395
0.36843745233260916
0.3684370077185491
0.36843605190363615
0.36844018602981154
0.36844318773443063
0.3684396647224487
0.3684442063031563
0.3684420718598352
0.36844321230931765
0.3684321336202721
0.36843073492552336
0.3684305624132567
0.3684305187183958
0.36843148235638795
0.36842801019710164
0.36843056325635126
0.36842710507702514
0.368424358872591
0.3684185476200116
0.36842315364637085
0.368427618994908
0.36843351049130596
0.36843340816109177
0.3684425285620816
0.3684430745099542
0.36844010473468397
0.3684449768815883
0.36844465106832097
0.3684440019829959
0.36845146272785123
0.36845597818515613
0.36845040462202866
0.3684548803569455
0.3684483829728977
0.36845119659987063
0.3684429496695133
0.36844489529696073
0.36843873699163543
0.36843759785477925
0.368436999545529
0.3684340974341951
0.36843511136239215
0.3684386835243692
0.36844384438646843
0.3684488644740085
0.36845232867635436
0.36845266661868725
0.36844612567477086
0.3684383685291782
0.36844329982894314
0.36843434061727537
0.3684344374512945
0.368428543546668
0.36842771735332414
0.36843162109287936
0.36842453507856676
0.3684249932502736
0.36842089070816253
0.36842237886082035
0.3684194929888634
0.36841790920566336
0.3684172570418604
0.36841864539746294
0.36841524086375865
0.3684062520596184
0.3684033125342345
0.3684032857103495
0.36840832658799505
0.3684097907701524
0.368398945347085
0.3684035229016885
0.36841391239432725
0.3684188378562901
0.36841573504797626
0.36841470912638363
0.3684180948200509
0.36841935016289773
0.3684211481397485
0.3684165789893937
0.36841764380472036
0.36842382150825004
0.36842116660199986
0.36841100507365154
0.36840140721182
0.36839440627239095
0.36839451692044356
0.3683944832256528
0.36839711468546726
0.36839227575274325
0.3683876671235594
0.36838979975579234
0.36839526440780285
0.3683919783442001
0.36838392216740584
0.36838291812474533
0.368381561455072
0.3683811934292742
0.36837404538394997
0.36836377086270977
0.3683591292030154
0.3683537440274308
0.3683509269190687
0.3683548990446399
0.3683513708675864
0.36834564349539406
0.3683501482499381
0.3683451422046267
0.3683391202713728
0.3683337789432129
0.36832849630014314
0.3683346143222173
0.3683222100069137
0.36831589560805955
0.3683176823203752
0.3683143392131359
0.3683125896014124
0.3683073799365881
0.3683053912784164
0.3683057579165739
0.3683059004120224
0.3683067080740827
0.36830036411399225
0.3683016510701458
0.36830650093886713
0.368299388814202
0.36830049339595905
0.3683035158603128
0.3683032743640971
0.3683012139398535
0.36829650528301566
0.3682941058222066
0.36829372293576074
0.36828582046209096
0.3682819435034022
0.3682788550841736
0.3682750523746422
0.3682750547684447
0.368263138395064
0.3682576263094219
0.3682504254824704
0.36824538630449605
0.36824751651145105
0.3682501559110848
0.36825555669887616
0.3682538832756324
0.3682502353045249
0.36825180375520644
0.3682598807192385
0.3682596430708647
0.36826233547927906
0.36824811595717377
0.36824967891146654
0.36825449167075336
0.3682553164892677
0.36825501206696254
0.36825836909424675
0.368260263022998
0.36825841298496653
0.3682607468640555
0.36825899524226297
0.3682580150409934
0.3682585126195866
0.3682559024339464
0.3682526418060527
0.3682511699624074
0.36825197351198635
0.36825280029814716
0.3682525399955538
0.3682511025600832
0.3682419152748277
0.3682348390134902
0.36824268378595204
0.36824638551900596
0.3682430041511154
0.36824483527285007
0.36824371421498747
0.3682365115892898
0.36822921659579855
0.3682285053090104
0.3682291309122872
0.3682315908041847
0.3682267012380157
0.3682253960654217
0.36822935682380703
0.3682319206459441
0.3682331492137191
0.3682301801163639
0.3682266794522122
0.36823247408487914
0.368233325710305
0.3682332424917016
0.3682289140761297
0.3682297733347414
0.3682239594184549
0.3682251895347674
0.36821675527032827
0.368215466938179
0.36820978598641996
0.3682101652058291
0.3682098810989634
0.3682123297376421
0.3682141233568256
0.36821246705464883
0.3682077786159784
0.36820536152186895
0.36820850431890745
0.3682135233581195
0.3682087494530241
0.36821024068346836
0.3682116954798739
0.3682112872478754
0.3682054763711198
0.3682064276273908
0.36820097706769345
0.3681967508632238
0.36819121585844167
0.36819017459616676
0.36819472565329214
0.3681983715007417
0.3681996383073368
0.36820835085490605
0.36820497219959203
0.3681995459343204
0.3681924814634172
0.36818555881061354
0.3681842760989614
0.3681879259163127
0.3681932409122635
0.36819004851508297
0.36819989504449685
0.36820322869154437
0.3682000361729305
0.3681994416143452
0.3681943353193462
0.3681880143022893
0.36818798270518766
0.3681899014015333
0.36819620586370877
0.36819255910292925
0.3681863445711799
0.36818362530155274
0.3681807743898289
0.36817882749204056
0.3681801726574431
0.36817979271938944
0.36817192904876744
0.36816691235292176
0.3681663934064496
0.3681730197935006
0.36817184023942845
0.3681754980511305
0.36817178653411403
0.3681738036593612
0.36816974612801334
0.3681650831827038
0.3681553093472652
0.36815044280056863
0.3681464512386905
0.36814446517890986
0.36813722284464395
0.36813578004301956
0.36813964561441137
0.36814278135972106
0.3681375547575567
0.36814195345236783
0.36814700402842765
0.3681458115142403
0.368140306930943
0.3681355274322135
0.3681339832989774
0.3681362982481504
0.3681398806111229
0.36814287420182984
0.3681465268821518
0.3681408137451355
0.36813288764200414
0.36813553558360274
0.36813435301704545
0.36813713624823174
0.3681457388507388
0.36814590243415046
0.3681507178806189
0.3681506078542911
0.368147489757089
0.36814452454789603
0.3681451164306307
0.3681428269375806
0.3681399614216093
0.36813989029184324
0.3681428190670205
0.3681455594451252
0.36815063552229044
0.3681462884807086
0.3681464847303115
0.36814568773120476
0.3681412761254885
0.3681449186263366
0.3681428527049347
0.3681440914808306
0.36814160071840063
0.3681404080524279
0.3681399650345742
0.36813568968716665
0.3681368225090745
0.3681365301293556
0.36813551187331567
0.3681426803509964
0.3681489623890495
0.368147586190205
0.36814865263963253
0.36814916351450816
0.3681481461588741
0.36814681853801223
0.36814314925030284
0.36813803030817627
0.3681314097360017
0.3681318043989026
0.36812625739810517
0.3681330558438913
0.3681377387593077
0.36814199896707667
0.36813677953796614
