0.2848988976477194
0.2806056130891339
0.2765134717630224
0.27656678177566524
0.27640530861518836
0.27586566731940276
0.2756544086868726
0.27525664877730704
0.2752972702634003
0.27491090928181555
0.2747786117626944
0.2747960939944786
0.2750688526866602
0.2747565046174506
0.2743157773320625
0.2741847926941
0.27418281562838626
0.27416159623361525
0.2741787193675546
0.2741549366158925
0.2739283985068382
0.27387696030348796
0.27403732069850806
0.2740876337786805
0.2741066901177626
0.27411636335626843
0.27398565603324465
0.27413704161692437
0.27405830652416835
0.27412405783199695
0.2742304684017872
0.27429525134500826
0.2741516786613902
0.2740344437071735
0.27412098490256254
0.2741433057669255
0.2741293523385477
0.27420601581466814
0.274386987925931
0.274434028579429
0.27433692450143843
0.2742962535272759
0.27432821646849437
0.27427633565233095
0.2742648008838207
0.2742648841294283
0.2742655065620966
0.27428470265157734
0.2741842259354549
0.27418915107774666
0.2742127598731186
0.27433974033327674
0.2743335152496965
0.2743376340891113
0.2743760533729639
0.27443740420147605
0.2744758084887201
0.27452762436463335
0.27451352402110357
0.27452616171942423
0.27452122725933586
0.2745547913417674
0.2744684410517756
0.2744482689499827
0.27456307138937913
0.2745141776659074
0.27447450233544013
0.2745686648185248
0.27455219964246774
0.2745542019181038
0.27457772257165536
0.2745746700968927
0.2745902802920642
0.2745471318981301
0.2745079788814037
0.27448466931065724
0.27445395437603637
0.27444916904157673
0.2745220595422449
0.2745164083839939
0.27455682980978335
0.2745953633273156
0.27465407380293194
0.2746584338253951
0.27472225263205863
0.2747335112004609
0.27473694463534143
0.2747276198986516
0.27474129048066176
0.2747596003853354
0.274752540453711
0.274722901389666
0.274709650414183
0.2747107620557556
0.27464652023029107
0.2746160095360508
0.2746454035029728
0.2746747148086091
0.27467853512354057
0.2747122726467486
0.2746840858492701
0.2746798784015215
0.274634618798037
0.2746064998376322
0.2745637513602403
0.2745423006317462
0.2745480954513418
0.27455273233529176
0.27452848804512103
0.27453625778295104
0.27451483931207266
0.27445520526182543
0.27442145738008616
0.27439165533624027
0.27435717196615184
0.2743373489197643
0.2742869124928024
0.2742645490260999
0.27421494394231727
0.27416068768635043
0.27411553667140626
0.2741469018220056
0.2741432836931767
0.2741519392631746
0.2741910552089222
0.27416666366339787
0.2741667227730917
0.2741116475721058
0.2740899511633251
0.27411691769452223
0.27412221548756627
0.27413274487247313
0.2741607738568825
0.2741682701030482
0.2741564691177255
0.2741080391863101
0.27405877488830865
0.27408874342987355
0.2740956571976301
0.2741031888647208
0.27409871940186903
0.2741344489795899
0.2741400901583184
0.2741592095657981
0.2741550801904612
0.2741556745015055
0.27417330392985606
0.2741976196428294
0.27420507398387717
0.2742220299476791
0.27421588201155245
0.27421060667670893
0.27420252006540774
0.2741738469964235
0.2741974776822393
0.2742009069047619
0.27421022115760274
0.27419669195093926
0.2742092745219046
0.2742797387048685
0.27426938647319227
0.27426461979345557
0.274240252600604
0.27422726807114317
0.2742231723854348
0.2742388179354283
0.27424200318852543
0.2742661878672312
0.2742702366870871
0.27427472566972344
0.27425920064098286
0.27424005193817785
0.27422240193322456
0.27424337778829666
0.2742491280255502
0.2742860664368813
0.274287629892325
0.27427545312727836
0.27428502928446735
0.2743222873650919
0.2743457892718483
0.2743397979409158
0.2743605320880279
0.27434951607587427
0.2743420810642437
0.27433907574592264
0.27432792515322524
0.2742774686548522
0.27428089600180455
0.27427203296343
0.2742800752964491
0.2743037277848723
0.27427870486595896
0.2742707488038384
0.27426182076463146
0.2742436044989286
0.2741941215519803
0.27420483537172025
0.27420116260632116
0.27421668166684976
0.27420848286639826
0.2742028685294959
0.2741935854836388
0.27418589795230025
0.2741741661872004
0.2741582407515265
0.27415877942924877
0.27415780702151543
0.2741373366855254
0.2741207021735938
0.2741097197787336
0.27409307627993923
0.27410045292943036
0.27410294509730837
0.27409872943471814
0.27410726153849496
0.2741303620691156
0.27414076816285393
0.2741469748139946
0.2741258011221199
0.27412450929116544
0.27415925489372545
0.27416025256378773
0.2741825109210816
0.2741662837130585
0.27417901398921035
0.27420344029950994
0.27419734548314545
0.2741757263882617
0.2741591565071495
0.2741658689267879
0.2741733509307712
0.27417630562577944
0.27419632152169504
0.27420192601202514
0.2741874042921107
0.2741886588733302
0.2741984149116491
0.27420232512923515
0.2742126676732529
0.2742077967041192
0.27420645393442455
0.27421509650774295
0.27422284737467895
0.274223786984815
0.27422228188537584
0.27421032149848557
0.2742332503591009
0.2742512071829857
0.2742633535978709
0.2742664488049738
0.2742940465093851
0.27431785114446
0.27432128082197244
0.27432373831214146
0.27433519924234534
0.2743538120694291
0.2743400566543549
0.2743338685539098
0.2743333014892379
0.2743308297222968
0.27433520394758065
0.27432654746247653
0.2743252690547701
0.2743334917689103
0.2743272503165591
0.2743332616357322
0.2743184005746591
0.27430241350635276
0.2743161795984671
0.2743231814015006
0.27431769838658737
0.2743319442231474
0.2743315755121939
0.2743286025095307
0.2743426722915756
0.2743346689894038
0.2743567957471706
0.2743535771576332
0.27435727631483
0.27434586178162934
0.27433528931162426
0.2743235228990342
0.2743176977263123
0.2743279599026276
0.2743338700342489
0.2743344234868959
0.2743354206950616
0.2743181975942012
0.27431947801302337
0.27432167796773627
0.2743131904848743
0.2743107650437885
0.27432071216837134
0.27431381795286996
0.2742938806339518
0.27427145784872325
0.2742745113209832
0.27427609223304084
0.2742656517800952
0.2742788108196193
0.2742646649268329
0.27426682525138735
0.2742651500456705
0.2742565666453662
0.2742550703271087
0.274254232954308
0.2742510653151828
0.27425856470564874
0.27427811612094755
0.2742711715292665
0.27426762913927766
0.2742768600240494
0.27427667270678086
0.2742863569837318
0.2742820074899191
0.2742850499072034
0.27429737892579253
0.27430751727088726
0.2743001540102708
0.2743031426959463
0.2742998360211739
0.2743027708398759
0.27431201887695944
0.27430430743041806
0.2743063674452757
0.27431237670910047
0.27431761555983875
0.27431414430324447
0.2743144965852106
0.27431844008282363
0.2743172485907656
0.27430263314697073
0.2742963403682257
0.27429633315115615
0.2742966802964139
0.2742976117660583
0.27431508814370126
0.274322766471963
0.2743121958501626
0.27431043311006936
0.27432622612985147
0.274330223480923
0.27433989318344926
0.2743364332527197
0.2743367848321544
0.2743292821962724
0.2743149904691859
0.27430642746201644
0.27429295158568817
0.2743017191250267
0.2743075979775802
0.27432011992618255
0.274310581017141
0.27429080082705903
0.274284630678173
0.274279352034756
0.2742748952448927
0.2742696977422242
0.27426965312085116
0.2742679675446684
0.2742608747081684
0.2742501085715821
0.27425465613309274
0.2742583215548912
0.27425956026997916
0.27425493353796077
0.2742662117408998
0.27427405598398047
0.2742753225978195
0.2742684980366649
0.2742749834350296
0.274267318182958
0.27424567285195545
0.2742397783482093
0.2742469231775956
0.27424378132146027
0.27423229118674225
0.27423217495912683
0.2742192459430067
0.27420940653982667
0.27421230368639893
0.2742138549444356
0.27421597705940354
0.27421060412202825
0.2742008332885004
0.2741962972717238
0.2742037447164327
0.27420426712001855
0.2742048726483794
0.2742130097688329
0.27422151778529485
0.2742461682360764
0.27425029542071494
0.2742426112795705
0.2742482730841419
0.2742447451364733
0.2742435522016484
0.2742357676990503
0.2742419671797488
0.2742385878741501
0.27422245865822903
0.2742214894888335
0.27421650891002475
0.27421844391316347
0.2742117495337775
0.27421916189424317
0.2742293486567978
0.2742329716114587
0.27424089595042844
0.274234773362654
0.27423197704529495
0.2742351002386743
0.27424283023796586
0.27424022886631605
0.2742365352026917
0.2742287105734237
0.2742207755062035
0.27422851605692267
0.2742221532084687
0.27421937993558665
0.27421914829026256
0.27422574932185817
0.274237743513536
0.2742339778864085
0.2742390273915801
0.2742459610414275
0.27423514532484894
0.27423610447836655
0.2742459664400906
0.2742537269455844
0.2742527148164383
0.27426542815215194
0.2742556112901458
0.27424436070167435
0.27423704380925834
0.27423918900731414
0.27423709774821176
0.274225037002716
0.27422601267780455
0.2742200265726029
0.2742078130385678
0.27420883330260604
0.2742075609975235
0.27420685432982583
0.2742052760385609
0.2741998265406543
0.27420014421589856
0.27419430097492564
0.27419609978970616
0.2741901695289421
0.2741804658501582
0.2741654049204929
0.2741701537056087
0.2741716564744586
0.2741708191670215
0.27418265292546584
0.27418106018779087
0.27417218391227866
0.27416663238859523
0.2741554590391855
0.27415778920082456
0.2741620189324375
0.2741667227521427
0.27416691860822584
0.27416304377878153
0.27415838481526006
0.2741553420610269
0.2741573791646082
0.27416020123781
0.27415888500577396
0.27417269304436276
0.27417666295042276
0.2741722485831127
0.2741804555272678
0.27417042069113867
0.27416304756360216
0.2741618352204334
0.27416626354462004
0.274168524267686
0.2741602359813644
0.27415553758220584
0.2741591520506591
0.2741522250659165
0.2741482482832514
0.2741509206461098
0.2741472561981841
0.27414625334786946
0.2741514155729793
0.2741485271792225
0.27413957636659125
0.2741342959913102
0.27413660566408465
0.2741403858327494
0.2741388258936537
0.27413696981825736
0.27414794708907436
0.2741540797515618
0.27415033816770945
0.27416093311654943
0.27415888490537776
0.27415168749368557
0.2741410652137035
0.27414717345391787
0.2741478057375639
0.2741485806656287
0.27415165632772237
0.2741525999327118
0.2741481528428759
0.27415966580970885
0.27416340144472934
0.27415706932652634
0.2741525940859779
0.2741509241964478
0.27414302120995077
0.2741410131446656
0.2741405821643588
0.27413440627312596
0.27413645159979194
0.2741358311558386
0.2741267177589068
0.2741294081339497
0.2741267624495122
0.27412613825077486
0.27412958344377514
0.2741288664213363
0.27413683628314206
0.27413665876550963
0.2741438266279413
0.27415258737571463
0.27414984351248145
0.2741405846639875
0.27414124249780947
0.27414017538168495
0.2741472395391541
0.2741613357423926
0.2741620670725626
0.27417095529082264
0.2741699578397344
0.2741717501935718
0.2741651639327432
0.2741585395470357
0.27416231472892727
0.2741637632081778
0.27416255238628706
0.2741637826106051
0.2741696796857382
0.27417097857739914
0.2741595423699551
0.27415768870074414
0.27416031400454505
0.2741665864439562
0.27416791794757694
0.2741708550754416
0.2741638615253554
0.2741555150821177
0.274148820045711
0.27414803695631945
0.27415373554569467
0.2741427364614335
0.2741454891164362
0.27414011004716726
0.27413764816886266
0.2741333690770515
0.2741323562229109
0.27412851774647184
0.2741227297411624
0.27411817331360355
0.27412666822656645
0.27412712974456394
0.274126395995426
0.2741238924366272
0.2741162867252377
0.2741129619462088
0.27410195692989514
0.274098845160039
0.2740940265379585
0.27409052904826875
0.2740852443241095
0.27408621130798233
0.274085360901368
0.2740897400224441
0.2740907782393904
0.27407891628695796
0.2740755863954029
0.2740762627446629
0.27407432407415855
0.2740728074733889
0.27406694925507874
0.2740736049555889
0.2740719414709034
0.2740639980824014
0.27406164871343297
0.2740612570246728
0.2740689323640333
0.27407437631679066
0.27407197859920207
0.27406454873952407
0.2740619895456055
0.2740579701274858
0.27405892921394603
0.27405729727360284
0.27406053850322043
0.2740644678759117
0.2740757013265597
0.2740783856870569
0.2740828831888712
0.2740867168461353
0.27408879769848116
0.27408637300176275
0.27408980743891576
0.27408154929932116
0.2740748812529052
0.27407302002417827
0.2740648312175066
0.27405905189959273
0.27404907277098206
0.27405854502898214
0.27406630092250894
0.27405349363246007
0.27405560230111314
0.2740535554698684
0.27405317474331176
0.2740549549935076
0.27404925713769535
0.2740536095808555
0.27404190992410143
0.2740361043739321
0.274035250471333
0.2740387314658141
0.2740394957431908
0.2740350558138139
0.27403631589475197
0.27403958542696094
0.27403114312505006
0.2740263987852231
0.2740346876365808
0.27403413611653077
0.2740345384745277
0.2740335967497295
0.2740272232730814
0.27402766677034
0.27402521336886887
0.2740269782490369
0.2740268894999361
0.27403281603034463
0.2740269283940442
0.2740192512508955
0.27401654944706977
0.27401307814941894
0.273999845269748
0.2739986551658561
0.2739956430183923
0.2739952004854093
0.2740041287557719
0.2740033982832075
0.2740052724358225
0.27399530582026715
0.273996287386553
0.2740038167854302
0.27400096085196374
0.2740078941182096
0.2740137069733601
0.27400560770825455
0.2739981659137864
0.273996266428939
0.2739966621730708
0.2739977002367873
0.27399623471009493
0.2739932689976451
0.2739941840552219
0.27398960429425856
0.27398298279327704
0.27398037905823425
0.2739779281757027
0.2739749453506754
0.2739765079004167
0.2739684194973813
0.2739707436840056
0.27396799236520925
0.2739654497794451
0.2739712800036691
0.27397360796947234
0.2739741485313552
0.2739729382685458
0.27397787198571516
0.2739716132524527
0.2739689528078081
0.2739648554403095
0.27396834188014085
0.27396259606379714
0.2739629511638252
0.2739660003122327
0.27397203705976797
0.27397215535030806
0.2739772306565928
0.2739768665617285
0.27398818214154524
0.2739894606135888
0.27398849684538584
0.27398527833553576
0.2739799544863616
0.2739820276974129
0.2739755633521645
0.27397754672305447
0.27397713422890296
0.27397272221543606
0.2739745813348766
0.2739689476320909
0.27397026112995004
0.27396765787272614
0.2739678447847301
0.27396598385501836
0.2739699030280395
0.2739669296541902
0.2739666313214582
0.273961276715407
0.27396012072605846
0.2739642030190096
0.2739588693435297
0.2739496435508791
0.27394786311288727
0.273952354304535
0.2739463849684571
0.2739410050755425
0.27393842420257836
0.2739380429828693
0.2739381675838143
0.2739381013063692
0.2739392294954837
0.2739389512367751
0.27393594182497755
0.2739305306924236
0.2739310978524221
0.27392976018654014
0.2739311678152729
0.27393849763348327
0.2739411623453844
0.27394390923435474
0.273941009764947
0.27394107539141466
0.27394101772749435
0.2739384708807517
0.2739381313883324
0.27393616082534905
0.2739284881472954
0.2739358886997689
0.27393871342121884
0.2739420148042595
0.2739426061495587
0.273943691909182
0.2739432697343224
0.27394554221290096
0.2739402617256773
0.27393808420318666
0.2739372490216521
0.2739359715842675
0.2739369689736707
0.27393196665257424
0.27393723578673984
0.2739330530104349
0.2739356772527284
0.27393243358988484
0.27392659124600244
0.27392584616499205
0.27392371937924787
0.273919236507613
0.2739173574850147
0.2739179357857666
0.2739223119975571
0.2739230512169249
0.2739222956720257
0.27391878085036203
0.2739163729587217
0.27391459903706533
0.27390984522902595
0.27390442327454007
0.27389984911039617
0.27389833364104366
0.27390126300345563
0.27389972707248655
0.27390483662443177
0.2739092733939028
0.2739154420732074
0.27391951457417374
0.2739216777226769
0.27391962166765316
0.27392347677682505
0.27392828329032304
0.2739260913982007
0.27392431824765495
0.27392728299463487
0.27391755883461816
0.2739194172394858
0.2739121097970969
0.27390302860135574
0.27390729164093863
0.2739066248762412
0.27390783183688777
0.2739029006917329
0.27390968350244943
0.273911943591248
0.2739103336753063
0.2739048686811606
0.2739060097675364
0.2739008177364192
0.2739051717606
0.2739103838307
0.27391212176112845
0.27391281322265765
0.27390805528446216
0.27390608631647284
0.27391347485899786
0.2739099928865251
0.2739085508881275
0.27390931956598064
0.27390949637547
0.2739059792300778
0.2739047500371635
0.2739014593815236
0.2738953550895682
0.2738957788404167
0.27389542859337707
0.2738932014659035
0.2738930622954758
0.2738911282170435
0.273890731857976
0.2738982353341733
0.2739019769169815
0.27389735109687735
0.2738908600897254
0.2738870015010737
0.27388047964714607
0.27388214444006737
0.27388362813999667
0.2738847466237308
0.27388138224734665
0.27388511754578987
0.2738825709598118
0.27388265592481104
0.2738750419146386
0.2738767225649226
0.27387688802466253
0.2738793440284687
0.27387451021945697
0.2738730381836133
0.27387176790579487
0.2738764280391182
0.2738754179210439
0.2738713969886146
0.2738722274077321
0.2738679145433563
0.27386339182568803
0.2738638168633033
0.27385648180084976
0.2738562312155751
0.2738522020016874
0.2738557459862286
0.27385826130458474
0.2738580543492189
0.2738582589161141
0.27385562807249947
0.2738560326497181
0.273855863703195
0.27385585800855783
0.27384905543428406
0.2738389927116787
0.2738400493164025
0.27383628574186564
0.2738312041868356
0.2738296620901567
0.2738313356195215
0.2738346105383969
0.27383413872079165
0.2738369140783847
0.2738317633661034
0.2738350002345073
0.2738349461997767
0.27384174148314233
0.27383986697594287
0.27383804183167854
0.2738428399666434
0.27384229672448535
0.2738475020139131
0.27384427593551475
0.2738477381152134
0.2738539593669265
0.27385285997891234
0.2738533032513711
0.27385668339835106
0.2738611693028023
0.2738602394206857
0.27385683816317585
0.2738608049833426
0.27385556279454115
0.27385671683068136
0.2738598672001722
0.273861657775681
0.273863141798571
0.2738608484408052
0.27386133751347747
0.27386759693605656
0.27386695964550467
0.27386897500125107
0.2738652985602229
0.27386446822277943
0.2738693622067952
0.273868044967195
0.27387070818635795
0.2738791379778521
0.27388433618104924
0.27388710929104415
0.27388835378480714
0.273887554375148
0.27388652282440434
0.2738896896700149
0.27389487241164834
0.2739001815810073
0.2739021571062172
0.27389749046512263
0.27389261845720636
0.2738942088912863
0.27389376788585307
0.2738910964104583
0.27389319063856477
0.27389511356824686
0.27389625220896574
0.2738966183444234
0.27389368076263265
0.2738908825658589
0.273892600907714
0.2738921820497746
0.27389143710303127
0.2738926343549699
0.2738982364923239
0.27390461597957244
0.2739014451137221
0.27390255442374495
0.27390518316703993
0.27390420918239144
0.27390324679903705
0.27390032666928416
0.27389993681798663
0.2738999765833747
0.2739086613604011
0.2739114356902425
0.2739134502851892
0.27391124034363734
0.2739134980136138
0.27391368204654276
0.27391604973787226
0.27391377613787743
0.27391816043882955
0.2739203372708646
0.2739224028519324
0.2739258347307455
0.2739248853458732
0.273918465017065
0.2739110277004813
0.273905069744177
0.2739016087954514
0.27390090616968554
0.2739067482321381
0.2739090199659762
0.27390929787125967
0.2739050626847575
0.27390216490732766
0.27389907130298885
0.2739011347887274
0.27390404363117
0.27390137760555217
0.27389777581564434
0.27389945283389616
0.2739003834135277
0.2738980263018886
0.27389730191056305
0.27389474682710735
0.2738910978180896
0.2738985374292967
0.2738983376274745
0.2738977780717761
0.27389298810172924
0.2738939944138232
0.27389528249325656
0.2738905682685634
0.27389349198245994
0.2738907273083548
0.2738897114247051
0.2738889871629531
0.27388696358440034
0.27388640689585125
0.27387868709456176
0.27387460705770605
0.2738745147299998
0.2738729099596823
0.2738708355973448
0.2738747120571894
0.2738812194284775
0.27388248791721354
0.27388475216202773
0.273885848760788
0.27388434515070625
0.27388699541998507
0.2738886047997461
0.2738893745071181
0.2738925092610615
0.2738926300303166
0.2738908876042088
0.27389467556297414
0.2738984259543886
0.273901970974255
0.27390480186968325
0.27390084911312357
0.27390175872856865
0.2739031434100255
0.27390258924409044
0.27390526170405927
0.2739027722024612
0.27390193369878585
0.2739039703878958
0.27390186628069235
0.2739033873982643
0.2739026940659739
0.2739020533634597
0.27389908756078424
0.2738979496296865
0.27389825528014644
0.2738980535626077
0.27389944451943754
0.27390368017963734
0.2739062205580357
0.27390497944554254
0.27390076318037015
0.27390357701932516
0.27390617291353525
0.2739085969211937
0.2739080481751324
0.27390478566667426
0.27390455075044134
0.2739038362354655
0.2739013059718335
0.2739013479523137
0.27389905186771263
0.273896987483246
0.2738974369370052
0.27390223234027467
0.2739023678432305
0.27390575966155734
0.27390571035067857
0.27391107376207263
0.2739135400462705
0.2739108955386097
0.2739079289295511
0.27390673715669595
0.27390526610250476
0.2739052377335256
0.27390523571569486
0.27390696967268907
0.2739026808628672
0.273902123601376
0.27389859973653596
0.2738982336875549
0.27389823968199595
0.27389748395960783
0.2738998257812641
0.2739037203698614
0.2739086250137916
0.27391239895126
0.2739126308656094
0.27391354569929877
0.273913596416004
0.2739151442500455
0.27391814133515463
0.2739197975609186
0.27391904667640954
0.27391924658660904
0.2739186344762723
0.27391946805113165
0.2739206033519559
0.27391890836069416
0.27391559547525024
0.27391373133791014
0.2739144125572476
0.27391909542077436
0.2739182591076841
0.27391334505769754
0.2739125955489289
0.2739118980920509
0.27391715292179614
0.2739142823537829
0.2739127977181664
0.2739161868662959
0.2739118376683481
0.27391150980760115
0.27391251317942894
0.27391190337389315
0.2739097458462437
0.27390412711939643
0.27390279752274016
0.27390495862537956
0.2738992730070545
0.273899830787951
0.2738984945684628
0.2738987052029852
0.27390196758383806
0.27390298159457205
0.27389928768302674
0.27389806954066465
0.2738982748926775
0.2739008754409305
0.27389868287014635
0.27389989763923794
0.27390136777544316
0.2739017425629823
0.2739013010470491
0.27389960253225504
0.2738970262603365
0.27389555981481073
0.27389685743847675
0.27389518727625883
0.2738927635599268
0.2738928661652628
0.2738912425900301
0.2738901369904465
0.27389029022710387
0.2738849628758741
0.27388224010047
0.2738838682331492
0.2738808610270779
0.2738798496704857
0.2738745321954287
0.2738757032757334
0.273873359249042
0.27387405395149916
0.2738744085495809
0.2738754054502947
0.27387968481055064
0.2738845337797026
0.273882336678644
0.27387894484860903
0.273878325262644
0.2738803583702695
0.27387842726879624
0.27388172189505794
0.2738795889227449
0.27387738654184096
0.2738754387257777
0.27386997699287735
0.273872599581394
0.2738719621628808
0.27387245075785194
0.27387276399872307
0.27387314054141765
0.2738727854185686
0.2738723996070295
0.2738732556838473
0.273870772061507
0.27386965904478106
0.27387276555603685
0.2738769080993004
0.27387801975551745
0.27387408038865935
0.27387409028140114
0.27387392384663717
0.27387283961657516
0.27387440566753085
0.27387390888331625
0.2738727359957543
0.27387190817254115
0.27387301207518416
0.27387007630665366
0.27386528413207306
0.2738631397476556
0.27386672567650466
0.2738689256979226
0.27387101545847864
0.2738697331109413
0.2738695484543993
0.27386977345357544
0.2738705070940512
0.27387295920243077
0.27387264538283473
0.2738749827393762
0.27387932135559584
0.2738793458752636
0.2738797387732572
0.27388132313946334
0.2738804295974141
0.2738759253213587
0.2738754508891521
0.2738678830541963
0.27386765280801717
0.27386537666121596
0.273867251572218
0.27386704456513555
0.2738628174198476
0.2738661978165977
0.27386795654539464
0.2738654708540667
0.2738644888712274
0.27386011327141563
0.27385971354331456
0.27386336915643666
0.27386479857234686
0.2738632258772593
0.2738598377296232
0.2738566421687483
0.2738537498763817
0.27385537605875765
0.2738552767689357
0.2738565187300683
0.2738544779739541
0.2738546413722895
0.2738532241217992
0.2738543357135287
0.27385658278160013
0.2738577710552039
0.27385830533032957
0.27385841205753303
0.2738604430486651
0.273864474736645
0.2738651557467463
0.2738636212029214
0.27385980487807904
0.2738561607194508
0.27385809552738577
0.27385942369111965
0.27386169314645864
0.2738633753179247
0.27386323106442984
0.27386833487846685
0.2738664815741546
0.2738691203180427
0.27387179069440865
0.27387171240554786
0.2738704734991518
0.2738746512346408
0.2738744369278836
0.27387413292267987
0.27387541607034316
0.2738739897741038
0.2738795483605182
0.27388364382482805
0.27388511834138374
0.27388573129603166
0.2738881558189515
0.2738870521823533
0.2738886743185296
0.2738911240368397
0.2738927787908112
0.2738984546443203
0.27389952091846126
0.2739046172189803
0.2739095501132208
0.2739100584480168
0.2739109075602906
0.2739138738523333
0.2739141406429099
0.27391104105743136
0.2739142670346973
0.27391498413633864
0.27391604775299694
0.2739171246693303
0.2739138742970719
0.2739127331488616
0.273909245561553
0.27391102946700957
0.2739105145712579
0.27390774910346005
0.27390558887302136
0.27390698783434314
0.2739063088938884
0.27390867256040274
0.27390995071270946
0.27391150831950456
0.27391330740884184
0.2739112738678052
0.2739149810029098
0.2739136589111615
0.27391445550920096
0.2739126416716626
0.2739128128368606
0.27390992693118205
0.2739057149435492
0.2739088363735883
0.27391191693199174
0.2739148749050846
0.27391552330354496
0.2739155062157756
0.2739163131977452
0.2739122541168854
0.2739097358278348
0.2739110357641685
0.27390918835681743
0.27390446668085516
0.27390655610811737
0.27391199598865645
0.2739157240373113
0.2739123685127369
0.2739094463314348
0.27390772183307677
0.2739108738674992
0.2739125054580587
0.27390869959707737
0.2739045981606214
0.2739061302774782
0.27390885766792017
0.2739104126207313
0.27391198860835597
0.27391190919339853
0.27391078008332287
0.273910810302798
0.27390966290145435
0.2739051004094472
0.27390416942021634
0.27390748641162105
0.2739073248881387
0.27390678734559365
0.2739072024682331
0.2739086562685105
0.27390751869998076
0.2739068219079322
0.27390635652683787
0.2739072541116141
0.273908229190968
0.27390752133299195
0.27390726300454366
0.2739049199235729
0.27390519419454223
0.27390417486083923
0.27390298006913
0.27390465759322524
0.2738997429860994
0.27390223109388945
0.2739016435968092
0.2739009203472612
0.2738981174907074
0.2738966969335845
0.27389684318901675
0.27389408026601975
0.27389132226069574
0.27389089962618623
0.2738893037544778
0.27389132039984226
0.27389052715378653
0.2738890743844898
0.2738930375391927
0.27389344643166125
0.2738919380320044
0.27389257977144127
0.27389027400450633
0.27389174478435613
0.2738908341718269
0.2738900819348786
0.2738943850136419
0.2738960330491344
0.2738947425482611
0.2738947956691388
0.2738973168597919
0.27389698107328336
0.2738919948081793
0.27389053728045
0.27389224660360023
0.273893412532949
0.27389832524726354
0.27390107710542266
0.2739027688150383
0.27390236577869287
0.27390075761206734
0.2739047843595258
0.27390118209378567
0.2738997382216492
0.2739030926491619
0.27390424850029393
0.2739066765619633
0.27390510489703684
0.27390205056645966
0.27390247472814916
0.27390267544772257
0.2739030393419787
0.27390187447336534
0.2739026761418284
0.27390129987382655
0.27389959853353185
0.27389799473831694
0.27389702271744454
0.27389967737168647
0.2738977140630958
0.2738954690786184
0.2738940058269203
0.2738935110143264
0.2738944976195964
0.273896043228605
0.2738972397721719
0.27389733891036283
0.2738951829566137
0.27389118054832406
0.27388987759881567
0.27389226018884
0.2738900157325162
0.273892844137599
0.2738955487446134
0.27389484250454094
0.27389395948731254
0.27389159083359976
0.27389182318262345
0.27389013330015005
0.2738894928362911
0.27389112883861894
0.2738869711827986
0.2738849879490841
0.2738844835028124
0.2738826538300768
0.2738857759640256
0.27388665255638067
0.2738869311734061
0.2738813901574085
0.2738780319904557
0.2738787300119212
0.2738772360445706
0.27387455095923924
0.27387597374928213
0.2738773556586382
0.27387916571309806
0.27388219803897257
0.27388070002161674
0.2738802065944444
0.27388006442998664
0.273880004145917
0.27387806246422874
0.27387720828884377
0.27387558981184085
0.2738732137436551
0.27387053246796084
0.2738701779604958
0.2738702969900349
0.27386810054555527
0.27386996801345215
0.273873658140795
0.2738751590920394
0.27387883404642865
0.2738782608666286
0.2738742416519562
0.273875085498747
0.2738741103054377
0.27387855061443694
0.27388006567348067
0.2738811114168725
0.27388232317993755
0.2738838373136739
0.2738857287341796
0.2738799579034051
0.2738829518802423
0.2738817496036322
0.2738823072500847
0.2738823162974658
0.2738839330077649
0.2738839731281294
0.2738847029740262
0.2738825579064144
0.27388546647185147
0.27388441908223954
0.27388333317500557
0.27388473577318206
0.27388166434266803
0.2738845152510238
0.27388574426611934
0.27389001842274485
0.27389068674377703
0.2738894640263318
0.2738898356498334
0.27389573526717886
0.2738979934858243
0.27389596453064835
0.27389430602008685
0.27389536427899724
0.27389602775649613
0.2738959724679627
0.27389928179120404
0.2739034206624982
0.27390627755444225
0.2739065580117713
0.2739063097159271
0.2739051430265074
0.2739045133945076
0.2739025132585489
0.27390369835650996
0.273906070212906
0.2739062792017219
0.27390995623876163
0.27391093378378356
0.273908698092789
0.2739041957586005
0.2739022491390204
0.2739051798039875
0.27390703669467925
0.27390999423638185
0.2739086455343121
0.2739081201856664
0.2739056992438716
0.27390724240204745
0.27390995162345927
0.27391228302028847
0.2739079950734799
0.27391016976786897
0.27390906524869546
0.27390932583941324
0.273909827759421
0.2739088237061036
0.2739094058803625
0.27391013786228996
0.27391185165427845
0.2739142820068458
0.27391746705407877
0.27392059674146857
0.2739223604141757
0.2739222743825753
0.27392229974587906
0.27392341119642466
0.27392845399158783
0.27392604850424035
0.2739248090268795
0.2739250286314706
0.2739232697023182
0.2739189104052613
0.2739176816214595
0.273918050301889
0.2739169255325375
0.27391320867348296
0.27391187627158775
0.2739088663367761
0.273906979134121
0.273905452572639
0.2739038262529628
0.2739050900925603
0.2739023636870082
0.27390359674160697
0.27390640902733215
0.27390641963862455
0.2739048092458063
0.273903183278319
0.273903369955197
0.27390259315270016
0.27390102702054897
0.27390301271862105
0.27390103215576367
0.27390173388836386
0.2739040148845099
0.2739040988067231
0.273904631268796
0.27390374343183926
0.2739020932306218
0.27390165167968267
0.2739002194998057
0.27390078546605595
0.27390219706577656
0.2739009461301647
0.27390122607628725
0.27390101990988464
0.27390325191130266
0.273903255768264
0.2739015415902161
0.27389999549913685
0.273897384536542
0.2738993312866419
0.2738977395132319
0.2738958759610929
0.27389748492857346
0.2738965304068091
0.273896922235894
0.27389710364632275
0.27389614555247144
0.2738971446345744
0.2738990691300643
0.2739020145163039
0.273901697612903
0.2739042296677327
0.27390348362691336
0.2739053249209484
0.2739096600123128
0.2739113619436711
0.27391182537548053
0.27391141661275525
0.2739149604371116
0.2739146306841056
0.2739161558661747
0.27391704654641036
0.2739178733131166
0.2739174389111623
0.27391690216939873
0.27391679636396266
0.27391704994854765
0.27391495102052843
0.2739140111791094
0.273912899449616
0.27391342016319564
0.2739128477376169
0.2739130365609025
0.27391070987070787
0.27390872499890545
0.2739093129092803
0.2739105797728555
0.2739134709824979
0.27391230296083097
0.273913675973362
0.27391494287222773
0.2739141197839879
0.27391021581518366
0.2739101197549167
0.27391125153854134
0.2739089298654106
0.2739065863879546
0.2739064693810813
0.2739070867097796
0.2739072475368097
0.27390754299055
0.27390821583437225
0.2739090760078525
0.2739098762245829
0.2739102447377843
0.2739112155686583
0.2739099002318327
0.2739069281182888
0.2739079118915614
0.27390625496272053
0.27390377563346724
0.2739000202281409
0.2739013351781016
0.2739035075037495
0.27390443133477266
0.27390471076733425
0.27390475430023464
0.2739065067152977
0.27390711367957266
0.27390815285922765
0.27390944442413306
0.2739106337703839
0.27391164007412366
0.2739120443408116
0.27391043525638564
0.2739097576190127
0.2739094734085729
0.273907496237429
0.27390881194652084
0.2739093368957034
0.27390386353359875
0.27390420093254364
0.27390122474437123
0.27390254444626355
0.2739028572713669
0.2739022093005199
0.27389966537089194
0.2738963432679148
0.27389860167315255
0.2739003197338167
0.2739028758331314
0.27390309409815644
0.2739042764702806
0.2739066821000204
0.2739042211917166
0.27390749670192754
0.27390951813469333
0.27390728756756777
0.2739071379147527
0.2739068717329315
0.2739079526713046
0.2739099958703616
0.27390964946425383
0.27391022680032767
0.2739087772727202
0.27391122638277576
0.27391187474081763
0.27391329209543824
0.27391012033865203
0.2739094836536665
0.2739085269755875
0.2739081243305609
0.2739086118959761
0.2739088807126987
0.27390850891926755
0.27390693537655125
0.2739069116695921
0.27390710083134384
0.2739053457886129
0.2739014508843005
0.2738999460425291
0.2739036694945391
0.27390292056138177
0.2739020556406339
0.2739018373440195
0.2739013749588603
0.273901059771441
0.2738981197554019
0.2738980524531632
0.27389486977518956
0.27389380638047733
0.27389718778998695
0.2738998973642662
0.2739006007855666
0.2738985433958203
0.2738964718533992
0.2738968364076541
0.2738968667878538
0.27389791106803835
0.2738972761108754
0.27389582721988337
0.2738956299659259
0.27389750230594656
0.27389922936815153
0.2739004267288062
0.27390094421045424
0.27390239020709833
0.27390299361494963
0.27390265589975854
0.2739028429804325
0.27390165785419196
0.27390273201966314
0.27390332638766884
0.2739028724815467
0.27389862824925526
0.27389658400606054
0.2738955676469481
0.27389486523000267
0.27389448233916464
0.27389220675426384
0.2738953286290872
0.2738972057208687
0.273897854530742
0.2738961127044326
0.2738941820104438
0.2738918144814065
0.273892168960008
0.2738895339776217
0.2738872117080327
0.2738886323951563
0.2738867249220642
0.27388477089746394
0.27388238944787213
0.2738827801622496
0.27388398834216476
0.273884511261272
0.2738846042652629
0.2738841172226915
0.27388594175845565
0.2738871446336064
0.2738881287353724
0.2738866829499775
0.2738876875158745
0.2738882161883738
0.27388758890720644
0.27388709268983735
0.27388656074049944
0.27388697315315497
0.273886468040748
0.2738894696622983
0.2738904978704109
0.2738882157603283
0.2738899662250909
0.2738917962079658
0.2738915633679999
0.27389234167491966
0.2738916092676817
0.27389343896240154
0.27388981127904394
0.273890430893753
0.273893594091473
0.2738954595345492
0.27389511681904505
0.2738910786320045
0.2738902562356398
0.27389142663222765
0.27389302964529916
0.2738893978932517
0.27389011142210473
0.2738895429016817
0.27388847184449944
0.27388839666921017
0.27388841863782376
0.2738889838402557
0.2738886419652973
0.2738890904403611
0.2738885625432409
0.2738887509170475
0.273885243467999
0.27388489719699005
0.27388290547521577
0.27388615308419445
0.2738855024063447
0.2738836791706798
0.27388174009698724
0.2738810020447408
0.2738827983940183
0.2738816767862775
0.2738791546602356
0.27387960908203074
0.27387556512146755
0.27387655565058766
0.2738765872364313
0.2738770023452621
0.2738764460755702
0.2738752513374872
0.27387190710473225
0.27386988142932017
0.2738708024135378
0.2738688261296042
0.2738658338215139
0.27386318551132827
0.27386400106212155
0.2738643225052058
0.27386457563074956
0.27386249503213694
0.27386488422704997
0.27386507333517995
0.2738632257794747
0.2738632666806162
0.27386178934395805
0.27386031664292937
0.27386114108544957
0.2738617453606047
0.2738605968691852
0.2738601323994992
0.273861702421491
0.27386126151773504
0.27386042726371
0.2738615634843248
0.2738616398172646
0.27386382772055523
0.27386496496501933
0.273862715885258
0.2738615544788104
0.2738594610130123
0.27385900439572824
0.2738578446352306
0.27385778401218785
0.27385720986359147
0.2738576132551132
0.2738586037990983
0.27385692801934974
0.27385296091302874
0.2738511876724298
0.2738507089423764
0.27385078750772235
0.2738513810599881
0.2738510476661732
0.2738538225529473
0.27385309078409353
0.27385787526196237
0.2738573233051445
0.2738546470031315
0.27385581914542784
0.2738539672712268
0.2738522797765952
0.27385682538871725
0.27385612346035093
0.27385551224817395
0.2738555902934226
0.273853497946706
0.27385102824414825
0.2738533121626419
0.2738494329378419
0.27385024708528244
0.27384965767925146
0.2738486869336213
0.2738481405430928
0.273850647439781
0.2738501381538496
0.27384622925382135
0.2738458417758336
0.27384451260084797
0.2738435034011994
0.2738432965919478
0.2738437097391646
0.2738404589305423
0.2738381839217284
0.27383988390380093
0.27384258524296834
0.27384399663454695
0.2738443789228767
0.2738452052674836
0.27384792455964246
0.27384718489234067
0.27384839547701817
0.27384856372953886
0.2738482272241307
0.2738472268163441
0.2738456154771284
0.27384751102257027
0.2738472412844381
0.2738499267896816
0.27385084432047524
0.2738522927153317
0.2738524257277716
0.27385284080017847
0.2738531015354247
0.27385399446352815
0.2738522022541387
0.2738531444271087
0.2738524636628545
0.27384842729107367
0.2738510329855474
0.2738539934100423
0.273855472484917
0.27385698270544556
0.2738557175540549
0.27385776617222857
0.27385782113264034
0.2738600825091127
0.27385992515802127
0.27386001797434434
0.273860726322884
0.2738600409645714
0.273860789210784
0.27385957838111613
0.2738586522576161
0.2738561598389681
0.27385576404419626
0.2738586533170865
0.2738603379983848
0.2738598972754417
0.27385929805980325
0.27385982884794147
0.27386092595588785
0.2738621606208152
0.2738620536352289
0.27386378694241176
0.2738651393400789
0.2738659845685108
0.27386547632726227
0.2738644296794597
0.27386179912656927
0.27386101600413787
0.2738624417754506
0.2738610526304462
0.27386318466523185
0.2738645728865392
0.27386664769046837
0.2738669391673145
0.2738650710406607
0.27386421733445526
0.27386302365422716
0.2738629164666075
0.27386224283649113
0.2738616041263648
0.2738625501974694
0.27386360865659576
0.2738627483784371
0.27386118732145004
0.2738629802678675
0.2738624053611775
0.27386039244861415
0.27385769109355135
0.2738569319180547
0.2738565811490888
0.2738557170830976
0.2738545169394293
0.27385686386095703
0.2738557378316404
0.27385743858576234
0.27385905925105986
0.27386113001768436
0.27386383248106533
0.27386302342282093
0.27386407074128855
0.2738651582852917
0.27386590267710786
0.2738663373553837
0.27386701042146167
0.27387003805060756
0.2738723936660912
0.27387194989482705
0.2738728721716236
0.2738741364798591
0.27387459666824693
0.273874281007214
0.27387477101749164
0.2738771319603645
0.2738795920657734
0.27388124858324914
0.273881930685975
0.2738827125678064
0.2738820549571037
0.2738805022229272
0.2738835338090133
0.2738831992502328
0.2738840042290909
0.2738831586420503
0.27388618453933616
0.27388929455594846
0.2738910552060045
0.27389310077614043
0.27389302002353233
0.27389263454372487
0.27389381110089456
0.2738928026228484
0.27389409130367065
0.27389433937906477
0.2738966139631862
0.2738994237926625
0.2738988211606933
0.2738993893032558
