0.29444444444444445
0.28888888888888886
0.3
0.3277777777777778
0.3
0.3333333333333333
0.2777777777777778
0.32222222222222224
0.25555555555555554
0.32222222222222224
0.26666666666666666
0.2722222222222222
0.3
0.2722222222222222
0.32222222222222224
0.3111111111111111
0.31666666666666665
0.3111111111111111
0.3
0.3277777777777778
0.2777777777777778
0.31666666666666665
0.34444444444444444
0.28888888888888886
0.2833333333333333
0.3055555555555556
0.3277777777777778
0.2611111111111111
0.28888888888888886
0.25
0.28888888888888886
0.25555555555555554
0.2611111111111111
0.2833333333333333
0.3388888888888889
0.29444444444444445
0.2722222222222222
0.24444444444444444
0.31666666666666665
0.3111111111111111
0.3055555555555556
0.28888888888888886
0.2777777777777778
0.2833333333333333
0.3111111111111111
0.32222222222222224
0.28888888888888886
0.36666666666666664
0.2611111111111111
0.2833333333333333
0.26666666666666666
0.25
0.2777777777777778
0.25555555555555554
0.26666666666666666
0.2722222222222222
0.2611111111111111
0.3055555555555556
0.2611111111111111
0.2777777777777778
0.25
0.26666666666666666
0.25
0.2777777777777778
0.25
0.25
0.3
0.2222222222222222
0.23333333333333334
0.25
0.23333333333333334
0.2722222222222222
0.28888888888888886
0.26666666666666666
0.23333333333333334
0.25
0.25
0.2777777777777778
0.25
0.2611111111111111
0.2611111111111111
0.2722222222222222
0.25
0.23333333333333334
0.25
0.25555555555555554
0.25555555555555554
0.22777777777777777
0.21666666666666667
0.2111111111111111
0.2611111111111111
0.28888888888888886
0.2722222222222222
0.2611111111111111
0.26666666666666666
0.29444444444444445
0.23333333333333334
0.26666666666666666
0.2833333333333333
0.26666666666666666
0.2722222222222222
0.25
0.29444444444444445
0.2777777777777778
0.2833333333333333
0.3055555555555556
0.2833333333333333
0.29444444444444445
0.2722222222222222
0.281767955801105
0.2430939226519337
0.281767955801105
0.292817679558011
0.287292817679558
0.281767955801105
0.30939226519337015
0.2541436464088398
0.26519337016574585
0.2596685082872928
0.32044198895027626
0.27624309392265195
0.20441988950276244
0.2596685082872928
0.23756906077348067
0.26519337016574585
0.292817679558011
0.32044198895027626
0.23204419889502761
0.24861878453038674
0.3259668508287293
0.2541436464088398
0.27624309392265195
0.287292817679558
0.281767955801105
0.24861878453038674
0.287292817679558
0.27624309392265195
0.23204419889502761
0.2430939226519337
0.24861878453038674
0.23756906077348067
0.292817679558011
0.24861878453038674
0.23204419889502761
0.26519337016574585
0.24861878453038674
0.2430939226519337
0.2541436464088398
0.24861878453038674
0.26519337016574585
0.7624309392265194
0.7679558011049724
0.7624309392265194
0.7679558011049724
0.7666666666666667
0.7722222222222223
0.7666666666666667
0.7666666666666667
0.7611111111111111
0.7666666666666667
0.7666666666666667
0.7722222222222223
0.7722222222222223
0.7666666666666667
0.7611111111111111
0.7722222222222223
0.7722222222222223
0.7722222222222223
0.7722222222222223
0.7722222222222223
0.7777777777777778
0.7722222222222223
0.7722222222222223
0.7777777777777778
0.7777777777777778
0.7722222222222223
0.7722222222222223
0.7777777777777778
0.7777777777777778
0.7666666666666667
0.7722222222222223
0.7777777777777778
0.7666666666666667
0.7777777777777778
0.7777777777777778
0.7777777777777778
0.7666666666666667
0.7777777777777778
0.7666666666666667
0.7777777777777778
0.7666666666666667
0.7722222222222223
0.7722222222222223
0.7777777777777778
0.7777777777777778
0.7722222222222223
0.7777777777777778
0.7777777777777778
0.7777777777777778
0.7777777777777778
0.24444444444444444
0.2833333333333333
0.2222222222222222
0.2388888888888889
0.25555555555555554
0.26666666666666666
0.2388888888888889
0.2388888888888889
0.26666666666666666
0.26666666666666666
0.3
0.21666666666666667
0.20555555555555555
0.29444444444444445
0.25
0.25555555555555554
0.18888888888888888
0.2833333333333333
0.2722222222222222
0.2
0.24444444444444444
0.25555555555555554
0.2777777777777778
0.25
0.3
0.2722222222222222
0.2722222222222222
0.21666666666666667
0.26666666666666666
0.2722222222222222
0.25
0.2722222222222222
0.2722222222222222
0.23333333333333334
0.25555555555555554
0.2596685082872928
0.281767955801105
0.2541436464088398
0.2596685082872928
0.2430939226519337
0.26519337016574585
0.2541436464088398
0.27071823204419887
0.27624309392265195
0.26519337016574585
0.24861878453038674
0.27624309392265195
0.2596685082872928
0.2265193370165746
0.2541436464088398
0.26519337016574585
0.2154696132596685
0.22099447513812154
0.2265193370165746
0.2596685082872928
0.24861878453038674
0.292817679558011
0.27624309392265195
0.23756906077348067
0.2541436464088398
0.27624309392265195
0.24861878453038674
0.2596685082872928
0.2541436464088398
0.26519337016574585
0.23756906077348067
0.24861878453038674
0.2596685082872928
0.23756906077348067
0.2983425414364641
0.2596685082872928
0.23204419889502761
0.2265193370165746
0.2596685082872928
0.2430939226519337
0.20994475138121546
0.27624309392265195
0.27071823204419887
0.27071823204419887
0.2430939226519337
0.19889502762430938
0.23756906077348067
0.2265193370165746
0.2596685082872928
0.23333333333333334
0.21666666666666667
0.26666666666666666
0.2722222222222222
0.2833333333333333
0.2777777777777778
0.2722222222222222
0.26666666666666666
0.26666666666666666
0.25
0.2388888888888889
0.2722222222222222
0.2611111111111111
0.25555555555555554
0.26666666666666666
0.29444444444444445
0.3
0.3
0.26666666666666666
0.25555555555555554
0.2722222222222222
0.26666666666666666
0.2722222222222222
0.28888888888888886
0.25
0.2722222222222222
0.2722222222222222
0.22777777777777777
0.26666666666666666
0.25
0.3055555555555556
0.3111111111111111
0.3111111111111111
0.3
0.2111111111111111
0.28888888888888886
0.2833333333333333
0.2388888888888889
0.2722222222222222
0.2777777777777778
0.25
0.2777777777777778
0.2388888888888889
0.2833333333333333
0.24444444444444444
0.2611111111111111
0.2833333333333333
0.2833333333333333
0.3055555555555556
0.28888888888888886
0.2833333333333333
0.25
0.26666666666666666
0.25
0.22777777777777777
0.2833333333333333
0.2222222222222222
0.2611111111111111
0.22777777777777777
0.24444444444444444
0.2722222222222222
0.24444444444444444
0.2222222222222222
0.2388888888888889
0.22777777777777777
0.26666666666666666
0.2722222222222222
0.24444444444444444
0.25555555555555554
0.2388888888888889
0.22777777777777777
0.24444444444444444
0.26666666666666666
0.24444444444444444
0.26666666666666666
0.25
0.2222222222222222
0.2430939226519337
0.292817679558011
0.25824175824175827
0.31868131868131866
0.2857142857142857
0.21978021978021978
0.23076923076923078
0.26373626373626374
0.23076923076923078
0.25824175824175827
0.27472527472527475
0.23626373626373626
0.24175824175824176
0.2802197802197802
0.25274725274725274
0.2087912087912088
0.25274725274725274
0.2692307692307692
0.26373626373626374
0.22527472527472528
0.25274725274725274
0.25824175824175827
0.24175824175824176
0.2802197802197802
0.2692307692307692
0.27472527472527475
0.26373626373626374
0.24725274725274726
0.25824175824175827
0.25274725274725274
0.25274725274725274
0.24175824175824176
0.25824175824175827
0.25824175824175827
0.26373626373626374
0.2967032967032967
0.29120879120879123
0.2087912087912088
0.22527472527472528
0.26373626373626374
0.23076923076923078
0.23076923076923078
0.24175824175824176
0.23204419889502761
0.2596685082872928
0.24861878453038674
0.287292817679558
0.22099447513812154
0.22099447513812154
0.2541436464088398
0.2541436464088398
0.2596685082872928
0.2541436464088398
0.2541436464088398
0.2265193370165746
0.24861878453038674
0.2430939226519337
0.2541436464088398
0.2154696132596685
0.23756906077348067
0.24861878453038674
0.24861878453038674
0.2430939226519337
0.23756906077348067
0.23204419889502761
0.2596685082872928
0.2722222222222222
0.21666666666666667
0.22777777777777777
0.25555555555555554
0.24444444444444444
0.23333333333333334
0.2388888888888889
0.2611111111111111
0.2722222222222222
0.2681564245810056
0.2346368715083799
0.26256983240223464
0.24581005586592178
0.2849162011173184
0.22905027932960895
0.3016759776536313
0.24581005586592178
0.2569832402234637
0.2569832402234637
0.2681564245810056
0.2737430167597765
0.26256983240223464
0.3016759776536313
0.25139664804469275
0.2346368715083799
0.24022346368715083
0.2346368715083799
0.22905027932960895
0.2569832402234637
0.2849162011173184
0.25139664804469275
0.26256983240223464
0.26256983240223464
0.24022346368715083
0.24581005586592178
0.24581005586592178
0.2681564245810056
0.2905027932960894
0.24022346368715083
0.24581005586592178
0.30726256983240224
0.29608938547486036
0.3128491620111732
0.2681564245810056
0.29775280898876405
0.2752808988764045
0.2696629213483146
0.2752808988764045
0.25280898876404495
0.2640449438202247
0.2696629213483146
0.24719101123595505
0.24157303370786518
0.24719101123595505
0.2696629213483146
0.2808988764044944
0.25842696629213485
0.23595505617977527
0.2696629213483146
0.24022346368715083
0.2681564245810056
0.25555555555555554
0.25555555555555554
0.2722222222222222
0.26666666666666666
0.18333333333333332
0.2388888888888889
0.25
0.24444444444444444
0.24444444444444444
0.26666666666666666
0.2388888888888889
0.25555555555555554
