0.24830681958317918
0.2311473116952569
0.23324890765015183
0.23299934754624485
0.2314460491846
0.23157234398321158
0.22936425186831136
0.23117958340534445
0.22758962740271152
0.22507534930133244
0.22558796991916163
0.22639140236445912
0.22631962945423081
0.22570433418510719
0.22620053154447128
0.22648817435699325
0.22772158005141982
0.22823132489344375
0.228075890519688
0.2284667445017133
0.2286274616030555
0.22952438348930845
0.23001033859587058
0.23031453080322328
0.23060195993985688
0.2307636726170167
0.23135248793232321
0.2317518787038346
0.23227563748638635
0.2320340537858626
0.23157014084071106
0.23128463139323
0.23101248676580768
0.23096436439034534
0.2312039258412453
0.23078188270107777
0.23068815600570208
0.23044859545429858
0.22995301099936996
0.23026968746630663
0.23047194066108573
0.23031430938347291
0.23043724394136775
0.23016565852634147
0.22949341367032705
0.22929010273168893
0.22946714930252746
0.22982136615195897
0.22960658620983682
0.2294672696870055
0.22933921480194044
0.22941264173986622
0.22973117805500592
0.22993588789553776
0.22986748029079362
0.22997968110342618
0.22963442918273952
0.22919965692068062
0.22922263074968532
0.22923087781696821
0.22924114936125625
0.22965038586729056
0.22992393986060666
0.22983403797657215
0.2299381317807425
0.22999013542716396
0.22992617979373223
0.2299013044897122
0.22997307091686087
0.2298425664979435
0.2296114471184938
0.22958708668567754
0.22957492235171095
0.2297393287121335
0.229566504529856
0.22943147217379772
0.22947472363447055
0.22960190173833514
0.2296530602029954
0.229967197902068
0.23001155979289076
0.2297476145144163
0.22971386924357015
0.22997148351884944
0.22981097700207523
0.22990059269455618
0.23001345413511226
0.23015918786454528
0.23033593938061897
0.2303902635909218
0.23045374435813196
0.23037939539952962
0.2302106601780368
0.23024867834936485
0.23012335950287668
0.23014754252055308
0.230019624969206
0.22994522499928752
0.2298610398036616
0.2298610398036616