0.2605381580162846
0.27098174390399593
0.2716632720183232
0.26706635190039196
0.2656404470927362
0.2696597590685489
0.26916404787087583
0.26743277407492533
0.26748315596961375
0.2692017472090258
0.2687423940671871
0.26747615186191537
0.2666021194966459
0.2669736674182159
0.2680912083053119
0.27032758359940934
0.27009264972860775
0.26870280512955325
0.26877572032914915
0.26882232618425583
0.2689844481812804
0.26890541915274935
0.26848990354460506
0.2692456140174234
0.2697034130294699
0.2692429966427428
0.268793937152797
0.26820927845714576
0.2685218909151462
0.2698065020517293
0.26981610886402746
0.26939942961507035
0.2693341196459284
0.2689536959766388
0.26914502930483175
0.26881654077832023
0.26831076707991
0.2676514731953215
0.2672118238673083
0.267618827900712
0.2677096828564367
0.2676544228105002
0.2672747647869895
0.2672514455866916
0.2670770268531175
0.2667723578560702
0.2660013826892866
0.26590577578099006
0.2661504732678977
0.26595844742859204
0.2657917678084978
0.2657808200843416
0.26562603440932614
0.26541806527637807
0.26553488374902084
0.2654778984034447
0.26554569382854826
0.26542187912137416
0.26513065922460244
0.26493023692778145
0.2648390226022441
0.26499593690579054
0.2650310738584145
0.2648809051047996
0.264667839489118
0.26478750011198215
0.26487186145306213
0.2644669387495132
0.2642811777536599
0.2644655345555731
0.26462073735498903
0.2646095518454116
0.26467904680705334
0.26450879714025766
0.26419002547364434
0.26378985860611187
0.2636376613156083
0.263426791627173
0.26333020057626266
0.2628073206376337
0.26263609306938634
0.262838858166822
0.2627516448826588
0.2626026010228646
0.26263429221414447
0.26267447291987284
0.26252125469915677
0.2624058254249702
0.2623316838055707
0.26216345852107653
0.2619642852468467
0.26208676861573976
0.2621479259696888
0.26196284456312496
0.26174714581940717
0.2616632494008584
0.2616442178448641
0.2614576489247746
0.2614158654518705
0.2614699342134127
0.2615547721173345
0.26172132031624556
0.2616267052586972
0.2613122523635327
0.26123303978230694
0.2612969365562667
0.2612517631127423
0.2611158681037243
0.26080404775749705
0.260660620753644
0.26048334309589305
0.26053543584527145
0.26037938137027716
0.2602685051154857
0.260301146050227
0.26039246135613076
0.2604693288106582
0.2604800039356499
0.26040147524341173
0.2602930518006928
0.2602478572643231
0.2600371031397486
0.2597447994960856
0.2597949082264228
0.2598069418598249
0.25991027869346806
0.25986625232521626
0.25997998785457116
0.259993427392464
0.2599331025692985
0.2597788112183669
0.259646561151127
0.259684430561116
0.25972593521733
0.25980339124394064
0.25985155085709855
0.25983430109880407
0.25973738023574844
0.259688342805799
0.259509980804553
0.25943115552184143
0.25934418313298696
0.25932914604485036
0.2593764567269808
0.2592540741452543
0.25921692187204937
0.259151312633812
0.2590510749416818
0.25890792973165094
0.25887409409798146
0.25873458292692864
0.2585823755442062
0.25851203517761023
0.258340024138548
0.25823440740325554
0.2582936911104644
0.2581474571691703
0.25808038034280767
0.2581340434381668
0.2580798103712139
0.2579966382322423
0.257907893590037
0.2577602900429512
0.2577187428100152
0.25780229315734265
0.25784672793599933
0.2577762552965254
0.2576890174586368
0.2577901472336747
0.2577501524779836
0.25766402877176736
0.25754845739344306
0.25754771876157306
0.25753989353906676
0.2575135371063898
0.25738410217005875
0.25726475071527904
0.25732094556860485
0.25736605192335227
0.2572705268547989
0.25721317742910516
0.2572368646007003
0.2572243400074689
0.2571667197880146
0.2570343192250082
0.2569221704484968
0.25686541243121236
0.2568471291808525
0.2568460334713322
0.2568294892602135
0.2567581383904187
0.25670707391882247
0.2568264671543282
0.2568094705844831
0.25676015302160377
0.2566673610264997
0.25655569077829543
0.25653777486229634
0.2564528240380081
0.25640502341051397
0.2563559064536303
0.25636727420970484
0.25639347642996263
0.256372201008138
0.2563443736698732
0.25634295556655434
0.25626747347504564
0.25621979164056014
0.25616704146596636
0.256079488636625
0.2560317638532682
0.2559277363143617
0.25589947574871985
0.2558586157157466
0.2558675475985189
0.2558830256091986
0.2558260606790569
0.25581156096316415
0.25573690662941156
0.25570115334160115
0.2556446380259912
0.2555842778181139
0.25554608134113377
0.25547223239365335
0.255332245674898
0.25528312670370906
0.25521020294286917
0.2551838235902665
0.25505892090517707
0.25491670024229235
0.2548658421884981
0.25480380870144953
0.2547040814806706
0.254704160657398
0.25469278691051184
0.254647716532573
0.25468172233790903
0.2546650489121867
0.2545677332122471
0.2544544634183926
0.25443071279984925
0.2544518891096287
0.25443185249155864
0.25432458336686664
0.25426779314507447
0.2542471396638695
0.2541885455116667
0.2541033217403201
0.25404994312480317
0.2540784217310786
0.25407847196984246
0.2540795495626357
0.254059999584778
0.25402882254830306
0.25408922537033485
0.25411107513597003
0.25400591118910953
0.2538553164852487
0.2538365192441008
0.25383982391323423
0.2538496755307853
0.2537757291583006
0.2536436946910964
0.25358214821095465
0.2535991833670179
0.2536379895451127
0.25357547576417133
0.2534566482581967
0.2533736024553632
0.2533855644422039
0.2533533059618435
0.25330154987556125
0.25324626997248983
0.2532470948973749
0.2532567388641142
0.25318085382031025
0.25325333907785014
0.2532319650409095
0.2531835949335364
0.253151021482424
0.2530893190614689
0.2531081438207619
0.25311694490964654
0.2530962697287138
0.25315917011114836
0.25316579863257077
0.2531133249867329
0.2530635994420402
0.2530537319275916
0.2530370393438354
0.2529756378627374
0.2529759125110921
0.25295886755852287
0.2528450615979767
0.2528589936630571
0.25287957168175973
0.25287268743191954
0.25288150622599787
0.25287843948815025
0.25279184258355863
0.25268459538417803
0.2526259075959368
0.25254487461766784
0.25250409477505986
0.25245315786378425
0.2523543390372569
0.2523375464219483
0.25234053295010367
0.2523854100481716
0.2523754156775388
0.25234521746646005
0.2522858084358152
0.2522929025562968
0.25231955347574436
0.25226954244850097
0.25221227922251005
0.2521643190676982
0.25218176422717764
0.2521709244560823
0.25211159205854783
0.2520378573925258
0.25201358791132944
0.25201598777290585
0.2520153966556885
0.2519629271167483
0.25192590610067384
0.2519370217809532
0.2519261372542641
0.25188116350839956
0.2518632580113791
0.25185390793304907
0.25184113530976043
0.2517888538082231
0.25173318033030967
0.25164732483615854
0.2515406417845984
0.25156945279868664
0.25161873629552783
0.2515990117910214
0.2515292369764672
0.2515240376346678
0.2515763479721375
0.2515640281346446
0.2515009501289388
0.25141583454383887
0.2513928539722453
0.25141764230744573
0.25133972675249827
0.2513006562997982
0.25128799388049294
0.2512714510670428
0.25123453085251346
0.25120149172036677
0.25121338893411665
0.2511805506558563
0.25113018770661766
0.2510798663155856
0.25104129304790956
0.25101883731561336
0.2510253488843867
0.25101124346918796
0.2510098957275557
0.2509888027024021
0.2509485977594636
0.2508932135530931
0.25081828446219384
0.25078657197902127
0.2508091335964655
0.2508511270621099
0.25084086095994457
0.2508106831810622
0.25085108754841523
0.2508668886954096
0.2508271944582407
0.25078983707202385
0.2507575453969984
0.25074288321811
0.25066162790062163
0.25064777203055827
0.2505655624435071
0.25057433844852905
0.25054600608263244
0.25047027787283466
0.2504123178705566
0.2503589482570507
0.25034460607321535
0.25030787472623167
0.25025383761537273
0.25022135497236214
0.2502451923343838
0.25027816388727336
0.250243332555096
0.2501673485683369
0.2501572593637913
0.2501614918694587
0.2501441553299838
0.2501416121315654
0.25012424258905297
0.25014911475680596
0.25017475347233087
0.2501568995740461
0.2501270586911284
0.2500879048939911
0.2501108978603314
0.2501111453528817
0.25009626896908715
0.2500514049902665
0.2500648680177559
0.250102752742329
0.2500659422308907
0.249995225892478
0.2499253836430704
0.24986386546847364
0.24987081507933606
0.24986512660901442
0.24987248896615166
0.24983462270281973
0.24980973192924288
0.24985354028974854
0.24984152728146758
0.24982199597637278
0.2497765493178693
0.24975968729860187
0.24976726145419526
0.2497253173439487
0.24974598173152904
0.24972758240353918
0.24973369178759008
0.24971260099159884
0.24967748912835946
0.24968197259077263
0.24966950969731874
0.24961367473285423
0.2495910258560666
0.2495851019013615
0.2495577727624711
0.24951796811071084
0.2494317736063983
0.24938192912601712
0.24937840396356423
0.24941502926683062
0.2494260353777715
0.24939828672861125
0.2494046109087487
0.2493925174789116
0.24941558509873507
0.24943160551685997
0.2494475787277947
0.24940168391772458
0.24937380768195003
0.24936974860416752
0.2493520324878837
0.24933396332304333
0.24931756103325112
0.24922696013821188
0.2491722993901267
0.2491298466953996
0.24911754290901233
0.24906867774216115
0.24904664540370203
0.249019619994623
0.2490574436056926
0.24904544664901218
0.24899277081469084
0.24895853632678602
0.2489197846822853
0.24897168469242015
0.24897057863032124
0.24891371784276567
0.24890154577536394
0.24891937866013367
0.24886372476557572
0.2488218181721511
0.24877940531320814
0.24877189559886445
0.24877208273632545
0.2488019224984247
0.2487612587866858
0.2487505024387728
0.2487619662730679
0.2487759087181856
0.2487870538714193
0.2487686930007727
0.24875841818065336
0.24869830267941234
0.24870313401689184
0.24867459255480734
0.24862596506393095
0.24856456732331011
0.24854928957637878
0.24858871014238346
0.24860395943695437
0.24861007688834305
0.2485524703716359
0.2485709050226938
0.24857532979038502
0.2485212907084541
0.24848922147528815
0.2484969929662489
0.2485060113321003
0.24849015319361697
0.24847665846406294
0.2484839864825784
0.24847285912144626
0.24847944700411936
0.24846644250363867
0.24847041925977448
0.24848569681634075
0.24848956572863484
0.24848492141151401
0.24849436301117866
0.2484747566217945
0.24848370788581442
0.24849613940797183
0.24845328021833762
0.24841501940057764
0.2484060074567796
0.24840449277261537
0.24836833379321652
0.24834568510167568
0.24835556978841344
0.2483966637842892
0.24838477213718135
0.24838447818029996
0.2483781112572824
0.24835568070813074
0.24828942795570638
0.24825181838651184
0.24820234870773247
0.24818088271113847
0.2481363602691209
0.24810337350973266
0.24810799924472624
0.24809304672828963
0.2480581089698723
0.24804156432268334
0.2480161275846615
0.24799643866750629
0.24803026812449389
0.24803928141110984
0.24801234956984045
0.2479737489589443
0.24796967192666292
0.24801225307089475
0.24799475463676976
0.2479728699207658
0.24797469654477156
0.2479735380215077
0.24795798335465288
0.2479437751703319
0.24789782823978393
0.2479065928627121
0.2479136295247913
0.24788814969640324
0.24786911732708247
0.247848343829003
0.24783862137721144
0.24780587918887922
0.24779945827357228
0.24777515370270342
0.24774164097171647
0.24771391185117583
0.24774269237079635
0.2477309171842224
0.24772451871273632
0.24769828616490375
0.24769668326756014
0.2477052583950668
0.24768738559344652
0.24766346144793389
0.24760158270016777
0.24762072752070077
0.2476073917302644
0.24758698143120417
0.24759655257673452
0.24759058024617153
0.24760462440492417
0.24761041908241435
0.24762221762512734
0.24764114711659177
0.24765554152890862
0.2476273584335057
0.24761572342690316
0.24761488657332342
0.24761197270663532
0.24760793602746048
0.2475951228270651
0.24758412393472498
0.24757234903750658
0.24756149751794
0.24754478525170906
0.24750738206103856
0.24750931742779184
0.24753007502781682
0.24754101060374561
0.2475325442786618
0.24753841677378172
0.24752702351981062
0.2475379242465837
0.247529663752621
