0.03326228257151127
0.03313967258794845
0.029120198265179677
0.02667238421955403
0.025879744123349608
0.02657231990065573
0.028124013201284954
0.028628133492107112
0.029691125087351503
0.02938427870112971
0.029950614267693125
0.030187962374958615
0.03152080908821785
0.03237377589780336
0.03395654741009309
0.034527821056318464
0.03530348090014104
0.03569807975032119
0.03572901026518691
0.03592017738359202
0.036121780679984734
0.036820372643412
0.03686779190790559
0.03703090126780332
0.03701959795641438
0.036495597884374634
0.03682595760809277
0.03687307335106077
0.03646020052351396
0.036713896838137784
0.036788610378356255
0.03720834728090104
0.03705545362241174
0.03683494647786947
0.03669082128323606
0.03652520097454274
0.036269165420631404
0.03615533838439296
0.03604300496642339
0.03599110041307477
0.036292258021063256
0.0369916047066558
0.03779283893662583
0.03801133106826703
0.038119831955349744
0.03821564817899825
0.03810822703807565
0.038196378906299594
0.03813945723884562
0.03811740764826774
0.03814451849351004
0.03802599248531689
0.0379392364849095
0.03791981460815878
0.03778684836993445
0.037893981170808944
0.037923149519927986
0.03796722731955985
0.03797753271526943
0.03810034049801548
0.038311804637468236
0.038496364867122046
0.038817608764219136
0.03891159937844976
0.038993334682463014
0.03890450900760179
0.03892873168798604
0.038972067878985044
0.03902189303749811
0.03917452914164902
0.03922257772854648
0.03926666608497878
0.03918607846442964
0.039163355022410536
0.03931228925858648
0.039563602431028945
0.03960238799638032
0.039690106183226305
0.039861119696688714
0.04003167077460782
0.04023453764857391
0.04004963242611015
0.03995038318769933
0.04009263472267984
0.04017826112281699
0.040477639384453735
0.04054231086586793
0.04054635434602965
0.04051509374378648
0.0405127245508982
0.04051651015243682
0.040570899788417096
0.04049861059009899
0.04042794758237523
0.040574946749038006
0.04088935325202086
0.04106630398458766
0.04131924983832722
0.04146141038858397
0.04151971128027882
0.041555246400463805
0.04157221655876847
0.04157655255218116
0.04155398138280546
0.041636607848003486
0.041709374509660925
0.04170760897302551
0.041738858269912534
0.041757564539892635
0.041655583022875246
0.04157968640727755
0.0415488164848971
0.041427581232297304
0.04122136379581499
0.04116263527870431
0.04115814900615844
0.04112498872554546
0.041103425579515906
0.041049735262749354
0.040963084009441625
0.04090331225735146
0.04094492792661581
0.04105181523702426
0.0411168616014431
0.041159884309825465
0.041245311375830956
0.04132925908489424
0.0414609490737634
0.041555007027524966
0.04170488284801678
0.0417797320544674
0.04179884239655963
0.04179267599233442
0.041760245345260294
0.04176406938770847
0.041789907463482594
0.0417515227141313
0.041661299176606305
0.041569128876355485
0.04153889359980001
0.04150947758802752
0.04138142191061926
0.04127621729366047
0.041232589520191
0.041060343842244384
0.04091780729611588
0.04087441745420431
0.040860012199646585
0.040917254319784026
0.040897678333998065
0.04092069711813606
0.040996959042071825
0.04097336267740115
0.04092893220344334
0.04100887869474582
0.04108843260935536
0.04109414518217491
0.04119649046367877
0.041162779398789304
0.04116290351160028
0.04116432739681357
0.0410893492121791
0.04100584543931287
0.040940587353314906
0.04087843842774062
0.04085180966626537
0.04079303903780089
0.04073240145241837
0.04069929557652607
0.04066784514681464
0.0406091190745116
0.04059023594788635
0.04059094106221199
0.0405905127553127
0.04053279275702094
0.04048581025750192
0.040438130831484884
0.040410344425923415
0.040383523653896025
0.04029821962872279
0.040180457927405766
0.040113497046949664
0.040050101933201375
0.04005095534395201
0.0400350464349384
0.04002123355195868
0.04003859510360591
0.04003601345695218
0.03994230594636209
0.03981516880619798
0.03971910689602272
0.039736836444932574
0.03978265664173147
0.03970820390107602
0.03972422921928382
0.03971857403219521
0.039762091781982
0.03979028040655935
0.039812721065061174
0.0398327575648066
0.039824696422951354
0.0398925269203907
0.03991494909642456
0.03994291451378259
0.039885784113934876
0.03981163666121782
0.0397360309277064
0.039672404048499824
0.0396978888096097
0.039669698462995215
0.03960980970926473
0.039544524432199114
0.039486378496722235
0.03941521709846445
0.0393915127649915
0.03941493973894506
0.03934672561286062
0.03925527764340066
0.03922298484764275
0.03915568926170569
0.03912205561771866
0.039156125339120225
0.03911138360227822
0.03909040021917162
0.03905370460273791
0.039077920522691476
0.03908908772945866
0.0390792742264512
0.039080008075206285
0.03913390922802688
0.03912306055272797
0.039236349826548174
0.039285092402857796
0.03927930443231529
0.03929317513055688
0.03930386090613223
0.039322646999616094
0.03927536942180471
