185.57481656391593,28022.0
175.73734907256886,24583.0
146.72480958229474,20638.0
109.67333850800135,15243.0
82.66507871916158,9226.0
38.16424950859139,3927.0
42.56945094125186,4065.0
49.492864241666986,5259.0
75.46910854491418,9319.0
97.79310634308862,13103.0
114.10208620173121,17573.0
106.3897595139923,16159.0
916.8441214961352,21743.0
149.10967451616565,22053.0
148.2774852510548,21522.0
151.56627640239543,21262.0
162.4611374559378,21886.0
175.94811692314647,26250.0
162.20640086084202,24571.0
108.08423237404182,14843.0
102.56893763784197,14734.0
91.39150470022683,13632.0
136.20649377569956,22745.0
113.30644623021993,15831.0
72.9048468008334,8820.0
45.20871949402908,5014.0
26.89365101366832,2989.0
18.042881006045306,1901.0
18.487627030007705,1873.0
33.115971424635944,3313.0
68.58601551967921,8138.0
107.57975063870208,15365.0
124.48284068352457,18489.0
114.69950192923754,18484.0
112.19302108827934,17872.0
87.29258723378871,13486.0
604.2237732200863,16886.0
119.0795375877618,17028.0
137.6922500948382,17820.0
126.65728144234569,16000.0
108.03456382464631,14799.0
124.55478616699352,17540.0
136.02881942833417,21417.0
143.99531512980056,21611.0
134.27509139242952,20100.0
125.5794120956615,18715.0
111.79620330692366,16323.0
88.61296342851973,12065.0
70.7361427829772,7859.0
43.081384970867894,4569.0
27.548610707570575,2768.0
22.664038134467965,1961.0
21.19837869880158,2186.0
49.51093359631067,4320.0
109.00858120784984,11013.0
145.42399480360103,19317.0
175.9041248723129,23002.0
176.8282536800407,23141.0
158.72755761959897,21726.0
98.58487915229385,15081.0
896.5590843300004,19962.0
142.48097076072966,19584.0
155.38744032834066,20659.0
161.34829247906708,20811.0
140.69186637866105,17477.0
163.20300857473245,21545.0
183.36430355667972,26755.0
174.7269766310249,26870.0
169.86248573651793,26814.0
165.4801920484675,26227.0
149.35131774523018,23336.0
124.11729690183466,17216.0
89.47622792520522,10056.0
57.05711104571292,5916.0
34.79770923883227,3548.0
25.602042420469676,2475.0
24.566464102569924,2394.0
51.80055902354023,4065.0
116.12432517929157,11718.0
155.76021702262256,21080.0
172.81788631903083,24379.0
166.95303013826143,23099.0
144.30435407297503,20101.0
97.01033414646987,14128.0
912.17841918172,20054.0
149.37702401333073,20112.0
162.72500743343738,20797.0
160.51421628864813,18836.0
130.7664706011847,14736.0
160.2075238272533,18337.0
171.07781602460437,23512.0
172.16652580999997,26516.0
166.44342205806734,26069.0
162.71164187317535,25854.0
146.69412789112909,24156.0
119.41236828917526,18233.0
92.36431289432012,11747.0
59.38090693701486,6821.0
39.103947726303915,4201.0
26.983153559884464,2792.0
27.11686838728187,2607.0
52.08512420597428,4297.0
122.70255671810033,11932.0
157.70886877376597,21343.0
171.55786571482565,24660.0
169.31572957597857,23298.0
135.9484788478922,20704.0
100.65812396450815,15220.0
893.2623541901424,21198.0
145.29262867655726,20787.0
162.96167507750403,22246.0
170.8924165308082,21489.0
148.92666382536257,17227.0
172.58340178049468,21588.0
197.7577711060841,28136.0
199.15153946607788,30027.0
202.499743953648,30196.0
206.1818992356842,29757.0
190.0170469155052,27323.0
174.25088264972172,23319.0
130.57026761577117,15722.0
86.48216675464137,9529.0
57.25884917163726,6232.0
40.41084041620823,4102.0
34.38212463938874,3442.0
57.64596075619427,4631.0
125.89970414704015,12223.0
165.35899574527673,21692.0
168.97562597417812,24654.0
166.76083459236708,23431.0
146.74804135258674,21089.0
102.77273153393395,15605.0
953.4516567555081,21575.0
156.22951171535252,21347.0
181.62016726431017,22383.0
171.94076884068906,20500.0
147.5053229962276,16984.0
174.4872146686004,22013.0
196.44257093637128,28179.0
197.15898518648527,30332.0
192.4778660185365,29077.0
185.04949238927145,27964.0
178.0957212376064,28078.0
180.43288588425804,27703.0
183.74097215061033,25489.0
161.04064905948002,21396.0
137.41414626872756,17346.0
108.77707003111249,12789.0
67.76414568175328,8074.0
42.30221992786616,3938.0
57.421604179997615,4853.0
74.55560710075301,7052.0
103.50040858374578,11339.0
135.21846940478383,16394.0
146.2201980544211,19861.0
126.78504226003975,18801.0
908.563204736023,24247.0
160.62971264928888,24113.0
152.16226801995288,22588.0
147.14279164850572,22099.0
138.03013361760594,20920.0
156.2918594201222,23575.0
177.49511086036446,28265.0
181.78435264189486,29253.0
157.46911417579037,25058.0
151.9160397959367,24483.0
170.70628396098553,27544.0
181.03128724651398,29282.0
186.32790127713199,28042.0
176.10370949743822,25268.0
160.91578278651286,21787.0
138.80710610716227,16565.0
96.32132032766911,10426.0
45.584005113490925,4347.0
50.17015416466272,4302.0
63.68755841506506,4955.0
83.85233930075809,7751.0
113.0468276753321,12102.0
138.8350257289589,16617.0
129.10323136707646,16214.0
827.9553475331667,22468.0
155.46315250063068,23478.0
157.2335805228553,22860.0
164.8546386346661,22294.0
153.81042013966945,20941.0
151.92187852360533,21015.0
152.87760087974127,21514.0
133.4487420709519,19173.0
111.39963444020101,16385.0
107.03887404609797,15091.0
93.08261341617755,12684.0
80.3434266169696,10759.0
57.17805902935657,6946.0
37.60537019129182,3934.0
24.171053366351405,2669.0
17.94949780979649,1815.0
21.09604697767176,2098.0
40.32270047661729,3869.0
100.21124041891406,11476.0
140.7606196609424,19347.0
149.5790720638883,22042.0
134.6841225355762,20634.0
119.06593656953575,18530.0
82.52906410275234,13246.0
661.5857386157338,17673.0
118.74895557004535,17387.0
131.363282958315,18619.0
132.84712667954923,19165.0
130.06829687665885,17590.0
143.22577186734898,21424.0
158.23908389444756,26223.0
158.0224742652369,25652.0
156.1850805706382,24191.0
151.40445146263843,22496.0
129.28198746976264,18653.0
94.75480879040019,13138.0
64.3401357054806,7911.0
37.82149302856384,4503.0
27.860986511733717,3012.0
20.237684797260094,2059.0
21.726282383885216,2154.0
46.937440457351755,4196.0
107.00072635443115,11969.0
149.0965818133661,21120.0
164.70348048549397,24626.0
158.02727687309323,22847.0
147.06941479968552,20084.0
95.71928029585652,14289.0
864.3538312798129,19603.0
135.856738683363,18868.0
142.9907718496893,20210.0
151.38760088034337,20148.0
145.33732077311862,17577.0
166.64462577276078,22191.0
180.93604273460238,27871.0
178.2392987593643,28354.0
169.79045763802716,27445.0
172.37475932525354,27300.0
157.36839702263057,23925.0
119.8471823768494,17552.0
86.40368329982716,10638.0
51.201150916857486,6040.0
35.51616876143115,3951.0
24.376168184864003,2624.0
27.0695308335337,2481.0
52.753648595719255,4383.0
119.34151462901029,12204.0
158.43094809287302,22263.0
167.71466457919513,25450.0
166.19626884702527,24010.0
143.115368176774,20770.0
98.36273622153601,14993.0
965.5266340184569,21265.0
149.15228094041063,20131.0
170.59789657071082,21958.0
178.96410992421457,21063.0
157.58237302814385,17106.0
182.15059482172202,21372.0
196.2436172004163,27083.0
196.43705562018047,28965.0
177.79051261852234,28367.0
182.22724309439002,28239.0
169.85172841605777,25817.0
137.0690431237998,20023.0
101.93930414165106,12674.0
63.78705836973018,7414.0
41.87028569846127,4699.0
28.368519060000565,3091.0
29.01917122905336,2838.0
50.680267380656275,4276.0
121.9449373980132,12048.0
163.45169267454983,22202.0
175.0957458415062,25768.0
155.79491085718217,23734.0
140.2725402225486,20718.0
104.56516042616572,15304.0
932.5703169821073,21402.0
150.59061096192687,20314.0
174.1965266415657,22403.0
177.0262364687358,21146.0
161.27136268964418,17026.0
184.20095425024658,21775.0
205.30400839119113,26993.0
210.10284304251002,29114.0
202.14564604523608,29052.0
204.1014316532843,29270.0
194.59822995291526,28323.0
185.5828620398368,25534.0
162.6665379176783,19548.0
111.58542702957169,12570.0
79.84287363730334,8126.0
59.751544660849305,5807.0
49.38094963847823,4453.0
66.1010770964566,5155.0
144.27336730883633,12882.0
184.74698665936197,22587.0
193.09054420984742,26161.0
182.7842335629857,25367.0
167.32924180893815,22659.0
111.99360328284081,16682.0
1048.7969290435321,22025.0
180.98981279087536,21705.0
206.42626034945118,22465.0
207.39213228431143,19885.0
175.27803091373656,15949.0
209.36327707375193,19852.0
236.21550117253597,24697.0
242.49246024411346,27578.0
222.00780929630548,27793.0
211.00290739135968,27298.0
197.52009110321129,27816.0
197.9650899839621,27327.0
193.86117468094878,25545.0
179.04646622254396,22142.0
154.97477559670946,18227.0
126.1270633540264,14467.0
95.7181990849818,9582.0
52.40320462800014,4647.0
68.49616493519049,5530.0
88.4321939424334,7933.0
120.22018141606692,12275.0
148.92710309416026,17326.0
167.18447569266795,20590.0
144.86704106757003,18664.0
938.8359940490566,25094.0
177.21566294778407,26076.0
179.00813759996564,25570.0
177.6399365084714,24606.0
166.00462917550493,20845.0
166.2734988583125,22324.0
199.56043202695716,26880.0
196.94661415233122,28434.0
177.28347750568597,26493.0
173.4242342968862,25931.0
182.95440249261284,27205.0
186.3131049721358,27253.0
173.7826008572642,24874.0
160.09798291774382,21947.0
148.00931265799542,19016.0
124.6019924326615,15392.0
90.32115340929754,9821.0
46.552215613244634,4576.0
43.213525831352946,4097.0
60.28799905604979,5276.0
88.77672617865558,9051.0
118.63791590074703,13031.0
151.06301613405657,18199.0
147.46319231399366,18413.0
923.7908804082905,25257.0
174.46260436162342,25804.0
176.56099924515198,25169.0
174.24853461381457,24093.0
175.46359233730675,22503.0
173.7593319367075,22903.0
189.2271967880131,25335.0
186.0022985242585,25316.0
164.92698851527177,22000.0
152.44324386133914,21162.0
149.72936034761204,20278.0
148.76250252294082,19077.0
109.09853263460681,14166.0
77.9167224883219,9513.0
64.95357394447484,6831.0
50.44466877967141,5137.0
43.30473267749858,4122.0
43.04060952470397,3755.0
74.92124394583394,6547.0
97.05019186787513,9880.0
127.62174086535452,15917.0
144.3737906582954,18784.0
148.48514782362116,19761.0
130.33781376417832,17145.0
838.8504256923056,23618.0
164.85670638797842,22519.0
177.77052658538386,23425.0
184.1139172839851,23211.0
169.93464408243636,21472.0
175.1020563084165,23738.0
184.45815669675085,27149.0
176.7104026725085,25278.0
149.05652529428684,21350.0
143.50928785800977,20121.0
133.31084691500385,18667.0
107.70160781474019,14769.0
74.34376476142118,9464.0
50.85946258375865,5649.0
31.87089380896139,3657.0
23.073845814347653,2281.0
22.092404726388278,2113.0
37.480960890637604,3320.0
74.94430931501773,8062.0
105.45214303021056,13533.0
130.90987029103934,17841.0
144.21531362178314,19251.0
136.47687892069774,18899.0
94.68486840839111,14482.0
780.1771471350999,19612.0
126.69309089170495,19297.0
138.3085538263379,20082.0
143.37255286768394,19670.0
139.86721673160972,17308.0
154.07769069244407,20915.0
173.71277481626092,25997.0
165.50216594736028,26543.0
163.09367906634867,26264.0
157.9417985216735,25400.0
146.32416210138047,22343.0
120.0263417042438,17703.0
92.75441328759756,11095.0
54.84381403720174,6649.0
37.00411211895361,4175.0
27.565140693161144,2818.0
27.448460936549022,2633.0
51.0643577831847,4126.0
116.38228393622552,11394.0
140.81108341565948,20092.0
160.14827310141277,23787.0
147.5552505199598,23014.0
146.04658823567877,20458.0
104.43938904078266,15000.0
911.109092114419,20928.0
152.96258332465675,20327.0
160.88275632142864,21086.0
164.68300168317882,20565.0
143.31109904109454,16970.0
167.3643802224107,20468.0
177.0805844311824,26206.0
180.46648171239383,28682.0
169.04543562940248,27400.0
170.64930269641522,27119.0
164.2796121875121,25154.0
137.97069849647755,20238.0
105.67669545169674,12628.0
68.24919722959955,7648.0
46.389499158172406,4852.0
36.069687395059304,3229.0
29.053535045525578,2712.0
53.867888849393225,4282.0
119.95580870827622,11599.0
152.50786530741794,20919.0
164.7561262216343,25021.0
159.42418784298067,24078.0
151.74509419592445,21986.0
118.85296510069666,16310.0
962.2890537531935,22702.0
160.40161537756606,22200.0
170.85194721114613,23079.0
187.58157105849145,22441.0
162.21342822629526,18334.0
185.1342193346244,22813.0
206.6693508076706,28260.0
208.13197913747914,30064.0
214.1816617060626,30851.0
206.87037560208145,30366.0
206.77046189802292,28615.0
180.6948689339339,24231.0
141.53715058331838,16674.0
93.70176590924544,10092.0
64.07988639541512,6477.0
44.101592269328755,4421.0
37.42807614808912,3606.0
60.40281614970924,4733.0
130.7073574564312,12088.0
173.64499077597787,22001.0
180.5055023179164,25942.0
164.9878838708058,24792.0
160.2989675602987,22690.0
115.79246937868814,16835.0
920.9222314441354,22698.0
157.81729979426402,22026.0
175.29048084073995,23601.0
180.21511322581895,22078.0
162.6525888331279,18363.0
185.2817681859286,23467.0
215.49405454006904,29579.0
209.08108046479077,31856.0
204.4345608787704,30218.0
192.959285347668,28425.0
197.6607541116031,28882.0
196.6627707416639,27804.0
191.99537392185357,25654.0
158.3259870087814,20762.0
137.49369776211952,17069.0
107.02544331963539,12569.0
77.69826908437742,7900.0
42.20542844418921,3919.0
58.570496008222804,5170.0
78.45898360720773,6877.0
106.36189307514115,11040.0
136.08788862957755,16370.0
163.65215228750918,20031.0
141.40560410828604,18163.0
923.4079746177373,24573.0
184.02694185586378,26495.0
188.37481461452276,24257.0
159.18464953719155,19617.0
126.29464033310737,16559.0
134.52251765683081,19266.0
162.07208732465855,24476.0
170.35426333803787,24486.0
145.01532140140472,21564.0
141.45227555979216,22590.0
154.66775924379948,24225.0
157.22098555496436,24851.0
150.53353152456106,22884.0
137.2234207498547,20155.0
121.21001970914769,17668.0
100.930456687567,13651.0
69.48356542087964,8426.0
38.83964276822449,3786.0
44.663729837608926,4208.0
55.94203167711631,5654.0
81.72450414872051,8977.0
106.25139992098366,13215.0
133.8942705661056,18204.0
127.75638206291026,17459.0
882.0798264578041,22727.0
148.9692313522743,22230.0
161.50372604290814,22226.0
156.1575888657973,20563.0
154.47161127124127,19271.0
160.32427333497324,21146.0
173.04786429630593,23597.0
146.43816760872693,21698.0
112.38660587746122,16185.0
99.33543299023493,14370.0
106.730607302501,15370.0
86.91209532624497,11484.0
90.51129998393428,13477.0
41.26027877872941,4847.0
27.93732907751194,3081.0
21.67448486345671,2213.0
22.726078273955935,2297.0
50.28896578566537,4496.0
111.74976614014109,11677.0
154.72884259620844,20162.0
175.48194389391722,23653.0
166.38814599837767,22325.0
145.07828022591136,19246.0
104.41587919901562,14739.0
804.0755783978191,19943.0
141.99936488792912,19462.0
170.9056077027383,21198.0
178.07173083751042,22030.0
173.14879871184564,19944.0
192.4417620598857,24137.0
204.38188597721106,28759.0
207.38981350509454,28852.0
190.88472948571012,27269.0
181.60335337844307,25590.0
164.71493547448503,22420.0
114.69482544946212,14910.0
81.59024971884988,9550.0
50.9247871589337,5289.0
32.62114019273447,3224.0
21.12271492009051,2117.0
19.798698680590448,2028.0
47.75469560490097,4153.0
122.84596124646161,12756.0
170.6149662528167,22737.0
187.17119179280888,26020.0
187.12141159330704,24512.0
157.16615516457645,21421.0
108.90576441956122,15312.0
900.6991448303197,21458.0
142.93826674804544,20499.0
167.97589999835685,22543.0
162.996809331796,22020.0
146.55435431223927,18295.0
172.329539901839,22469.0
199.22456867275463,27921.0
183.5912231874973,28228.0
176.02924547114063,28050.0
173.84144646935297,27840.0
164.4072495376718,24507.0
126.74000019001312,18336.0
87.6622770125047,11379.0
53.23460831002069,6190.0
35.711648222411384,3994.0
25.905185166261084,2650.0
25.052180520380436,2435.0
51.88647010261707,4271.0
117.38897790197738,12374.0
161.09804278789363,21997.0
169.4985672512484,25219.0
164.99698002048737,23461.0
148.11592541120234,20855.0
96.3329701384348,14650.0
911.9665732614615,20999.0
146.16297948041588,20659.0
169.19123910289568,22033.0
168.06737585649356,21002.0
149.49263339128717,17009.0
175.16819576648615,21220.0
187.37896508828385,26517.0
178.66520092304026,28315.0
174.87478292498432,27571.0
174.78503044301155,27463.0
164.0855527213818,25540.0
137.63923278313044,20066.0
105.40078275405754,12965.0
64.6176848974156,7487.0
39.557548765547956,4650.0
30.63548337719023,3122.0
29.517877803193265,2706.0
53.93824474206161,4426.0
121.95368383164075,12570.0
169.64650839134515,22784.0
176.3573067829078,25983.0
168.12425996123073,24572.0
144.2108060203597,21302.0
106.00520602164006,15588.0
936.573119489282,21867.0
162.72227572546754,22299.0
177.5763689968671,23025.0
182.80673060603945,21686.0
158.5360534615511,17342.0
187.00650352893024,22004.0
199.0012658795449,27521.0
188.35842686060906,29632.0
193.21509642213826,29678.0
193.20799101163087,29125.0
186.7208983024025,27476.0
173.0088614649283,24643.0
130.7530366661278,16877.0
92.73638483999902,10798.0
59.775187849614646,6868.0
44.99586729021046,4745.0
38.57512759830667,3815.0
57.981911766455426,5011.0
123.49128113476681,12062.0
158.9695158097555,21478.0
178.06656776146585,24798.0
177.74995435683135,23849.0
148.69865247032703,20679.0
102.13272502170177,15242.0
934.7182433020822,21725.0
154.5459428154288,21254.0
182.85017959142775,22411.0
182.99720583296184,20615.0
164.3891541765842,17052.0
186.98250605248919,21887.0
203.02367495812882,27412.0
207.80369622211668,30892.0
204.85725498707708,30040.0
196.62925893838397,29299.0
202.72707635045202,30257.0
209.11954772354017,29252.0
202.55386290582874,26347.0
168.80854153322377,22209.0
142.12274539518424,17927.0
114.44763903462565,13331.0
79.31700054026861,8449.0
47.499350683625536,4299.0
63.88591031915937,5227.0
78.88234883736749,7070.0
107.61898899814445,11531.0
140.58700244136674,16700.0
161.32674558500523,20090.0
140.2392063989287,18005.0
939.6626134892675,24577.0
165.91658379086934,24337.0
171.5553749656221,23659.0
171.87396621514378,23371.0
157.94540349821608,20746.0
180.51811983570883,23204.0
198.25548977901664,28854.0
196.70437120655006,30206.0
180.31570346024398,26507.0
169.199063645317,25997.0
181.4953476931504,28489.0
196.56329149911008,29541.0
191.44783040832607,28065.0
171.25110328046406,24732.0
154.09574723467722,21240.0
127.86375843226334,16061.0
96.78063904926076,10313.0
48.18875648243631,4601.0
51.70744142678047,4614.0
63.85369266645949,5513.0
84.26538598541622,8616.0
121.07320393556846,13416.0
151.1482006101925,17997.0
133.3986378399956,17291.0
933.6773314009287,24126.0
189.1888524383282,25443.0
182.4853330274019,21397.0
156.45165262950567,16262.0
124.91077352276288,13433.0
120.77496606723457,14927.0
122.41674838501541,17147.0
109.20074521218578,16205.0
105.37484249325081,14669.0
92.66827640320959,13489.0
89.57984735731212,12170.0
75.09288883002498,9419.0
59.12001397221033,7051.0
37.7102264032198,4313.0
24.960883195965508,2798.0
20.007592737809063,1938.0
22.10229965882731,2297.0
49.69331958332257,4485.0
107.39847859071153,11014.0
142.305217108845,18028.0
160.75572235816847,20558.0
160.65291985489574,19992.0
143.24244579841744,19107.0
98.29433508937481,14976.0
758.0812061301272,18260.0
133.20279316625556,17553.0
147.01834403358046,18728.0
155.32626539948197,19520.0
154.84541989094555,17595.0
170.05237607485856,21714.0
167.99484180313445,26378.0
172.34905313223237,25915.0
164.11950302669678,24448.0
154.26200825425306,23504.0
144.3856335597385,20275.0
108.78354759221574,14447.0
75.18375574857349,8890.0
47.41208606819221,5122.0
34.13905471090998,3223.0
20.796912287141126,2080.0
20.48702053669289,2057.0
44.766113200882884,3864.0
110.64567795702109,11614.0
151.73229126080102,20795.0
164.14815649470313,23957.0
156.09391464416095,22224.0
146.3800691849936,19500.0
91.3645276468347,14084.0
897.346712464705,20320.0
141.62956876809756,19725.0
161.26805438025846,21609.0
178.33197712893138,20577.0
159.22557562358776,15467.0
174.8553639328873,17176.0
194.38902837733193,20402.0
181.15563105410527,22201.0
175.84689769061495,24513.0
166.55164265613024,24624.0
159.3808633287572,22179.0
125.08880216546169,17041.0
86.46609820525715,10440.0
50.76565650650101,5672.0
31.783170555377623,3485.0
20.234641843182313,2258.0
23.526176893211034,2308.0
50.617293629668055,4277.0
119.03571192682365,12339.0
161.68080092764413,21809.0
176.44973350739647,25067.0
170.94649348378266,24248.0
151.69734664584774,21076.0
94.97400368637922,14305.0
884.0810658684126,20182.0
142.9161266737083,19781.0
160.2405168041621,21459.0
163.51107086454772,19842.0
152.81845784201894,15877.0
185.30231540243983,20150.0
183.31154341320905,26051.0
179.0483137024261,27940.0
191.36163759016435,29444.0
187.6859812357608,28282.0
172.68791109770723,25333.0
144.53077314401898,19786.0
109.77710475870109,12788.0
65.10521886610253,7441.0
44.49484445591573,4681.0
29.549871684516802,2991.0
27.810209619261002,2739.0
48.22068641099794,4116.0
108.80881017615425,11125.0
149.65408649292897,20120.0
152.56264153934416,21446.0
136.26386944222853,19374.0
112.25457971350991,17255.0
75.8538696178766,12504.0
769.2310021268,16916.0
102.50864313817617,14925.0
107.39842643590691,15745.0
117.1203026374545,16610.0
100.15475769779454,12994.0
107.94389670090216,15777.0
119.42545109625623,20574.0
139.06001259520968,22589.0
143.35028362579922,22013.0
140.49409961890288,20936.0
135.05626321575153,19871.0
130.08830942371762,18301.0
112.36959783952676,14204.0
76.30954011947284,9189.0
59.775090818882575,6533.0
38.5189588226541,4248.0
37.26565920275657,3684.0
56.3542008247251,4787.0
117.14058669553467,11096.0
156.10720769670425,18162.0
169.69028371322457,21563.0
156.57022534340592,21881.0
146.3143450827092,20654.0
96.58310508018921,14866.0
959.4360143707516,19795.0
164.3906834988746,19392.0
189.82905435925213,20667.0
185.8625379294028,18361.0
169.14353699915,14429.0
194.80686681346677,18167.0
207.4355914234969,24084.0
201.94870953576174,28225.0
192.29580580712764,29151.0
193.40175106282578,28884.0
195.00916758350363,29261.0
189.24056681463108,28539.0
195.71911925820282,26398.0
170.8977842997456,22090.0
139.11344245337168,18192.0
117.2091179439331,13875.0
82.23066114308317,9000.0
46.43249258153072,4441.0
64.45350524962313,5626.0
88.50168566396015,7644.0
114.91780832058211,12415.0
144.24754422708077,17674.0
161.7173820185527,21113.0
128.82643066215599,18596.0
940.8801469993083,24700.0
168.06025715274126,25361.0
173.2916403394313,24683.0
171.85125384368598,23741.0
151.78437987745542,21127.0
159.49872129019073,23611.0
190.3312984943956,28776.0
191.73486796420542,30115.0
172.39025350114778,26032.0
153.67372762165732,25088.0
173.58212087192598,27642.0
181.5842411787106,28888.0
173.0776340615373,26928.0
320.7882556977306,24230.0
1.13596956197626,148.0
155.91737181418296,21586.0
121.02652042404341,15094.0
65.63057381522218,7367.0
58.37301632796971,5120.0
70.62471181855855,6185.0
83.72620308707845,8642.0
116.36549664198508,12969.0
141.29780320328024,17695.0
123.8134436217709,16341.0
867.0821357093919,22649.0
164.01094974670275,23236.0
175.4780689629551,22773.0
185.08014863886694,20815.0
170.39447719984807,18677.0
171.50583928180876,20203.0
166.53498628450754,21505.0
158.57954357235928,21297.0
137.35610922966669,18539.0
131.38167198102315,17574.0
117.13534664877926,15790.0
106.42113849202293,12465.0
74.41318047568477,8349.0
46.46780453967918,5049.0
30.52539028606283,3206.0
21.906526512298896,2211.0
27.968472130871103,2660.0
50.13923808697022,4564.0
119.13466826983635,11451.0
159.23575304582283,19307.0
174.86792456255293,22868.0
165.46759319928367,21772.0
146.94797213396822,18527.0
92.90301525914658,13271.0
825.4686820993685,18423.0
143.13296771570043,18120.0
151.56830320649308,19184.0
161.86591809955425,19489.0
159.61980876148158,17009.0
167.732171176443,20177.0
175.7817362576082,25023.0
165.50087458965052,25280.0
155.82406368875283,23796.0
149.3857102545069,22722.0
127.99444361230286,19365.0
116.1591360359193,16486.0
77.60253559377144,9344.0
55.57284262526688,5756.0
32.560267116666736,3531.0
26.20052194723655,2427.0
23.84284198374915,2320.0
46.831749934673844,4019.0
106.30879020078639,11054.0
146.54680533526042,20271.0
172.52247650178268,23768.0
164.6851273195911,22481.0
158.394123953969,19958.0
95.72021198249818,13759.0
925.0158437120876,20038.0
149.26567615327227,18856.0
167.1890443826991,21006.0
181.78001753032373,19630.0
168.0779093055968,15807.0
194.7597313309566,19099.0
217.90178303922613,23990.0
193.7594105736846,25797.0
188.2786673982803,27086.0
187.14130800931358,26779.0
169.52298920024435,24079.0
141.50412811880207,18467.0
95.64326558773442,11468.0
54.422587391336904,6394.0
36.26233528018075,3891.0
23.603124082276977,2656.0
25.511964879210726,2590.0
50.29868776841801,4192.0
110.5815228670277,11283.0
157.44551600436506,21054.0
169.44115087507873,24212.0
164.21196686788946,22854.0
139.7302268996253,19909.0
97.0047190381499,14333.0
919.4783760302042,20150.0
146.47303381693436,19463.0
161.01458905377712,20454.0
171.54134356670247,19683.0
153.88804729730714,16141.0
196.34270915414703,20422.0
206.81811863159575,24402.0
183.7626899598763,26895.0
175.18039475468402,27324.0
180.3609411241548,27123.0
170.3433704686793,25754.0
152.10427520984078,20973.0
114.2987052249651,14362.0
73.80245601363453,8156.0
49.41190077390381,5164.0
34.209238207610944,3401.0
31.683657480841724,3094.0
54.57587223401901,4487.0
119.16816293390437,11445.0
165.674721769009,21300.0
183.6165870494212,24724.0
170.5983347090779,23108.0
151.58060452515898,21144.0
113.32979034157768,15642.0
942.7278547771539,22247.0
164.67574900641048,21199.0
190.19813312006033,22210.0
193.1886426069137,20171.0
175.51476986387857,16069.0
200.38703437951511,20227.0
213.1623172143793,26479.0
205.3051805501358,29019.0
194.94881908656978,29220.0
197.69315824827584,28856.0
193.35058384416132,27915.0
185.69304303703,25140.0
147.36099938714682,18630.0
101.25144959205939,11749.0
69.59001257375431,7641.0
54.74821354598323,5411.0
44.46191475578808,4280.0
61.60040742240732,5157.0
131.29068640672864,11557.0
172.66936631557252,20780.0
183.98749093525686,24094.0
161.47842872181516,22425.0
146.8241748447099,20358.0
104.46016763111774,15280.0
941.2828301750902,21298.0
162.92216781445552,19774.0
192.1771999800649,21754.0
173.83922936576022,19765.0
159.35119266998277,16342.0
189.80063203333663,21394.0
208.44321052550356,27715.0
204.24562714559036,30113.0
200.2919857362242,29012.0
191.50757413731424,28311.0
186.3527462462173,28454.0
184.55474379070768,27991.0
187.3129869018976,25947.0
159.45348599259367,22220.0
138.48836965102248,18250.0
116.88859622797466,14154.0
88.79811594759597,9193.0
47.263077677223066,4429.0
63.71750914921129,5297.0
86.58213686203526,7843.0
119.77334167781588,12407.0
150.68181697918675,17857.0
164.9337635347482,21004.0
137.17458826960086,18697.0
986.6418035648727,25954.0
168.97207958425636,24343.0
157.99064585230633,22837.0
156.01488851227967,21888.0
152.97625508088683,20382.0
170.2613464548577,23251.0
182.38187093684826,26671.0
189.61360150071954,29218.0
181.4886187727226,27433.0
179.96901860823237,26944.0
170.31292881611273,27332.0
171.51554570745648,27331.0
176.81363131037946,26776.0
162.9245106403311,23650.0
146.8233933204738,20069.0
123.862328215864,15122.0
89.50438630972526,9829.0
47.413822569474874,4664.0
57.055918243290854,6084.0
73.59671574241683,6519.0
84.3728186393597,8185.0
122.39634710833015,12286.0
152.45401590777905,16532.0
135.7048348937822,15997.0
888.0567912001403,22936.0
174.5702554034266,23215.0
174.52804660191364,22714.0
171.99417912432588,21743.0
170.5636568753147,20478.0
172.2929151112724,21489.0
167.94044139998266,21982.0
161.2084832123912,20989.0
147.83983390860112,19299.0
131.53983509625266,17357.0
112.68327684290995,15291.0
92.7806271521386,11857.0
72.01462487507635,8605.0
47.58366781954331,5288.0
35.72229553304627,3646.0
30.048137095152864,2821.0
29.912895046789448,2845.0
48.71074750195021,4345.0
107.63786560705385,10872.0
153.99419426003323,17885.0
165.0998867644577,21395.0
161.156027010947,20827.0
140.60950452245672,17889.0
98.09125373258865,13237.0
774.6734917384998,17828.0
136.9951085509723,17569.0
141.26981878403436,18324.0
151.78768979339577,17699.0
144.5526697873782,16211.0
153.01063185390822,19203.0
166.62171740904458,23810.0
161.47129038432726,24175.0
154.3617291216617,23220.0
146.95146609357633,21358.0
127.05386284704463,18397.0
99.4269345128695,14108.0
72.99821133063107,9045.0
46.78263061020419,5428.0
29.65701056184098,3352.0
23.033930942630914,2139.0
23.5775734678629,2240.0
43.676530524838846,3858.0
98.69347030692651,10543.0
144.61321846978962,18774.0
173.31502240686308,22126.0
158.530161524987,20562.0
143.2777404189491,16998.0
93.65306281260852,11739.0
720.3142190151603,16369.0
142.88262510615374,16757.0
155.25864084909728,18142.0
162.38245001254714,17840.0
144.49548978084863,15767.0
167.82430366875028,21756.0
190.78656384124002,27880.0
201.8874857102606,29661.0
205.94209837112788,29767.0
199.59700379017264,28845.0
194.01885096459034,27273.0
179.5378617340413,22622.0
133.86130152053076,15275.0
85.85303342880198,8961.0
55.54826961294958,5700.0
41.33068711836004,3950.0
33.594043717907034,3312.0
52.03230653346219,4441.0
112.77775771282556,11494.0
162.26490736246592,20458.0
175.96325266873205,24804.0
165.1332340949216,23667.0
145.37552117534284,21091.0
102.75594088498941,15362.0
925.9676049805295,21135.0
156.3595121621914,20687.0
173.99683559110053,21016.0
173.7159666866563,19433.0
159.9182012365347,16605.0
184.201462562869,21171.0
195.79078369260696,26770.0
191.15795974969964,29142.0
181.00001550706057,28174.0
181.72571546755896,27491.0
167.35112696938802,25483.0
146.55892142257443,20229.0
105.24105500908544,12806.0
69.50606553734133,7453.0
40.01270082727799,4513.0
27.90729042992394,2846.0
28.098925521094422,2732.0
50.875116256956034,4273.0
121.85126330373267,11420.0
172.19312201353745,20118.0
171.52216750826838,23875.0
165.21123637865315,22958.0
148.81253939517876,21062.0
113.78416865505537,15746.0
928.2311443058239,21680.0
168.0622959693641,21464.0
188.6758452148366,21835.0
191.94142285114512,19885.0
171.5242351681599,16027.0
198.1107820721712,21092.0
206.23318371013653,26489.0
191.45133399951345,28581.0
187.5195833362941,28347.0
180.57737388609814,28577.0
180.19257831700048,26753.0
174.080966473788,24131.0
136.92974214449535,17243.0
89.38518591839869,10761.0
62.61542761690003,6899.0
48.43993659603975,4699.0
38.39815577420051,3968.0
53.982213132482656,4713.0
121.11244187227774,11054.0
163.50606879001091,19090.0
171.35823272466163,23359.0
153.8523406897063,22458.0
139.7524047940517,20109.0
103.80375317484703,15039.0
897.4347010454254,21231.0
164.11685954171077,21030.0
165.91692204509437,21736.0
168.81568334507958,19751.0
146.33917134513726,16331.0
171.37541508238095,21311.0
186.5908109956396,27022.0
185.0254299709227,29024.0
176.30543109340164,26340.0
175.09930790820084,25913.0
177.2030348420339,26330.0
178.41098134905698,25987.0
181.51708800097273,23152.0
155.73301862256434,18928.0
124.46343757679438,15299.0
94.80191779835684,11127.0
68.53100518475873,7507.0
44.362915978140926,4095.0
59.324161999411345,5178.0
82.90749293475936,7335.0
109.79819258752003,11770.0
131.99616318270049,15964.0
141.74073004175557,18526.0
120.22536275073647,16553.0
897.3504922570123,22877.0
149.93861270295255,22879.0
160.36290690049984,22405.0
158.58523244332412,22233.0
149.87224347055061,20506.0
166.75380917221375,23109.0
181.66802369290133,26980.0
186.30410626993782,29200.0
171.41432952716028,25794.0
155.7874947925548,24696.0
173.70537933324448,27753.0
197.9205311420798,28875.0
185.02833941686902,27135.0
170.48972463697484,24789.0
149.44338743678685,21411.0
131.86383807675264,16666.0
89.46327256128808,10443.0
49.79821808521875,4743.0
54.13215195794891,4704.0
64.03239597725558,5705.0
95.22795581247442,8834.0
117.9796634324064,13041.0
148.67979198642794,17706.0
126.85042099097254,16347.0
870.7959060109943,22147.0
162.17217615171742,22095.0
172.67181937666183,22183.0
175.59456512140434,21556.0
173.96944385700695,20100.0
173.712313679147,20896.0
182.543593275649,22494.0
168.61138770982112,21509.0
154.83710142800814,19995.0
144.22570547854926,18895.0
132.27498884319598,17328.0
110.85814288995843,13128.0
72.30373419334526,8366.0
47.125526509581434,5036.0
30.904672441071117,3207.0
21.760440878686925,2040.0
28.72048296208884,2617.0
54.0338020365476,4578.0
112.70325024778134,11190.0
162.23481804763694,19112.0
167.75443096753455,22239.0
164.67494520335825,20873.0
138.4621814122499,18153.0
93.8860015828806,13516.0
751.5176219175743,18376.0
141.4469443373851,18164.0
150.10307685907185,18828.0
160.55667677650723,18393.0
152.0823547214629,16630.0
165.59235701316774,20542.0
175.79825191658045,24981.0
173.0951481128214,25260.0
161.56876756356735,24094.0
159.47389314120565,23611.0
140.63674608478382,20599.0
110.56055830540042,14572.0
79.86243994170667,9727.0
47.34351330383755,5363.0
31.23997563912914,3518.0
21.984895021680398,2261.0
22.50535172543057,2170.0
44.75299741082356,3974.0
103.4670136289923,11040.0
150.90684213189735,19554.0
172.87519438190685,24083.0
162.2445235130334,22110.0
140.07855894621736,19292.0
93.06626017107645,13629.0
871.8129954638855,19489.0
144.85215356722264,18742.0
150.41820280632197,19582.0
151.54125486885903,18405.0
148.1282370561317,16150.0
172.299659167117,20074.0
181.78409686778826,25261.0
173.73531611353874,26154.0
172.53511392026937,26405.0
167.72576415397367,26131.0
159.26444309339945,24114.0
132.67817230393152,18215.0
90.59654038590897,11380.0
56.41929134119899,6566.0
37.33350797636751,4054.0
28.67259516598349,2872.0
27.145784697405084,2601.0
48.58923480112334,4146.0
109.72443168194422,11019.0
153.88536093487087,19573.0
162.30479993105112,23147.0
149.87097008587244,21725.0
138.05406141520402,18997.0
93.16341418177956,13793.0
832.0148937435017,19460.0
151.22003661766792,19686.0
183.23436180856598,21879.0
199.60383214225533,21522.0
162.5771108670303,16609.0
177.42658605074513,20227.0
200.02644816172304,25466.0
200.12784654289058,28596.0
179.596037490287,27624.0
169.21705343348378,26594.0
160.74673440679703,24661.0
135.96715225826,19387.0
94.50521790312447,12427.0
58.41057907058353,7175.0
41.70284259720675,4617.0
27.825911846989264,2971.0
27.717346926322342,2689.0
47.38742527951027,4183.0
111.91902557040243,11076.0
148.90050074152907,19638.0
163.27453013132595,23820.0
161.03717223141535,22708.0
140.99403357416884,19902.0
98.51868719688686,14241.0
973.4389713404044,21101.0
159.61578156642156,19581.0
182.0223804376616,20863.0
179.17052962718043,18414.0
160.22550067279727,14726.0
183.00292916581114,19331.0
210.88272253601932,24646.0
195.44122677719173,25721.0
192.11428385558364,25586.0
202.67644875235084,26625.0
212.62525333054478,27023.0
179.1427232449009,23701.0
152.58838035655384,18842.0
97.80075405848083,12011.0
65.11164875103636,7658.0
48.41559696313473,5145.0
39.702778975515315,4050.0
60.14951535870226,4858.0
131.25703912228437,11757.0
173.42989543234515,19934.0
162.64684373896944,23005.0
158.02231105413415,22301.0
144.89809363435296,19915.0
100.75909388680874,14717.0
879.6792805849058,20780.0
153.72211126268232,19926.0
174.04315038909039,21389.0
176.25504725744264,19573.0
151.22678269294923,16327.0
170.99418079410165,20709.0
191.69421075383582,26992.0
200.3731367896834,29328.0
184.793509623755,27525.0
177.94935156486613,27279.0
187.52643858782184,28052.0
194.9001365108951,28113.0
191.93831566328572,26814.0
168.98544449454124,22580.0
154.90594665186222,19163.0
120.52552323505354,14351.0
86.07451901961693,9164.0
44.8906603628004,4223.0
63.78590324734493,5272.0
85.81502089446356,7632.0
109.06300926829199,11540.0
139.71421755746888,16556.0
157.9252799312817,19815.0
134.04437657041825,18388.0
960.4320818065581,25298.0
169.61297337710837,24895.0
165.10712850443423,23248.0
172.5467999535254,22991.0
153.33761623330736,20904.0
169.97162672995452,24220.0
197.2831382883445,28764.0
206.4909955941682,30525.0
197.80664818255326,28397.0
187.56350418512494,27562.0
200.6879353426085,29440.0
213.8932774657386,31323.0
206.8275477971897,28010.0
180.3548859387942,24426.0
275.56968693889104,33561.0
100.6940599099451,10463.0
49.82785495433567,4523.0
48.89088204333668,4465.0
65.41654064598414,5869.0
93.05577287840407,9088.0
123.43605449151175,13533.0
153.99800327080402,18633.0
134.36513667509087,17262.0
894.2758837359786,22881.0
175.11683244957553,22424.0
178.00468109305675,21864.0
172.391759885812,20178.0
165.2834818148954,18784.0
173.215716937196,20409.0
172.45381485955102,21488.0
159.82727814634546,20876.0
142.44211478412345,19263.0
129.00041247275308,18005.0
116.21546004434896,16083.0
99.45498811426049,12541.0
68.18739902986329,7907.0
44.99372827320723,4881.0
27.208332220117143,3136.0
24.49875555489966,2251.0
23.64330306111373,2454.0
47.63208871942696,4353.0
112.6052989010934,11511.0
153.9553436331422,19470.0
169.9977351598278,22474.0
159.96813968540764,21218.0
138.964017060896,18852.0
96.78187979651923,13898.0
768.0897343586579,18430.0
147.58046373952732,17923.0
165.6075697464957,19124.0
176.88620121666514,19249.0
154.67153309465812,16992.0
168.4799668244727,20722.0
181.2990709484295,24583.0
160.2291761909563,24372.0
156.0317569054041,24109.0
150.90340102418358,22847.0
133.6417293634424,20160.0
116.99013890458521,15465.0
84.26321739638317,10133.0
52.09060576596342,5708.0
32.83150069465443,3521.0
22.138046720059673,2449.0
23.04277978652982,2273.0
48.794620509052756,4019.0
112.33353215105723,11462.0
155.85965140246802,20974.0
164.04258184379378,23642.0
155.79156943648914,21839.0
142.07397306149696,19774.0
97.81073749618928,14526.0
884.5914335656422,20032.0
165.60010802540214,21748.0
186.73777448024316,23051.0
186.39620143328315,21700.0
154.3366028973906,16800.0
186.12804435645566,21044.0
210.68467698219985,26411.0
200.01818878684125,27502.0
199.02759803104263,28005.0
174.94085403783325,26068.0
160.1171772025911,23870.0
140.34421152847216,18618.0
103.79798298222971,12046.0
65.2757817389579,7032.0
37.439106691158294,4346.0
29.09017108262911,2890.0
28.351315479742013,2787.0
53.213732627416114,4389.0
120.9707350060973,12229.0
158.89155326973304,21879.0
179.0628721106049,25126.0
158.0134535551859,23153.0
147.17692974744998,20456.0
98.78539145498092,14692.0
938.878616560528,20788.0
160.46966367645885,20374.0
182.09567682479735,21603.0
181.8105787331695,19933.0
154.55898958942328,16049.0
182.3147884619712,20262.0
198.75755273569098,25919.0
187.6544224840255,27915.0
178.66546793221164,27743.0
170.82983861970925,27172.0
170.5994215584609,25406.0
154.08257936208375,20635.0
115.24811949342515,13962.0
68.95736358511698,8156.0
42.33457194141603,5157.0
29.54481692831762,3301.0
31.162239025772728,3083.0
52.05680596440992,4389.0
112.04263643035021,11444.0
164.60081361867316,21314.0
167.58319908512635,24790.0
147.93194618230655,22420.0
137.74107702861886,20263.0
100.2727557868255,15090.0
969.2153779953433,21188.0
165.92486341763208,20659.0
186.47020678402637,21942.0
184.75000990640257,19990.0
170.50690028786755,15730.0
201.7730914041657,19888.0
217.71085984567074,25488.0
207.32821776816155,26695.0
197.7990752966283,27147.0
190.514187358776,26599.0
193.5502178767609,25831.0
180.08488855253114,24189.0
163.58329374435263,20538.0
119.95318750816631,14740.0
82.75531890687228,10134.0
63.4277256430639,6986.0
51.54501383605824,5223.0
53.258204728259415,4497.0
86.79037648877885,8009.0
111.79444701773332,12367.0
120.55857981936128,17370.0
141.3396309040498,20861.0
150.03636023552136,22012.0
115.52000332765587,16690.0
938.2996075612099,23343.0
172.06094289806703,22137.0
182.14341051301116,21908.0
174.23447468920307,20454.0
147.3440799782401,17428.0
165.69489026266416,21845.0
170.77096768271042,25651.0
159.28420797688455,24538.0
143.38842922243805,21884.0
144.16152916628747,22016.0
153.67941179555717,24428.0
158.87278916118495,24365.0
152.08362672241364,22073.0
128.30824770527968,18920.0
115.64267328790586,15584.0
91.8178445868265,12132.0
71.79120277743756,8218.0
41.9218215292063,3965.0
53.70027309858405,4761.0
73.06576127248938,6791.0
84.3793780097022,9140.0
112.01187007064846,13861.0
132.4833525796208,17668.0
124.53620201554435,16470.0
817.3780721767818,21932.0
154.8822964558522,22208.0
155.61436610233105,21400.0
158.01607998482925,21777.0
143.98844581357105,19845.0
169.66567491487064,22979.0
179.26654922992464,25224.0
168.93007141866076,25275.0
152.18366097981664,22783.0
148.716186659294,22510.0
153.35990936065028,24320.0
163.39414988676046,26359.0
158.98426905306553,22316.0
136.25601763815683,18976.0
118.06677422574293,15768.0
100.89432844772138,12283.0
75.86451561659432,8493.0
41.09192885538423,3951.0
47.62209823619207,4098.0
61.687073291068614,5338.0
94.72443623379354,8298.0
119.27691758927209,12105.0
150.5694111273883,17144.0
127.23606550933492,15364.0
743.3381828632279,20002.0
159.002266157369,20925.0
156.9354866788462,20239.0
157.2639935403367,19805.0
136.81278859112214,18055.0
140.62306019117239,18726.0
139.75307056065444,19676.0
131.3610748003128,18551.0
131.94432947136457,18101.0
136.76706829628327,17884.0
118.05916688492368,16173.0
101.96806665549511,12671.0
64.39221451932875,8210.0
40.650766284519094,4663.0
25.4357970901347,3023.0
19.573975412028894,2118.0
26.62410776535824,2444.0
48.455544572469705,4080.0
97.443492196273,9847.0
128.20128605340744,16862.0
140.817985220121,20559.0
138.00767943383877,20122.0
130.4778041939804,17840.0
99.83085740777433,13664.0
782.4632025034931,18156.0
147.44550750994432,18098.0
162.93010643855254,18726.0
165.96567061865386,18721.0
151.20788704068727,17024.0
160.96805190508064,20043.0
168.50946519199715,23797.0
156.35254062212798,23754.0
151.11964944131932,23284.0
142.70045571100533,21947.0
127.83914827958789,18539.0
121.39190516969151,17193.0
80.71173493218258,10141.0
49.947272474211175,5946.0
33.020244367232884,3598.0
24.521387609558865,2469.0
23.278000818177425,2311.0
42.592385445930084,3802.0
97.34393328014976,10504.0
133.95070394526837,19245.0
153.04143731724335,22900.0
139.29152410592312,21882.0
130.5388499865593,19232.0
96.0240705554324,14377.0
852.2652823775343,20483.0
155.26144658711064,20494.0
164.52549882249937,21209.0
162.48243123436535,20439.0
142.8330661126096,17455.0
175.23777609475835,22255.0
202.21540734698632,28160.0
209.78771574669702,30576.0
174.48128518580214,26898.0
159.78911131540673,25760.0
170.87375342940229,24184.0
136.66202761973992,17983.0
91.20554486321687,10995.0
54.25686177680243,6373.0
38.12628367165924,4096.0
27.978299524137586,2778.0
25.127396383874242,2527.0
44.4142907213555,4065.0
101.83772463568879,10908.0
137.4329519166556,19467.0
162.56997125800766,23749.0
154.4579756489835,22820.0
148.0976139627776,20862.0
104.58110212389533,15289.0
934.7606281870161,21490.0
161.32485804750743,21109.0
172.30182393740705,22134.0
166.6015845337038,20813.0
153.2017037811333,17548.0
173.5262565122482,21143.0
194.97189642666814,26150.0
195.72507506530732,28178.0
189.27955596610062,28929.0
185.4983592681143,28120.0
186.85316846444823,26733.0
166.74958258181874,22064.0
111.16488273775911,14061.0
67.3287494571682,7894.0
44.73115038345963,4914.0
32.26129784020992,3263.0
29.292072500884835,3008.0
51.21128576795811,4362.0
109.72798541453614,11125.0
143.01045389406192,19836.0
161.94390551869543,24339.0
160.0549755326448,23945.0
143.59267478047826,21407.0
102.9185645043137,15789.0
943.8187879251585,22472.0
166.30981390904546,22025.0
174.37764346292772,22398.0
173.99141268623472,21145.0
158.2769283306329,17208.0
178.95517901086743,21797.0
196.8349151709414,27465.0
185.3519100076381,28835.0
178.92170483098806,28296.0
179.2026942827882,28401.0
179.48944583611797,26611.0
182.58537395668378,24061.0
147.40733437933153,18076.0
97.84540783770757,11244.0
63.187415819104174,7248.0
46.344862204085565,4913.0
42.785019387411154,4021.0
56.039388325121,4695.0
116.37028725503153,11575.0
147.60619410293012,19256.0
155.53220949684297,23730.0
149.74578929254886,23112.0
132.6127108554573,20783.0
100.43576913661637,15475.0
851.7316857310065,21183.0
148.00271364011687,20357.0
163.68402185149154,22024.0
156.90723812315582,20524.0
146.34951524625254,17962.0
173.07140058670223,22478.0
185.2589048703046,27470.0
182.25853594401903,28870.0
169.62526824617532,26847.0
162.28088284966935,26287.0
174.72467573425217,27039.0
175.38193175808695,27364.0
172.47496868737417,25599.0
156.20832758189786,21965.0
134.01863440533006,18314.0
109.4463746738267,13464.0
76.8506125351329,8578.0
42.91465711082514,4097.0
58.309663543545035,5284.0
75.9052547351363,7374.0
99.86385798813419,11757.0
124.52029656253643,15912.0
142.84675144592217,19035.0
126.1806286385739,16593.0
919.648074324057,22711.0
169.82662704211418,22548.0
173.81970917675878,21378.0
177.44751022954415,20940.0
157.34261149756512,18444.0
179.32448857241135,21497.0
208.96250234992877,26203.0
205.2583340555011,27066.0
190.653043226413,26386.0
178.49214106203883,26606.0
179.50409863334272,27729.0
186.938145017656,28901.0
181.38808825044575,27398.0
161.94912646199435,24055.0
146.43973946542854,20966.0
124.98555247293817,15805.0
84.31192573213012,9761.0
43.66636443099724,4256.0
51.66064516775373,4515.0
62.11650817269134,5990.0
83.27157883966969,8568.0
110.17113080082773,13011.0
135.60315119990153,16982.0
117.07504186387673,15513.0
875.7747765996274,21693.0
155.27076551510564,21033.0
167.67892773164837,20989.0
163.80523780043262,19949.0
157.4123709120363,18778.0
167.3886846829152,19587.0
160.66431024707168,20598.0
156.63239795012294,20294.0
144.27266943634837,19041.0
119.85725975062729,16495.0
109.5251822532892,15292.0
94.50172640880736,12472.0
74.14507596612997,8701.0
42.29404490962702,4908.0
28.19214934594253,3197.0
21.608722677710816,2117.0
24.557384839581932,2468.0
44.90326772183059,4267.0
112.58595243267717,11243.0
152.03855422077964,18894.0
167.3469524430985,21754.0
149.4551830077537,20046.0
127.77137462102182,17525.0
92.03453074800079,13213.0
723.9866228111707,17576.0
129.70253399103842,17194.0
148.9703306928399,19057.0
145.7358058878271,18963.0
149.04743618815337,17328.0
171.0955696972942,20530.0
171.08156074754584,24374.0
161.68047736570952,23839.0
149.8289703324192,23107.0
144.58941715543057,22081.0
127.05796330199627,18421.0
100.44434606482142,13737.0
75.97799265118482,9235.0
47.72288675062145,5405.0
29.28433667228177,3270.0
22.382244824569685,2165.0
21.59696443531223,2062.0
43.349870015306145,3773.0
106.53155668403195,11321.0
155.84780174461144,20710.0
181.46115240435438,24567.0
163.46230888777947,21758.0
141.7237241625278,19446.0
91.38731363002314,13650.0
844.2777064031397,19171.0
139.4927786307685,19114.0
151.6456836167697,20790.0
150.33170938368835,19622.0
148.19446020827763,17374.0
170.00636644727504,21887.0
179.1935332416893,26346.0
168.057177444777,26220.0
163.58676746182505,25408.0
157.037645438833,25075.0
146.1208364769828,22198.0
122.93124498367844,17474.0
85.85667753235121,11192.0
61.921124176812434,7331.0
37.70030528681472,4248.0
25.06441024802295,2824.0
24.150107977965103,2559.0
46.71178175197708,4191.0
111.44898623051797,11544.0
151.16882944640847,20693.0
173.75918352422545,23794.0
153.30523275564246,21750.0
140.6919993006729,19423.0
94.12927518389553,14007.0
918.0766834154379,20024.0
156.80339342081402,19594.0
165.72650798569407,20271.0
178.44078610294713,19502.0
158.84154986633834,16178.0
190.0988668370549,20550.0
205.17708787116229,24897.0
182.781743405996,26604.0
171.22165443688186,26754.0
179.91987120505334,27452.0
171.91565375858326,25425.0
149.25179447589127,20872.0
107.89196641067039,13746.0
67.05629710359638,8063.0
45.490701023297454,5016.0
29.098162554359046,3291.0
33.51239746835788,3075.0
51.171944577669116,4424.0
121.03338687984062,11991.0
157.59491703313594,21073.0
172.68601089089265,24122.0
157.13304994458707,21991.0
141.31727443890924,19925.0
99.7787815886352,14609.0
938.6263875968999,20804.0
159.34495187568336,20400.0
188.75195596826794,21958.0
181.58361489123885,20177.0
161.7395631589461,16281.0
195.0425427088029,21191.0
206.52245651880776,27483.0
197.856095688688,29110.0
187.89348183932753,28779.0
185.69624844245806,28283.0
186.3059814680366,26582.0
165.67237677008734,23339.0
131.12418780822537,18016.0
88.67012368271618,11535.0
65.90288803150068,7612.0
45.486571093331094,5147.0
41.09240203908446,4123.0
61.56730561311837,5230.0
126.87850807422988,11913.0
157.68539391368222,20584.0
173.63959424490483,24441.0
166.42783393642205,23156.0
142.27586341440926,20964.0
100.1733625330514,15280.0
897.3087924639213,21625.0
153.1899876577041,20761.0
178.6360641055869,22066.0
174.61782204385332,20043.0
164.74799337140968,16627.0
178.5003874989174,20541.0
196.61566525390532,26597.0
192.75091700249456,29149.0
193.45348503789128,27790.0
182.954310770256,26427.0
180.16567702116635,26919.0
182.03257950216297,27415.0
182.97363456496817,25604.0
164.43327874664527,22049.0
130.9678199664294,17875.0
104.79673968328687,13247.0
80.37535434870713,8610.0
47.29231893816396,4409.0
66.02731893712954,5642.0
92.8529829960415,8466.0
117.15121535511246,12939.0
144.52917444556235,17843.0
159.0112363169743,20668.0
135.0849578067523,18063.0
1001.2904150013085,25045.0
181.45697647497684,25183.0
189.7942431237297,24834.0
181.82326661352067,23998.0
159.3096941277018,20351.0
173.21826492194754,23480.0
201.88797162708246,28058.0
201.6232334233135,28922.0
194.3732650484848,27325.0
181.6748761816625,26516.0
195.14847498087218,28075.0
193.4178557594401,28520.0
177.805351866826,26307.0
166.49981666660722,23912.0
154.82673879679604,20992.0
118.93085113742615,15793.0
87.77210215991425,10154.0
45.928811332800365,4766.0
55.055053707655496,5047.0
71.73298826834284,7134.0
90.64067642496592,9881.0
121.69754651376432,14864.0
147.9135950103356,19276.0
131.82414748145143,17758.0
960.0097418812284,23500.0
179.09523658070484,23073.0
183.0430628775509,23371.0
177.28450963351497,22570.0
188.07776744763672,21225.0
192.70215300319845,22486.0
194.40552595197974,23867.0
174.9056086343002,22391.0
158.61049907955797,21600.0
150.30519925511456,19933.0
130.79716934851095,17740.0
117.945423994403,13754.0
76.23785394844938,8593.0
43.960872530808906,4957.0
29.620815606620372,3219.0
21.61761656928089,2150.0
23.794328174075133,2448.0
51.427411704059764,4455.0
123.2230183389028,12062.0
158.86073611136456,20640.0
179.20552750006973,23289.0
180.66220692282107,23392.0
168.75224537018948,21399.0
104.20636694790878,14432.0
906.6287647474761,19862.0
140.3619270698524,18060.0
151.3375493074014,19233.0
149.89729730365957,18922.0
142.31011890722164,17057.0
159.22008668915342,21059.0
175.40328457611196,25644.0
165.3249389668537,24406.0
152.1195992911647,23103.0
146.00686033218707,21930.0
128.56176547066437,18982.0
103.91023871046629,14503.0
84.83120718944829,10215.0
48.59112808388836,6007.0
39.66747425061534,4491.0
24.27627628416197,2562.0
24.29382404155176,2286.0
50.74945873382727,4181.0
115.04766042829606,11928.0
155.74685145936976,20815.0
186.61104906801617,24959.0
179.43558215233472,23363.0
147.59706976120845,19525.0
98.68881291636426,14049.0
923.740578998488,20099.0
153.80377821300254,19237.0
170.22438659805792,20863.0
165.1235293421033,19732.0
152.45467024763673,16993.0
173.7842155507466,21087.0
183.06686926410535,26352.0
171.69643805512692,26747.0
163.29561870322686,26650.0
161.03611843517916,26378.0
160.11896426137739,24348.0
136.3431767203467,18744.0
100.6086264987196,12071.0
57.4976089079955,7012.0
40.09575127865502,4448.0
27.247451166340312,2796.0
25.200245083906115,2618.0
53.62473323744311,4235.0
120.15182514140986,11742.0
149.44955843535337,20738.0
167.76780794055807,23963.0
152.11304134128582,21685.0
138.12912741715854,19435.0
99.20392360701157,14176.0
913.1929084314932,20069.0
154.27812894177313,19722.0
175.09103550171878,21274.0
193.92974163758944,21998.0
154.58401957440145,15858.0
188.80443256037964,20831.0
206.2988446137706,26148.0
176.14067470564535,26270.0
174.3492031883832,27041.0
178.76140805793924,27240.0
172.0586424594636,25794.0
154.15444302498983,20842.0
107.15312272932816,13328.0
73.61665349237127,7963.0
46.52721387392315,4822.0
33.245029559055304,3127.0
31.49537934410969,2996.0
59.45588064981556,4491.0
126.6907453483136,12340.0
166.67270316190758,21851.0
180.63604071371756,24796.0
163.4801751943196,22876.0
155.49864458442443,20840.0
106.97338913542562,15204.0
1014.1694128947402,22073.0
171.98444945596248,21500.0
200.0751857080508,22346.0
198.24789856168508,20567.0
168.16140333593032,16287.0
202.51209043611266,21254.0
207.19609606371455,27310.0
205.2926119520869,29706.0
199.23058429480687,29430.0
195.86232878554944,29184.0
195.12084434980983,27772.0
186.15010066862692,25079.0
147.9862950499247,18353.0
99.8805505848315,11437.0
71.78073643511026,7606.0
51.99889539870389,5092.0
43.04707640864461,4080.0
57.090586769165476,4790.0
133.94171171167082,12000.0
174.66034602763975,21055.0
182.8791249700431,24325.0
162.9807092261027,22541.0
156.42424585275518,20975.0
107.019437956059,15405.0
988.6806537788157,21513.0
169.3406167045541,20256.0
188.39864505214263,21711.0
187.601081640245,19412.0
168.0834065799294,15862.0
201.78027652664122,20050.0
216.76203523243575,25451.0
213.51761746584748,28590.0
211.41450597984556,29222.0
199.84985909646028,28608.0
204.4645896090636,29536.0
206.00353309513272,28611.0
198.0030587372182,25640.0
169.84287678539863,21395.0
144.94155035450916,17439.0
113.86761528264569,13213.0
80.64189382665313,8582.0
50.41728234745911,4602.0
67.7611126995224,5452.0
94.75233545672356,8259.0
128.26021797244516,13204.0
151.7440787494112,18057.0
162.81335367572345,20676.0
140.4557907915818,18006.0
944.1267706192423,23863.0
178.86881407067085,23166.0
182.43275665709783,22278.0
179.70031861190816,21969.0
156.1456903959867,19010.0
168.9270906736704,22062.0
196.20748105226383,27058.0
197.00978286881912,28918.0
187.26783724969698,27371.0
175.45684579997416,26423.0
184.03921937245136,27713.0
190.46509015178387,28308.0
183.08734979387657,26386.0
163.35122916989886,23750.0
154.28080525204638,20818.0
128.9708473684092,15795.0
88.26855052409637,10044.0
44.481950896845596,4550.0
51.71510116818968,4760.0
73.61974556045075,6945.0
99.50097351710667,9759.0
127.23260827217833,14271.0
150.60365160058427,17981.0
127.3144431949946,15981.0
951.9528739215124,22131.0
181.8108510010147,22178.0
185.94531214395857,22299.0
178.73766133611656,21232.0
168.49453678947162,19481.0
180.127971497657,21533.0
175.08802169823852,21833.0
156.8765640430266,20391.0
148.7616042129636,19805.0
145.45208426495958,18489.0
125.37187316262123,16555.0
106.57628793576207,13188.0
69.58526854453154,8180.0
42.12050014758059,4759.0
29.904948383906998,3110.0
23.086226891041715,2278.0
25.601159559278134,2591.0
52.154254309892465,4506.0
114.0200581472171,11321.0
159.82534589666218,19654.0
171.44267826896402,22711.0
152.46987813245482,20910.0
131.7174491369444,18247.0
94.77539704950084,13458.0
766.5319435442918,18475.0
141.40949804436818,18393.0
153.60340742429025,20140.0
151.5614892494236,19382.0
144.6023984656159,17552.0
161.63830218914845,21251.0
173.86931591794442,25396.0
170.02330781180754,25166.0
161.1834318292689,24030.0
156.6788131643934,23774.0
144.4395937906855,20809.0
112.61420503441731,14681.0
74.83857012408538,9252.0
46.98010513911397,5553.0
30.97012014127538,3454.0
21.430771106875795,2202.0
21.891026096714594,2213.0
46.822489438397255,4086.0
105.43308522355656,11228.0
156.10082902748374,20157.0
166.24465812082292,23261.0
150.78985923933075,21580.0
135.23676630645787,18895.0
95.08162532721116,13804.0
877.860195383559,19366.0
145.36536611518608,18789.0
156.37052742552663,20441.0
151.07525657336944,19531.0
141.60817598501438,16942.0
170.21057230321458,21083.0
180.16811054412463,26143.0
165.89609333484802,25847.0
159.851852748673,25910.0
156.4766744817912,26355.0
152.49255809289645,24058.0
124.6016954195783,18334.0
90.86801773054626,11540.0
59.80688346738424,6848.0
35.87972039709626,4231.0
26.155112786270784,2841.0
26.301090906877324,2655.0
51.32604745651405,4305.0
109.84663228388148,11472.0
150.77552645544003,20519.0
169.3067543747005,23785.0
148.89660917200175,21860.0
138.24437419010803,19501.0
97.37198971981188,13928.0
946.7214999789408,19985.0
159.96519035242974,19697.0
173.63606471473207,20587.0
180.07342501948972,19695.0
166.65093691235646,15424.0
193.1162809653111,19403.0
202.11297373781247,24457.0
191.13256901639429,27200.0
198.60419862547357,28092.0
185.01610952978015,27744.0
184.68471424450794,26426.0
157.9761552232051,21242.0
119.71441982527163,14312.0
69.15580137468594,8364.0
47.652671141190105,5000.0
32.6234111914092,3282.0
31.97524178991775,3102.0
52.269887883082035,4507.0
127.43383081721706,12317.0
159.07422877362566,21133.0
176.7349230184109,23914.0
155.23085018884476,21795.0
150.09036666034777,19841.0
93.25759462769105,13899.0
958.7758764405258,20414.0
169.23281365239333,19937.0
186.2798591322895,20981.0
188.24232777857245,19206.0
166.57519821790143,15430.0
201.46843301231053,20412.0
203.79538290759217,26770.0
198.45424228689777,29047.0
184.88424367725716,28549.0
192.2223950962017,28831.0
199.57820140109703,27092.0
175.71123133145883,23350.0
