2284
1818
1669
1375
1013
567
652
620
882
2522
2561
1798
3082
1808
2053
1653
1866
2214
1794
1469
1475
1203
1910
1407
1049
653
488
393
420
681
905
1482
1500
1582
1773
1563
1696
1435
1596
1488
1291
1710
1756
1791
3052
1600
1397
1046
790
704
491
438
463
593
1168
1418
2019
1912
1908
1932
1666
1468
1825
1527
1719
1764
1922
2331
1991
2142
1991
1390
1026
690
677
416
470
576
1088
1823
2050
1698
1677
1704
1837
2018
1682
1657
2767
1800
1794
1988
2464
2101
2062
1560
1118
763
537
752
506
575
986
1655
2405
1986
1779
1486
1620
1966
1728
1905
1522
1585
2309
2323
3923
2237
2050
2039
1326
1008
738
566
742
640
1036
1468
1983
2195
1726
1473
1841
1666
1909
1611
1584
1540
1978
2071
2268
1956
1784
1982
2313
1636
1588
1241
838
661
691
731
1094
1338
2013
1809
1950
1788
1978
1945
1805
1890
2197
1962
2072
2048
1983
1955
2066
2089
2051
1365
951
590
780
600
814
1134
1442
1730
1649
1804
1757
1681
2130
1660
1629
1484
1481
1267
1101
1035
803
572
682
398
423
546
995
1904
1769
1459
1394
1527
1698
1378
1500
1515
1579
1890
1915
1895
1716
1583
1624
1292
852
554
498
590
406
564
1149
1369
2004
2026
1527
1549
1436
1714
1927
1584
1509
1733
2276
2184
2157
2136
2118
1830
1020
754
546
497
764
587
1177
1759
1877
2144
1584
1524
1774
1539
1657
1624
1331
1715
2044
2254
1885
2241
1819
1557
1390
728
577
500
490
792
1000
1926
1823
1974
1810
1759
1652
1796
1740
2044
1637
1645
1800
2028
2273
1995
2039
2036
1617
1481
784
819
575
663
1358
1718
2162
2063
1494
2170
1746
1499
1643
1758
1678
1494
1844
2193
2199
2322
2289
2111
1810
1792
1721
1346
861
577
632
1255
1004
1692
1559
1665
2077
1855
1889
1851
1837
2200
2010
2362
2022
2049
2198
2063
1867
1627
1635
1608
871
578
561
672
1114
1224
1503
1808
2061
2260
1733
1752
1657
1833
2079
1825
1603
1703
1584
1874
1212
1033
782
627
884
520
783
949
1607
1858
1531
1682
1951
1880
1873
3480
1757
1753
2098
1951
1586
1804
1478
1330
1168
660
501
414
494
981
835
1202
1489
1587
1838
1475
1487
1435
1634
1963
1479
2369
2005
2329
2316
1929
1644
1335
1134
1042
570
514
509
721
1279
1383
1667
1753
1665
1919
1529
1597
1651
1803
1449
1534
2140
2244
2085
2174
1957
1764
1208
801
967
570
444
598
1023
2110
1904
1902
1995
1754
2125
1658
1862
1785
1542
2139
1875
2560
2504
2231
2357
1781
1184
867
782
904
482
640
1045
1533
2597
1939
1767
1594
1996
2031
2049
1560
1383
1738
2580
2189
2322
2139
2181
2436
2148
1757
1738
1066
1451
590
654
764
937
1918
1483
1855
1976
2004
2346
1672
1284
1551
1844
2351
1670
1839
1877
2148
2115
1485
1504
1294
814
828
838
634
907
1187
1715
1633
1927
1831
1680
2001
1652
1539
1931
1768
1842
1334
1333
981
1227
952
631
467
480
588
1415
1420
1790
1740
1532
1680
1508
1383
1599
1806
1826
1702
2199
2009
2110
2276
1814
1254
983
683
862
573
436
598
1143
2390
1762
2004
1624
1624
1914
1646
1739
1856
1498
2303
1782
2197
2217
2200
2118
1603
998
726
593
820
386
553
1090
1823
2396
1526
1395
1872
1593
2137
1691
1714
1433
1502
2736
2273
1883
2964
2097
2226
1261
918
694
547
870
535
1145
1785
1982
2187
1672
1683
2031
1732
2141
1815
1568
1659
1998
2502
2193
2102
2333
2039
1773
1055
729
620
777
1018
1101
1674
1761
1969
1872
1447
1590
1742
1896
2161
1399
1737
2149
2559
2801
2349
2148
2352
2040
2514
1455
1250
859
557
1012
772
903
1392
1491
2224
1882
2000
1623
1900
1862
1800
2028
2402
1867
2266
2535
2131
1872
2123
2342
1312
1049
571
627
1066
859
1207
1430
1544
2658
1775
1652
1506
1050
1811
1356
1209
1261
1068
1471
978
738
562
439
888
468
547
985
1581
2983
1546
1360
1364
1576
1725
1562
1679
1269
1836
2486
1698
2082
1826
1561
1630
790
619
546
408
814
501
959
1561
1633
2126
1360
1345
1576
1630
2369
1529
1180
1315
1417
2150
1660
1928
1734
1566
2252
651
481
418
495
1081
985
1817
1896
1912
1845
1479
1664
1441
1762
2047
1125
1539
1825
2241
2731
2136
1802
1585
1141
2411
553
481
465
546
1416
1533
1669
1428
1435
2001
1460
1331
1110
1233
1700
1250
1525
1786
1802
1867
1509
1621
1207
896
1189
573
520
711
1168
1768
1622
1504
1627
1619
2030
1336
1626
1285
1263
1969
1859
1904
2087
2136
2720
1870
1737
1659
1442
1609
914
582
696
801
2414
1539
2354
1793
1968
2691
2076
1844
1824
1866
2542
2250
2026
1774
1938
2736
2056
1806
274
1695
1711
797
583
660
761
1701
1407
1681
1831
1678
1891
1460
1404
1374
1765
2006
1445
1276
1250
1093
1578
610
521
443
490
968
959
1349
2086
1842
1776
1331
1434
1506
1623
1995
1284
1570
1790
1762
2036
1744
1578
1268
926
1112
467
471
583
844
1373
1692
1892
1975
1529
2083
1777
1653
1733
1624
2059
1461
1689
2007
1832
2432
1942
1389
1006
715
1028
430
470
643
945
1905
1780
1780
1556
1529
2204
1369
1624
1668
1236
2087
1941
2086
2190
1801
2408
1492
1291
1012
639
1042
435
615
987
1597
2507
1558
1635
1509
1925
2252
1534
1589
1420
1616
2620
2182
1877
1916
2006
2275
1554
1063
829
623
960
550
964
1724
1697
2232
1673
1532
1644
1664
2262
1506
1353
1505
2247
2622
1928
1989
1918
2014
2362
1755
1371
1130
948
1110
629
695
1193
1390
2272
1672
1947
2065
1565
2233
1659
1661
1991
1905
2361
2083
2047
1801
1904
2319
1344
1290
858
534
1371
666
845
1044
1315
1956
1612
1649
1710
1758
2014
1526
1519
1506
1544
1767
1180
1196
914
675
1816
456
511
552
1020
1796
1595
1614
1386
1253
2220
1281
1556
1523
1449
2126
1613
1642
1910
1639
1932
1095
938
580
499
825
383
524
1040
1489
2170
1742
1218
1824
1301
1752
1444
1291
1200
1886
2157
2090
2430
2007
2185
2003
1123
871
733
598
929
554
990
1612
1788
2306
1698
1711
1600
1490
2222
1589
1272
1546
2147
2877
1831
2063
1912
1422
1559
714
554
443
482
904
1017
1510
2032
1777
2249
1553
1835
1732
1681
1996
1287
1717
1739
2134
2692
1876
1830
1817
1409
2307
954
621
535
584
1460
1356
1853
1801
1496
2019
1672
1592
1630
1559
1806
1691
2079
2037
1971
2342
1957
2151
1983
1434
1777
899
766
594
624
1732
1247
1224
1524
1665
2215
1620
1701
1588
1573
2427
1759
1923
1799
1993
2410
2179
1973
1890
1715
2775
946
649
615
648
1364
1213
1439
1722
1804
2006
1539
1634
1417
1436
2206
1568
1639
1408
1365
1725
826
600
462
415
912
586
971
1548
1866
3467
1434
1386
1356
1467
2093
1570
1225
1490
1759
2322
1754
1831
1662
1223
1435
634
458
430
437
1040
936
1459
1612
1858
2076
1544
1498
1643
1683
1976
1361
1697
1767
1893
2495
1933
1834
1448
1036
1156
516
467
411
537
1886
1635
1833
1904
1555
1814
1502
1520
1637
1684
1887
1401
1950
1976
2150
2646
1924
1421
1022
761
1142
483
460
544
984
2072
1781
1507
1415
1489
2169
1592
1724
1508
1385
1925
1641
1701
2100
2013
2495
1938
1572
1055
781
1103
754
563
1057
1563
1963
1598
1511
1339
1672
1986
1685
1462
1255
1618
2354
2038
2052
2255
2270
2578
1849
1749
1681
1437
1321
565
657
722
926
1893
1608
1743
1932
1717
2191
1854
1479
1956
1918
2745
2127
1956
1814
2216
2367
2077
2465
991
618
1225
658
737
1174
1576
2082
1726
1740
1704
1600
2087
1450
1579
1651
1428
1849
1369
963
783
627
948
369
402
522
898
2239
1862
1509
1495
1369
1865
1399
1437
1392
1579
2214
1952
1826
1812
2437
2018
1391
947
678
509
969
413
479
1062
1499
2397
1646
1516
1459
1562
2436
1838
1585
1306
1550
2188
1787
2183
1970
1848
1785
1208
736
581
445
1106
537
1079
1638
1959
2722
1571
1269
1695
1523
2432
1752
1247
1408
1706
2315
2139
3324
2183
1586
1556
865
625
516
489
1056
1081
1594
1694
1811
2907
1446
1484
1402
1710
2192
1679
1455
1747
1779
2848
2034
1871
1690
1532
1625
890
713
682
578
1332
1147
1254
1717
1453
2174
1756
1631
1477
1608
1710
1709
1937
1859
1787
2061
1749
1806
1804
1359
1888
987
780
2485
605
1222
894
1076
1278
1590
2125
1780
1471
1530
1587
2357
1923
1688
2037
1696
3338
2001
2175
1574
1297
1715
879
581
529
611
1317
966
1233
1479
1596
2207
1526
1430
1322
1628
2118
1849
1378
1348
1222
1901
773
519
521
402
1222
500
862
1430
1645
2011
1310
1352
1405
1445
2062
1367
1415
1595
2075
2266
1773
1668
1408
1416
1584
628
511
440
421
1066
917
1523
1678
1790
1987
1367
1775
1654
1487
2086
1458
1764
2226
2038
2428
1836
1950
1340
1037
1834
573
757
435
555
1543
1372
1660
1523
1787
2116
1628
1673
1657
1699
1969
1627
1910
2020
1981
2875
1978
1563
1276
679
1150
423
602
529
939
1899
1771
1952
1621
1395
2421
1761
1909
1703
1420
2228
2109
2140
2060
2071
2389
1850
1454
943
720
1401
537
579
1498
1460
2313
1561
1453
1452
1517
2350
1739
1459
1328
1576
2923
1924
1828
2017
1977
2269
2023
1875
1575
1153
1299
512
657
872
1252
2210
1466
1472
1574
1765
1967
1579
1354
1727
2143
2272
2248
1910
2178
1900
2644
1849
1708
1226
920
1063
566
665
909
980
2031
1427
1490
1498
1784
1936
1306
1724
1564
1356
2365
1410
1165
1082
918
1131
524
428
418
560
1498
1607
1670
1471
1412
2899
1424
1384
1781
1672
2005
1540
1821
1958
1571
2291
1756
1204
926
670
1878
400
394
505
882
2040
1699
1814
1599
1358
1988
1548
1595
1431
1248
2054
1923
1715
1901
1883
2070
1329
908
778
521
1160
449
531
912
1503
2261
1614
1603
1449
1526
2138
1490
1509
1320
1637
2133
2164
1945
1919
1921
2040
1069
1598
574
491
1042
511
1009
1771
1678
2036
1428
1539
1588
1528
2393
1695
1237
1656
1968
2765
2254
2091
1894
1976
2082
1055
721
693
518
1309
911
1450
1741
1827
2339
1497
1471
1664
1648
2495
1362
1412
1760
2373
2467
2432
1813
1814
1728
2405
1538
1053
906
645
1227
807
1135
1344
1516
2261
1666
1988
1843
1678
2129
1938
1942
2125
2037
2594
1963
2342
1814
1685
2121
1330
915
667
592
1227
1054
1218
1655
1574
2544
1555
1933
1655
1718
2152
1921
1656
1668
1789
2032
990
857
598
517
855
438
527
1054
1565
2256
1610
1570
1369
1462
2446
1416
1374
1226
1644
2221
1735
2006
1528
1428
1812
916
604
568
377
937
493
961
1690
1641
2498
1460
1352
1447
1458
2209
1408
1321
1543
1960
2353
2006
1969
1695
1596
1603
644
516
404
427
1047
1017
1501
1645
1700
2041
1373
1425
1700
1538
2101
1194
1507
2036
1801
2606
1940
1912
1384
1058
1299
653
491
455
581
1516
1541
1897
1740
1448
2097
1755
1744
1754
1745
1870
1590
1952
1888
2149
2436
1967
1841
1336
1025
2157
571
497
575
1180
2566
1740
1485
1749
1585
2135
1552
1502
1388
1282
1978
1882
2269
1949
1875
2886
2024
1999
1484
1621
1531
843
538
656
822
1733
1551
1489
1528
1781
2190
1510
1776
1406
1671
2670
2022
1969
1829
1843
2429
1827
1739
1656
1298
1374
610
587
770
914
2119
1232
1539
1543
1525
2339
1637
1440
1919
1555
2116
1648
1369
1537
1093
1327
570
509
458
491
1090
905
1363
1690
1543
3243
1378
1523
1411
1522
1896
1284
1540
2010
1852
2206
1647
1455
1329
963
1342
478
399
414
514
1687
1712
1677
1613
1381
2137
1330
1372
1544
1436
2338
1494
1816
1890
1874
2656
1776
1449
1086
653
1027
457
411
597
932
2060
1904
1480
1452
1321
1958
1436
1447
1415
1241
1880
1802
2020
2188
1846
2588
1538
1039
753
601
1024
521
509
1051
1549
2290
1590
1359
1334
1607
2129
1705
1359
1279
1492
2386
1896
1880
2044
1862
2416
