0.14634499896458894
0.15212971259218416
0.15838604324279631
0.15968568176536846
0.1642463453339813
0.16677614807037847
0.16322508502261954
0.16189643312674343
0.1585778898089708
0.156137704857182
0.15614016717802623
0.15655351271789628
0.15786636432940432
0.16092296840378142
0.1625550159682238
0.16159567750336062
0.16116758346938062
0.16073106903751827
0.16007822969473046
0.1593657526664254
0.15851647398939037
0.15813792061462387
0.15862754331057047
0.15825329015289452
0.15821373664850247
0.15746557458265145
0.1571339821909298
0.1574823734363714
0.15744298049055216
0.15729901009555158
0.15659054425993613
0.1567397325990596
0.1570902212300608
0.1578006592585041
0.1586928612351782
0.1592794617408343
0.159331896857236
0.15929247229508542
0.1590216985214472
0.1590144158351518
0.1591692151257112
0.15937965367135887
0.15954542454077392
0.1598577383310123
0.1599255174292416
0.15962164219270852
0.15980550089511938
0.15978308585056686
0.1593372634197056
0.1593084844967747
0.1593359362990746
0.1592976074439543
0.15935529883700125
0.15859986442707644
0.1583173484026182
0.15796962302005832
0.15764884505513352
0.15743448307466837
0.15731416547924215
0.15717958323304096
0.15710856253542174
0.15724161187836938
0.15727864924298796
0.15742331598362727
0.15732876551482536
0.1574483200673124
0.15738690281699844
0.15748305680304353
0.15760207435336443
0.157577582005224
0.15758370690450704
0.15734335936805127
0.15732946979924559
0.15753760788110857
0.15755899655186778
0.15781774567088658
0.1578649406793865
0.1579904378376409
0.15811809600122176
0.1581474933586692
0.15835640993083644
0.15839868047692932
0.1583864925864393
0.15846077770050196
0.1584455452796809
0.15820800306486943
0.1580935595080821
0.15807265275391089
0.1585699214095438
0.15870200576572602
0.15861811994811667
0.1585485207939436
0.15858698090645634
0.15857586963661613
0.15863459013093664
0.15853648279307062
0.15841861754843614
0.15843503983978913
0.15854337376446845
0.15864303118257303
