0.03496752552953137
0.03535296541051826
0.035573319750981575
0.0342823431224583
0.032225562556255624
0.031556322053413
0.03099128799614938
0.031119521494462198
0.0315608399416722
0.031384894670200184
0.0318715021999286
0.032076069333202985
0.03258844242955613
0.03331401068911637
0.03389024354272567
0.033982722431797265
0.03399747087177355
0.03386569564644816
0.03375919903724173
0.033637369367619366
0.033501738970103875
0.03345321346149433
0.032795427542754274
0.03283013759611954
0.03277128462240097
0.03279721503119385
0.03296570093096025
0.032888992741011314
0.032946020392041406
0.03281499560224166
0.03259004644710901
0.032643338041772066
0.03247980559789163
0.03233329908682844
0.032105370499485385
0.03197467927804316
0.03169457086556662
0.03155812605355764
0.03152240233958177
0.03149176845230661
0.03127177231845093
0.0313353789403923
0.031234976837179178
0.031236752872730013
0.031213885080765984
0.031306610039898264
0.031315278781391086
0.03132752216427092
0.03134051343079676
0.03135422362396606
0.03127232880122801
0.031178072806319446
0.03110615865940942
0.030895467999260056
0.030763232211985316
0.030651606519887884
0.03070498677508007
0.030728855101541084
0.03074920722841515
0.03083422650020141
0.030824206457419418
0.03074185781508622
0.03068063725143608
0.030681173092918502
0.03071082784530369
0.030691856094280646
0.03069472350797035
0.030748989062339697
0.030788278079494486
0.030805739535595084
0.030860181276891444
0.03093772905517627
0.03094057729920169
0.0308929468871067
0.030944021943328452
0.030886963817076913
0.030948144226187326
0.03093896736237942
0.031033240216090125
0.030985967055118493
0.030979547491018705
0.03095064406195277
0.031028782589754618
0.03102533735851971
0.031064968403478756
0.03106831957874288
0.031149002373648236
0.031067795541405315
0.031071283954315257
0.031048801496369658
0.031073871936300596
0.03112769891878975
0.03115030606370684
0.03111464974140379
0.030996553941108396
0.030992272828511754
0.030993008088184542
0.031065101626462355
0.031036085471583385
0.031043653046515983
0.031032756619980374
0.031059370456721497
0.03113120889835737
0.03120381951238602
0.031221862012746564
0.03124063749979441
0.031228963513771118
0.031253375243338724
0.03127261778900276
0.03133836031486305
0.03145554989452911
0.03146406303328393
0.031536604860486046
0.03159366534935959
0.03164002240723357
0.03167248759716177
0.03167326273169212
0.031685927132908305
0.03167357850226755
0.0317101116273755
0.03173227183577402
0.03175698781516408
0.0317797974444817
0.031786934558690125
0.031861497194003524
0.03191124878201901
0.03196143607679515
0.03199689654460587
0.03205157607790475
0.032130300200169645
0.03222015212652146
0.03231216844357404
0.032319788075871554
0.03228118177650048
0.03230874063022587
0.03232678154733875
0.032302463429785544
0.03231574523822975
0.03234547565798376
0.03236417616561493
0.032392245053728355
0.03241041947230959
0.03241935654261868
0.032413130109480146
0.0324587237118789
0.03250689707394165
0.0325877063003945
0.03266722220428451
0.03273291329132913
0.0328088717270328
0.03292455640416394
0.032974003964765644
0.032995637123534274
0.03302748293438958
0.03309531677822348
0.033163507693467244
0.03322904663805848
0.03323660061276441
0.03325966795371279
0.033267214591543734
0.03335070349140177
0.03334403991264294
0.03336668598958525
0.03340399819677785
0.03340957639078749
0.03339882683405081
0.03339201109300119
0.033404355958590204
0.033418886002005675
0.03344463679375747
0.03351614107806832
0.0335479128214675
0.033562062712868664
0.033558423848070104
0.03357150181027005
0.03357924253963858
0.033603574521879474
0.033618696365788125
0.033617441975549035
0.03358849610549563
0.03362599950529737
0.03367039502609443
0.033673932392573505
0.03365755232642299
0.03362398034623976
0.033597307681396925
0.033607384846270585
0.0336083446824424
0.033596167718221374
0.03361469722522584
0.03360326536560755
0.03357494746922725
0.033576953689534124
0.033582049733771185
0.03359903432849416
0.0336057595152806
0.03356703733917816
0.033559709653401985
0.03354605445639657
0.03355280941956368
0.03353845859092034
0.0335048887442677
0.033507089803473264
0.033492132205719866
0.03345021483982194
0.03346800762508488
0.0334796733452045
0.033470867201226426
0.03343001415730395
0.03337246392127839
0.033325481610960384
0.033335297069977385
0.033373432214256114
0.03338116301375987
0.0333534546493484
0.033330687571207045
0.0333013696786962
0.0332565989657265
0.03321239743280855
0.03317129272472778
0.033153334925329264
0.03310493537011709
0.033088875301522436
0.03306002199148734
0.033021500681316915
0.03297966757153131
0.03292984532113297
0.03288711615049471
0.03283423528869936
0.03278560967993961
0.03274799138908163
0.03273257804317369
0.03270522380766261
0.03268416957134439
0.03265734623939067
0.03265901576686348
0.03267570133551726
0.03267373222776389
0.03267349829322555
0.03266510799799875
0.03265893309136918
0.0326583826823576
0.03267026919804935
0.03267112884945704
0.03268390902815357
0.032709714672938824
0.03270103123993489
0.03269864659193192
0.03273806959560978
0.0327453772568461
0.03273881639298894
0.03274050391673389
0.03276722996087414
0.03276246081798915
0.032772170946827085
0.03277098395668585
0.03274572179166261
0.03270441020446972
0.03267442080209186
0.032634661537134145
0.0326123348366677
0.03260491525568382
0.032584809981687314
0.03255957253949914
0.032561058057569696
0.032568274674985624
0.03254770277946372
0.03251331488689022
0.03249431025097715
0.03246686841754019
0.03242902511946985
0.03242912111556105
0.0324086983337178
0.032393913288705875
0.032385468710805505
0.03239585108877911
0.03237376683095395
0.03233980169071579
0.03230675758864059
0.032293197344927936
0.032266324223448696
0.03224879603367701
0.03220746809460646
0.032192251323443145
0.03217291600598031
0.03216729877941407
0.032164630261112395
0.03214171845270739
0.032111195995877057
0.03208983863502449
0.03206907168109942
0.032060238525728216
0.03203036211313439
0.03201677773009875
0.03199917879460535
0.031971566769234905
0.03194047989930305
0.031919075194718274
0.0319036730818463
0.03189593368325434
0.03189079061011334
0.031880281094058854
0.03185075789421196
0.03184247272574812
0.03182022846177404
0.031810089402203694
0.031795582569802805
0.03175071346399187
0.03173652439256844
0.03173094397395446
0.031719357153106614
0.03170655482992414
0.0317188912271831
0.031712112636454313
0.03169317352921585
0.031694887131735745
0.03169892715549501
0.0316722273478549
0.03165844542136218
0.03163442036099171
0.031604343371799536
0.03157140487047394
0.03156575376124182
0.031562597898983656
0.03155698006925577
0.031537183640917156
0.03151752831370331
0.03149852976278394
0.03149490401094904
0.03147969606567579
0.031465222323791106
0.0314578419422903
0.03143437009111637
0.031401432164643785
0.03139073896196774
0.03137083519794209
0.03134117706104743
0.03132009312120842
0.031325515896887604
0.031327768998107006
0.03131575765997393
0.031304790965202244
0.03126897926944493
0.031261266380332706
0.031249221488292327
0.03128280068793351
0.03130405553117094
0.03128565841246731
0.031270254042432825
0.03127201395580481
0.03128161544084483
0.0312834509629094
0.031282424122064764
0.03127698716604794
0.03126832226849299
0.031246840490924552
0.03123343916527928
0.03124353158238328
0.031228298978561123
0.031217625059535244
0.031227999639027382
0.03125204995855283
0.0312820586393512
0.03129800812194339
0.031316359224922055
0.03134399751100788
0.031355919763854004
0.031374538001882266
0.03138881995193394
0.031405572143725316
0.03142815921270896
0.031472436957027596
0.031519006189702006
0.031523967386654306
0.031553102920298996
0.03157939091873575
0.03159447020022583
0.0316028789910904
0.03160435361772036
0.0316338048582396
0.03163797497499491
0.03165880473875989
0.03166899136972521
0.03169217278677113
0.03170581183093147
0.0317346809867014
0.03173628433969591
0.031785124456885104
0.031811338792079494
0.031828843556430765
0.03182380258353568
0.03184052603572545
0.031836987629863256
0.031833872760890926
0.031832200818534176
0.031853039324344544
0.03187580191557429
0.03189077979909783
0.03188628113455006
0.03187810147138379
0.031892189717845944
0.0319083594788714
0.031938696294581785
0.03193764717323287
0.031938427598244376
0.031932018317522404
0.03192965411147926
0.03194689258027281
0.0319559081542672
0.03196822487749446
0.03199944010537512
0.03200414394061005
0.03200730345343597
0.03201652353544773
0.03202603609182777
0.03204637406472097
0.03204794849485251
0.032073464670956356
0.0320933248163526
0.03211336835951939
0.03212402713318406
0.03213549446520973
0.032159205866160646
0.03220475057987017
0.032231957451056586
0.032448856145021666
0.03267077972333866
0.03285128428632337
0.03301802105874981
0.03306209205730159
0.033078793653141356
0.03311138922921482
0.03313038334855885
0.033118536687423185
0.033125955300872915
0.033122646037431806
0.03315075301344567
0.03315591036877283
0.03317356397908736
0.03317296176727555
0.03317964451168052
0.033191450030223654
0.03320951780492483
0.0332346227615592
0.033263365980892794
0.03326393026815484
0.03326815008738601
0.033254610600411835
0.03327203794799447
0.033271156005668545
0.03327500808147295
0.033243845861898415
0.03323975223410403
0.033231789851340864
0.03321936028835219
0.033211002699209374
0.0332090004923919
0.03320095727450593
0.03321031316391585
0.03319671509413773
0.033190024392283385
0.033171905680301386
0.033155727187701024
0.03315267070271189
0.033151648659663586
0.03315483369318679
0.03314320198136755
0.03311895771666593
0.03310939520326909
0.0331066938621126
0.03311095468414277
0.033118015106981896
0.03314598088380267
0.033162844977112006
0.03317281760610216
0.0331816460373658
0.03320127534092777
0.033201816473266484
0.03318769937731153
0.03319121799881597
0.03319751216610513
0.0331948095585074
0.03320115414201322
0.03320098344359706
0.033187234815529314
0.03317467613949871
0.0331600701638475
0.03315550517993976
0.03316690511893014
0.03315988065475298
0.03315406898488014
0.03315585600320773
0.03315131630848412
0.03314459424220201
0.03312981590727028
0.03312164835588609
0.03312592840999156
0.0331274817635858
0.03312344200916989
0.033121839751542724
0.03313204631726571
0.033120872233807684
0.03310986072743339
0.033105590318436254
0.033101939223333605
0.033105045326699174
0.03309350376767195
0.03308970317346263
0.033085923920212264
0.03310818708040992
0.033256101457556794
0.03347701877147895
0.03360672447995146
0.03378695784240464
0.03378376797491947
0.03377705157823583
0.03376476197301898
0.03377162058509055
0.03375639381299398
0.03375896794905912
0.03375351306925048
0.033759842462860935
0.03377265912674953
0.0337877414765186
0.03380706152457731
0.03383341148005797
0.03383376491495303
0.03385065495123349
0.033881486210342156
0.033897994385616796
0.03391240940042593
0.03391385611793986
0.03393252894769555
0.0339652911370354
0.03401312301066844
0.034029525685547936
0.03409451897866306
0.0341550987226193
0.034165366415361734
0.034164004274677064
0.03417819319413875
0.034199360215278994
0.03420685627883135
0.03421327098489984
0.034219857027025014
0.03424584453723465
0.03425477490158876
0.03425529267471039
0.034251672836533936
0.03426699128032193
0.034284228137691775
0.034322421959532876
0.03435359369392444
0.034398872740228736
0.034417355926518976
0.034424288541199256
0.03443155579373286
0.03443456857692485
0.03443058226887025
0.034444705628063524
0.03446151307081933
0.0344833894823247
0.03449139729972997
0.03448824688765204
0.03448330952842359
0.03448747630143464
0.034498972542631144
0.03450804293474322
0.03451277658779005
0.034524213224067124
0.03454489338252161
0.03455360583278726
0.034571285749949845
0.034587372845846266
0.034595454018514674
0.0346017532263278
0.0346165964987584
0.034626574177879337
0.03462406158659109
0.034623291057349265
0.03462570768704777
0.03462921097367657
0.0346570630809338
0.03468301294420521
0.03468917333014951
0.03469334975754193
0.034704707065037456
0.034705546173120154
0.034727045980348044
0.034721541994098555
0.03471547101102049
0.03471433199630685
0.03471836610000822
0.03472279853147383
0.03472965651405608
0.034701107744206344
0.03465463327517402
0.03460812589967531
0.0345593592441951
0.034536521113840736
0.03452207299618248
0.034483194813032025
0.034433754752810235
0.03438248235491711
0.034330497800616415
0.034277281510528
0.03422437158456997
0.03417125579224589
0.03411569993684469
0.03406232398758096
0.034008773660192074
0.03395418319363598
0.03401065160736447
0.03413199460357703
0.034156298558128254
0.03418572754394709
0.034199864657998645
0.034226534219917795
0.034251164711536504
0.03427395959712164
0.034290987592682724
0.03431521299506808
0.03434683347670114
0.03436543472471327
0.03439143379960118
0.034407742776286256
0.034438569475920375
0.034476418780160695
0.0345052780200908
0.034514380531834685
0.03452421992666039
0.0345205550402532
0.034506836247771636
0.03450173342538938
0.03450520966990316
0.034502208348098085
0.03447903760543838
0.034443525116123586
0.034426931476633345
0.03439837422683041
0.034368790618943046
0.03434031073041
0.03430428896572793
0.03426705481736985
0.034244212232051416
0.034219116215477255
0.034177789646442504
0.0341330302994647
0.03408629531703413
0.03404095645705339
0.034014434291689634
0.0339843777039286
0.033944054129550885
0.03391177625924568
0.03387691613272204
0.033844767470515014
0.03380063029745487
0.03376636806113419
0.03373261953005895
0.033696872894950214
0.03365950149126712
0.03361436022649719
0.033574577655833805
0.03353667678245658
0.03349023746807256
0.03344707100781969
0.03351537738921955
0.03363471051582094
0.03365482129873212
0.03368276590258335
0.03371675501324181
0.03376217704117298
0.03378690917195178
0.033819260151350644
0.03389270214749444
0.0339649745297091
0.03401388995705652
0.03404843225506195
0.034083131826489664
0.03411776980924322
0.034164206649599904
0.0341990519597745
0.03422054475971003
0.03426644847298009
0.034296100687007836
0.03433230169530833
0.034357363605470904
0.03439823633255927
0.03444653225299628
0.034503886255032465
0.03452935986861934
0.03455763734906314
0.034590543364565664
0.03461818795774757
0.034645546491652995
0.034698455462354186
0.03473913165692189
0.034804561618847256
0.034856237553249854
0.034905146156961955
0.03493834367869126
0.03497867654510323
0.034997135532123566
0.03501846051771119
0.035022294147429814
0.03501731912187429
0.03502027782396074
0.035037257737611786
0.03505666398768552
0.03507311569324367
0.03507502128712957
0.0350943575224153
0.03509775508319451
0.035109770737056956
0.03511002274384027
0.03513233587509695
0.0351571441657255
0.035170871851604606
0.03517627793288981
0.03519137283578692
0.03518722467183238
0.03517873501478333
0.03517017243131776
0.03516930773024907
0.03516929407226437
0.03516139402470611
0.03515771721816406
0.035155689554786256
0.0351544890738308
0.035154982702752524
0.03515765872756774
0.03516563715653809
0.03517447198299109
0.035172305704518146
0.03518233257577111
0.0351823963469982
0.03517445095146296
0.03517519066369475
0.035181584128316165
0.035194259105123624
0.03520865347706071
0.03521703420328378
0.03521737010064643
0.035216985990927846
0.03522523580006443
0.03522942743237784
0.03524034881255875
0.03523964043653872
0.035232798683549414
0.035244297046885746
0.03525427210574127
0.03525739550630464
0.0352711489334687
0.03528202725119677
0.035290463370842594
0.03530776214336764
0.03533298856345629
0.035348817866881516
0.03536410282273119
0.03536408669235482
0.03537156654821987
0.03539522503490061
0.03541224997560258
0.035414105186771634
0.035425120626688233
0.03543600358236998
0.03544875203387827
0.035456978306824594
0.03547045792871897
0.03548548373192312
0.03549246644186443
0.03550000015697639
0.03550407581942124
0.03551148152325646
0.035519487772315575
0.03552156942727182
0.035517695931488416
0.035513430135592716
0.03551193487352509
0.03550399001232467
0.035502502955549894
0.03549583745026628
0.035497530849049684
0.03548572821684188
0.03547287969281242
0.03546237913566408
0.035459406645926596
0.035448300766940624
0.03544021784128168
0.0354343439966297
0.035441507695040265
0.03543266260895209
0.035430500639485364
0.03543230903994166
0.03543332587137323
0.035433044023699296
0.03543276218050914
0.03543361665378846
0.03543414645548963
0.03543530542710707
0.035437276010099286
0.03544007831853444
0.0354440168478956
0.035448929248718584
0.03545091979229397
0.0354506378274213
0.0354503558670339
0.03545104781426109
0.035450908031134445
0.03545186402181959
0.03547001030350138
0.03549500898647186
0.03549440318725498
0.03549878289929966
0.035498184052924514
0.03549332006028423
0.03548700250437777
0.0354922334534109
0.035494198956887484
0.0354995415875833
0.03549207598159855
0.03549803490779592
0.03549935685275648
0.03550761675871988
0.03551686750993268
0.035523850528592804
0.03553892192029332
0.03554013517684481
0.03553492469175505
0.03554350491586273
0.035539720669006125
0.03554886532801688
0.03554485606659503
0.03556011701479006
0.035566034671515714
0.035565602974993914
0.03555974856307881
0.03555901566578732
0.03556402268924665
0.03556605334652491
0.035568456229772796
0.03556161368749613
0.035557387091308824
0.035553733039053584
0.03554586631577937
0.03555694546699593
0.03555835468674968
0.035581658686054
0.035610628382511895
0.03563953391511316
0.035671728581176065
0.03569994305433459
0.03572314880409699
0.03575202947630047
0.03578319801656598
0.03580572533687393
0.035829287589435745
0.03584712731665682
0.035873146680761664
0.035894055747651636
0.03591424125750181
0.03595205325359117
0.035986096959639426
0.03600771780549324
0.036037233667787404
0.03605838191543953
0.036064477327107075
0.0360753934125219
0.0360801983549319
0.03608819669465282
0.036094898987222596
0.03610116784966437
0.036102951368081095
0.036122040705624706
0.0361280342130511
0.036139944717197024
0.03614737523260826
0.036165646510344235
0.03617921693449358
0.03619374587991363
0.03621051982702738
0.03622628398870931
0.03623476486920004
0.03623578181947403
0.03624428947690658
0.036255980064049086
0.03625587885946594
0.03626298240091013
0.036267831850213365
0.03627224450771301
0.036278560352162384
0.03629224561401833
0.03630904592996869
0.03631731957673626
0.03632424918970155
0.036343843833594694
0.036348888105232714
0.03635654469124302
0.03636722309621164
0.036377130797331104
0.03638114243264895
0.03638405136219353
0.03638701507040423
0.0363820653507264
0.03637879699575532
0.0363766238797527
0.0363763755263704
0.036376027035899657
0.03637816391796426
0.036377266632664856
0.03637955159886556
0.03638366896385945
0.03637953069164585
0.036368498561530294
0.036359622359115384
0.036359512757180946
0.03635807192106301
0.03636225323755395
0.03635999493726242
0.03635781891480164
0.0363603226874754
0.036357172154274885
0.036356875367976146
0.036353272243231524
0.036355483164641246
0.03635040856887588
0.036348946953411634
0.03634485614969099
0.03634878173555023
0.03634502815219537
0.03634585150394884
0.036341836248185946
0.036347870116785495
0.03634387558210917
0.03633618764129217
0.03633130083476435
0.036327584072374595
0.03633319498579284
0.036335066770600576
0.03634029040620476
0.03634048657106398
0.0363394520204436
0.03633211325945806
0.03633427215704847
0.03633223155605834
0.036336697020774425
0.0363411799119272
0.036354229619728964
0.036351403361005376
0.0363602620119479
0.0363621970743357
0.03637451500403566
0.0363773193681895
0.03639468158719655
0.03638979320835822
0.03638458628243653
0.03638757741771945
0.036389215525043435
0.03638899249162523
0.03638507404663511
0.03638666490790724
0.036380001496047885
0.03637740509755175
0.03637750841616948
0.03637650929143738
0.036374959179599424
0.0363779272261099
0.036367964286242664
0.036356219977826
0.03634917211346879
0.036349269840714224
0.036342358325043816
0.036336415108544115
0.036327537833078606
0.03631664480764434
0.0363097027489334
0.03629983186238994
0.03629303265802467
0.03629033789950638
0.0362813801986902
0.036277058997236274
0.03627116126482568
0.036264903729698365
0.03625352072977114
0.03624983957253957
0.03624312952581541
0.03623563380273209
0.03623741133681977
0.03623609266555947
0.03623241372231148
0.036218656945264355
0.03622049702717076
0.03621763052464625
0.036217919327308036
0.03621093468723168
0.03621046575230812
0.036201253918312616
0.03619296817958883
0.036181642570858125
0.036182283054422885
0.036181662020908716
0.03617424678059085
0.036169601099368565
0.036166958773962886
0.03615627959161125
0.0361610058256581
0.036159998275441495
0.03615956439106158
0.03615414553849474
0.03614998343100356
0.036143602555100414
0.03613806855808745
0.036133893627886764
0.036129341414644356
0.036128508096404534
0.03612927039815529
0.03612602379585456
0.03611935986114228
0.03610810272741229
0.03610623851402741
0.03609391889289421
0.036084028353872484
0.0360792101431151
0.03607429115277622
0.036065480510674756
0.036057586063632824
0.03604907788936295
0.036051105825911624
0.03604448840214012
0.03603893303751013
0.036032447060365
0.03602757371053275
0.0360269131710185
0.03602739430370851
0.03602351578797163
0.0360161995583737
0.036005180573120237
0.03601408850090619
0.036018222225073254
0.036016119308157415
0.036008930048817035
0.036000130899333495
0.03599688792067239
0.03599555290911923
0.03601294935391043
0.036024382576933835
0.03601878971561283
0.036013080258987376
0.03600586487089148
0.03599881502386774
0.0359998920599916
0.03599340859086444
0.03598815373165476
0.035987315215450254
0.035987704894469154
0.0359808296041941
0.035976452345704145
0.03597038783828882
0.035966893207604184
0.03596979606435663
0.03596353986539475
0.035962751569122375
0.0359675901215581
0.03596946223938617
0.03596002264994478
0.035961634735008845
0.035958542941743644
0.03596001753040792
0.03595743742988393
0.03596287895238697
0.03596530181774802
0.035967850790212766
0.03596662418598072
0.035967207902239395
0.03597390781191613
0.035979001877112796
0.0359842026336892
0.03598443576396768
0.03598451082044088
0.035980252615844636
0.03597183115895706
0.03596427673063542
0.03596526176134235
0.03597489752801232
0.03598375953970816
0.03598309750089253
0.03597853190812987
0.0359743685194062
0.03597010721335577
0.035957714412166664
0.03595650161581878
0.03595847008098622
0.03595701217644467
0.03595811040552569
0.035957216475146145
0.03595822629499818
0.03595812661208447
0.03594940099641125
0.03595173701692306
0.03595538352601775
0.03596656966656256
0.03597719840753697
0.035982413573466474
0.035987241558678294
0.03598900214453667
0.03598347526556211
0.03598865658019223
0.03599626543143872
0.03599832889619731
0.03599529633738569
0.03599244356132672
0.035986356021855
0.035987083711331073
0.03599188629727793
0.0359944544748907
0.03599776842796785
0.03600457368062122
0.03600733686988637
0.03600507093659449
0.03599804694971478
0.03599698962492953
0.03599908170987228
0.0359986076498915
0.036004460423631555
0.036007251742802324
0.036006644332761344
0.03600814466381818
0.03600662789596515
0.036011050423083606
0.03602084528969766
0.03606595002156704
0.03611092574515519
0.03622520302505379
0.03631687299984662
0.03631605416841828
0.03630946571666694
0.03631039734906753
0.036308087332307226
0.03630370674824183
0.03629735430395285
0.036295851508072324
0.036287565106683815
0.036287638389910885
0.03628212523056194
0.03628856005097426
0.03628940364547082
0.03628613941919223
0.036279299632757646
0.03627770020192424
0.036280472497455855
0.03627866171696123
0.036278736382460666
0.03628270275829267
0.03628306121014599
0.03628504757883137
0.03628849094373061
0.03629926128417067
0.036307457268481995
0.03630695439714216
0.036308975868450916
0.036305923209380454
0.03630228353837514
0.03630250388914607
0.036313045788387996
0.036318768428644954
0.036322352870703144
0.0363260968969049
0.03632701490984261
0.03632717792516636
0.03631634484004054
0.036316476248096745
0.03631419674320059
0.03630881239074716
0.03631050267755676
0.03631012319598973
0.036307164268848245
0.036307511974048655
0.036304506472104286
0.03630188366960497
0.03630335040475682
0.03630499208874409
0.03629685589623074
0.03628813826150899
0.03628739726679574
0.03627848117422989
0.03627835887123737
0.036277301855921845
0.036277352529897396
0.036269659779302986
0.03627087970877302
0.036273471235035944
0.03626646382461809
0.03626306765062913
0.03626538447990054
0.036263043885318674
0.036257208665130124
0.036257236134327145
0.03626392692256786
0.0362630552868642
0.036261809433831824
0.036263415248526124
0.036264646029984034
0.03626395042409486
0.03626500308103716
0.03626311863277091
0.036264556622352034
0.03626398824568148
0.036264683547868125
0.036265183767169154
0.036266870472455484
0.03626242347915149
0.03625899812766091
0.03625531694526178
0.036254843922542204
0.03625236340360296
0.03625418697158157
0.036252650566228874
0.03624872959519446
0.036247058602554304
0.036246885002672154
0.03624238449109833
0.0362384164278823
0.03624138428454263
0.03623995634649487
0.036240041331558025
0.03622574289806881
0.03621698491717353
0.036210733015748904
0.0362048460892336
0.03620890624717944
0.03622216749360537
0.03628957451176004
0.03636001112392893
0.03641980681556164
0.03647633944543089
0.036478961055103135
0.03648285868041228
0.036481426272975036
0.03646757238987038
0.036456181476595476
0.03644834144186625
0.036440616467629444
0.03643540959951376
0.03643267372643947
0.0364294599866828
0.03642296361229309
0.03642289681051486
0.03641818562442097
0.03641061668278498
0.036405677524542664
0.03639913617741948
0.036390372094038656
0.036380814498351476
0.03637539352865148
0.03637603621848716
0.036374076035543185
0.0363677580046559
0.036358703532844545
0.036355150271360485
0.03635308471493547
0.03634580948530767
0.0363403186534125
0.036334999360861035
0.036328082255812646
0.036321280218814804
0.03631265480467748
0.03630572679627681
0.03629975695430817
0.036295389969344345
0.03628866128897633
0.03627878481587979
0.0362764723002868
0.03627088922810456
0.03626727183552471
0.03625833859476536
0.03625653086236779
0.03625017125359831
0.03624053161438538
0.036234757505790145
0.036225548982191186
0.036221930449894336
0.03621630657295508
0.0362088166286756
0.03620358579835865
0.03619321666476188
0.03618634532079377
0.03618308523922691
0.036180048314367864
0.036176267557801206
0.036168505696993036
0.03615833588371493
0.036151628775741955
0.03614352572371419
0.036133516279295015
0.03612513114171525
0.036122605691701726
0.03611449112273474
0.036108114970670284
0.03610287095609178
0.03609933225153692
0.03609266072102709
0.036082188416718466
0.03607612329171309
0.0360715194478986
0.03606824225783367
0.036058180686348605
0.03604982452335094
0.036038706752367575
0.036031070316322446
0.03602584468100291
0.03601798183607419
0.03601137731225215
0.03600490266826549
0.036008758022876945
0.03600628386975996
0.03599644506746062
0.035987403967333964
0.0359766628779433
0.035970319379792705
0.03596180826901124
0.03595406592879565
0.03594670340007629
0.03594234520549547
0.035931830050415954
0.03593046583036257
0.03592400079511099
0.03591405798874352
0.035905565432997555
0.035896993121824955
0.0358873956604794
0.03587947308017467
0.03586852604729873
0.03586035792242633
0.03586001729827784
0.03586479504490984
0.03586917759656915
0.03585982850057886
0.03585303379104245
0.03584748846111147
0.03584816580158971
0.03584498936289263
0.03584467634765589
0.03584766630110249
0.035844576194298594
0.035843494310130404
0.03584365338721809
0.035838050558183114
0.035839951899378435
0.03583849054952246
0.03583534894050039
0.03583656634168691
0.035841592334442327
0.035843294884694864
0.035843857050677684
0.03585133240115605
0.03585635049619933
0.035856131883338235
0.035853313944063984
0.03585520678957866
0.035857447023242055
0.03586087555608884
0.03586692466328434
0.035870462144104796
0.035870338932893306
0.0358732995418988
0.03587304276261569
0.03587530216073394
0.03587395502221972
0.035869324535123225
0.03586818622852978
0.03585875784905273
0.0358578743968256
0.0358555558172867
0.035851413277728256
0.03584591060382979
0.03584405386172489
0.03583642048648823
0.03583220334493235
0.035827595053292305
0.03582596615006916
0.03581845632244006
0.03580749791331235
0.035806609980283274
0.035801668158729316
0.0357951100313184
0.03579351686711043
0.03578708963758413
0.03578806510790316
0.035790578206817206
0.035792476958288674
0.035796504056849726
0.03580035721573443
0.03580376455141939
0.03580384399433547
0.03580496885639727
0.03580415630121345
0.03580398129981604
0.03580922796749871
0.0358120337714353
0.03581997350816749
0.03582834763403643
0.03584027581970245
0.035839543243431284
0.03583993227116096
0.03584964133123193
0.0358519210625224
0.035877006789827526
0.035892479086699514
0.03590634580728464
0.03591668885101906
0.03592974054745757
0.03593748512173891
0.03594186072157255
0.035944873739731154
0.03595703667987752
0.03596010601859331
0.035964128387974255
0.03596878283367876
0.035977261205193824
0.03598140837397015
0.03598414965002722
0.035990986431730716
0.03599316794238581
0.035995126196305155
0.03600127657438367
0.036012533242002084
0.03601154464797652
0.036015021009060566
0.036023775191284
0.0360348856557375
0.03604260144090959
0.03604655429654188
0.03605162682196771
0.0360533634277251
0.0360603064897921
0.03606692546623515
0.03607674433310416
0.036078923991786
0.0360778373782046
0.03608133834607524
0.03607805788632329
0.03608050135566086
0.036080990991851004
0.0360853410764572
0.03608436616626656
0.03609213737559947
0.03609571919851811
0.036098041197238306
0.03609215990652624
0.03608971167335512
0.03608831789367469
0.03609427952230784
0.03609350597052866
0.036097583423217706
0.03609462699574435
0.03609819628540594
0.03609462496237612
0.03609201549697192
0.036089784718123435
0.03608346846644982
0.036081628548304275
0.03607958243236106
0.03607571892735927
0.03606899895501052
0.036063305201707065
0.036058159736263605
0.036051914791805924
0.03604820431420182
0.036043958874591
0.03604053008302484
0.036037743085916486
0.03603207151285738
0.03602532328488535
0.0360229048078674
0.03601876458628721
0.03601087410656692
0.036002035859007055
0.03599304465217974
0.03598597414504191
0.035982069975527636
0.03597924673350857
0.03597198854203883
0.03596394248431837
0.03595955270712814
0.035951625077074334
0.03594402066464937
0.03593942893697384
0.0359362457596945
0.035932923140577666
0.03592630166413254
0.035921476993443245
0.03591561219699053
0.035911927323952535
0.03590453887085123
0.03589391209768743
0.03588812514678743
0.0358837792346239
0.035877578812729176
0.03587236775867991
0.0358627541615276
0.03585775519407719
0.035854072289985724
0.03585137858521522
0.03585021501559874
0.035846501838116336
0.03584523970080658
0.03583542943132914
0.03583080675393911
0.03583000701057315
0.035826113278931884
0.03582158502139214
0.03581815928305091
0.03581398274862264
0.03581578500988862
0.03581804993770576
0.03581421559586738
0.03581360155536685
0.03580911666343409
0.035809393083394835
0.03580444543225947
0.03579832477939254
0.03579582892971778
0.03579316895582282
0.03578934658342782
0.03578556047021999
0.035782131327549614
0.03577969636557032
0.03578120122941849
0.03578115045442142
0.03577518319768172
0.03576988830456701
0.03576901565546985
0.0357672589949243
0.0357595846495783
0.035757803406695904
0.035752739598632316
0.03574775127179178
0.03574435335512022
0.035736667915195905
0.03573002926260522
0.035726514235796446
0.03572274884902696
0.03572021028390912
0.03571360215783797
0.03570786838071282
0.03570805432751103
0.03570362847417624
0.03570077143630695
0.035700916392740575
0.035695289805157314
0.035691042253129246
0.03568419013670377
0.03567795611276209
0.035679203790711975
0.0356825853778592
0.035679260112496995
0.035680415958094305
0.0356760314407296
0.03567905610630744
0.035674158463696606
0.03567221790107119
0.03566835280764786
0.03566875391216929
0.035666245133449494
0.03566892157186476
0.03567862773798833
0.03569069687801541
0.035765453003442624
0.035842579607683445
0.035841120241266324
0.03582906492813756
0.03582473114239043
0.035820768730201354
0.03582098154494624
0.03581443602397884
0.03581098660572858
0.03580657073211669
0.035800836024053914
0.035794080371694986
0.03579099415616356
0.035790217792916926
0.035789321709537185
0.03578438330032279
0.03578007708909864
0.03577257677855641
0.03576509470016618
0.03575337555650008
0.035748878694766076
0.03573843399708453
0.03573219830651685
0.035731232461490535
0.03572533961282549
0.035717849124548895
0.03571145273690029
0.03570582991882855
0.03570219730191187
0.03569809666796944
0.035691454494178376
0.03568286857690883
0.035677340504802854
0.03567191820725237
0.03566441619226924
0.03565824718187102
0.03565236081241609
0.03564489960217254
0.03563359285443261
0.035623021378806456
0.035616187415560906
0.03560966354241153
0.03560127842898915
0.0355930935701452
0.03558230210616822
0.03557007126723342
0.03556521830104357
0.03555652907256816
0.03554666725178238
0.03553998995359609
0.03553089827938251
0.03552476896446252
0.035515876116461766
0.03550555506388125
0.035500024460535275
0.03549389039373507
0.03548624331536342
0.03548049555477919
0.035475621151289265
0.035471278050421294
0.0354672435325614
0.03545968989080765
0.035454329189609814
0.0354544883690246
0.03545156516921894
0.03544436464891479
0.03543616446684659
0.035435232141636366
0.03543024445323297
0.03542444027684502
0.03542061192491031
0.03541664086798615
0.035409030449098655
0.035400690176344125
0.035397266074582344
0.03539360036388541
0.03539306220131192
0.03538643023602377
0.03538974781621216
0.03538628473335769
0.035382255230413454
0.035379710122843945
0.035377002307074856
0.035372557684452174
0.03537312939151869
0.03536854687538965
0.03536792424427055
0.03536613689038733
0.03536364066268153
0.03536125022033204
0.03535838733778104
0.035355493188478214
0.03535286942289796
0.03534907857264425
0.03535154487626572
0.03534732687104766
0.03534343288102171
0.03533638882812359
0.03533265242009388
0.03532983744122738
0.03532637864150754
0.035327547131889424
0.03533842125331005
0.03534474510057201
0.035356600425566403
0.0353730808943957
0.03537132524376713
0.03537437862832718
0.03537226739449347
0.03537391586910345
0.03537133630728439
0.03537013306171897
0.035368900655015564
0.035364393585361156
0.03536124996617169
0.035360333544565144
0.035357596337203645
0.03535168258838503
0.03534464505451348
0.0353402938666698
0.035334476794476356
0.03533111300398669
0.03532584339150484
0.03532438505701825
0.03532116423995664
0.035316837690263406
0.03530691903123335
0.03529723832350555
0.03529042005545552
0.0352815391236571
0.03526979087533673
0.035256306413268275
0.035246501341338915
0.03524099098716459
0.03523548718407253
0.03522947393171517
0.03522051271446901
0.03520813474009814
0.035193663692131706
0.03518148925794575
0.035170925166442796
0.035162575307903864
0.0351500243995111
0.03514059010466615
0.03514173290783016
0.035134453353179995
0.0351372222994789
0.03513040614612988
0.03512681999002592
0.035116919047819314
0.03511318229316924
0.0351043407147655
0.035102404843504784
0.03509334186925011
0.03508623854762293
0.035079379747210204
0.03507585267785236
0.03507056444307672
0.03506099796754121
0.03505381125998385
0.03505105179325429
0.03504617684234417
0.03504225273523542
0.035047758360349845
0.03504410074866182
0.03504376357126771
0.03503824602141776
0.03503932977949186
0.03503522202339378
0.03502948621715005
0.035028424101057526
0.03502835238778018
0.03502854096361339
0.03503257135938571
0.035028709253781896
0.035024422775367166
0.03502027458669662
0.03502002622741112
0.03501406426539272
0.03500978399394696
0.03500552319050612
0.035003906858389965
0.03500535425932367
0.03500337473556615
0.03499985080514924
0.03499857071076049
0.03499692103334763
0.034994850166566054
0.03499053971570562
0.03498753091797877
0.03498110665572232
0.03498092612068626
0.034977812206770605
0.03497535221232738
0.03497040572154943
0.034965582890059306
0.03496406375461223
0.03496248410115909
0.03495629270332081
0.034955300247489496
0.03495488397791358
0.03496683538069456
0.03498073634988135
0.03501155460445169
0.035041140413215426
0.03506142433821726
