0.2605381580162846
0.27098174390399593
0.2716632720183232
0.26706635190039196
0.2656404470927362
0.2696597590685489
0.26916404787087583
0.26743277407492533
0.26748315596961375
0.2692017472090258
0.2687423940671871
0.26747615186191537
0.2666021194966459
0.2669736674182159
0.2680912083053119
0.27032758359940934
0.27009264972860775
0.26870280512955325
0.26877572032914915
0.26882232618425583
0.2689844481812804
0.26890541915274935
0.26848990354460506
0.2692456140174234
0.2697034130294699
0.2692429966427428
0.268793937152797
0.26820927845714576
0.2685218909151462
0.2698065020517293
0.26981610886402746
0.26939942961507035
0.2693341196459284
0.2689536959766388
0.26914502930483175
0.26881654077832023
0.26831076707991
0.2676514731953215
0.2672118238673083
0.267618827900712
0.2677096828564367
0.2676544228105002
0.2672747647869895
0.2672514455866916
0.2670770268531175
0.2667723578560702
0.2660013826892866
0.26590577578099006
0.2661504732678977
0.26595844742859204
0.2657917678084978
0.2657808200843416
0.26562603440932614
0.26541806527637807
0.26553488374902084
0.2654778984034447
0.26554569382854826
0.26542187912137416
0.26513065922460244
0.26493023692778145
0.2648390226022441
0.26499593690579054
0.2650310738584145
0.2648809051047996
0.26478630743587217
0.2650313947684143
0.26517677925147115
0.26495792191710926
0.2648726424218135
0.26517005621657824
0.2654406130268199
0.2654721902898994
0.26567249213198424
0.2655834793250674
0.2653190304206422
0.26498237085550025
0.2648485374194452
0.26465485118840204
0.26474685533441994
0.2643074243736827
0.26425311351024905
0.26449428111536843
0.2644104895480011
0.2643412291009545
0.26445550151904035
0.26452490154509983
0.26442362910198863
0.2643960779640865
0.26435239973192504
0.2642785453117931
0.26422989790840345
0.2644260285825392
0.26451183239413156
0.2643364423722398
0.26413503895181034
0.2640395956585769
0.26404367899250036
0.26386002618556836
0.26387407654966555
0.26397148049345054
0.26407579739315173
0.2642233743623461
0.26413875220878075
0.26385861561119295
0.26381019926442334
0.26390776113838316
0.263904900399326
0.26379374666524386
0.2635065119053912
0.2633705785519739
0.2631885459223395
0.263216144922224
0.2630902015152433
0.2630157492546294
0.26310382071473987
0.2632513496735559
0.26331195759933435
0.2633298728684459
0.2632397592935216
0.26311957950956605
0.2631176921432989
0.2629411104511745
0.26266736860920253
0.2627056000802215
0.26274144257752735
0.262856572872969
0.26282420285518543
0.26293690539467746
0.26298177090271596
0.2629681479721473
0.2629100230563568
0.2629030903140543
0.263004499519804
0.26312832076568915
0.26325046907300137
0.26334078629661584
0.26337472435740505
0.26339131337454896
0.26339954313478
0.26327759975511056
0.2632064764659717
0.26313138771203015
0.2632242991250151
0.2633689881899893
0.26332401372223313
0.2633509728341526
0.26331498102864653
0.2632704858819793
0.26319000225599287
0.26316093544496627
0.263114036452102
0.26303147173830854
0.2630159233105823
0.262934325574985
0.26288628566524036
0.2629915994171729
0.26287270651635253
0.26284385294707713
0.26290258624473173
0.26282332917272855
0.2627489155458176
0.26272160121596494
0.2626250126652387
0.26260741750729044
0.2627155722754838
0.26281457439718015
0.26278630136839276
0.26278503790974284
0.26291928703886047
0.26287513675034246
0.2627970653042387
0.2627023394017646
0.26273573108501763
0.2627808394525331
0.2627663473442993
0.26263053730030617
0.26250499349239975
0.2625961837930745
0.2626934348645007
0.2626167508080217
0.26262651061720865
0.26267240643169015
0.2626771781908018
0.2626810692479178
0.2625572856663053
0.26245549310169997
0.2624474134711748
0.2624326763413088
0.26244288094297485
0.2624196187292642
0.2623605466444743
0.26237081023157105
0.262546270106035
0.26259988799594225
0.2625965452756667
0.2625465027090615
0.26252260051129456
0.26259550022236744
0.2625889625008558
0.2625762478747785
0.26259890028141925
0.2626848867291393
0.26276997296316734
0.26283506798210393
0.2628556790019839
0.26288267560837014
0.2628330827810111
0.26279752638596715
0.26281177199732736
0.2627537056904517
0.2627615755892265
0.2627120200323186
0.2627401047412106
0.2627750061273083
0.26284753409319195
0.26288764419305005
0.2628878491459021
0.2629223325530885
0.2628881081126812
0.262899314880206
0.2628511855458179
0.262887446252532
0.26294104779583044
0.26291809699747304
0.2628030668073608
0.26277402845498704
0.2627328487788873
0.26272118731718264
0.2626247782278215
0.2625206654279845
0.26250428508883683
0.2624788526353628
0.2623766245173587
0.2623713370274522
0.2623965605836724
0.2624068635520335
0.26245937149380083
0.26247681568929015
0.26241143119436666
0.2623552508165641
0.26238873699147064
0.2624333741631279
0.262386861117455
0.2622770127544915
0.26222141136700494
0.2622157740339246
0.26217041670268476
0.2620666624512954
0.26199923351159576
0.2620494245666673
0.2620524506380974
0.2620824364471779
0.26207039051632863
0.2620536114132173
0.26217151199090627
0.2622033994584922
0.2621149795254189
0.2620176250295012
0.26202547123301906
0.2620501433198314
0.26213047994154026
0.2620752588304314
0.2619825919754374
0.26196562652769695
0.262041883961437
0.2621305022734811
0.26209003541298576
0.26200165739320386
0.26197069403266693
0.2620204477327448
0.26199993400852684
0.2619751400317193
0.2619732982206373
0.26201212280299435
0.2620459531040269
0.26199204360496553
0.26206907514542477
0.26207917653068374
0.2620524545325031
0.2620243151966305
0.26196963203265955
0.26200977140599496
0.26204485922018156
0.2620594443304273
0.26211333766353223
0.2621254071805974
0.2621142707707025
0.2620970042498439
0.26212137690358767
0.2621191565941339
0.2620975956015116
0.2621250711069846
0.26215154354328046
0.2620777927476119
0.2621259771384225
0.26215346315762594
0.2621541746507162
0.2621923130096809
0.2621936501952658
0.2621132543339323
0.2620431858110813
0.26199308350479805
0.2619340806991107
0.2619114700760942
0.261835444505188
0.26174446820297187
0.26174657308152655
0.26175206243253124
0.26178975409050637
0.26181582204619647
0.2618308869508538
0.26177961410651895
0.26180187959923634
0.26184704091367955
0.26178584721179765
0.2617550201837864
0.2617428887151936
0.26177002150956624
0.2617602481435017
0.261709837771245
0.26166553743963716
0.26169669523283906
0.2617205594091107
0.26173962992320854
0.2617142125342325
0.26169619993253973
0.2617709457911447
0.26182828216848775
0.2618004137432996
0.2618003383993799
0.26180760777214557
0.2618393097446334
0.26183509327909626
0.26180028089189084
0.26176275449470326
0.26170990218954443
0.2617445245737334
0.2618154917503137
0.2618046682472469
0.26178863500454774
0.26181569548083633
0.26188697268654976
0.2619016719453157
0.26185588085548955
0.2618098249883309
0.2618183091270885
0.2618598780707433
0.2618156714915541
0.2618162907095411
0.26184502233293855
0.2618695814987065
0.2618815362108106
0.2618759714837302
0.26190929644463173
0.2619353912720871
0.2619197479657229
0.2618984647368302
0.26186430286576934
0.2618411487468892
0.26186593757009796
0.26184847198926114
0.2618546047927207
0.2618687079850877
0.2618505050294054
0.2618179969125661
0.26179540804727036
0.26176003740746484
0.2617846909676944
0.2618511738365223
0.2618451497432851
0.26182497545485484
0.2618793028662683
0.26189196043926777
0.2618551008938092
0.26181655960185407
0.26180704812768457
0.261797924048618
0.26173938040436373
0.26173962407794793
0.26166392151976836
0.26170006107176663
0.2616833604113923
0.2616553279974748
0.2616430624674472
0.2616312085321727
0.26162636412801243
0.26163526534009934
0.26160863095143133
0.26161519241797043
0.26164134746084605
0.2616767157683869
0.26165981203706584
0.2616486133531285
0.26167555342854626
0.2616692287753805
0.26166180202430334
0.2616758286272988
0.26170531871385955
0.26176562857396457
0.2618136029195354
0.261787680234469
0.2617605702641483
0.2617370415249166
0.2618076686704216
0.2618564626970294
0.2618421268646359
0.2618126085075452
0.261848007588596
0.2619018774409408
0.26188719353400725
0.2618216479262904
0.26177485508457604
0.2617452892050839
0.26176416767200483
0.2617666110996346
0.2618004361632235
0.26178865619803865
0.26179165246171876
0.2618610052063264
0.26184074568421284
0.26181517462923176
0.2617740015226511
0.26177550624392293
0.26178930282618706
0.26176085674213634
0.26177051122716893
0.2617753698193223
0.26179227837626284
0.26179727285630433
0.2617617224177073
0.26175711848887157
0.26176301507255506
0.2617048343554662
0.26167503342056275
0.2616547265805927
0.2616375793157059
0.2616045967769544
0.26153710506439926
0.26149249031332217
0.26150917549796715
0.2615496443121572
0.26155167210490204
0.2615203395765786
0.2615354058562519
0.26153570201546833
0.26154802960051216
0.2615713639073312
0.26162449625907436
0.2615908206125879
0.2615862564946655
0.26157522140429307
0.261565565151316
0.26160421772021314
0.2616050397935011
0.26156682142881954
0.261548220408814
0.26153918046975594
0.26154224387752845
0.2615286528869635
0.26150245705976394
0.26149657299512086
0.2615360901622903
0.2615221005043762
0.26149438213816867
0.2614831032663148
0.26147504222978174
0.2615528400607391
0.261571634539634
0.2615310435851876
0.261546370343392
0.2615818034472545
0.26154203162946366
0.26149857228111106
0.2614696557664679
0.2614723290058429
0.26150242441098676
0.26154212429747076
0.26149672815534447
0.2614808420110666
0.26151824333336277
0.26156869985596226
0.2615880433451831
0.2615527987806927
0.261542815825407
0.2614924415940546
0.26150577650215234
0.2614672947192279
0.2614229451438343
0.26136749503125467
0.26135889442931476
0.26140723627024265
0.2614296202987832
0.26143107078835554
0.2613829745597891
0.26142607964550374
0.26143902093861027
0.2613866291367179
0.261370406867116
0.26139822545571234
0.26139662412995074
0.2613843644975838
0.2613912343067187
0.261398373307979
0.26138526401141304
0.2613890493789834
0.2613606951659414
0.2613838830622338
0.2614061978005346
0.26142357123467636
0.2614402917872108
0.2614378714279381
0.2613965719133708
0.26142181928041364
0.2614373091876854
0.26142332520635564
0.2614055639888101
0.2614171153808182
0.2614362197559278
0.26144089611851956
0.2614528193209933
0.2614624765575496
0.26149585012102355
0.2614710414452408
0.26148204369151146
0.26148420061178784
0.26148210582254916
0.2614401389595576
0.26142509507109934
0.2613965874566811
0.2614083133881538
0.2613709022589029
0.26135614594622947
0.26139085091399406
0.2613885407042055
0.26137278219227145
0.26135329786315525
0.26134230309674295
0.26132790987901455
0.2613754753561872
0.2613947462602783
0.2613759889719266
0.2613491821310623
0.2613624934311196
0.2613939821491873
0.26139024015106366
0.26137906177491294
0.261376800237879
0.26138341276750504
0.2613650358706586
0.2613496119816856
0.26131229019633634
0.26131752073013936
0.26136565156954616
0.2613497713663524
0.2613302703135475
0.2613191728958609
0.2613242755196467
0.261304996149902
0.2613041128055351
0.26128360031892833
0.2612561916319729
0.26124640920265196
0.26127205309423435
0.2612660464329095
0.26127110337964116
0.2612433344207604
0.2612459118725812
0.26125237621377845
0.2612419333062706
0.26120748634748225
0.2611496135282583
0.26116018639995175
0.26115179275128286
0.26113127510577694
0.26113306231777683
0.2611427932099927
0.26116922486930594
0.26119101949800255
0.2612175434303246
0.2612250095278913
0.26124369761947097
0.26124115274776677
0.2612412513742184
0.2612444002359968
0.2612696702460635
0.2612890597646359
0.2612956767628862
0.26129285631958915
0.26130339671918645
0.26130676178763074
0.26130543863208855
0.2612868763798958
0.2613011167783356
0.2613443444262396
0.2613631669897944
0.261372581742202
0.2613962933842672
0.26138494371479537
0.2614017245119154
0.26140403438327986
