0.34974192172712315
0.33989889546060764
0.3408447523143173
0.3411640130938274
0.3405271447695656
0.3396906399278576
0.33884114956621525
0.33810950387520067
0.338092781110822
0.33798720735201926
0.3385716711366668
0.33816779816166836
0.3379828384465076
0.33813528543165144
0.33828670221072404
0.3386108543985106
0.33881255616552197
0.3387900604605684
0.3388425923785437
0.3387576091556946
0.3386957411274076
0.3386670854252083
0.3384474692840351
0.33838197931810693
0.33813921268371877
0.3380868703482742
0.3380585077435037
0.3377838850427253
0.33789007306674557
0.3379847968660754
0.33815236133825266
0.338041680363933
0.33815805138365246
0.33821946834735567
0.33827523274118826
0.3383856360193992
0.33838375902707035
0.3384534247911601
0.33842089680722287
0.33844822545827585
0.3383523586688646
0.33829384917960165
0.3382681214804057
0.33821937033988864
0.33815444372707554
0.3382150237256228
0.3383933964638433
0.33835569453008435
0.33826913144689724
0.3381911055590174
0.33822177234343476
0.33821434381395715
0.3381183441423137
0.337918648492238
0.33791634329105125
0.3379648873189157
0.3379927149595465
0.33795236450473487
0.3379103778410071
0.3378347434674933
0.3377671686971119
0.3377923135081957
0.33772842743464354
0.33767397594085263
0.33774754555629877
0.33780062599814265
0.33780283437836534
0.3377430278890783
0.33776347075776064
0.3377847086523335
0.33783669503516994
0.3378098984677812
0.33775528325784915
0.33766523351603556
0.33757509190348384
0.33750676037147576
0.3374871154781172
0.3374736682197269
0.33745757864025816
0.33740544563513936
0.33738926819916765
0.3374414541387215
0.3374538876150999
0.3374325450131245
0.3374334034400417
0.3373931147972849
0.33733049516633234
0.3373369104143907
0.3373160040969174
0.3372529577483356
0.3372924212289603
0.3372749944874361
0.33723492135528266
0.33709548779001375
0.33707585854872774
0.33706483980466345
0.337044354954959
0.33703050278818425
0.3370580208504048
0.3370993021646907
0.3371229728245231
0.33711410250493856
0.3371315925032523
0.33714979586054217
0.3370990504597519
0.33707391486407523
0.3371421392984562
0.3371728441813853
0.33720271780467137
0.33717080242248754
0.3372229717446518
0.33723250500744245
0.3372462851282456
0.3372393404977682
0.33720192336409405
0.3372168757891442
0.33724812309980046
0.33721487051395255
0.33724565288087627
0.3372853051765458
0.33726602669264966
0.33731204985917596
0.33736636878159904
0.3373976725328663
0.3374067947035363
0.3373600591772603
0.33729673893514295
0.3373155449325295
0.33726662385394846
0.33729700852698974
0.3372358665075079
0.3372412378679108
0.33725047492128335
0.3372551001318084
0.33722474356029397
0.3372508742315378
0.3372401131160517
0.3372512096145061
0.33723922249962557
0.3372218605279013
0.33717931990790423
0.3371460236869522
0.3371672733576054
0.337125273872513
0.3370941283048922
0.3370844983909064
0.3370846374086599
0.33708749506985997
0.33706307308271044
0.3370644633747918
0.3370820644540232
0.3371015803749643
0.3370957337224836
0.3371187950791055
0.3371495059054828
0.3371918293494539
0.33722868943249423
0.33726321356103117
0.3372798840128372
0.3372554969715103
0.3372774404576941
0.33729206040156134
0.3372646868427902
0.337251559787806
0.33721023790648
0.3372210687817299
0.3372307359689999
0.3372098584122569
0.3371630492780473
0.3371132137758304
0.33712373691670894
0.3371062990573367
0.33709302342520653
0.33706570405957625
0.3370820969079418
0.33708840088641934
0.3371145895337555
0.337137908033005
0.33716137536402163
0.33714460590220546
0.3371595788156521
0.33714954696328375
0.3371209513247118
0.33712035891051434
0.33716587397394254
0.3371428716159214
0.33712995097961945
0.3370795399004699
0.33706236759102837
0.33706892978291064
0.33705278188078264
0.33704123032111843
0.3370150173204691
0.33703367981475907
0.33699023534205397
0.3369874822823284
0.3370065816927629
0.3370296801409059
0.3370402377389808
0.3370332228821656
0.33701603035601013
0.33702615434146527
0.33705049258420483
0.3370382190811618
0.33702690956603726
0.3370339303880033
0.33703789417425595
0.337077370342271
0.3370984896822783
0.3371262846752232
0.33711291249825404
0.33709163895795863
0.33710950735881634
0.33713501206107194
0.33713332109074734
0.33715558486900465
0.3371404561934191
0.33710654988216104
0.33710789541604663
0.3371183850594964
0.33711272908695
0.33712235773619076
0.33715769288376457
0.33714835902068624
0.3371059076501255
0.33711775374769726
0.3371216273934078
0.3371006299487119
0.33711935255357706
0.33713906149587514
0.3371235857281241
0.33712414911152644
0.3371353932544279
0.33713836814443787
0.33714932018117766
0.33717047500738745
0.3371852641445033
0.33717920394039697
0.33716502929003356
0.33714974534245284
0.3371633425498205
0.33714949276888195
0.33714075136002947
0.3371366323448244
0.3371252341503132
0.3371458575198622
0.3371651213887847
0.3371631332295704
0.3371671399829977
0.33716565589124586
0.3371740465109634
0.3371628408979649
0.3371638539857517
0.3371555425727004
0.33717935689010087
0.3371804785132616
0.3371570071410402
0.33715435238064867
0.3371655464246458
0.3371733434288616
0.3371644938578872
0.33715452503473053
0.3371491699034015
0.3371355563615641
0.33714463000669886
0.33714646646771684
0.3371407161839455
0.33712775031861913
0.33715658738374527
0.3371574673317098
0.3371510464511457
0.33712748916857554
0.3371315626351316
0.33713211338689236
0.337164745518096
0.33718847699825216
0.337195457459073
0.33717864356901167
0.3371574394282173
0.33716209848534084
0.3371650509382303
0.3371676460960662
0.33715571616165463
0.3371584911240177
0.3371800886761799
0.337161801433598
0.3371627841573254
0.3371620815569969
0.337154788399426
0.33713285478546495
0.33711599753476634
0.3371446597061065
0.33713670794616313
0.33713352455197715
0.3371384338960245
0.33713215172349537
0.3371271603848242
0.3371230645672169
0.33713817072842883
0.337143102653439
0.33714994890850003
0.3371501674448746
0.3371319688668835
0.33710538656033046
0.3371111169798479
0.3370785815969749
0.33708928932319343
0.3370976403140249
0.3371098399126191
0.33711959749222914
0.33713586353931063
0.33715511370621903
0.3371746436213605
0.33719917230329427
0.3371942407159438
0.337210336671443
0.3372166299417431
0.33720626769583945
0.3371869439625568
0.33720430081767416
0.3372071147310382
0.33720362900107015
0.33718206371485904
0.33720421471702383
0.33722737464392766
0.33723612794340707
0.337241087338176
0.33724257862107393
0.33725482793202605
0.3372393207079168
0.33722438759024065
0.3372079353853183
0.3371903744914004
0.33719912215165365
0.33721685898604586
0.3372078548697222
0.33721309238568725
0.3372221738353766
0.33721542226658835
0.3372043008320721
0.3372071104054822
0.3372048086719005
0.33720416041918705
0.33721090452585184
0.3372188163354248
0.33722707696905896
0.3372393190577751
0.33724835649891177
0.3372322467738314
0.33723396473638656
0.3372502158789782
0.33723131625758085
0.3372226086291288
0.33721381160512615
0.3372201256406639
0.3371995859704683
0.3371723252283612
0.3371755682105458
0.33716584328693067
0.33715634527601174
0.3371577943003212
0.3371585597445137
0.33716409183084467
0.3371616285329343
0.33718446039114197
0.33717943732822964
0.33717387566469387
0.3371740336589094
0.33716268052837906
0.3371794360410507
0.3371785614325367
0.3371790653146829
0.3371902090896525
0.3372017008814375
0.33721163643650726
0.33719522586344314
0.33718626915817107
0.3371926775902084
0.3372145085430711
0.3372205754968998
0.3372065761258057
0.3371952109351117
0.3371769413790542
0.33717344932496535
0.3371760191241186
0.3371806663827462
0.3371880784048571
0.33718643045369145
0.3371816068738349
0.3371718286193368
0.3371697737048976
0.33718245528980934
0.33719925927082445
0.3372185802995546
0.33722728371569743
0.33722197236312923
0.3372315188115566
0.3372465478465644
0.33723958733628046
0.33724640295929204
0.3372563522899882
0.33727575949215766
0.3372691104786943
0.3372683607325138
0.33727407611603744
0.3372755930514333
0.3372562768130377
0.3372536623849091
0.33726215889005273
0.3372705285863759
0.3372748874785435
0.3372623888810122
0.3372735152629525
0.33727979230264105
0.33727572417548995
0.33728172734942574
0.3372731530515327
0.3372812453812192
0.3372870445266505
0.3372872498312329
0.33727316984856287
0.3372789406495347
0.33729060402641786
0.3372815579197942
0.3372795943728598
0.3372753826819523
0.33728802505482103
0.33728834533521607
0.3372749261915712
0.3372747622775983
0.3372762168758256
0.33728128137433494
0.33727249120293995
0.3372708924783986
0.337274216564981
0.3372703820775699
0.3372844005865859
0.3372964812894977
0.33727387917401813
0.33729216097726344
0.3372916247066918
0.3372951218745288
0.33729876473686443
0.33729369072304366
0.33730129425076405
0.3372957013011028
0.33729688059425783
0.3372962771472651
0.3372952318053462
0.33728933546180245
0.33727701258851245
0.3372794887042467
0.3372784105389743
0.3372839889467351
0.3372938633949747
0.33729579269299503
0.33729521361517645
0.33729960213927096
0.3372939494641129
0.33728632739014774
0.3372830512364975
0.3372840046494133
0.3372837110727706
0.33727176779614587
0.3372714561445019
0.3372669463870703
0.3372738553721118
0.33727467035537356
0.33727916397170715
0.3372755369730046
0.33727431394267476
0.3372721495369809
0.33727375977215185
0.3372695893898939
0.33727741174537057
0.337285240324142
0.33728064913230416
0.3372842867672874
0.3372824249899762
0.337294894394492
0.3373025916461365
0.3373124581575311
0.33731939915640463
0.33731547413798224
0.3373368275644853
0.33734043061706476
0.3373552660462207
0.33735812456193487
0.33736314684644997
0.3373663464561051
0.3373647029947679
0.3373635707381174
0.3373572697594653
0.33735738088762524
0.3373613118018196
0.33734057041571147
0.33733965026887885
0.3373395283219925
0.33734048377972065
0.3373491774350868
0.3373593153452982
0.33738035536506733
0.33738971313946603
0.33738334429505507
0.33738507099398674
0.33737882524875945
0.3373697597933202
0.3373676317906822
0.33736631730299405
0.33736520225616684
0.3373589220185271
0.3373484389459943
0.33736107493908674
0.3373753542451279
0.33736333490738607
0.3373582893102397
0.33734770954711385
0.3373285723300081
0.33733656599367634
0.33734671141925554
0.3373568481728907
0.3373644753657466
0.33735610604415794
0.33735708358592464
0.3373529533014574
0.3373538293661671
0.33735020870683347
0.33734241931513165
0.33734840564514845
0.3373541854802913
0.3373478048397115
0.3373528577929929
0.3373565669301359
0.33736682056888523
0.3373774568463337
0.33739024904496145
0.33738223813324064
0.3373759368953077
0.3373716186346449
0.3373701067325315
0.3373780594987906
0.33737664269303214
0.3373833232137245
0.3373893414361677
0.3373853917846147
0.33738071980055867
0.3373708521059274
0.33737787531357105
0.33737039113651
0.33736257212827087
0.3373601144156433
0.3373626321498477
0.33736629123687883
0.3373620821017359
0.3373690513881146
0.3373789963784153
0.33738229488030747
0.3373731081532985
0.33736681858526685
0.33736397749662267
0.3373511854042167
0.3373478507956338
0.3373440722744463
0.3373357206077959
0.33733258099322305
0.33732076287796164
0.33731760973400343
0.3373145193685452
0.3373146354228378
0.3373076147646518
0.33729948322546155
0.3373051717509283
0.3373072491925042
0.3373230365246681
0.337330958765646
0.3373360636211526
0.337326745231267
0.3373244466210828
0.33732932091985157
0.3373361337690197
0.33734824116033746
0.33735400361078655
0.3373533804250369
0.337354169148219
0.3373592020498856
0.3373496336458662
0.33734328539320974
0.33734938826983135
0.337342694837236
0.3373358927059965
0.3373464451770971
0.3373562362163188
0.3373566996569833
0.33735751800278124
0.33734042170959516
0.33733139873272583
0.3373201868233837
0.3373130866579525
0.33730367278319895
0.3372952925081126
0.33729610853079567
0.33730233313490343
0.3372957406239731
0.3372951952543328
0.3372970721397244
0.33730104381892845
0.33730856323730174
0.3373206810717418
0.3373115783843094
0.33730056119555735
0.3372992328745598
0.3372966769647514
0.33728614748398006
0.33727843430746995
0.33728398309830704
0.3372854220178203
0.3372759936342343
0.3372749836751932
0.33727536544713405
0.3372608786132029
0.33725304445714493
0.33725134373984444
0.3372556270413204
0.3372529485929472
0.3372607325838983
0.33725477249014396
0.33725620509219884
0.3372540790326226
0.33725928751843753
0.3372641018490877
0.3372648863465864
0.33726760839620007
0.3372666820530441
0.33726830205177405
0.3372718604454289
0.3372632844976022
0.3372571421675168
0.33725419882391255
0.33725785710656475
0.3372599895968084
0.33726470705102823
0.33727204352050266
0.3372685402246334
0.337277578220652
0.3372697656153271
0.3372753747756712
0.337250105798275
0.33723204538504464
0.33722365138283555
0.33722331644835934
0.33722506746923764
0.33722631171447753
0.3372295931604168
0.3372338886299184
0.33723909914498973
0.33724699667958347
0.3372509929101006
0.3372544831221484
0.3372507789668818
0.33724851482587476
0.337256929670157
0.3372686057393949
0.3372713558088196
0.33726212673679756
0.3372597858542426
0.33725749595281707
0.3372543803309559
0.33726115505620585
0.3372594374952715
0.3372620696545709
0.3372747718431854
0.3372821828312593
0.3372857792451764
0.3372893767853363
0.3372783179593196
0.3372736407938084
0.3372702405047414
0.33726629473225167
0.3372628758751206
0.33727544744714055
0.33727850374155866
0.33728014834168046
0.3372911645652518
0.33729245136944336
0.3372921224895387
0.3372923845832393
0.3372962776034962
0.33730358845145625
0.3373049026671044
0.33731053266847366
0.337322064614403
0.3373248716101386
0.33732710089982676
0.33732773507228814
0.3373268647743369
0.337321369204203
0.3373200695341972
0.3373198687689669
0.33731428477956643
0.3373164640789141
0.33733048225707285
0.3373381402935598
0.3373330260446344
0.33732526588342665
0.3373177820813788
0.3373064911110491
0.3372999983952683
0.33730916651642884
0.3373082257823389
0.3373076196781973
0.3373064476089011
0.33729998776403397
0.33729657188766926
0.33729423044395573
0.3372897947187065
0.337299471653604
0.33730301833065446
0.33730076614706894
0.33730992514297886
0.33731662068866874
0.33732132211421273
0.3373199266403437
0.33731372826379413
0.33731743221002897
0.33731547487324604
0.33731469658077845
0.3373146766556727
0.33731107349543693
0.3373186491389842
0.3373186506506478
0.33731599188516964
0.33731821711201115
0.33732490026610146
0.3373228686941772
0.33732332473774496
0.33732124681294784
0.33732134246899653
0.3373150456318954
0.33731105349180546
0.33731633391255816
0.33731182446544933
0.3373024868864786
0.3373028376643169
0.33729523675484313
0.337290774232522
0.3372918637315951
0.3372984381390771
0.33730337978730424
0.3373112297719482
0.33730926176506515
0.3373147634737714
0.3373133722638408
0.33731289144010496
0.33730667451537205
0.33730984013965915
0.3373178657878826
0.3373271419385635
0.3373309866582128
0.3373280237153027
0.3373224933129213
0.3373235580720539
0.33732453778126364
0.3373392593310976
0.3373418833021252
0.337345241614564
0.3373414175474987
0.3373384858627108
0.3373338986925913
0.3373270161658243
0.3373224400487775
0.33733060221828454
0.33733270685753924
0.33733750678489405
0.33733624250608074
0.33733525562361544
0.3373329087424529
0.3373315250826523
0.3373238956943049
0.3373319489615807
0.33732717707892285
0.33733559937491375
0.33734187735609183
0.3373447582540197
0.33735201461540415
0.33735784785369094
0.33735750147064114
0.3373608429168567
0.33736725699959674
0.3373666300142594
0.3373723648244519
0.33737048642502754
0.3373755094933811
0.3373779759625192
0.337377700355718
0.33738171540967443
0.3373865210993954
0.337388706060292
0.3373966971403157
0.3374012616935782
0.33740385775826703
0.33739604560618314
0.3373816149721152
0.3373763624905886
0.3373823515138355
0.3373758810928769
0.3373682101600166
0.3373725245782003
0.33736525324097044
0.33735719914020895
0.33735576271439166
0.3373664057102703
0.33736858823182203
0.3373716808095804
0.3373707092457429
0.33736520471689624
0.33736587877844365
0.33736222865051674
0.3373641150238668
0.33736632172397946
0.337362880399508
0.33736757757813424
0.33736778359350056
0.33735912046802036
0.33735258668424145
0.3373531174789428
0.3373554451853985
0.33735905871531036
0.3373608706780563
0.3373539998843949
0.3373462988638682
0.3373352206631001
0.3373316471681335
0.3373373346265752
0.33733861342341365
0.3373372708828294
0.33733804792587
0.3373378478683424
0.33734259668775535
0.33734569449968504
0.3373484405807382
0.33734880371871767
0.33734295520624963
0.337339865275449
0.33733757889679955
0.3373390631509635
0.3373379103747083
0.33733744525884474
0.337328921392386
0.33732281880107035
0.33731758200172685
0.33731658072725174
0.33731697388384446
0.3373101073567796
0.33730336996987176
0.3372967656606367
0.3372914830502714
0.3372981783460271
0.33730552228205996
0.3373123134710921
0.33732028255137614
0.33732456240601816
0.3373280069678903
0.33732834365964864
0.3373351534009182
0.337338009362587
0.3373387074941545
0.3373330330176098
0.33733116292088405
0.3373249686791495
0.3373240875234169
0.3373126777445925
0.33731334906013966
0.3373174226365989
0.3373265653340666
0.33732275025553243
0.3373199317018952
0.3373164216590742
0.33731189126341193
0.3373067184598831
0.33730382473775844
0.33731015598532516
0.33731708587704634
0.33732564622220146
0.3373330204078296
0.33733170406697593
0.33733329806107193
0.33733640323053216
0.33733584259934635
0.3373335940083431
0.33733839954841593
0.3373351758110905
0.3373344532662746
0.33733676915841176
0.3373419264111985
0.3373499338636566
0.33735905890250184
0.3373657420048417
0.3373662871585009
0.33736468805646325
0.33735910613849607
0.33735808281928836
0.337351109633569
0.3373483306525552
0.3373544687863771
0.33735843159905077
0.33734944854278276
0.33733585600265864
0.33733042424527304
0.33734183278069957
0.3373496379109556
0.33735555566022224
0.33735957263583666
0.3373685021937396
0.33736759512540265
0.3373625117854687
0.33736487097866025
0.3373629613007844
0.3373559480287472
0.3373530613171795
0.3373574356255716
0.3373570019123263
0.33735192160575384
0.33734871029574254
0.3373521491990597
0.33735154667621525
0.33734800532449916
0.3373559902932686
0.3373587684733172
0.3373577432550393
0.3373587762869162
0.3373558078073401
0.3373606923015544
0.33735848617641506
0.3373560201656306
0.33735717900510276
0.33735349460915115
0.33734718897269383
0.3373471362890963
0.3373552995684202
0.3373581460150516
0.33736271220603414
0.3373645715394731
0.33737238498787375
0.33737292457443957
0.33738262248323725
0.3373862194829431
0.3373833954751746
0.33738817009851163
0.3374024409759349
0.3374057657563865
0.3374128713777616
0.33741640833828923
0.33741200603084154
0.3374053312346814
0.33740991964347733
0.33741321247133266
0.3374126873008236
0.33740594657491846
0.33740387354426904
0.33739591671967
0.3373926165946848
0.33738766908337614
0.3373834170598454
0.33738021153916925
0.33737757152156916
0.3373794969706474
0.33738188096752725
0.33738265832172126
0.3373817774212955
0.33738504060357055
0.33737804938365024
0.33737229223161835
0.3373733548710316
0.3373793512994837
0.33738238300277756
0.3373825917795437
0.33738229204918607
0.3373769885610852
0.3373784727417245
0.3373869662776036
0.33738406288741185
0.3373854535325752
0.3373891356110051
0.33738875443165617
0.33739070970878143
0.33739348264441404
0.33739101279624883
0.3373830968204523
0.33737983687551043
0.33737988368053146
0.33737982423615576
0.33737407815753645
0.337376760641365
0.3373787421822421
0.3373756996915593
0.3373790751036419
0.33738177458579255
0.33738300678146155
0.3373860940518381
0.33739173414769474
0.33738902875713683
0.3373821549132693
0.3373802795737949
0.3373868429951529
0.33738396407251947
0.3373803672249402
0.3373804391183823
0.33737670940672
0.3373807358085521
0.3373787940150085
0.33738666781706456
0.3373933159977361
0.33739418554533024
0.3373873822597488
0.337387928863437
0.3373863742169085
0.3373852511083692
0.33738727624366416
0.3373868320720566
0.3373796473448352
0.3373834786888239
0.3373838719528324
0.33738806340537236
0.3373893983116218
0.33738110647407116
0.3373690240460089
0.33736970878702627
0.33737508519341647
0.33737844770516495
0.33737844097983366
0.3373836201530082
0.3373762580848858
0.33737241056672335
0.337368423573457
0.33737379229117465
0.3373712071164792
0.3373686194687625
0.3373637257307466
0.33736613253519154
0.33736875338789574
0.3373759342800348
0.33737383950328764
0.3373665166060961
0.33736598572512233
0.3373647858025032
0.33736632636646413
0.33736627161280996
0.3373666011882915
0.33736372687180555
0.3373664480951901
0.3373651113084501
0.33736977051560607
0.3373704734901016
0.33737414807083177
0.3373725224687858
0.33737571239255193
0.3373798030417711
0.3373827778200923
0.3373779821486782
0.33737541758301975
0.33737606000653003
0.3373766204129721
0.3373746867294204
0.3373747522075579
0.3373775761740722
0.33737760521748117
0.3373726788920411
0.33736981365352176
0.33737172447484387
0.3373694557175065
0.33736613029427553
0.3373671575336698
0.33736243691442025
0.33736928463850135
0.3373715659652392
0.3373786917247851
0.3373819535599586
0.33738282118427765
0.3373812935118142
0.33738426991105913
0.3373877820179387
0.3373847394753915
0.33739010462135854
0.33739005562521407
0.3373913703003206
0.33738771664617834
0.3373851391932842
0.33737972164457397
0.3373747928787267
0.3373709719683583
0.33737147379217786
0.33736899393172315
0.33736455006599836
0.3373669287076685
0.3373644045781286
0.33736476915656044
0.33736822159243374
0.33737110882881977
0.3373700371840278
0.33736835366707546
0.33736990923251997
0.33736910785449803
0.3373657674709914
0.33736415538845627
0.33736119541698173
0.3373627116664383
0.33736211372313984
0.3373553940430177
0.3373542648658786
0.3373533849713815
0.33735146649236974
0.3373571022885996
0.3373586744726368
0.3373619675189464
0.33736716792831606
0.3373695817339616
0.3373706289265646
0.33736815788160224
0.33737035930690534
0.33737219198961954
0.337372740243
0.33738001957746094
0.3373862657475437
0.33738736860859475
0.3373838423746704
0.33738494282926296
0.33738537812737374
0.3373887742558246
0.3373863082325404
0.3373870581300528
0.33739117054314083
0.337396734791469
0.3373951822717686
0.3373958098756553
0.3373922696120856
0.33738647864971294
0.33738814245731386
0.3373904715743509
0.3373924179642716
0.3373938503202795
0.3373949403320702
0.3373906711164323
0.3373865594071404
0.33738703775641443
0.3373926404024013
0.3373875764124233
0.33738413152418584
0.33738467053468946
0.3373836507060157
0.33738414555806684
0.3373836592605468
0.3373819610550494
0.33738064050669886
0.33737931395288767
0.3373732664554807
0.3373724828732566
0.33736826887211374
0.33736277191271674
0.3373547766891907
0.33735211498469264
0.33735325828766055
0.33735435690428806
0.33735254145982174
0.33735661954411283
0.33735952443533274
0.3373602207932944
0.33736108710309454
0.33736448710698774
0.33736065597440973
0.33735997341717744
0.33736302632614135
0.33736040620317986
0.3373573175931388
0.3373562202013498
0.33735538798255693
0.33735384471844404
0.33735309013205833
0.33734626620618546
0.33734755112069686
0.33734713092248964
0.3373446447112544
0.3373426258632594
0.33733845394328527
0.33733785496934604
0.3373433671861474
0.3373450272503839
0.3373441780942643
0.33734938813869186
0.3373527882686308
0.33735932778198485
0.337358217158865
0.3373609022191099
0.3373625081000313
0.3373609296124903
0.3373631130373924
0.3373641340438736
0.3373700011668816
0.337371273085263
0.3373762071015926
0.337378638638102
0.3373834921526258
0.33737979576143423
0.3373709103459712
0.3373700576188256
0.3373681530465473
0.33737452575952415
0.3373723365538839
0.3373739521707639
0.33737221502270254
0.3373733637506337
0.3373739628522349
0.33737283707292415
0.33737407714880147
0.33737600979275434
0.33737258696048994
0.3373714155373572
0.3373696518044088
0.3373704026273308
0.3373691474395326
0.33737287921501946
0.33737471754962955
0.33737216026804917
0.33737416108443513
0.3373753581231131
0.33736703572462357
0.3373649973454873
0.33735918646572155
0.33735521423761355
0.33735791940493776
0.33736219875202594
0.3373667011732625
0.3373715575976235
0.33737837848942565
0.33737480353135807
0.3373746444215366
0.3373818414453464
0.33737923267021236
0.3373782922596425
0.3373798299978219
0.3373851154818754
0.3373907061829951
0.3373934599029341
0.33739539652684525
0.3374015454579565
0.33739583056965416
0.3373950135381252
0.33739534270614285
0.33739327762326143
0.3373931441975468
0.3373936294377309
0.3373998904347149
0.33739946147598865
0.33740319831056625
0.33740530613460384
0.3373976246667126
0.33740257587129396
0.33740219447635
0.3374003204436371
0.33740393354936826
0.33740429841118985
0.337400014483902
0.33739469392302984
0.3373973813684657
0.3373996059452279
0.3374022513808372
0.3373985027599347
0.33739642756602145
0.3373988267092708
0.33739779059497554
0.3373974171671116
0.3373931540971292
0.33739308965269055
0.3373949946685856
0.33739142371142555
0.33738572215875623
0.3373841657056516
0.3373851146119763
0.337385789068648
0.33738618545689014
0.33738975361330337
0.33738987931445075
0.33738809450030144
0.3373853424436353
0.33738667716505905
0.3373899212184973
0.33739037894060175
0.3373869977786794
0.33738869732399324
0.3373892727414824
0.3373916462638874
0.3373882522168031
0.33738553065478666
0.3373854334453317
0.33738102134564696
0.337386348019557
0.3373887324752482
0.33738319619825125
0.337378329002358
0.3373739055482835
0.33737185493351546
0.3373699299935425
0.33737630429465365
0.33737718352209556
0.33737325791180567
0.33737170956180407
0.3373685676673123
0.3373684720548911
0.3373626745253396
0.33735792702728
0.3373581721921068
0.3373594488249373
0.3373542239089976
0.33735399542641176
0.3373561743204907
0.3373526903194583
0.3373502977692131
0.33734398860174963
0.33734022988948886
0.3373433732292761
0.3373448935849704
0.33733972443484134
0.3373389047101343
0.337335896758373
0.3373364096446486
0.33733375606590765
0.33733656262172557
0.33733858833427294
0.3373385541775336
0.33734661869456894
0.3373436253070326
0.3373401678808647
0.3373401701103039
0.33734039374199254
0.3373376184776288
0.337337692274204
0.33734343109725207
0.3373443792280116
0.3373460376828658
0.3373424342148494
0.3373336906633322
0.3373300863557493
0.33733091352412753
0.33733499756407087
0.33733506758947485
0.3373377293457637
0.33733660216852834
0.3373370123907133
0.33732833304283566
0.33732834091330993
0.33733000978385974
0.3373312560404389
0.3373278140939865
0.33731966209208547
0.33731861572566113
0.3373215247429207
0.3373211862512227
0.337321019777757
0.3373266528937793
0.33732755226954214
0.3373287227440283
0.33732513362076044
0.3373246837658462
0.3373259638147857
0.33732722078077004
0.3373264322952339
0.3373292347283517
0.33732886735224027
0.3373273927707548
0.3373279966349841
0.33732893556292515
0.3373299159080222
0.33732473779178995
0.3373248444133387
0.3373292878216289
0.33733206522098225
0.3373315043407342
0.337333816443617
0.3373347902715171
0.33733999470070664
0.3373458197242281
0.33734854941201436
0.337347234921647
0.3373480009418003
0.3373572875232782
0.3373595986106358
0.33735910457294416
0.33736290938367786
0.3373641239265745
0.3373692251140129
0.33737268493191175
0.33737838379792534
0.33737817242737395
0.3373759251380292
0.3373786796361753
0.3373803395094399
0.33737830545530567
0.33738487197264466
0.3373833165893177
0.3373834483788859
0.33738138999557576
0.33737870098130357
0.3373758600912373
0.33737639438555017
0.3373763454700783
0.3373779448210428
0.3373748973057913
0.3373735464412737
0.337380655837337
0.3373794721532339
0.33738082488822474
0.3373837738629655
0.3373870114808567
0.33738701113724545
0.3373825397406131
0.33738198869129604
0.3373793707454208
0.33737581980921494
0.33737717454693067
0.337376598612596
0.33737684373510013
0.3373775907382285
0.33738447354902973
0.33738595824115064
0.3373871021110595
0.33738685987952755
0.33739070567757384
0.3373873504595501
0.3373884747962709
0.3373847948722839
0.33738013359321645
0.3373766421931755
0.33737446367209734
0.33736928813237926
0.3373715155170586
0.3373691944081709
0.3373596839340763
0.3373588336583606
0.3373576799903981
0.3373616690242505
0.3373665465611634
0.337366024682945
0.3373657039462861
0.33736426270003006
0.33736189939504846
0.3373606410237764
0.33736400712992737
0.33736333153687464
0.33736088541574855
0.3373614332121008
0.33736274810818234
0.33736496624343554
0.337367005965563
0.3373672964366637
0.3373646689933289
0.33736669730968366
0.3373705465307611
0.33737182215440054
0.3373705825732828
0.33737238298626865
0.3373708713063011
0.3373685760506859
0.33736584257256286
0.33736855245478264
0.33736839268832053
0.3373719560904257
0.33737165630153776
0.33737001425137836
0.3373687876246681
0.3373714884884081
0.3373731800728477
0.3373751310398949
0.3373751942653292
0.33737495876797985
0.33737037132473435
0.33736635585327146
0.3373674269595144
0.3373639811301321
0.33736375916289557
0.33735630935824296
0.3373554429709972
0.33735601111889835
0.33735491200331735
0.33735082172862546
0.3373521571868843
0.337354650095475
0.3373516711058405
0.33735287360914057
0.3373550093984939
0.3373571025671726
0.33735463581650466
0.3373517247471031
0.3373515744222047
0.33735340772884487
0.33735331569896665
0.3373518324540004
0.33735171143155035
0.33735348408205545
0.33735180986807006
0.3373443059387804
0.3373463110724227
0.33734560342507325
0.33734773245881217
0.3373521434305863
0.33735145087248836
0.337349380835784
0.3373506228088473
0.33735255961106586
0.3373536953626515
0.3373583820953075
0.3373626865445842
0.33736427629505594
0.33736627516129497
0.3373685120731514
0.3373709135675474
0.3373691938018592
0.3373722565561242
0.33737522133058573
0.33737614314547
0.3373744396579044
0.3373783600908258
0.33738195581328206
0.33738261455854646
0.3373859251142809
0.33738563604955857
0.3373886388705292
0.33739053815162934
0.33738850383832486
0.33737904598948315
0.33737458765946426
0.3373740185172797
0.3373732485108406
0.33737670215940563
0.3373740684186101
0.33737596740242204
0.33737857619308437
0.337380248619701
0.3373764630791229
0.33737087962919443
0.33737168360952696
0.33737237847797963
0.3373723974795868
0.3373731654164336
0.33737342601156606
0.33737235140314564
0.337374357976061
0.33737184396380104
0.3373725477022098
0.33737463108788046
0.3373767321786909
0.337374275409475
0.33737351515817465
0.3373782206075943
0.33738544207319
0.33738298181628645
0.33738039534171366
0.33738510455923126
0.3373893129415664
0.33738919745953716
0.3373897836725545
0.33738768400788377
0.33738359824410347
0.3373825844894747
0.3373868264580855
0.33738832874102814
0.3373856643757413
0.337385129283723
0.33738443951591335
0.33738215616738276
0.3373780683001389
0.3373766673993134
0.33737778523239303
0.33737779889598385
0.3373771508457549
0.33737646072915495
0.3373821649433591
0.3373753456644914
0.33737633173690046
0.33737989507943544
0.337383312469308
0.33738808872943526
0.33738674987698025
0.33738297362682385
0.337384819916897
0.3373822280928963
0.33738140376037984
0.33737757288689035
0.33737206078666004
0.3373708852131052
0.33736948414933116
0.3373669050209151
0.337367373494194
0.33736679262988356
0.3373663447646603
0.3373680498576878
0.33736887602904536
0.33737316853806726
0.3373743636945947
0.3373729147571283
0.3373752589057381
0.33737728340247725
0.3373755264404117
0.3373709570167769
0.33737164571359257
0.33736941635310463
0.3373678357983187
0.337371612648936
0.33737209081199515
0.33736999056040823
0.33736888039546087
0.3373672939527499
0.33736616468023306
0.33736481218087605
0.33735987459173244
0.33736116624412343
0.33736158049033704
0.33735944512899835
0.3373510632989263
0.3373497430462099
0.337350151145191
0.33734933659803046
0.3373514764080841
0.33735124837329555
0.3373503542356769
0.33735620973839303
0.33735605134808955
0.33735128695307454
0.3373512616642452
0.33735010114236075
0.3373493658470821
0.337350185464446
0.33735452053740306
0.3373539486909661
0.33734875656689883
0.3373458567566642
0.3373450839801343
0.3373418415744364
0.3373437383698627
0.3373478858804518
0.3373460070675172
0.33734472490352513
0.33734148776953715
0.3373402100076097
0.3373397335004378
0.3373430186189926
0.3373442876835571
0.33734477705795324
0.3373490441426222
0.3373535503285068
0.33735384408837654
0.3373504544936204
0.33734870176869314
0.3373477744563146
0.3373470536174322
0.33734830067151206
0.33735241108723485
0.33735549773028706
0.33736004151645665
0.33735956841262
0.3373580924254281
0.33735815300064326
0.337356239936498
0.33735615274488395
0.33735753492145676
0.33735804356323956
0.337359926621196
0.33735711705179455
0.33735505690221185
0.3373557868331176
0.3373522284458499
0.3373508193745257
0.3373496834374508
0.33734654852994944
0.33734614267812274
0.3373466365114192
0.337349892196444
0.33735236318193673
0.3373549619258678
0.3373530314574037
0.3373515679632849
0.3373481169272931
0.33734443862863106
0.33734762489539616
0.33735211109510405
0.33735213426117105
0.337347518648236
0.33734540173968786
0.33734220838928164
0.33734099748733365
0.33734507449538437
0.3373438188024509
0.3373443019143224
0.3373423120318093
0.3373407505975749
0.33734159393624824
0.3373401906502335
0.3373379090121344
0.3373365643386466
0.3373352877608697
0.3373370996117168
0.3373342065454508
0.3373353521534083
0.3373395459211023
0.3373390559200827
0.3373390908458043
0.33733712006052397
0.3373345381016198
0.3373336709899589
0.3373339196622748
0.3373309767604576
0.33733229272887455
0.3373341070338001
0.33733929542564745
0.33734458095727216
0.33734687619079073
0.3373475611602854
0.3373473687965655
0.33734841824454365
0.3373454675127998
0.3373446558758622
0.3373494809805989
0.33735181220379307
0.3373509975112248
0.3373502415582834
0.33734813568160166
0.3373432423666706
0.3373411827119306
0.33733871789002273
0.3373391500132746
0.3373384213517913
0.337340102504404
0.33734510183828986
0.337350560367834
0.3373536081839915
0.33735512715677773
0.3373552278765086
0.3373566147169694
0.33735481241237464
0.3373566086295982
0.3373538853286998
0.33735695617944667
0.3373584161693969
0.3373610752460007
0.3373602595062719
0.337359152347459
0.3373603700121591
0.33736137907171115
0.3373607571449299
0.33736245937068415
0.3373612536620912
0.3373575705424615
0.33735557130754446
0.337358510824009
0.3373599846894552
0.3373566766729969
0.3373579504988501
0.3373575238931405
0.3373572418787014
0.3373598876364512
0.3373618368463053
0.3373608549848861
0.3373595763506473
0.3373636856722641
0.33736747185822985
0.3373681237443288
0.33736819371553645
0.3373686024908479
0.33736957555504127
0.33737053668894706
0.33737089026612194
0.3373721879168773
0.33737250148440384
0.3373711913504077
0.33736873403078604
0.33736687959259726
0.33736712194099405
0.33736668957053434
0.337367645142638
0.33736605887101356
0.3373663750096062
0.3373695154889257
0.3373680962354593
0.3373683130613808
0.3373696542843948
0.33736714531210876
0.33736768134181816
0.337370103616646
0.33737141337028864
0.3373695891345089
0.33737095883025914
0.3373677049631976
0.33736652863754557
0.33737019392015427
0.3373687542897761
0.33736929812927546
0.3373704077141162
0.3373665139722182
0.3373627288633952
0.337361151755852
0.3373611489741332
0.3373625022527915
0.33736033533351895
0.3373626588326428
0.3373620742445208
0.33736355275920826
0.33736422664010707
0.3373653247928853
0.3373677451445583
0.33736912742126174
0.33736921854016516
0.3373687804094102
0.3373694001988543
0.33737121059119113
0.3373712118982685
0.3373730215802885
0.33737470710107315
0.33737579665645806
0.33737804200321236
0.33738107424251296
0.3373820618387192
0.33738078842728886
0.3373798799753829
0.33737785354183913
0.3373781203617469
0.3373775617842659
0.33737491601054015
0.33737285580281456
0.33737201845005793
0.337371603852561
0.33737239079672315
0.33737313362593724
0.3373746495687206
0.3373730100266867
0.33737405721986075
0.33737603885803885
0.3373767405576199
0.337377038151511
0.3373714104461685
0.33737357288957676
0.3373777247888805
0.3373766413933613
0.33737721600362536
0.33737514455181633
0.3373741384797277
0.33737359399743216
0.3373735010903927
0.3373711362350388
0.3373718709379227
0.33736940566034684
0.3373698744785531
0.33736803647082514
0.33736508139355
0.33736653690590496
0.3373628591450533
0.33735963790152956
0.33736009152125285
0.33736151662280134
0.3373614679079879
0.33736169224054274
0.33735805995065393
0.3373573997372314
0.3373553027558306
0.33735764991498995
0.3373608803067244
0.33736036603336955
0.3373586247338112
0.3373586088516261
0.3373572533220987
0.3373584739392812
0.3373573210431929
0.33735743256462325
0.3373593465779206
0.337358994945578
0.33735697243251694
0.3373597081663528
0.33735533314145094
0.3373530568015471
0.33735360348634724
0.3373535456126067
0.33735747362718654
0.3373558567591342
0.33735439357400304
0.33735313849931015
0.33735069181981037
0.3373530268387709
0.3373525146987326
0.3373521814259333
0.33735135445463993
0.3373510220301256
0.33734838641936327
0.33734841675022964
0.33734893136041966
0.337348115729802
0.33735106573090906
0.3373512242766594
0.33735152111056704
0.33734912679445495
0.33734687774666255
0.33734767335439664
0.3373469325279743
0.33734621675342014
0.33734578302451884
0.3373450954114416
0.3373435230330614
0.3373396861600698
0.3373395767085741
0.33733870112973824
0.33733979896514976
0.3373381744916527
0.337340462693434
0.3373436519056898
0.33734204541931223
0.3373380569762703
0.33733808276454175
0.3373407656745912
0.3373409180720718
0.3373423947284262
0.33734268097826875
0.33734531991162786
0.33734829739216354
0.3373481285814256
0.33734644539202296
0.3373439463031413
0.33734172769503834
0.33734064691928617
0.33734032845741313
0.3373404376482036
0.3373405239793186
0.33733859906866503
0.3373405040636287
0.33733968753575616
0.33733809262588094
0.3373348191580479
0.33733419447370017
0.33733339042323424
0.3373380776033305
0.33733730879959534
0.3373386752058871
0.3373367763441591
0.3373328247785329
0.33733562557166663
0.3373360674903523
0.3373377566024603
0.33733709335977197
0.3373376944321922
0.3373391733141205
0.3373409036866516
0.3373418421719698
0.3373432889606465
0.33734301555100293
0.337338139766511
0.3373376011207572
0.3373369141731556
0.3373361712307067
0.33733378798772046
0.337333001208051
0.3373311173593249
0.33733312778360774
0.33733475897858844
0.337336232272788
0.33733760472087587
0.33734061620612066
0.3373402756704708
0.3373411345162986
0.3373398818635189
0.3373419860397354
0.337344951447044
0.3373463089668646
0.33734394627321024
0.33734355178647396
0.33734155681255534
0.3373432754244315
0.337347799666214
0.3373454671461641
0.33734381038755695
0.3373415800804825
0.3373426459433416
0.33734043481643655
0.33734192190510215
0.33733987037820223
0.3373368769876649
0.33733705368253114
0.3373403843937145
0.3373436308924957
0.33734277174879534
0.33734377369826796
0.33734519539454005
0.33734807636697467
0.3373481929409998
0.337350541870605
0.33735027884415436
0.3373501445655667
0.3373510954564187
0.337352851521021
0.33735274519852765
0.33734907659844715
0.3373479332396869
0.3373465883606345
0.33734430571375335
0.3373427024979698
0.33734157367048084
