0.030104470934975397
0.030843608498780914
0.027467988434531184
0.025493138936535164
0.024963153839206623
0.025822694713249435
0.027781589883456158
0.028353332722664958
0.02944870084492726
0.029616485829888562
0.03071317900240574
0.03157963297673131
0.03373227451049479
0.035043647766759896
0.036675274530103254
0.03832613366292123
0.039623766515680364
0.04091889598419778
0.04113004553361122
0.04166893302148291
0.04220390867312252
0.042794119496216594
0.04305583696625468
0.0432679696916599
0.04317390639603881
0.04262096132907598
0.0426929017207287
0.042517417360184655
0.04201210159315686
0.04191619552825667
0.04191923888034775
0.042128719048779184
0.041792456150486525
0.04142649530148762
0.041106886211325806
0.04072752110796535
0.04042131278435734
0.04029545482274152
0.04013228847857039
0.03995232213724865
0.04017842299242163
0.04065248175775014
0.041298123628553805
0.04135672595135892
0.04137423008228136
0.04141802624224234
0.04119649537743599
0.041168675442501995
0.04101688216513764
0.04089951250989348
0.04087472449996326
0.040701074304912
0.04057266796870793
0.04049802679117336
0.040338793823476334
0.04036072734466592
0.040293508686899245
0.04025858817309177
0.04021576242230767
0.040232725483391504
0.0403534195548679
0.04050480029592301
0.04079392589724175
