0.2629746204635894
0.2509678595117851
0.2538526754067705
0.25458572416894637
0.2547871867263528
0.2550161734025238
0.25522928349488183
0.25432988698558934
0.2538609158789635
0.2553895204705052
0.25579055133868683
0.25589391015280155
0.25501600690590703
0.2559793536599292
0.2560371717171717
0.2550965482940416
0.25513421175591067
0.25488892413428493
0.2550370259231475
0.25553005931198103
0.2678915136873154
0.29087682949663324
0.3028686584962781
0.3083643777467294
0.31791633161275396
0.3242143518983089
0.32992621095501445
0.33858087342721743
0.3443166367384288
0.3493742466585288
0.3567082080126266
0.3622525257332512
0.3672274036678931
0.37267931896718676
0.3780465702832304
0.38296365244269615
0.38730620497970464
0.3892077085281523
0.3896325388821373
0.3912888409952123
0.39093655555924905
0.3875079315051599
0.3841915060249393
0.3811802292688869
0.37870484262568804
0.375940315852652
0.3736008018151717
0.37125151615657154
0.36884024085310413
0.3663848181263112
0.3643321612118993
0.362153453954042
0.35995625036756157
0.35760631086845907
0.3556155042462945
0.35377698721506
0.35181855361267067
0.3501442533900682
0.3484562250022026
0.34663809219632263
0.34519076851752123
0.34369374151393706
0.3426824811552832
0.3414008464922904
0.3397138115335369
0.3386676748049399
0.33763004426884613
0.33643826983228275
0.3353265051315151
0.33418377720115816
0.33303485839460284
0.3319852493145889
0.33126044595283705
0.330447493064427
0.32977857749269784
0.32898850529935464
0.3281638028041493
0.32741238621160773
0.32664186682206775
0.3259124588455161
0.32523109672232214
0.32439954012769795
0.32366462656913964
0.3228792589365679
0.32204490584513257
0.3214469020900959
0.3209402319192075
0.32035535844013363
0.31970339314239055
0.31916430379360056
0.3184185775833134
0.31790336355829013
0.3173518695863102
0.31686836258799206
0.3163001365707273
0.3157351610971679
0.3151293101304289
0.3147164875717719
0.3143291225132423
0.31384293621648124
