0.29441375076734194
0.3061203532552886
0.29384634356887407
0.29576174112256587
0.30389334430050036
0.3045319423411296
0.30553419716170677
0.3069480439343453
0.3040618534248067
0.3005456494202475
0.3019836022216345
0.29893477152593306
0.30050606038164357
0.3003131500148575
0.3006746259762923
0.3029086782535985
0.302493033346425
0.3034915092842406
0.30486747068341424
0.3057636613967621
0.3055081365066462
0.3054328323931734
0.30797569573029393
0.30712550394621074
0.3064782274622429
0.30790642510498734
0.3082823836308796
0.30813722519610814
0.3073081462712103
0.30747680172404773
0.30729745317669915
0.30698155169542174
0.30618085823623814
0.30600650397516327
0.3068343039118339
0.3069147780125012
0.307775494846494
0.3065172127167535
0.3058060585655997
0.3059387916149044
0.3064406495515473
0.3078501364626791
0.3078869209710331
0.3082717862489269
0.3089951383253924
0.31008756757490047
0.3109976172935375
0.3121526356483377
0.31335165988965885
0.313227216330297
0.31392601555958904
0.31544265261971965
0.3166928263642723
0.31848698290731414
0.3205913165599216
0.3220982155269728
0.3234294173235228
0.3250395847758294
0.32701728840563654
0.32797203159931326
0.33056945655999875
0.3337794639407033
0.33803337135633477
0.34217906283870153
0.3458938030231256
0.34995688619368703
0.3526846089228613
0.3562459706733605
0.35953304587990936
0.36253502613360333
0.3650657315839933
0.3675498232391904
0.37072313108480304
0.37304670605377305
0.37568406182551817
0.37813219201321185
0.3802948331578374
0.3822360010991243
0.38527417052946933
0.38786244754240284
0.3903235453112959
0.39304083402444057
0.3951165130990726
0.39711734288428346
0.3991131857013978
0.4010969970652892
0.4030841798415094
0.4046809801452511
0.40708912672755615
0.4090493087668843
0.41096344495257975
0.41325568609196917
0.4151647097684754
0.4171514017210818
0.4189369964303094
0.4202792886251773
0.4222020731188573
0.42373468308911744
0.42544172157832233
0.4268200838117926
0.4284234512282383
0.42976169842703327
0.43117229584263
0.43278852777255933
0.4346414089057825
0.4360016265442663
0.43745366868655255
0.43872423623851237
0.4397753940417979
0.4410124083055399
0.44227946935551427
0.443616160131542
0.4445320670577587
0.445962741315612
0.4470448313491425
0.4484815994232062
0.44942004488785675
0.4499337951354373
0.45095222314849814
0.4518878001982389
0.45250405925364723
0.4531538016215317
0.4540337701673484
0.45507501220089186
0.45600040994248486
0.45730494172953323
0.45766066661041915
0.4583141005087568
0.45908428099232723
0.4600414263999407
0.46065885716756366
0.46147345662156786
0.46264643522137633
0.46365798452211837
0.4646817801745087
0.46553902192499247
0.46622889432236103
0.4669238499272798
0.46771320300325825
0.46831230973332505
0.46883805098617104
0.4695203229259346
0.4703919545758436
0.471248610240379
0.47188039180998514
0.4723616820167821
0.4729508134986719
0.4733681876088417
0.4735793138604482
0.47401863541590006
0.4745547244777527
0.47518444356834916
0.4758159188524106
0.4765655023032735
0.47704821908300576
0.4777391362934692
0.47830762839180196
0.47902895411831686
0.4796610927387292
0.48009830003535553
0.48067733023064707
0.48110990900226874
0.48150246814546793
0.48182294523323516
0.48236002690151164
0.48297628291427624
0.48338488077456276
0.4838088456889272
0.4841782211175308
0.4846534266425939
0.48523947154846275
0.4859069255084199
