0.03496752552953137
0.03535296541051826
0.03558530799084228
0.03408144877228787
0.032025562556255625
0.03127602892837148
0.03085282219720172
0.03115437691246175
0.03166671046202581
0.03140194667378076
0.0318715021999286
0.032076069333202985
0.03257813902340558
0.03327332933279996
0.03397242033041437
0.03406701931297467
0.0340347823371843
0.033864492131907974
0.03382452956328908
0.03376282613723135
0.03365375610350569
0.033648084135300384
0.03302502250225022
0.03305992580798427
0.033026280366630446
0.03304220935814216
0.03321588878563482
0.03328540309370764
0.03344220848395882
0.03337815249448437
0.0332463377342101
0.03331112187297923
0.03317476170287446
0.033034807881343
0.032789865306768584
0.032676861297487335
0.032442838647602994
0.032416093198068964
0.03240807963074996
0.03246416917836691
0.0322186859693947
0.03227640165126853
0.032167899807266635
0.03218284090217724
0.03216560228953888
0.03225559031029203
0.032245263778497235
0.032237009251449046
0.032253848900329465
0.032307256253362206
0.03226663069087162
0.03220109326778259
0.032121024133849395
0.03190481285033964
0.0317408070155057
0.0316086062365946
0.031650871289938896
0.03166330657389175
0.0317030533822613
0.031773513604026374
0.03176655471622554
0.03166380678594239
0.031594790262785125
0.03159980749411738
0.031659502067870396
0.031636220326392295
0.0316294810880969
0.03168228506383297
0.03171537859208246
0.031761757160113875
0.031848149964229196
0.03196024807339441
0.032010146493570854
0.03199076198410491
0.03210867608783638
0.03210611802517018
0.03217388680044475
0.032198117095447974
0.032326132799012856
0.03231940080905779
0.03235689841115017
0.03234295869491084
0.03245535720066625
0.032515688111819305
0.03265211123798416
0.0326960168418641
0.03284111779068263
0.0328142034766462
0.03288338169346863
0.032902274590674914
0.03300315412821365
0.033120093265781476
0.033156298758560986
0.033175164391469225
0.033122086494363726
0.03318682274877128
0.033261969945479
0.03341829667799404
0.0335201677689812
0.0335526063189191
0.03359353998032452
0.033702958868126076
0.03378396475687924
0.03392207568582945
0.03398922541615548
0.034079596729699076
0.034076451650351815
0.03418788193022492
0.03429406695273197
0.03437724327554522
0.03453580954049077
0.03461363337215156
0.03473471107110711
0.03483139426533942
0.034935515528883854
0.03503168859754541
0.035108571427618675
0.03520204650862922
0.03524034903064603
0.03533584153790602
0.0354071906484861
0.035469397406680515
0.03552360597841024
0.03556534997141016
0.03566879451690886
0.035756962336127476
0.03587092796370808
0.03596324386119455
0.036058432849868545
0.03616188599004593
0.036299843829709244
0.03642735489360521
0.036474974524525375
0.036500888060127294
0.03655942599693443
0.03661497762808063
0.03664808346513182
0.036687771750790216
0.03676441412076329
0.03681850065534815
0.03688405801697331
0.03699010922329854
0.03702981624931687
0.03706792068172117
0.037165875585042245
0.037276282323995914
0.03738734954231149
0.03748324115157765
0.03754330523961487
0.03763796562546009
0.03778017765417689
0.037857001836859784
0.03790202358946975
0.037943519487827114
0.03803393073188997
0.03812852939835334
0.0382236429405204
0.038241422213089474
0.03829633269950053
0.03833113318159372
0.03841110164376986
0.03842348290667903
0.03844369793323071
0.03848200273576984
0.03848843342135481
0.03849614714202688
0.03847926630500888
0.038475964236493285
0.03849832110151225
0.03854393513970214
0.03863801408249247
0.03871168304512813
0.038759045025947604
0.038792078068672735
0.03880781138060477
0.03881738789263542
0.038864183902978106
0.038913017565560794
0.03891434823109604
0.038910623244128924
0.03899197694644867
0.03908488266364372
0.03910875753147194
0.03910403939506217
0.03909685215866721
0.03911745098589971
0.03916322262737348
0.03922246563623304
0.039226754076641404
0.039280038283802735
0.039308668992058655
0.039333570018859135
0.039363910302610154
0.03938375549097754
0.03943083124193221
0.039473294215772343
0.03945975986892805
0.039475337424511606
0.039484054779875245
0.03949147553837254
0.03948227113905803
0.039440413289620536
0.039444737181306096
0.03942622096203394
0.03941229966777613
0.03943742247725318
0.03945102935878916
0.03944994312924819
0.03942481736195168
0.0393822719972887
0.039337002091918045
0.03937134550650117
0.039414774140155956
0.03941814924175401
0.039394120737102745
0.03939221823846445
0.03935998989080637
0.03930544130066695
0.0392421826271795
0.03920172860210466
0.03918585572842999
0.039149144505976376
0.03913219063774011
0.03910196303813016
0.03906098979334725
0.03901371883146626
0.03896988922475605
0.038908835103780966
0.03883576891351218
0.03877869728290936
0.03873663888861389
0.03872330889302511
0.03870799569215014
0.03870581665886915
0.03867836237867788
0.03865681007216086
0.03866223602624973
0.03865427298502164
0.03865278263675424
0.03863180189749193
0.03860643827590878
0.038595822580011
0.0386182992846966
0.03860119154037552
0.038595263340562506
0.03862620166510415
0.03861567839874583
0.038616725308894526
0.03865195020431017
0.038654788205011066
0.0386416453229281
0.03864674287930144
0.03866635783374377
0.03865068011267378
0.03865773575684884
0.038658835766277676
0.0386590586946667
0.03861951526211787
0.038602517949365776
0.03859464511859932
0.038579434911747555
0.038585189420148325
0.038568288747576285
0.03855069242326945
0.038554747651376634
0.03855803090198884
0.03854834336900307
0.038521015424457045
0.038502441659085056
0.03850075999839078
0.038456821500300394
0.03845423741225837
0.03843393375661209
0.03840163475294711
0.03839671836036063
0.03839766553563733
0.03838741413640488
0.03835928706225587
0.03834893567862376
0.038354027154954215
0.03835894774456333
0.038356831888177005
0.038331458109970414
0.03831313255356888
0.03830983043893295
0.03831344350992537
0.03833342239022007
0.03833936274405039
0.03832089494278668
0.038284830886194936
0.03826016380891942
0.03825356554532291
0.03822306999930762
0.03819970726063655
0.03818525589838262
0.038168632462043765
0.03813655882653381
0.03811257833139125
0.038096221566703295
0.038085018441232965
0.03807487383298422
0.03806579870522015
0.0380336754332361
0.03801926003804309
0.0379945508247256
0.03797962500539524
0.03795154001828259
0.03789634817866319
0.03788123562602776
0.03786475498568645
0.03784852398283307
0.037835775337402684
0.03784512953141395
0.037840310110484644
0.03782422293720445
0.03781930703698738
0.03781179600643062
0.0377734389753346
0.037750084051842166
0.037723193845399815
0.037690078994326096
0.037655107206522494
0.037635195926230006
0.03762962449898539
0.037636062611131366
0.037620413546744995
0.037594474430159716
0.03756276465539428
0.03755687459156875
0.03755066379078233
0.037549608422780836
0.03755474927673202
0.03752932460232089
0.03750600289751958
0.0374932826727217
0.03746858481790525
0.03744179487916269
0.03743270948152472
0.037436753964939444
0.037438849035465155
0.03744379860374617
0.03744058038041999
0.03741608500319397
0.03741437998621784
0.03741805546107303
0.03747246344777643
0.03751394149716238
0.03751512462963141
0.037520253824316736
0.037522238162430784
0.037564879011293455
0.03758219813224553
0.03760448172599605
0.03763049832200954
0.03765742845915106
0.037658402940641156
0.03766587534520285
0.03768766312235081
0.03770712187005117
0.0377267928137359
0.03774075755953451
0.037765957956507015
0.0378214590414799
0.03785770229721349
0.037886917170094896
0.037930953206892756
0.037967591814444576
0.03800106777801672
0.038055884016709327
0.0380696276201648
0.03809756367337773
0.038134065092044006
0.038189923445723264
0.03821104063953271
0.03825599930399903
0.038293415915613485
0.038334066302204366
0.03836805961869524
0.03838203207037336
0.038426626518158646
0.038458900315758555
0.03849507763588204
0.03852329327050352
0.03856501169312634
0.038587753799512604
0.038621753860471446
0.03863598398500311
0.038677964605942264
0.03869058593359915
0.038714379572594104
0.03871936872177158
0.038755057457051566
0.03875842742582216
0.038771163604033744
0.03877332163719139
0.038818561736477214
0.03886169329639629
0.03888886870889031
0.038891688301582315
0.038897881331101995
0.038910123568615035
0.038922489302606424
0.03895895381095701
0.03896672831805979
0.038985035864414486
0.03900230220112266
0.03901096029464083
0.03904438728127534
0.039065202919403616
0.039090530122509105
0.03914479825786179
0.03916339917207059
0.03917145774797419
0.039183919561416564
0.039218285988440425
0.039263243104587155
0.03928756410640567
0.03931983837523719
0.03933756085285948
0.039358962488627074
0.03937917581305712
0.03940794572901391
0.039442391128524816
0.039484037914923005
0.03950630610597775
0.03951191201002083
0.03951544600849429
0.039532389028376524
0.039556661862850506
0.03960068989284485
0.03962704921124047
0.039673064074545614
0.03970891495628724
0.03969286929461112
0.039694989595152795
0.03969947738849489
0.039734970816669296
0.039747773415924136
0.039774463590252364
0.0397816773156551
0.039800076873073416
0.03981263865950196
0.039833156625413715
0.03985439708301435
0.03987382593029171
0.039876613281778966
0.0398781730390324
0.039854744024196996
0.039861997493379715
0.039864088922682575
0.03986349523915134
0.039834860638394996
0.03984263874495966
0.039830903594992445
0.039818751321589796
0.03980277681915164
0.0398060218344216
0.039787630227712256
0.03980687835666678
0.03979407841774277
0.0398026301635374
0.03977806049696602
0.03976107784979881
0.0397493505571443
0.03975469857152152
0.039754969946175917
0.039759606127660274
0.03973017426038224
0.03971786097381205
0.0397129045754842
0.03971720123628537
0.039725872837145806
0.039746447216150185
0.03975307692313088
0.039751663237003604
0.03975353159893671
0.03977031870351079
0.039771836500780255
0.039747039334735515
0.039744733928099
0.03974922392592892
0.03975569734865408
0.03975654471679098
0.03975412479234339
0.03973295902712102
0.03971582083997133
0.039696649239288104
0.03969714707275198
0.03970335406134934
0.039689140520758594
0.03967615256938538
0.03968025141807841
0.03967259936902608
0.03966477714590973
0.03965523052682922
0.039650351597107995
0.03965466017858903
0.0396566213394583
0.0396522272391207
0.039651777069598854
0.03965613739239494
0.039643311126465304
0.03962684901077631
0.039621719413493246
0.03961282033276451
0.039607142882988985
0.03958669748308212
0.039579931051775985
0.03955835163130706
0.03954997007208361
0.03955201493733551
0.03955986440632827
0.03955347610821239
0.03955173023414811
0.03954451030007473
0.0395379830976706
0.039521488845940464
0.03953078842986099
0.039517766673128056
0.039529449938346464
0.03952286602200129
0.03953256620358629
0.03954173536949393
0.039552228203752766
0.03957091775261009
0.03959726393318605
0.0396007323809304
0.03961313312547782
0.03964903831729376
0.03965639309110937
0.03966494938729152
0.039667052277274364
0.039678433166657874
0.03970413573712709
0.039755989109876017
0.03976745180984496
0.03977303284672464
0.039781642044074673
0.039789183891069925
0.03978505375339378
0.03980133375235498
0.03982435466794755
0.03983331552350362
0.039838612576137335
0.039843132908332156
0.03986244830871026
0.03987109007958544
0.03987299883246903
0.039867362565201014
0.03987722609347399
0.03989977396478833
0.03993290550849565
0.03995880602574258
0.04000192100848977
0.04001610038428727
0.04001281527582138
0.04001536319522878
0.04001478661697099
0.04000552241328207
0.04001658170504448
0.04003949765699363
0.040067599322070664
0.04007938217821782
0.040080878962230004
0.04006929146954892
0.04007237931022895
0.040085385704532024
0.04009141963776352
0.040089373875931256
0.04009802208769865
0.040113327933465386
0.04012566450085649
0.04014559324358122
0.04015906649333563
0.04016194558575503
0.04016585630601312
0.040176265017830566
0.040192070485983
0.04018351469390799
0.04019592611687286
0.04019978230381178
0.04021038310303293
0.040241920617090525
0.040282936140762844
0.04029479653115702
0.04030921376040589
0.040321503560851325
0.04033215759168306
0.04036320869310758
0.040364397475161004
0.040362674286530446
0.04036165601021392
0.040363300168737036
0.040372336940265464
0.04038673658269248
0.04039585329222408
0.04038249076258757
0.040390773305492185
0.04039869250082903
0.040415972491649646
0.040444379588778244
0.040488397929838514
0.04053358438787362
0.04054623499322236
0.04057215747971806
0.04060303812413353
0.04062904327943423
0.04065071840517385
0.04069375716366835
0.04072180211219807
0.040737434531484276
0.04077555250907351
0.040806027246351316
0.04084124200334074
0.04087023854015946
0.04090145068164647
0.04092339117123391
0.04095413542164581
0.040975484960424066
0.0410042604567523
0.04103813376789936
0.04107105022042325
0.04110518053854053
0.04112468999721936
0.04114809851910884
0.04117110065831461
0.04121229202905868
0.04125799050166918
0.04129750369464255
0.04130764626620287
0.04132331480939848
0.04134561064587405
0.04137280661863203
0.041389094776098624
0.041402012116105225
0.041428428826247844
0.04144080215929152
0.041449398203188575
0.04146182676397586
0.04147919351744676
0.041506806276573514
0.041534060193265845
0.04155521892250495
0.041567965607749585
0.04158875972695809
0.04163008217968789
0.041643548484446014
0.041654280725280796
0.041670082912121036
0.04168687414574924
0.041705739520433535
0.04171121391386371
0.04171052112107763
0.04172696177388038
0.041749178094280984
0.04175236789042412
0.041760446711096494
0.04178005032128484
0.041795918582053185
0.04180360474197089
0.041822860204176866
0.041834448928247225
0.04184943497406349
0.041850725933474955
0.04186097868259282
0.04189460184458613
0.04191869475253218
0.04194662793482355
0.041967520836367116
0.042001518303707665
0.04203850971096323
0.042086993857646186
0.04211437317158839
0.04215012251599659
0.04217717073290903
0.04221425679950332
0.0422691244866372
0.04230399487156853
0.04234252336159377
0.04238831801601244
0.04244039684813861
0.04247798505618865
0.04250610489642328
0.042551610197894975
0.04258903553615727
0.042628311511282053
0.042651240267580603
0.04270196083519302
0.042749005502561756
0.042800066264113645
0.042827231103513407
0.0428649332441473
0.04289967598659419
0.042930483651242274
0.04295354736272937
0.04299763833369246
0.04303672593524652
0.043082011398176204
0.043126531668512616
0.04317667224848295
0.043211793141891816
0.043254866748833956
0.04327929641364507
0.04329342009293008
0.043302016518845264
0.04330149339566653
0.04330979836837187
0.04332616006785519
0.0433450378886028
0.04335727215437841
0.04336256260515119
0.043383610670682075
0.04339208632958154
0.04340227193064598
0.04340680664253046
0.04342497155375915
0.043452838395981
0.043464604330888244
0.043481496907634205
0.043506408943842056
0.04350700160777998
0.04349615494114679
0.04348603457392494
0.043479251923132324
0.04347828770454685
0.04347030395196059
0.04346948070309681
0.04346312461414474
0.04346231463390679
0.04346206271520599
0.04345964546534762
0.043458140990638605
0.04346018087598661
0.04346238119565474
0.04347009629473404
0.043469039645483425
0.04345274397223942
0.04344671298155693
0.04344607655526178
0.043458055885219324
0.04346655031142448
0.04347193008342198
0.04347097837056433
0.04346244921171377
0.04346337124216784
0.04346304113694727
0.043471238774934536
0.04347024687435286
0.0434611295271852
0.043470594861010486
0.043479708838525144
0.0434786125970654
0.04349524360073167
0.0435088390645061
0.04350904270968504
0.04352092411321078
0.043546358228663574
0.0435589798394755
0.04356782069854513
0.04356157497222707
0.043562680434524007
0.043576784602712006
0.04359397702279885
0.04359347246674102
0.04360051859792051
0.04360945644211416
0.043615307136150486
0.043619898173368254
0.04362762166731588
0.04363507980121555
0.04363673813503928
0.04364315711243461
0.04364533293777522
0.043647808212206804
0.04365386457074558
0.043652609138444855
0.043642221033805086
0.043631542045986085
0.04362882271010956
0.04362537116053547
0.04361881110604766
0.04360909469247646
0.04361141818056926
0.043597836014281854
0.043580696024736666
0.04356156699062342
0.04355737603311029
0.04354388929125473
0.04352974738868232
0.043520859898730335
0.04352295195889808
0.04350900834961749
0.04350545934708289
0.04350508856697409
0.043504742511241236
0.04350439646101365
0.043504050416291205
0.04350370437707377
0.043503845330338686
0.043504976112274864
0.043504889428244826
0.043505192693494975
0.04350630757213825
0.04350677314363694
0.04350691406560692
0.04350656802602441
0.043506221991946405
0.043505875963372805
0.043505505224580555
0.043505109776833216
0.04350400294387973
0.04349917695838661
0.04349618693356648
0.043497897213475814
0.043496799602570496
0.043492339972408124
0.04348173234546834
0.04348674918945934
0.04348921148385911
0.04349001399931727
0.043477456678408216
0.043476802320066524
0.04347628751823975
0.04348140702929019
0.04348793793601188
0.04349401634429802
0.04350419214910058
0.04350576891332798
0.04349917519514124
0.04351220553809978
0.043505194459249316
0.04351345502584559
0.04350991726397458
0.04352549460769914
0.04352505075669136
0.04351848482186816
0.04350551774707428
0.043505366182656095
0.04351219636971939
0.04351404009183164
0.04351977306719415
0.043513612648161136
0.04350915291650748
0.043502673429304764
0.0434903544749639
0.04351143702576766
0.04351496637164869
0.04353596050929263
0.04356423355113572
0.04359868142576952
0.04363746367156702
0.0436668962341235
0.043691920506723936
0.04372368385414198
0.04376418026365888
0.04378816205113423
0.043820331232304166
0.04385118592510377
0.04387604928596686
0.04390280654194007
0.043930029057763505
0.04397688174163973
0.044009987635715585
0.04403853617942036
0.044068629015606375
0.04409839517395217
0.04410677686572805
0.044122439510322506
0.04413439975933272
0.044154005463130724
0.04416447439071014
0.04417859270847424
0.04418558095302187
0.04421581336725951
0.04422538690500429
0.0442445604819143
0.04425542741063035
0.044291275930485645
0.04430838967775302
0.04432889539075336
0.044354304888965704
0.04437809667520089
0.04439263270004331
0.04439974906819782
0.044410922708375385
0.04442718625376317
0.044429084666571785
0.044437983877933164
0.04445271063878938
0.04446060411704371
0.04447040301684396
0.04449153858039703
0.04451599815897029
0.044532236454725115
0.044540844377019564
0.04455867977066071
0.0445694388130938
0.04458672226023074
0.04460719600922862
0.044623007491312365
0.044635584936794176
0.04464663336012364
0.04465407167754097
0.04465505822811781
0.044659664366647804
0.04466769441866756
0.04467457507870072
0.04467961999724935
0.04468784575018103
0.0446993334977248
0.04470852379461165
0.04471544807941484
0.044714668243549166
0.044707428443890786
0.04470115616177765
0.044713121609498
0.044714100300005
0.044724405712211666
0.044726139650378055
0.04472136208497057
0.04472075043756554
0.04471412650881938
0.04472340153339203
0.04472562972114794
0.044731995356636654
0.04472964111408561
0.04473599469146497
0.0447324305631762
0.04473420603521632
0.04472504582360707
0.04472673318100039
0.04472570273662658
0.04473513914277039
0.04472945866861993
0.04472423600876442
0.04472355265833329
0.04472476869822348
0.04473414071140038
0.044734844778140014
0.044739872382388336
0.044746695183559476
0.04474716223469564
0.04474461832282055
0.04475301754391575
0.044759173394159926
0.04476734637958282
0.0447760618146878
0.044791186924913184
0.04479720479876671
0.04481082434979586
0.044817670796648106
0.04483355596457837
0.04484065359145451
0.04485961244014919
0.04485581624236148
0.044851489027777455
0.044861211258913694
0.04487470448757201
0.044885649951616924
0.0448908468167912
0.04489631969483278
0.044895523475337665
0.044899530512363874
0.04490195365967735
0.04490915798051402
0.044914415964844974
0.0449236491535091
0.044920509713266644
0.04491535895239149
0.04491577354521571
0.044927864267627904
0.0449307029928272
0.044926415699548625
0.04491487740887904
0.04490717156501756
0.044893258626468556
0.044875567760919804
0.04486415977029041
0.04485917553306256
0.04484891890598374
0.04484141071183674
0.04483735558862489
0.04483196855787598
0.04481849704393838
0.04480918502960724
0.04480045569128234
0.04478712366144813
0.044789991241652366
0.04478947222277117
0.04478413092880175
0.044766263768988165
0.04476139310247432
0.04475810335764357
0.04475270800472857
0.044743695568860195
0.044739382489850335
0.04472907101332636
0.0447172194116561
0.044702426004868526
0.04469848855314923
0.04469255019519109
0.044681798904899206
0.044675807188149015
0.04467175087487555
0.04465962400007163
0.04466083976478758
0.04465694370002153
0.044647877106106355
0.044638598208763265
0.04462633009135219
0.044615341861466394
0.044605118471538065
0.04459500359924422
0.04458610754620359
0.04457893710176687
0.04457427496217275
0.044569584777687826
0.04455628125661112
0.0445372231037712
0.044536558106493006
0.044519999311063145
0.04451013259298543
0.04450555184065916
0.04449355296812428
0.04447977309750539
0.04446841879552268
0.04445667579905504
0.04445274403801914
0.04444826677144565
0.04443810537024098
0.04442838802923391
0.04441971686645902
0.04441644320502087
0.04441719180491658
0.04441051980379301
0.04439964897536464
0.04439101910396023
0.044397179016008155
0.04439753272005031
0.044395917652849094
0.04438520455580022
0.04437566069771515
0.04436957486285421
0.04436392390570138
0.044364026508955344
0.0443554722025977
0.044342729043787076
0.044333154604180275
0.044318545448634616
0.04430825759517363
0.044307628735248177
0.04430117724415486
0.0442977138489491
0.04429984342328972
0.04429572435607727
0.04428716094710945
0.04428005474774941
0.04427042298457161
0.04426314125819464
0.04426329256927687
0.04425465050441291
0.044248256401864236
0.044247798439903646
0.04424998399020223
0.044237832444978704
0.04424048806494369
0.04423439133971159
0.044236048028914204
0.04423325181907235
0.04423652796418668
0.044237697679755716
0.04423899664980699
0.04423575121235502
0.04423931570048267
0.04424493579749502
0.04425224720852008
0.04425742742607254
0.04426487991267091
0.04426423039469715
0.044259150166485926
0.04425147288055499
0.04424632996868481
0.044242815940116906
0.044242509703991004
0.04424828904633226
0.04424528764174037
0.04423877822261639
0.044234545684921335
0.044230861883325416
0.04422130902700023
0.0442195783794822
0.04421928403409906
0.04421476281811526
0.044216447499511695
0.04421205003619871
0.04420873742506828
0.04420701176774198
0.04419479348680966
0.0441957654998251
0.04420768055048105
0.044225931784646816
0.04423439877251292
0.04424323479304652
0.04425954035064868
0.044267023758017485
0.04426812830803587
0.044279749451762634
0.0442938770144582
0.044299419692719395
0.044307595552898885
0.044309132655743856
0.04430906769841912
0.04431489299360772
0.04432591439906975
0.044334349154343956
0.04434440737588184
0.044356468028594734
0.044363539461909296
0.04436408275943237
0.04436470154773935
0.04436679153129127
0.044378774569836375
0.04438356879378745
0.04438934908842216
0.04439536225342437
0.044395063759841126
0.0443996286993257
0.04440847594185913
0.044416656631559144
0.04443092945470496
0.044441866016163976
0.04445330159741433
0.044462805041149085
0.0444727032451546
0.044479850222171664
0.044480632012751806
0.04448521218192357
0.04448889567052458
0.044485535267363846
0.044484653818921055
0.04448628727571736
0.044482971994355316
0.04448370090943316
0.04447907905062902
0.044489230812811094
0.04449860163016387
0.044507749845174784
0.04451022332817181
0.04451378580618294
0.04452575478734764
0.04453052674250566
0.044535691169101034
0.0445402903118169
0.044542687835672695
0.044553629412040587
0.04455990040978467
0.0445721053573665
0.04458354393130937
0.044584660099021095
0.04458777058415485
0.044588526558113774
0.04458189765142291
0.04458500852277626
0.044602890815646265
0.04461674780484731
0.04462544819886539
0.04463960545640883
0.044646953519399554
0.04465170873815455
0.04464745964661527
0.04465451081739323
0.04465775713152066
0.04465855975826656
0.04466310009969688
0.0446643078476064
0.04466431198113782
0.04467000043612015
0.04467286718867057
0.04468116493490361
0.04468450497458795
0.04468694499305659
0.044679557869237975
0.044674734802990404
0.044680067405103
0.04467529661031952
0.04468058097358053
0.044683739959500056
0.04468522692447765
0.04468071131789461
0.04468374139160985
0.04468934839696678
0.04468193864871184
0.044683409781384166
0.044688704191361624
0.0446960135426712
0.04469985900339644
0.04470483037106176
0.044712501097098116
0.04471429841513496
0.044719626806092976
0.044725722966126834
0.044731911488076335
0.04473877408101839
0.044749523766246274
0.04475542862731914
0.044758713384149496
0.04475866563913987
0.04475885405459239
0.04476519901803093
0.04477305046211849
0.04477926398544776
0.04478651746033088
0.044787467350803016
0.04479506531885786
0.044805398352608376
0.04481651229710007
0.04482075528854346
0.0448243908798119
0.044831910182258225
0.04483823988800958
0.0448420660781279
0.04484712161152415
0.04485780991464288
0.0448669555119203
0.04487187825258008
0.04486317828179194
0.044856187445374764
0.04485690540719693
0.04485878382088885
0.044854290554823706
0.044854903053036056
0.04485448466980268
0.04484950137754374
0.04484855597506652
0.04484655875581374
0.0448385571512188
0.044833887133715285
0.04483490509612797
0.04482476317884841
0.04481511199660837
0.04480799713863993
0.04480258715941732
0.04480550810197646
0.04480983150659606
0.044810397418670656
0.044809314064596394
0.04481425729670863
0.04481771212874952
0.04481583772125165
0.044812817203115335
0.04481751463614162
0.04482109796245386
0.04481245816075095
0.04480744671396138
0.04481287222533251
0.044819661560215926
0.04482126858852251
0.0448191507249837
0.04481887631166592
0.044824962334400933
0.04482427787729616
0.044821592487321524
0.044822452782725446
0.044822197655753085
0.04482202676528076
0.04482079778534488
0.044819169826035246
0.04482464860560514
0.04482604545649679
0.04482636536204002
0.044822542574835846
0.044824877014834646
0.04482181049579995
0.04482510825896406
0.04482436782906117
0.044831901907879675
0.04483436887503048
0.044837208440848375
0.044835408173461634
0.04482483072179719
0.04482252470429193
0.04481962805413324
0.04482190862115682
0.04482566414197628
0.04482153304036001
0.044818385603743766
0.044820842523718214
0.04482336633019578
0.044825518336672726
0.044824899076951454
0.04481962127052488
0.04481558822590383
0.04481316563133115
0.04481256697686826
0.04480975499020789
0.0448201664292312
0.04482205920745381
0.04482151552551522
0.044819588627740874
0.044822121513312344
0.04482490182034841
0.04482405595592825
0.04482419451569693
0.04482099449951573
0.04482067072454058
0.04481631455636019
0.04481589982874158
0.044814312348502396
0.04481615754194485
0.044821354683599886
0.04482451077501478
0.04482530178670038
0.04481981202099653
0.04482723978769549
0.044837140827798855
0.044836218283059004
0.0448328806933129
0.044829873061273194
0.044830566002656405
0.04482871931857838
0.04482637862661043
0.044828930876916064
0.04483244394181287
0.04483448982528062
0.04484454338823863
0.0448473017170814
0.04484269301224664
0.04484002559371727
0.044839029856949326
0.04484132879144115
0.04483598975786502
0.04482706908242508
0.04482085494044028
0.04482387557279435
0.04483000921309596
0.044841451629874594
0.044838056935722986
0.04483947157879552
0.04484050989891186
0.04484876122892539
0.04484719562081537
0.044849981762921654
0.04485606802367349
0.04486188500187231
0.04486300044806014
0.04486486162802238
0.04486148319906098
0.04486816861769776
0.04487128144981937
0.04487165097903096
0.04487477550620761
0.04487862426572608
0.04488388758277436
0.04488585324440226
0.04489176631735342
0.04489630367667644
0.04490076466378666
0.04490074412977075
0.044905468276030716
0.04491032546436805
0.044915344358816695
0.04491883162435194
0.04492556037449747
0.044928627301965875
0.04493529787935752
0.044934288246472616
0.04493638533453625
0.04493322327589468
0.04492620262488704
0.04492820840956566
0.04492298251854478
0.044921261129696036
0.0449176788680044
0.04491021467392407
0.0448996235476089
0.04489572531893565
0.044889930453053256
0.04488243388161507
0.04487765665016564
0.044876391047014436
0.044867232269364614
0.0448565075600911
0.04485368009881058
0.04484833400824302
0.044841441885695776
0.044839268784486665
0.044835114818668226
0.04483413421441527
0.04483742407760857
0.044836020938570635
0.04484017927013502
0.044845212623835964
0.04485058635028227
0.04484810147646911
0.04484742876327415
0.04484302787083435
0.04484528738969248
0.04484772213544735
0.044850047152250556
0.044856811998840736
0.04485935440985353
0.044865852167074345
0.044861257010530405
0.04485753363995607
0.04486207496990542
0.04486128614833208
0.04486207181824872
0.044860936694342095
0.04485933426334032
0.044856150200294896
0.044859231514329134
0.0448588032100598
0.04485917121293574
0.0448611349407558
0.04486632154881285
0.044861831591035545
0.04485981892484045
0.04485895571194036
0.04486258017914329
0.044862944974064595
0.04486179837954228
0.04486362856505903
0.044861566696893666
0.04486048577197275
0.04486324019820819
0.04487143031955347
0.04486730017043413
0.044867961255036996
0.04487552877399429
0.04488151148555772
0.04488347495214934
0.04488207806344904
0.04488192980916927
0.04487780122248506
0.04488197074334601
0.04488674182154142
0.04489390395326991
0.04489330165613978
0.044889475354542546
0.04489005455315011
0.04488538139098906
0.04488707370405456
0.044884444891736895
0.04488361197019414
0.04488209313761617
0.04488694816976435
0.044886609702805995
0.044884833088546384
0.0448754480487301
0.04487097085130999
0.04486855329839206
0.04486914141439569
0.04486796074026924
0.04486936777422536
0.0448631999369054
0.0448648601836985
0.04485633784941194
0.0448530870310356
0.04484636674222147
0.04483489739362356
0.044828088967204
0.04482312885011431
0.04481625780590307
0.044805563332828216
0.04479582721534961
0.04478781554369284
0.04477953601104651
0.044773141077375185
0.044767938907266436
0.04476161062167407
0.04475512314908814
0.044747117082336536
0.04473939914565043
0.044738202989754054
0.04473150878466457
0.04472337970564418
0.04471422234392115
0.04470584108148715
0.04469663207517121
0.04469039859372598
0.044685083067616406
0.044675391720927674
0.044667513700989855
0.04466338097109768
0.044657917184536454
0.04465081762685876
0.044649927109299034
0.04464988833504979
0.044650026985491885
0.04464287722027964
0.04463911640760712
0.04463515675127336
0.04463326872013226
0.04462752883347557
0.04461782381509222
0.0446099842147509
0.04460311178770698
0.044592259610263155
0.04458417412376993
0.04457326517421408
0.044567557780938474
0.04456212465197017
0.04455674773568135
0.0445534014195633
0.04454689377887788
0.044544001478000146
0.0445329591440833
0.04452506293457928
0.04452217398061412
0.044517338979021416
0.044513713073701874
0.0445087769250239
0.044500544345612535
0.04449897128984483
0.044498225038257934
0.044492011985825225
0.04448803934832824
0.044479086954656986
0.044473736354787304
0.04446559217647137
0.04445885982630513
0.04445489323979759
0.044447812452899006
0.04443825371438499
0.04443199075232735
0.04442474311981451
0.04441957994539491
0.04442031241257468
0.04441857680325054
0.04441139169902511
0.04440268777009492
0.044396915061601365
0.04439174739360813
0.044381792175817385
0.04437785324882028
0.044370208105726665
0.04436260130216057
0.04435610835770437
0.044348801980482994
0.044343632823584764
0.044338956301097986
0.044335032263188606
0.04432884064003898
0.04432205859084627
0.044314483182428734
0.04431227313101949
0.04430773970486334
0.04430460503355838
0.0443034978001594
0.04429549725855729
0.04429087475988381
0.044281979002731904
0.04427369977821367
0.04427326222481366
0.044276798553727306
0.04427304992075841
0.04427378325294669
0.04426624285579518
0.04426553628866739
0.04425873355030421
0.04425667004250089
0.0442506333660357
0.04424831344832148
0.04424468834034312
0.04424522757318778
0.04423888023444883
0.04423399317555796
0.04423376266539296
0.04422999145666052
0.04423180727568244
0.044222630050244245
0.04421646695207261
0.044211645227713134
0.04420890018752179
0.04420283844924288
0.04419949825696998
0.04419251998672724
0.04418718992367906
0.04418005355239108
0.04417528349854573
0.04417186275831656
0.04416850234591163
0.044164952772138076
0.044159837556902275
0.044150226616481554
0.044140435807310946
0.044128045893656605
0.04412102631382977
0.04410994210077521
0.04410345068371579
0.04410215062455064
0.04409634968855173
0.044089419396654506
0.044084039885801146
0.04407814708145009
0.04407677937549857
0.0440731755185986
0.044067596173968805
0.04405701103681482
0.04405109658257235
0.044046729281222635
0.04403796673090437
0.04402957666836824
0.044026598349803804
0.044023408324128196
0.04401360744072394
0.04400380614676221
0.043999086250975886
0.04399438298430398
0.04398937770181557
0.04398088632817521
0.04397121256273796
0.04396025245566984
0.043954664262251385
0.043947037337574
0.0439399057195787
0.043935574647857974
0.04392813449418665
0.04392115886211025
0.04391173566263802
0.043900367879035215
0.04389530662166636
0.043889623646375255
0.04388279439506944
0.04387368198539729
0.04386750001411303
0.04386175025328188
0.0438571811087558
0.04384927795735908
0.04384268180025105
0.04384240505727993
0.04383957864748495
0.04383233989898249
0.043825031387349174
0.04382526670267725
0.04382174996497666
0.04381430890233253
0.0438118701218996
0.04380805128864052
0.04380126022084532
0.043794221843603064
0.04379279432559888
0.043789221969686015
0.043786640991944265
0.04377992791232599
0.04378112046176525
0.04377727405549161
0.04377063270685309
0.04376762858591152
0.04376510477728899
0.04376282917588778
0.04376395116914124
0.04376046439379436
0.043762913304818796
0.04375967265808736
0.04375774875551929
0.0437554063798692
0.0437500572478596
0.04374615495572082
0.04374337043412782
0.0437364970248885
0.04373618913555422
0.043729862176549394
0.043723977990036855
0.04371580424179781
0.04370962282155887
0.04370475790976288
0.04369970344880287
0.04369667072409584
0.043692723006561296
0.043685128707616545
0.04368138428830983
0.043678454925705
0.043670880483229355
0.04366836540793516
0.043661636249068034
0.043663267629593806
0.04365908084896681
0.0436553420497063
0.043652842643007804
0.04364762862304614
0.04364748668294558
0.04364427821337412
0.043638568381108855
0.043630472996775756
0.043626007292017
0.04362103767002364
0.04361492798170541
0.04360891725297169
0.04360246593582518
0.04360054965370104
0.043597031018802086
0.04359125610876655
0.04358016542196824
0.04356879903163583
0.043560080279078796
0.04354974559076277
0.043538846857458284
0.043523112030848875
0.043511519091381
0.043506236706998096
0.04349851228569114
0.04348990967625024
0.04348017148126361
0.043465934717837454
0.043450448547912975
0.043437929262610336
0.0434259808379813
0.043416844931827174
0.0434042253433276
0.043394156269689795
0.04339375959503733
0.04338585016178998
0.04338795366336926
0.04338495102580338
0.043384543051702855
0.04337484256227029
0.04337402094119556
0.043363775460595104
0.043363127064709676
0.043356338568629534
0.04335008631217972
0.043342489844936175
0.043340581243016964
0.04333696748893692
0.04332810397731879
0.043321647267883866
0.04331797606013842
0.043316129037623045
0.043317469374139474
0.04332463276155647
0.043322507594597943
0.04332723457267491
0.043326047644992885
0.04333097752416139
0.04332912474226201
0.04332795716239469
0.04333028213759123
0.0433333238057415
0.043339834017904234
0.04334843968305298
0.04334831001806483
0.04334984283011242
0.04335236767942845
0.043357947330501315
0.04335506168253542
0.04335723890535799
0.04335961172651103
0.04336383917864335
0.04336898381714915
0.043371372869938814
0.04337208771351089
0.04337663120368795
0.04337642925163116
0.043379791835837955
0.04337820600728059
0.04337578984413042
0.04337446285842414
0.04337633608450187
0.04337505403127815
0.04337673324412142
0.043375122568759285
0.043373866767416495
0.04337367449488676
0.043372852799896985
0.043369326218319564
0.04337065549133152
0.043374103343692016
0.043384187580510734
0.04339041111543327
0.04339293354852803
0.04339451039463482
0.0433998042875923
0.04340090758446397
0.0434101795428366
0.04341551108213139
0.04342317987457587
0.043417308674804284
0.043410817584687046
0.04340764246259089
0.04341315296565113
0.043410968962632454
0.04341415532760231
0.043417539041900856
0.043420793283358274
0.04342461487229385
0.04342630092292788
0.04342941972554079
0.04342942665925553
0.043432497463744196
0.04343684772639419
0.043442361736502774
0.04344423600965849
0.043448579593220224
0.04344919677804014
0.043452125463240156
0.04345832187487328
0.04346361833523335
0.0434695881762469
0.043476542898218444
0.043473347216960403
0.0434785425620489
0.043483102262750595
0.043483377138316244
0.04348533977284704
0.043487973982110524
0.04349069047007636
0.04349473873432233
0.04349549720243384
0.043499741359513344
0.043500799867013086
0.04350276455268592
0.043502314793484306
0.04350832365818309
0.04350959461753894
0.04350857715544689
0.04350945013799502
0.04351149627946655
0.04351424788030379
0.04351576652032514
0.04352548756843823
0.043529223794362186
0.04352732630541634
0.0435278015582438
0.04352895964156732
0.04353147408382634
0.04353949794790384
0.04354459012982384
0.04354493105227099
0.04354749084869797
0.04355456252977115
0.04355919565695236
0.043561713897971095
0.04356139392952576
0.04356262134592929
0.043564661728418615
0.04356266582086217
0.04356205487652139
0.04355897113418797
0.04355262220042566
0.043547102928925774
0.04354795844417648
0.04354703268913422
0.043545468718018385
0.04354560479563302
0.043545121503813795
0.043541830595576946
0.043539261883209515
0.043534931216054513
0.043532989145943606
0.043530086443078916
0.04352959556601704
0.04352863717778955
0.043530538656258284
0.04352861484985556
0.043521523056171185
0.04352309221331883
0.0435175796682749
0.04351582156205969
0.04351129679248241
0.04350689827324239
0.04350533457298973
0.04350414681149512
0.04349532138253368
0.0434913573534099
0.04348588322114541
0.043484950475847176
0.04347416173448908
0.04347318993034063
0.043469085368460086
0.04346844558239363
0.04346287307074541
0.0434561883547011
0.0434525108561379
0.04345205954900849
0.04345100387630006
0.04344401173446481
0.04343632968880651
0.04342979094344681
0.043426187512107244
0.043421569219068416
0.043417009380795055
0.04341283583758951
0.04340924123571467
0.04340572816792195
0.04340225182690807
0.04339699050757886
0.043392487435402236
0.043381809910114054
0.04337923846842927
0.04337783441207104
0.043373673537337565
0.04336953975448186
0.043363477622798026
0.04335704208092975
0.04334820940500122
0.04334162339420196
0.043335159678557285
0.04332579877346513
0.043320731961271085
0.043315470443954035
0.04330442839272429
0.043294462768913085
0.04328647490196904
0.04327676251195703
0.043270876034346255
0.04326813914761077
0.04326416996471558
0.04325919728079775
0.043253138543676274
0.043249788308657944
0.04324556078065588
0.043234756988118475
0.04322788590411233
0.04322258532042204
0.043219386155576724
0.04321155799579025
0.043205384808258925
0.04319886127120189
0.04319220670236239
0.043181741362058004
0.04317087245725083
0.043163613363120176
0.04315826507175283
0.04315145491279438
0.04314737450178973
0.043143588678592706
0.043143187358899486
0.04314335121283808
0.043140854907394874
0.04313668947654531
0.04313700759576019
0.04313764651823468
0.043132827216109164
0.04313502492219085
0.043138023516829375
0.04313920928500671
0.04314195507985313
0.04314551363872141
0.04314517818923984
0.04314522998764753
0.04314115690394813
0.04314262881949829
0.04314397423641036
0.04314039836046971
0.043131739069078114
0.043122667044417716
0.04311680802528455
0.04311372147782903
0.04310296347648911
0.043094935296844654
0.04308938891284249
0.043080599355212496
0.043074920203908365
0.043065895619861655
0.04305834065292044
0.04304850581779522
0.04304309385637294
0.0430381965355636
0.043032393896311194
0.04302213392149569
0.04301448660083123
0.04300831724132738
0.04300739205629044
0.043001603466821116
0.042999254775689146
0.04299097698771
0.04298526971161774
0.04297776424610743
0.04297220924686399
0.042965783302478716
0.042960958387546405
0.042956156792455354
0.04295879309939601
0.04295528429578222
0.04295363459865995
0.04294807270513298
0.04294553669493
0.042943963080298214
0.042945597749617016
0.04294423135812487
0.04294615715294376
0.042947024564305915
0.04294208960460702
0.04294183820292029
0.04294359741951301
0.042949970443824315
0.042954336307065626
0.04295349423468608
0.04295397684435522
0.042954469231344675
0.04295407289443322
0.042951306549886735
0.04295171876292721
0.04295681576134884
0.04296139721278607
0.04296029521612615
0.04296426659602907
0.042964624696483954
0.04296233414517477
0.04296632269055201
0.04296629809168404
0.042963846479200166
0.04296616410958147
0.04296954164554137
0.0429688865701875
0.04297039540687377
0.042974082488536146
0.04298103936907109
0.04298220778592997
0.042983966141109525
0.04298006692318932
0.04298231479195254
0.04298331542039397
0.0429875473976088
0.04298758024209211
0.04298914458827314
0.042993331724520537
0.042994472139921025
0.04299675877807073
0.04299494867042083
0.04299644478959128
0.04299784202629099
0.042996746751919286
0.042998013095659954
0.043001913103458564
0.0430035849978472
0.04300846223778128
0.04300702023534973
0.0430087219108546
0.04301016978366292
0.043013553031929656
0.043013809507952167
0.04301490997698276
0.043012998189967816
0.04301511538094732
0.0430172272640326
0.04301792355759037
0.04301832810300401
0.04302044327761484
0.04302056902353686
0.043023469777850036
0.0430275705743118
0.04303296593545121
0.04303895955097196
0.04304203273013696
0.0430423838641571
0.043044058965500655
0.04304387179154775
0.04304666815288215
0.04305092924376661
0.043052997996435076
0.04305406508378582
0.043054302748056786
0.043054643900143505
0.04305276885188578
0.04305542892142131
0.04305572325552535
0.043053845859893886
0.043054452703568155
0.043054943675806034
0.04305387395370906
0.04305068322023355
0.043050718321472364
0.04305148802070546
0.043051989923682706
0.043057090169355036
0.04306150049558523
0.04306392440977352
0.043064676539068425
0.04306842285825646
0.043080205043771566
0.04308704418916031
0.043090465904304834
0.04309871377837656
0.04310402884901547
0.043106112782522556
0.04311423866309922
0.04312720183817053
0.04313497153492725
0.04313795241240963
0.04313785957120565
0.04314475850820971
0.04314942910405052
0.04315662704078393
0.043161495047110386
0.043173911520100736
0.04318144530933313
0.04318766708108043
0.04318700879040475
0.04319135087930003
0.04319622515801703
0.043196475447868414
0.04319416210827987
0.043195420379708166
0.0431941620834524
0.04319432582077367
0.04320188971756786
0.04320063013418114
0.0432015436484717
0.0432064239922795
0.043212154809736544
0.04321393242553734
0.04321609049226135
0.043214761405335034
0.043216627149711515
0.04321661419131641
0.04321471196456807
0.04321137761002164
0.043204530347777596
0.043203443903318
0.043203039212784546
0.04319866101577295
0.04319375614141201
0.043188576794967605
0.043182651244484595
0.04318014982016566
0.04317848222768582
0.0431750677323499
0.043172542649949776
0.043174928731444524
0.04317310890445085
0.043168214926927906
0.04316391627696687
0.04315733796744962
0.04315555184936415
0.04315100212334769
0.04314856522309357
0.043143115017645985
0.04314035347034114
0.043136607155683515
0.04313619393208252
0.043131850079978364
0.04312809318662129
0.04312925440635927
0.04312968578383508
0.043126195620506395
0.04312166462683642
0.04311855360737167
0.04311214237394541
0.043110216588960686
0.04310745788033557
