0.22028886517253646
0.21482396871668447
0.21600336741328383
0.2178416389241475
0.2193601532840993
0.22192940608829195
0.22300152386544478
0.22229382854757784
0.22337471977898346
0.2222651530362631
0.22137856066749767
0.2220396300232515
0.22258944071360268
0.22291968893551728
0.22346621248152043
0.22398120033585
0.22452106692229631
0.22471342636862557
0.22461281358124546
0.22543413544075117
0.22597129221242301
0.22698738988671083
0.22685997857681797
0.22697805811687355
0.227652665140439
0.22788760229668378
0.22806794097772326
0.22806213901551356
0.227888021893317
0.2278073894343312
0.22762591178421254
0.22746402003334618
0.2270196303355868
0.2270297641224046
0.22704751454877994
0.226702399532477
0.22625907302802098
0.22612396624600925
0.2259407844556698
0.2257561365521235
0.2254708834682822
0.22567043632340858
0.22567131677517904
0.22563731907592405
0.22547910513951316
0.22511717468454936
0.22470567395432262
0.224674930198708
0.22463006013871747
0.2246016776930448
0.22449503337775598
0.22418706859092427
0.22376576843300533
0.22364098623627826
0.2237863212667559
0.22366520366838782
0.2236065681605968
0.22383093812111432
0.22381632342106741
0.2237290313493983
0.2236932959380091
0.22384596270616264
0.22392791918830973
0.22381216709865076
0.2239327216492201
0.22393719090495579
0.22387558381782846
0.2237498631039435
0.22375120251356756
0.2238714914200161
0.22408254314259765
0.22400389666281081
0.22408325212825986
0.2241041468851315
0.22419246892055894
0.22428026541035914
0.22436641057058124
0.2245052080236241
0.22443355048233382
0.22454117126192355
0.22454042935086965
0.2243969978346054
0.22426827407794192
0.2241929860225006
0.22426921173065198
0.22421398172245002
0.22415196077164692
0.22425658807185578
0.22429337438032354
0.22435042512976924
0.2243578129628405
0.22441996094368913
0.2245119324386383
0.2245966256616908
0.22466708542484556
0.22468914254796266
0.22458218397025703
0.22446469293565754
0.22439679786027925
0.22431148933034
0.22421824771117135
0.2243048053166169
0.2242188785905776
0.22426059801232276
0.22422939441378126
0.22426135421931792
0.22441383502002174
0.22442760742881598
0.22445589616325773
0.22456965974093035
0.22468565995675102
0.22471114643619017
0.2247236913733067
0.22469806965852418
0.22472795022810552
0.22469763448314395
0.22468058565958823
0.22475378097436527
0.22469906978643406
0.22476289574875982
0.22484412021801942
0.22488328038643762
0.22482905680395862
0.2248692472543809
0.2249326949549448
0.2249783824118819
0.2249573128503775
0.2248406280003509
0.22480088194711922
0.2248587226013637
0.22481775380987676
0.22479752458429633
0.22483926329884754
0.22490595716792683
0.2248928082724715
0.22487185162139775
0.22486479177905827
0.22484232999711526
0.22487129309634524
0.22479650590362785
0.22478586300459855
0.2248378334139096
0.22479026475959699
0.2247200119344655
0.22470335517868362
0.22462212087309588
0.2246072751651607
0.22457231054068358
0.22457581548470812
0.22456302707516124
0.22453516173166066
0.2245036152725444
0.22447370225541102
0.22446551321321062
0.22445201101766674
0.2244259703853462
0.22443590627211432
0.2244206996110388
0.2244213846827226
0.22435073631790456
0.22429830520974145
0.22429422556053571
0.2243490735571718
0.22435560602907145
0.22431903507641207
0.22431334415497176
0.22434156829979343
0.22431870373534285
0.22427596517198245
0.22424310999299163
0.22424469176295814
0.2242444275041927
0.22426261963831642
0.22424806691851992
0.22417261570291272
0.22422874176431346
0.22423556030205263
0.22421990085963073
0.22418424212162624
0.22409859716216746
0.22410944832755952
0.2240817085055081
0.22412463869662422
0.22411512033145178
0.2241211046265017
0.2240768045710987
0.22407937881698697
0.2241292998918155
0.22417023589459054
0.22425560129831854
0.2242836473847412
0.22428993784296897
0.2242667014090051
0.2242947256953445
0.22431555542143003
0.22430662707164226
0.2243321806774908
0.22425239837244615
0.22422872339948907
0.22422338101402603
0.22425501710796067
0.22426528823050673
0.22427778934267192
0.22430088050731348
0.22431794194925883
0.22431524135633593
0.22425880950608276
0.22419803273849542
0.22418236937084238
0.22413912069149663
0.22415969655994694
0.22414118266061586
0.22410647000503783
0.22415067542636044
0.22409781304867454
0.22402637734258463
0.22400645383649845
0.22403277158048368
0.2240510252564548
0.22401594003765332
0.22390050287008706
0.2238444110762494
0.22387084762234405
0.22390905704401498
0.22394377793830733
0.2239443012841963
0.2238803507263643
0.22382137989416606
0.2237978525627883
0.22379182046219379
0.22374951874488355
0.22375201415542875
0.22367955100419853
0.22364772325958776
0.2236526950903217
0.2236791614844685
0.22370462195552948
0.2236699411079787
0.2236735757085436
0.22372511129183476
0.2237305296253141
0.22368914879187174
0.22363451547469998
0.22363817804088934
0.22363716632576275
0.2236301914732286
0.22363264793829402
0.22369496579705256
0.22370286002520973
0.22370993524565985
0.22369044749759415
0.22368951263500078
0.2236699213237683
0.22371617211723277
0.22371359836217347
0.22369307915561773
0.22373121521892106
0.22374244468384852
0.22371391592973622
0.2237034842971582
0.22368745654184713
0.22364405456498973
0.22363930102664675
0.22362119544604836
0.22362420279478154
0.22358875421957886
0.22357195397236873
0.2235234706073962
0.22352386511823513
0.22351848819562664
0.22349668260839553
0.22344057375277543
0.22341519444797917
0.22341248446074224
0.22337633515043742
0.223331320024011
0.22332701453134093
0.22328449280377305
0.22328525538496902
0.22330984978909396
0.2233618562014435
0.22340924903982212
0.22344289928965516
0.22342877544235992
0.22343444995515388
0.2234645709231785
0.2234572056865684
0.2234611535202469
0.22347327697686298
0.22342403923946744
0.2233885453464804
0.22338034984419602
0.22334021047742544
0.2233186841735371
0.22333262592102174
0.22329937934844224
0.2232600729147363
0.22327759615361625
0.22326078644075067
0.22329569497468135
0.22333813489925106
0.22337484278704206
0.22336573100048734
0.2233701723492696
0.22339920578488323
0.22341810602294143
0.22342757766050766
0.22344790835034908
0.2234406189153764
0.22338643092251734
0.22335778933840963
0.2233507900816369
0.22336823158678187
0.2233869965984716
0.22337683212563664
0.22335652763006536
0.22336360774108296
0.22338430685325542
0.22333873766439105
0.2233236704974062
0.22330373067999107
0.22328969890449887
0.22329067298318975
0.22329340912025766
0.2232887083040867
0.22327401801935068
0.223298803756743
0.22332368228734004
0.2233594439798313
0.22337377800803004
0.2233744172295707
0.223374779674836
0.22335435439578805
0.22335954359811042
0.2233195850443741
0.22330426597554576
0.2232661677274805
0.22327852900887232
0.22326881504886625
0.22328088535528914
0.22327748061924418
0.2232007048017745
0.2231879457886526
0.22318765745759114
0.22319357040179827
0.22318690217391304
0.22315980797109816
0.22315159449211736
0.22314226647584207
0.22311460300985989
0.22312074818698588
0.22314310857501302
0.2231468240504637
0.2231725293253657
0.2231657719827554
0.22316265954413816
0.2231530385206685
0.2231287488462196
0.22309837164516277
0.2230684862719597
0.22304540893547467
0.2230508570074219
0.22306596863281744
0.2230657053647904
0.2230807923759571
0.22311004733014492
0.2231343748696139
0.22317873709787686
0.22322359194686833
0.2232493186677388
0.2232584948480017
0.22323260286369026
0.22323091849374557
0.22319568584444846
0.22321431448683726
0.2231991472673299
0.22317287496505187
0.2231460756675894
0.2231177418430441
0.22309502014478758
0.223080641742417
0.22305354200719724
0.22305817604712588
0.22308037346085566
0.2230905783509617
0.22311001790088691
0.22312457746653822
0.22313146236473289
0.22312996223209594
0.22310193106842166
0.2230775594283513
0.22306357882804015
0.2230717919167319
0.22307462256823052
0.22304798992551406
0.22307067745838127
0.22308384321618135
0.22307036204529626
0.22304550811315854
0.2230207380366468
0.22299623800847443
0.22299277225604935
0.22300190433781542
0.2230134602800248
0.22301857011486978
0.22302039166884816
0.2229991746909903
0.222985302288726
0.22301574215295045
0.22301665314111857
0.22302294945063703
0.22306999743766903
0.22306761566327174
0.2230636911972184
0.22303020469514503
0.2230364987318122
0.22304501798137313
0.22304565875754723
0.2230235956211438
0.22300761302403807
0.22298910442788014
0.22296403069499934
0.22295487317006246
0.22297002895710344
0.22295637138606297
0.22293109485012635
0.22293393166391098
0.22295793792702157
0.2229824316451473
0.22298670952234875
0.22298464662184544
0.22299405002227213
0.22300315273981838
0.2229959650523841
0.22301163510353672
0.22302564644006306
0.22301080571129697
0.22299829574619323
0.2229858843698782
0.22298528383578115
0.2229878667519165
0.2229698825919263
0.22297255369633492
0.22296333743765773
0.22294325555351774
0.22295734715289392
0.2229310636606941
0.22295124524891888
0.22296881295554516
0.222956872554953
0.2229388815938777
0.22293204731975488
0.222944392747191
0.2229699249971575
0.2229342221544131
0.22291921024896363
0.2228794811962866
0.22286066807354638
0.2228543085552964
0.22283297176820208
0.22285502495226733
0.22289076788528145
0.22294536595680062
0.22295906092480494
0.22296166663795794
0.22294845164567792
0.22294891197338104
0.22295913711529977
0.2229826228630958
0.22298374426733622
0.22298879806192137
0.2229619806830525
0.22292156422605522
0.22291952644946345
0.22292297764297678
0.22292857170166397
0.22292675306885587
0.22291829402479715
0.22290343827638048
0.22288534221497414
0.222878980944515
0.22289820132501295
0.22289569285035712
0.22288824347745503
0.22287015182808767
0.2228285338955646
0.2228068612595544
0.22279597125828698
0.22279046030026672
0.22280908941322874
0.22280996797736885
0.2228501683790357
0.22287702680651167
0.22288864307565817
0.22288048025761784
0.22287109073887282
0.22288708706127722
0.22289583749248137
0.2229180625136874
0.22292874969876827
0.22295538323592395
0.2229443513301843
0.22292157637852447
0.2228842236331039
0.22286891264752817
0.22285852069380443
0.22284500142873492
0.22285414106931334
0.2228555651129191
0.22283868466613738
0.22281115101479917
0.22282574397639046
0.22284551742800346
0.2228486989340577
0.22284205855519615
0.22283536723456138
0.22281312224390948
0.2227965121428731
0.22280069789930662
0.2227759155727367
0.22276334614320412
0.22275859402568313
0.2227680182939279
0.22277615939924703
0.2227884289283108
0.22278340283885562
0.22280415018441277
0.22278425776494237
0.22279060200422485
0.2228085352610403
0.22282411539341973
0.22281260604503536
0.22280689741064957
0.22280547553678565
0.22281313790865523
0.2228056450038449
0.22279139225186012
0.22276628274925356
0.22278831183710612
0.22280808569763794
0.22281824350040674
0.22283643484616553
0.22283288035970453
0.22283279355246474
0.22281947047776907
0.22282599145312879
0.22282545638127288
0.22282438084994585
0.22284524930411642
0.22283043805766736
0.2228100804314482
0.2227910913720476
0.22277476201371746
0.22279026293168247
0.222815093451486
0.22280848189451596
0.22280919037408858
0.22283637560467823
0.2228389320308916
0.22282772770577874
0.22282547992388088
0.2228162332982484
0.22283326605398962
0.22280527483123821
0.22279255969379483
0.22278351415038902
0.2227731057841344
0.22278805539236765
0.22277818530857607
0.222799781431079
0.22279857874321726
0.22278509188095363
0.22278234225331978
0.22276265979690496
0.22275621930997572
0.22275090442296164
0.22274209254304841
0.22272312765709004
0.222720527972775
0.22273513652792534
0.22272548720102153
0.22273487350086624
0.22272284639167425
0.22271591079694322
0.2227116845695209
0.22269305578208243
0.2226823701977074
0.22266563288245608
0.22263611657613577
0.22262904319931195
0.2226290322089252
0.2226395148696825
0.22261476384851195
0.222593858183039
0.22257389668218405
0.22257278535579778
0.22254969738726818
0.2225634229417413
0.22256689870580915
0.22256461830207125
0.22256810270542374
0.22258163535997302
0.22257814406438697
0.22256540118169776
0.22257843343024739
0.22259475217865346
0.22257043963432624
0.22256898852948592
0.22257410874767647
0.2225700120732516
0.2225655969758296
0.22255787023852308
0.222561489040354
0.2225696250126541
0.22259328106324797
0.22260949768893706
0.22260893216873687
0.2226000350192268
0.22262041935274285
0.22262453388046116
0.22262523499491116
0.2226192405410075
0.22261052159787756
0.2226035715227812
0.22262226720768355
0.2226278835349779
0.22263850603488583
0.22265696248895217
0.22267852971281887
0.22268801666299867
0.22268640880722235
0.22268175152013417
0.2226932707744071
0.22270592088272817
0.2226914647831149
0.22268486498607334
0.22269908686463902
0.22269843675090778
0.2226961345709776
0.22267444862182445
0.22266450968394302
0.2226582157729882
0.22265781578270433
0.22266471803394472
0.2226684251209034
0.22267866314032558
0.22269432617264362
0.22270412811163948
0.22271358417127238
0.22269542691351668
0.222677862622736
0.22263109559320365
0.22259603960149119
0.22260741586320495
0.22262557418474963
0.22263047100976657
0.2226108469828303
0.2225949185360637
0.22259949251555303
0.22260275683576108
0.22259811578997818
0.22259666385709878
0.22259154225345587
0.22259569860594924
0.22259290457015785
0.22258620804094112
0.22257917595321008
0.22258565816029746
0.22259606480574362
0.22259400867890564
0.22260782901106385
0.22261240988188483
0.2226159963953952
0.22262316178485647
0.22262021416526698
0.22261792067607555
0.22260969702034222
0.22259939386974026
0.2225933056601183
0.22258134364750967
0.22257563356542787
0.2225885377547172
0.22258560963614712
0.22256587102700226
0.2225606746208529
0.2225733722802552
0.22257384585565707
0.2225860263367278
0.22259306962234968
0.22260807791542128
0.22260847787452162
0.22261691383820117
0.22260923861094395
0.22261474279066665
0.22260989549621787
0.22261467250083777
0.22261921864293868
0.22262635896771504
0.2226116704870884
0.22262382212745427
0.22260011748783895
0.22259786246369667
0.22259652885429296
0.2226088193364116
0.2226158279742981
0.2225924971289254
0.22258595383864924
0.222581416785983
0.22258391381259693
0.2225814923557608
0.22258364175167414
0.2225651110202351
0.22256038771830006
0.2225625636419713
0.2225624771675498
0.22258386637773855
0.22258164402142455
0.2225826168989308
0.2225691707283502
0.22257315389976193
0.22258409498663653
0.22260178695399352
0.22259969162949653
0.22260913417049732
0.222593304965434
0.22258561662279894
0.2225864534102742
0.22258562680031332
0.2225858509752452
0.2225965597186974
0.22259375162579018
0.2226016104567117
0.22259689494467247
0.22260171063353132
0.222605500885312
0.222613040627642
0.22260309317125143
0.22260386253968498
0.22260400508252365
0.2226173440015336
0.22262778267657252
0.22261754554950322
0.22259604293117488
0.22257898776456805
0.2225702322982701
0.22255284596813132
0.22255737714911655
0.22257000041616876
0.22258753341374687
0.22259645549310245
0.22259353529135373
0.22259222937471654
0.22260163849803202
0.2226004554466755
0.22258082762961362
0.2225765236681269
0.2225842173413925
0.22258091887002943
0.2225863261713501
0.2225821405722751
0.22258239428518725
0.22259988668576627
0.22259342973010543
0.22259526156104384
0.22259023978365164
0.22259293363743735
0.2225873550232173
0.22258456361814644
0.22257883213387544
0.22257189610712574
0.2225901787295413
0.22259779458013404
0.22258689189199304
0.22259512146321478
0.22259439550198884
0.22259492064226807
0.22260264130171822
0.2226059155997437
0.2226025920851113
0.2226000290630596
0.22259839442296125
0.22259372853968995
0.22259012990717622
0.22260318053170441
0.22259471410502238
0.22258086949749692
0.22256451312232978
0.2225706267900875
0.22255366878464136
0.22254570039766688
0.22255025040629933
0.22254739987209265
0.22254219527047686
0.22253775036259535
0.2225431690538987
0.22253910394603602
0.222529866306277
0.22252638948024597
0.22253094192988154
0.222535111081805
0.22254670109580332
0.22255474641447096
0.2225587633244266
0.2225699745794989
0.22257465828631443
0.2225901562674746
0.22258815130314755
0.2225794001631966
0.22256218365313454
0.22255290401986652
0.22253465022620422
0.22252572516211963
0.222523361976092
0.22252579246437895
0.22252940462497103
0.22253068295693437
0.22251303493420752
0.22249812299050004
0.2224852631684245
0.22247807182560392
0.22245914492386487
0.22244514599572643
0.22244790762596303
0.22244722966982838
0.22243995778442363
0.22244254971986652
0.22244026157681657
0.22245058895641034
0.222459481265156
0.2224689754666286
0.22247880515264215
0.22245534932475405
0.2224468615980685
0.2224460058828516
0.22244243978583164
0.22243332708815508
0.22244944059437577
0.2224401257798763
0.22242895409289545
0.2224193401809332
0.22240578954420684
0.22239308250968098
0.22240463862768664
0.22241297634113202
0.2224018606814097
0.22239732985016358
0.222382466971231
0.22237884424320714
0.22237256397976982
0.22237488022293797
0.22240201006873558
0.22241645026855564
0.22240745446397264
0.22241950054987963
0.2224161820316962
0.22242372740532543
0.2224190138320063
0.22242157057471268
0.22242705593849382
0.22242344136225745
0.2224288292131789
0.2224240351281624
0.22240904773781747
0.22240083549872983
0.2224070883423162
0.22241487952741615
0.22240535516218662
0.22239117825015964
0.22239590917988544
0.22239713549196333
0.22240467195332375
0.2223969618808618
0.22238623801609575
0.22237724194475905
0.22236553575865833
0.22237066496332547
0.22236809454934417
0.2223575586631587
0.2223597838575552
0.2223604568522034
0.22236895109704807
0.2223612778051178
0.22235630078688598
0.22235405721280524
0.22234835401048414
0.2223483318941032
0.22234769035652263
0.22235238745896296
0.22234810948651323
0.22234336652880407
0.22233887489636822
0.22233720317314185
0.222328349217483
0.22232541796309485
0.2223221742212546
0.22232757910828574
0.22233175631127858
0.22233316004002976
0.22233799846009827
0.22233379459274027
0.22233625951862945
0.22233050490978443
0.2223318042142369
0.22233632976686396
0.2223244658175374
0.22231930090485655
0.2223158757639668
0.22231115204823057
0.22231009561608805
0.2223141726365615
0.222315912717474
0.2223106901650434
0.22229883502033956
0.22230226271983383
0.22229733767928392
0.22229659317062592
0.22227982583079445
0.22227431772652018
0.2222627105716679
0.22224837448882973
0.22223908328409014
0.2222358573429119
0.22222761268888694
0.22221289366706995
0.22222021185902993
0.22223978757344284
0.22222309327779274
0.2222124548431076
0.22221075483324418
0.22219974616415583
0.22220840897452682
0.22220360690407875
0.2221934292896297
0.22219349681921408
0.22219277124240128
0.2221922574754289
0.22219599616295055
0.22220054458252206
0.22219836656771255
0.2221993402856094
0.22219446417564007
0.2221977274983581
0.22219690889481686
0.22219012248210382
0.2221873876202287
0.22218750307296609
0.22219089344863016
0.22218649998134563
0.2221811828922514
0.22218765201533963
0.22219944755897117
0.22220822950573296
0.22221378591561236
0.22222842604949047
0.22222988432245078
0.22223588259009638
0.22223000784837688
0.2222227185657275
0.22222373716321434
0.22221832634313804
0.22222276295718163
0.22222355111644768
0.22220623071446552
0.2222125929065976
0.22221025021879495
0.22220512683803867
0.22220756344815226
0.22220824263846034
0.22221184781507716
0.22222302731287372
0.22224594686605748
0.22224850426232914
0.22224380960239234
0.22223240763197963
0.22223502641600365
0.22222867450433537
0.2222180009045791
0.22220646528080348
0.2222040323526844
0.2222078452071444
0.22222284028368172
0.22221991126908403
0.22221197740649273
0.2222011590913569
0.22219180582691245
0.22219065267244267
0.22218316725186973
0.22218092012905719
0.22216680550228549
0.22214368543958568
0.22214306340182588
0.22214325546140476
0.22213868863402808
0.22214349716670892
0.22213667837271675
0.2221256114042532
0.22212314573275102
0.22211596405162629
0.2221030890450853
0.22210708123619133
0.22212464287322925
0.22213317365779586
0.2221326074240292
0.22213910086439356
0.22215666159853334
0.22217042670717843
0.22218555580220897
0.22218968944447676
0.22218816978840497
0.22219085419476403
0.222193341176214
0.22219323638934083
0.22218621518848197
0.2221821451898961
0.22216862877485044
0.22217998444260142
0.22217034563485874
0.22215493229741176
0.22215363137350116
0.22215061398088748
0.22215184933264387
0.22214605409011917
0.22214237443582913
0.22214041122065586
0.2221358906112474
0.22213708385669567
0.22214663432242976
0.22214503614629244
0.22214981702786707
0.22216121706123765
0.22215682394245428
0.2221533384510732
0.22215262929682814
0.22215021891158196
0.22215549867992762
0.22216467768620343
0.22216324379861732
0.22214498776008046
0.22214490776304624
0.2221597486721936
0.22216629656409081
0.2221638086848813
0.22215089168360647
0.2221372626698118
0.2221249357078519
0.2221276194119261
0.2221273145160919
0.222131599299916
0.22213355709089405
0.22212641497259802
0.22211189105746187
0.22210640932219564
0.22211423976255634
0.22210989020926156
0.2221122754927025
0.22212061811013764
0.22212364840795293
0.22212283547653142
0.22213318440797009
0.22213648317747497
0.22213254322344658
0.22212537538948326
0.22211713899521995
0.22211546152003936
0.22211051588910052
0.22211008097267965
0.22210723050630132
0.22210694139548193
0.222103576245006
0.2221110909541904
0.22210701878570502
0.2221054492293899
0.2221228399862232
0.22212305501267707
0.2221148178301972
0.22210843564930502
0.22209687531481115
0.22209464758974581
0.2220970909321932
0.2221000442161043
0.22210247330382962
0.22209413714933585
0.22209191935894432
0.222075492739694
0.222083413165904
0.22210073640468775
0.22210143355149725
0.22210113209255175
0.22210210437411357
0.22210098292848285
0.2221076424186407
0.2221112659959767
0.22210738938713234
0.22208463626272276
0.2220833066076058
0.2221070362198337
0.22211233437213232
0.22211905419976088
0.22213718443241715
0.2221598803890611
0.222166871838749
0.2221639125513805
0.2221603440475721
0.22216418461889215
0.2221723264411437
0.22216704983331617
0.22217037003867907
0.2221679526054666
0.22218304181854745
0.22217937581558303
0.22217614616698658
0.22217743434033027
0.2221821711684429
0.22218567863454772
0.22218582757969838
0.22219451479167573
0.22218981912876282
0.2222020712939007
0.22221159124210396
0.22222086772857716
0.2222213186503969
0.22221244046436134
0.22221883350900634
0.2222222366699667
0.22221801532154878
0.2222133706663938
0.22221457379367532
0.2222120672178398
0.2222080161777897
0.2221993913545285
0.22219750296821406
0.22220554558367525
0.22221152737143798
0.2222026809055229
0.2221926370088428
0.22217554728825206
0.2221748437364791
0.22216669679323925
0.2221558575452878
0.2221566372433124
0.22214236862026376
0.2221301679329318
0.22212583823159532
0.22212858363263946
0.22211919018449564
0.2221078867670083
0.22211886843686038
0.22213210519279306
0.22214178975175614
0.22215090558839257
0.22215764809392052
0.2221721162942765
0.2221648721073301
0.22215732435931954
0.22215477412689366
0.2221574379201823
0.22215382959929195
0.22215178450464745
0.22215040141065873
0.2221483527519745
0.2221604373676507
0.2221630419000102
0.22216703919290315
0.22214853856729544
0.2221588798680579
0.22216681654200846
0.2221710563730874
0.22217255657341747
0.22217575171575824
0.22216438430593385
0.22216285821016712
0.2221660146316324
0.2221678806989553
0.22217179739499646
0.22217574541190924
0.22218365629309805
0.22218635498943096
0.2221825108266981
0.22218164846357383
0.2221947149386366
0.22220320822132353
0.22221168495818308
0.2222132464037759
0.22222369835619996
0.222226614945244
0.22223035420321421
0.22223972808992742
0.22223970411651997
0.22224149021180126
0.22224464312306066
0.2222477598491321
0.2222395785299428
0.22223912481521477
0.22224349151774234
0.22223465587122332
0.22222947424088144
0.22224604035720016
0.2222545949024639
0.22225471644006223
0.22225757209552338
0.22225758985970506
0.22225682461928678
0.22226144025029293
0.22226612779330818
0.22226168655446063
0.22226465070081294
0.22225717027450118
0.22225461799913665
0.22225827041250903
0.22224640059916317
0.22224367947510854
0.22224300171237185
0.22223343397304468
0.22222528374491793
0.22224100507654898
0.22225331337181548
0.22224591592293055
0.22224214331863926
0.22224483758850444
0.2222411128774537
0.22224534457041897
0.2222387942416039
0.2222350512778129
0.22223751302995756
0.22224830707480275
0.22225345934223262
0.22225488442568042
0.2222540158108698
0.2222619468169304
0.22225405212663954
0.22225483383693273
0.22225855309846537
0.22225411145240853
0.22224917793941082
0.22225395430779235
0.2222454433076833
0.2222418120426695
0.2222371425855213
0.22223835032711603
0.22224327070618552
0.22223897611225502
0.22222291866598712
0.22222391437713293
0.2222152505517005
0.22221868894636282
0.2222334498847445
0.22224108834801037
0.22224274851727904
0.22224853172896641
0.22225587771597047
0.22224817016641518
0.22225379716437874
0.22226649917053656
0.22227359233410351
0.2222669136852938
0.22226201662976228
0.2222682819254276
0.22227331568357753
0.22227163978446599
0.22227797109098754
0.22228036975337626
0.22229346169654612
0.22230679628309752
0.22231149343297477
0.22231355276208067
0.22231236716998998
0.22231487403064062
0.22232175781364474
0.22231715152462792
0.22231410926514772
0.22231523999531097
0.22231345150968876
0.22231104423459166
0.22230971608851544
0.22232119803303096
0.2223201863386371
0.22232293181494153
0.22231475435106005
0.22230810524820305
0.22231529605119227
0.22231952760618007
0.22231997360501637
0.22232264282881328
0.22232233773962984
0.22232963160976604
0.22234875835774587
0.2223588715254609
0.22236198807572005
0.22237022343677842
0.2223658587648669
0.22236358429028386
0.22236172507754884
0.22235353548020884
0.22234562081330198
0.22234567708818156
0.22234782425697378
0.22235934965501622
0.22236168943303716
0.2223580518488285
0.22235490806461033
0.2223563968088933
0.22236679572648277
0.2223723989320723
0.22236082577935104
0.22235941947476756
0.2223583198386051
0.22235621740787687
0.22235767478157017
0.22235456398621306
0.2223536926973419
0.2223499927443716
0.2223573240011703
0.222347471385959
0.22235044401154408
0.22235103940111026
0.22235588868573766
0.2223589362761457
0.22235678595907896
0.22235652454524352
0.22235529415853078
0.22235619499542117
0.2223609266997702
0.2223571324938322
0.22236849830750785
0.22237287744406586
0.22236711401413872
0.22236091854953668
0.22235785401346855
0.22235007228409712
0.22235260243115695
0.22236010708387652
0.2223649243751252
0.222368530171457
0.22238228174410044
0.22239131787942917
0.22238546594795464
0.22238160728435066
0.22237826438561684
0.22237218243332965
0.22237053033238252
0.22236933421110885
0.22236942185946224
0.22236656730414192
0.2223600441028683
0.22235812165162055
0.22235326411083414
0.22234751466269992
0.222339593797451
0.22234880701480375
0.22235588415066856
0.22234256036776598
0.22234830694586932
0.2223456355924189
0.22235212475203828
0.22234755452317642
0.2223469343810395
0.222353812600787
0.22236074579687745
0.2223634734749127
0.22236689476264537
0.22235776290898487
0.22235577793554331
0.22235768960191504
0.22235496121625628
0.22234701351951364
0.2223509765268933
0.22236009240888716
0.22236778189298456
0.22237358684529845
0.22238227857262335
0.222380069396617
0.222391520360111
0.2223885725472154
0.22239052737349835
0.22239649637526057
0.22239503753274165
0.22238358786525658
0.2223748617982599
0.2223801499977244
0.22238268748431436
0.22238168450831225
0.22238520975988296
0.22239305883425245
0.222397596416206
0.2224009324774156
0.2223969420800844
0.22238937257627014
0.2223848422851855
0.2223857516562238
0.22237608101992729
0.22236980987764055
0.22236952564291204
0.2223756183311272
0.22236809928186857
0.22237075984441487
0.22236982203998126
0.22237262111707018
0.2223769734327035
0.22238130203891315
0.22237678566530225
0.22237720203334999
0.22237829509033272
0.22237882252129607
0.22237643949328822
0.22237406390710993
0.22236985419807423
0.22235957578144674
0.22235453399358737
0.22235653370895472
0.22235574765472485
0.22236075265260638
0.22235539653351424
0.22235706432641772
0.22234954825406134
0.22234708814428156
0.22234586640399728
0.22234218526701974
0.2223337953655101
0.22233438128816754
0.22233522480917153
0.22233072153803998
0.22233035416381444
0.22232894079782503
0.22233117633620833
0.22233634290157087
0.22233157032211714
0.2223266602245853
0.2223371244066285
0.2223491474186313
0.22235774255179927
0.2223548051608562
0.2223582282754188
0.22234971865977038
0.22235100645121136
0.2223598560915408
0.22236135808600044
0.2223607129088405
0.22236096337379888
0.22236759353090327
0.2223753730877981
0.2223773998049597
0.2223759803230753
0.22238554306291014
0.22238939593568818
0.22239064980931386
0.22239050912460745
0.22238879807223277
0.22238342006773903
0.2223837401187514
0.2223851653760847
0.22238544281462835
0.22238718256057122
0.22238222859155182
0.22238852724518818
0.2223880782252826
0.22238925104522653
0.2223972137150003
0.22240195048595698
0.22240183703929006
0.22240194664481538
0.22241151786103264
0.2224116886005475
0.22239871844416673
0.22239472396987603
0.22240568019555346
0.22240861606212167
0.22240301278061209
0.22239723788896837
0.22239163662127362
0.22239959961892197
0.22239810833010626
0.22239881420972338
0.2223960128415239
0.22239414664012583
0.22239050770902702
0.22239318457413165
0.22239601612904392
0.22240016763856374
0.22239666219003149
0.2223990217806284
0.22239802489993415
0.22239759300531173
0.222389404124412
0.22239270363270422
0.22239386796989546
0.22238783278642305
0.2223921195893325
0.22239623401324202
0.22239664339962895
0.22239639278261097
0.22238858008373516
0.22239274377379825
0.22238855455408654
0.22239674729621103
0.22240294915388856
0.2224082698232446
0.22241001912643316
0.2224159311106123
0.2224135325209197
0.22240843912703911
0.222412181931482
0.2224172938158174
0.22242416548134764
0.2224133872610897
0.22241426252243687
0.22240798628005615
0.22240304766932067
0.22239887295609165
0.2223963325806236
0.22239235933545864
0.2223926637160479
0.22239199312363234
0.2223819644270377
0.22237859173718313
0.22239176732835644
0.2223948837737307
0.22239389905090864
0.22240182511599843
0.2224045655210562
0.22240984875715827
0.22241359695013166
0.2224077385245738
0.22239997025116068
0.2223978647763587
0.22240829868342912
0.22241209280152918
0.22240731079828413
0.22240676079691532
0.22240317746751348
0.22239893432414456
0.2223987122201823
0.22240146389100196
0.22239655809228243
0.22239062061580026
0.22239046142477742
0.22239799100298802
0.2223947142678678
0.22238992664827528
0.22238967257789313
0.22238630178705118
0.22238535909345775
0.2223942174620112
0.22239505781255942
0.2223971314526339
0.22240543050991005
0.22240634735104423
0.2224148845761779
0.22241865415724182
0.222417828034148
0.2224192193762879
0.22241676422613255
0.22242013211471173
0.22242585358482272
0.22243622869113014
0.22243572153603594
0.22243225233902744
0.22243077717107082
0.2224269763678803
0.222420338035172
0.22242195918074292
0.22242586631678693
0.22242107968724478
0.22241452472356538
0.22241646754844105
0.22242272531257598
0.22242191818023715
0.22242652709237126
0.22242890751892
0.22242708553049864
0.22243039208906182
0.2224355115558611
0.22243647118032583
0.2224384708525121
0.22244232383405058
0.22244549066619257
0.22244754181543339
0.2224478901036338
0.22244456900786408
0.2224332280011372
0.22243311425051057
0.22243835660248462
0.22243725223919175
0.22244005171900333
0.22244019418720165
0.22243778744818385
0.22244438921768986
0.22244008074007704
0.22243534347725666
0.2224351425740394
0.22244152544637621
0.2224478588147265
0.22245403681503934
0.22245989385025197
0.222455690576086
0.222458336226124
0.22244890090026628
0.22243592037354257
0.2224324551074871
0.22243599482083679
0.22243530541600992
0.2224317714944131
0.22242624962836177
0.2224225508972313
0.22241900539224602
0.22241972835910637
0.222417699176567
0.22241119197637235
0.22241239927474388
0.22242417656097344
0.22242626830888873
0.22242853420948894
0.22242508782093892
0.22242204091548073
0.22241789889911953
0.22241072173373916
0.2224073301047832
0.2224113523311425
0.22241553484597307
0.22242242044170235
0.22241653971909
0.22241314601321788
0.22241020870275788
0.22240542589132994
0.22239682371643407
0.2223997386489239
0.22240060223164154
0.22239432532819775
0.2223941207342161
0.2223936955509055
0.22239810317564968
0.22240660809974058
0.22240554299773288
0.2224017991768798
0.2224068728284536
0.22241232956314927
0.22240889685527906
0.2224053505660557
0.22240935806798806
0.2224167680395304
0.2224154825799301
0.2224202367678232
0.22242159495266858
0.22243289784973952
0.22244125881780177
0.22243675344031308
0.22242842959187922
0.22242989441165098
0.22243339077174817
0.22243615103708134
0.22244768201024676
0.22245406824978384
0.2224523264383974
0.22244567891318548
0.22244399503916373
0.22244869491100955
0.2224482083118782
0.2224466473968797
0.22243982643743757
0.2224429379631861
0.22244100035513012
0.22244153544872505
0.2224389759591065
0.22243494119411386
0.22244091879489664
0.22244509144592636
0.2224441358550498
0.22244007523355966
0.22243883013549703
0.22244022672678912
0.22243370597782317
0.22243075114870517
0.2224290461455605
0.2224305579858864
0.2224328184934399
0.22243266429539396
0.2224289413820933
0.22243196185876207
0.2224311416865037
0.22243416217295767
0.22243121179405712
0.22243596309245497
0.2224413747650979
0.22243913698350212
0.22243154401429335
0.22242801916737673
0.22242495142091778
0.22242089258718764
0.22242485721810387
0.22242620977451152
0.22242074071592605
0.22241508456338363
0.2224152192688444
0.22241073572975248
0.2224091263306662
0.22240880590205042
0.22241116554570584
0.22241241681460583
0.22241411348254772
0.2224209036209318
0.22241934414766254
0.22241285230495034
0.22241163634297229
0.22240865239390825
0.22240427766599766
0.2224011722312091
0.2223975688710445
0.2223917448368516
0.22238781878487637
0.22238687763961967
0.22238669533778288
0.2223861636110227
0.22238866791037182
0.2223964990668835
0.22240510792857912
0.22240330560314786
0.22240008868819386
0.22240107689250654
0.2223963393722184
0.22239201521645302
0.22239360239307648
0.22238862092721298
0.22238500506719103
0.2223813863114222
0.2223774321967352
0.22237894856603502
0.2223781862031618
0.2223724001926765
0.22237383865284346
0.2223816957244265
0.22238057814930806
0.2223825139009701
0.22238625554003483
0.22238569979546427
0.222388352544728
0.22238922576808715
0.22239175083226892
0.22239001688649407
0.22238743233509928
0.22238309882194268
0.22237849040336216
0.22238197760353448
0.2223858461820464
0.2223780299821863
0.22237665793720723
0.22237440293560692
0.22237421166179577
0.22236495585063099
0.22235863192271862
0.22235860613301958
0.22234771527731742
0.222347959646596
0.22234992686772334
0.2223482541788645
0.22235608835216675
0.22235302827704112
0.2223524946592682
0.2223550140286864
0.2223571401971004
0.22234837602124105
0.22234863057136234
0.22234510270788707
0.22234306638286122
0.22234014897216242
0.22234073256113884
0.22234506888928252
0.22233530594895592
0.22233723802517608
0.2223446052697134
0.2223523298958013
0.22235082499040854
0.22234922503621685
0.22234833794959136
0.22234550352317606
0.2223437505980596
0.22234808197377987
0.22234731291321003
0.22234477118002022
0.22234501429557807
0.2223468016601097
0.22234961995806754
0.22235009438168532
0.22235314565176326
0.22236185793723454
0.22236361298896717
0.22236563793784977
0.22236726285505817
0.22236458218358093
0.22237003582287712
0.22237785147249878
0.22238006379790196
0.22238505325788796
0.22238442053141017
0.22238162394460056
0.22238759528591778
0.2223970285265819
0.22240717581050626
0.22240832610012365
0.22240690973625496
0.222411910040179
0.22240923065485016
0.22240379846884684
0.22240429006928794
0.222405486658279
0.22240085735239584
0.22239789409066443
0.2224001435016312
0.22239816269970558
0.22239205016358474
0.22238614026552517
0.22238303891461145
0.22237853029926266
0.22237771777539878
0.22237742703665583
0.2223777781922407
0.2223755419676167
0.2223780652639106
0.22237337940163604
0.2223679456512436
0.22235745633881038
0.22235919552956016
0.222364561929814
0.22236911724137798
0.22237167490485657
0.22236804655703965
0.22236887499979985
0.22237088310742537
0.22237214638415193
0.22237034112173
0.2223736355044331
0.22236830908804808
0.2223635482488514
0.22236812283217855
0.22236497098413083
0.22235979948843124
0.22235761758465797
0.22235461829476372
0.22236078472351828
0.2223667065888884
0.22235864904762184
0.22235387987082478
0.2223536292617011
0.2223645033977321
0.22236625371722987
0.2223657549122633
0.22237190909889865
0.2223693794916262
0.22236059411548514
0.2223552408239989
0.2223576537250997
0.22235948969433153
0.22235985829491695
0.22235941010371676
0.2223594076011824
0.22235889170412185
0.22235248876083955
0.22235201295393042
0.2223508662880324
0.22234510075694813
0.2223432807499166
0.22234583600693114
0.2223464931627449
0.22234589094693422
0.22234707067743492
0.22234989891788903
0.22235532765227214
0.2223557858208828
0.22234799508663536
0.22234487532515712
0.22234825500440702
0.22235230461022112
0.22235470658807083
0.22235277836160774
0.22235745912091298
0.2223596003679172
0.22236201227852495
0.22235945554171865
0.2223607735634572
0.22235856944207255
0.2223549223469377
0.22235374198235544
0.22235099851998538
0.22234603405773462
0.22234423631674088
0.22234473583547998
0.22234692789610724
0.2223406831423253
0.2223354276591164
0.22233256084285385
0.22233231689864782
0.22233459375316278
0.22234155142561832
0.22233905878199028
0.22233554971536326
0.22234002303654846
0.222341461693237
0.2223543249531686
0.22235533129876084
0.22235053719637735
0.22234619789892685
0.22235249832354131
0.22235759697877094
0.22236006148462356
0.22236167762795164
0.22235844739878843
0.2223531403726817
0.22235366195380568
0.2223521979937306
0.2223524432564378
0.22234578762479712
0.22234847509325184
0.22235145418784272
0.2223454738157234
0.22235023607721574
0.22234706592904785
0.22234752301928581
0.22235119427075184
0.2223462987906043
0.2223442444682735
0.22234223275564718
0.22233587229871243
0.22233333660964677
0.22233987478044395
0.22234261889962506
0.22234705705257823
0.22234434541415438
0.2223421909005043
0.2223419684705843
0.22233437053275104
0.22233597346759537
0.22232915147153706
0.2223307140534958
0.2223341068154809
0.2223314875647136
0.2223288376341429
0.22232787091964343
0.2223271360380678
0.22232876678078506
0.22232793663969164
0.22232398982695611
0.22232516317860268
0.2223270369460399
0.2223352846056459
0.22233822556348157
0.22233815319597866
0.2223338248577996
0.2223281944205761
0.22233268353512142
0.22233977115590373
0.22234043345847082
0.2223362386119506
0.22232739427527468
0.22232466173134205
0.22232257155815258
0.22232218492626382
0.22232208271811477
0.22231926612909603
0.2223203901541353
0.22231697979726248
0.2223093542837074
0.22230703845522717
0.22230585096004948
0.22231108875895034
0.22231499062864943
0.22231684585555372
0.22231571340316103
0.22231281006021628
0.22231219724360918
0.2223102256711691
0.22230596785363008
0.22229898117266253
0.2222952132239443
0.22229240599525163
0.22228844107344595
0.22228981968477649
0.22229383295582525
0.22230167431769038
0.22230832703826967
0.22231373522093356
0.22230735902034252
0.22231043952970264
0.22231626263964321
0.22231764712953028
0.22231694371687497
0.22232055773895598
0.22231931029096383
0.22232007024963812
0.22232052565149443
0.22233028551385617
0.22233244468471638
0.22233947289494485
0.2223465437653044
0.22234751167843414
0.2223451351243338
0.22234602288325683
0.2223463458132439
0.22233971043491949
0.22233542436988107
0.22233239901159965
0.2223315671143709
0.22232572138730794
0.22232797366232215
0.22232302353689973
0.22232365090318112
0.22232094120586784
0.22232492476833882
0.22232505394313326
0.22231720378243974
0.22232029586240476
0.222323825867976
0.22232581950301886
0.22233195351375168
0.22233442126830785
0.22233085044313494
0.2223328384707112
0.2223266281131645
0.22232904361240677
0.2223341473893261
0.22233930661620924
0.22234171295607666
0.22234286966943767
0.22233898162210086
0.22233455644726333
0.22233537284805022
0.22233879541176027
0.22234779665744706
0.2223503631437414
0.2223511184421624
0.2223511847469843
0.22235014042701753
0.22235099132148922
0.22234824293496785
0.22234410511365282
0.2223437877452648
0.22234977960069022
0.22234736560483634
0.22233808090551993
0.2223283417118059
0.22232266628795844
0.22232411093124535
0.22232611614237358
0.22232435100732265
0.22232584065214717
0.22233376485594433
0.22233550212045963
0.2223309497696482
0.22233080868656088
0.22233435520499129
0.22233973786551786
0.22235129800678713
0.22235224028016864
0.22235783144166252
0.22236241751928096
0.22236162199259804
0.22236109315333197
0.22235798552056846
0.22235504550730772
0.22236624028591678
0.2223671988857347
0.22235894157759764
0.22235310146905782
0.22235315580785056
0.22235172736240644
0.2223477312668234
0.22234338505868967
0.22234030903395208
0.2223410210546693
0.2223414414319479
0.22233830598279902
0.22233350641962787
0.22233391235432431
0.222329334487773
0.22232683704074177
0.22232491289190437
0.2223262231200123
0.22233406122782673
0.22233347708878376
0.2223262299194834
0.22232804843501497
0.22232764134865088
0.2223236129815802
0.22232333397301612
0.22231874065813462
0.22231514512640366
0.222316147827747
0.22231632027390086
0.22231304939412233
0.2223164547841359
0.22231445563873423
0.2223195437109471
0.22232083694808932
0.2223254766283778
0.22232932698697624
0.22233298097332532
0.22233108368633184
0.2223339075190768
0.22233498898966148
0.22233814849152722
0.22233587400859478
0.22233292491407314
0.2223272701911224
0.22232272072941967
0.22231927332735185
0.22232430778708576
0.22232762715746512
0.22233215717952648
0.22233695928012714
0.2223431202310936
0.22234562128437402
0.22233836073497892
0.22234182305143566
0.22234437854004532
0.22234988189126184
0.22234706964134635
0.2223433167184817
0.22234350496568284
0.22234477678213116
0.22234354897839745
0.22234270129373573
0.2223467335701824
0.22234529163616543
0.22234049918639465
0.22234016889595423
0.22234355374385556
0.2223470358299767
0.22234837687899736
0.22234946926340243
0.22234687700685746
0.22234558901911103
0.22234830653821586
0.22235435411770293
0.2223543072475054
0.2223547797411356
0.2223525249722397
0.2223503824843471
0.22234831652498407
0.2223475902096053
0.22234788600037503
0.22234894606156755
0.22235093671694475
0.22235134903525836
0.2223470866545204
0.22234538389960484
0.22235409592863098
0.2223581790529921
0.22236288003626645
0.22235669376094894
0.2223577866413092
0.2223600617943522
0.2223625483332481
0.22236529534241717
0.2223672825166711
0.22236581067282143
0.22236295619734942
0.22236396888834045
0.22236298469186921
0.22235873692149138
0.2223580427991037
0.22236030623998487
0.22235926913761314
0.2223569822207665
0.22235268132736025
0.22235260525052583
0.22234795759974774
0.22234227661446593
0.22234181049696858
0.2223357857892797
0.22233028125279558
0.22233258985548526
0.222336951573515
0.22234459940042983
0.2223453750558669
0.22234344643585108
0.22234017308111784
0.22233482001107646
0.2223336858899616
0.222339390338374
0.22233988516835787
0.2223421815778879
0.22234038220274374
0.22234163719444672
0.22233848850871257
0.22233896890568638
0.222338117775163
0.22233593368728916
0.22233144787108372
0.2223338336832876
0.2223387304216146
0.22234085888060104
0.22234357168524366
0.22234358337537954
0.22234286549227325
0.22234418571869155
0.2223421286586439
0.22234089077392408
0.22233910083916988
0.22233909586826972
0.2223426543290954
0.22234478189910786
0.222347112406607
0.22234893202517417
0.2223527083801886
0.22235494790569812
0.22235481521615869
0.22235069732855348
0.22234905757291545
0.2223479213389663
0.22234821521103562
0.22234787755442728
0.22234581245785376
0.2223482238295089
0.22235106556434234
0.2223483194631203
0.2223510322858191
0.2223524696588351
0.2223507531747645
0.22235419811535342
0.22235746222967953
0.2223561835625994
0.22235949229962554
0.22235429692496197
0.22235619638732398
0.22235804945817528
0.22235263127080912
0.2223540493759592
0.22236077589410158
0.2223593869777705
0.2223594381734698
0.2223574426961748
0.22235552217379895
0.2223597972949829
0.22236106895519517
0.22236054919416776
0.2223562623675071
0.22235164974729082
0.22234499042802852
0.2223422349655414
0.22233645658399118
0.22234411803259965
0.22234277138849975
0.22234414454771081
0.2223443284329707
0.22234398865217275
0.22234505279631203
0.22235437596645435
0.22236241864889178
0.22236126034339956
0.22235900738622066
0.22236320569585397
0.22237035848909517
0.22237060357693544
0.22236761398698152
0.22236312808691563
0.2223581503202957
0.22235629604732296
0.22235660250944947
0.22235779002509035
0.22236152783471796
0.22236485536467857
0.22236282199383528
0.2223576183714982
0.22235465259204895
0.22234806144555225
0.22234379340170363
0.22234344969572004
0.22234239753095766
0.2223438243505594
0.2223485565532172
0.22235261489343286
0.22235566581763197
0.2223588093688782
0.22235694402890394
0.2223584719224973
0.22235536638842474
0.22235695764774965
0.22235416970270708
0.2223537367332773
0.22235010593268076
0.22234785012926409
0.22234802258255662
0.22234805945774436
0.22234212553863836
0.22233779480210544
0.2223356855770891
0.22232879571696443
0.2223274838211895
0.22232500021388352
0.2223241309573259
0.22232878120863028
0.22233026762301852
0.2223301824243946
0.2223325379798257
0.2223377272710348
0.22233936524455872
0.22233950229359256
0.22234272367618108
0.22234344543429638
0.2223411002774832
0.22233635597958246
0.22233155691027578
0.2223335758772117
0.22233510203069254
0.2223331557232898
0.22233465034716424
0.22232653778352732
0.22232823638316826
0.2223277503734397
0.2223248238943413
0.22232479841641953
0.222330023937307
0.22233441897789072
0.22233467126826548
0.222333767732239
0.22234387724943178
0.2223447341468276
0.22234469641586313
0.22234959547491187
0.22235559923900142
0.22235536410913173
0.22235852790963004
0.22235951299785398
0.22235811151465457
0.22235528728564
0.22235716227781552
0.22235826376260967
0.2223612549071428
0.22235708728336773
0.22235581221606854
0.22235467009365015
0.22235354983863329
0.222351279837796
0.22234866641557224
0.22234825729868393
0.22234839231240025
0.22234903638808473
0.22235351010944934
0.2223571644573975
0.2223572128545789
0.22235946568452097
0.22236208704591326
0.2223669223721727
0.22236950659227078
0.22236446452742614
0.2223609768335321
0.2223631662531857
0.22236201163141375
0.22236362088288403
0.22236258686707597
0.22236579145227447
0.22236357806322843
0.2223594664632993
0.2223604537670294
0.22235963663879546
0.22235872022281436
0.22235582439826101
0.22235450317973876
0.22235413949367644
0.22235925965737674
0.22235717041936412
0.22235300470263794
0.2223481418231979
0.22234708698891925
0.22235226927292215
0.2223539742757749
0.22235184684959097
0.2223529608358546
0.22235736214123505
0.22235674066529282
0.22235413021231035
0.2223529422819225
0.22235327769925792
0.22234891142758267
0.22234920950532364
0.22235101873746346
0.22234984616783424
0.22234650365357647
0.22234564446888494
0.22234764853196068
0.22234083606141067
0.2223405608354873
0.22234292650750978
0.22234517686954713
0.22234594426895612
0.22234885869278131
0.22234822075287516
0.2223501806952013
0.22235283956462654
0.22235559357261436
0.22236023794489493
0.22235781523944337
0.22235327207835381
0.22235383905111478
0.22235337949796466
0.2223518734149157
0.2223458458651568
0.22234837064099894
0.22234461636277017
0.22234278742934033
0.22233982219021362
0.2223397540790199
0.22233657738157345