1513
296
256
230
426
209
245
214
196
537
202
192
198
184
2867
183
756
180
186
437
179
181
192
244
502
209
176
181
187
503
176
202
233
220
619
180
175
177
174
670
177
169
175
204
714
174
173
174
172
884
179
181
169
192
2994
172
170
173
170
891
170
172
171
173
864
174
200
175
170
957
180
172
170
171
1045
171
175
169
169
975
189
169
171
173
1082
170
181
170
208
1055
186
173
171
170
1346
173
171
169
168
1096
215
168
170
168
1191
171
166
178
170
1230
177
165
169
194
1210
169
170
167
170
1291
169
168
167
170
1375
174
172
175
173
1292
204
169
170
174
1193
175
175
167
178
1331
168
185
168
169
1243
173
190
169
170
1307
167
191
168
167
1350
170
188
171
172
1349
170
185
168
168
1403
185
166
168
175
1468
198
166
170
168
1562
173
168
173
168
1384
170
175
166
173
1443
167
168
166
181
2004
166
178
170
169
1487
192
172
168
176
1482
171
168
174
169
1481
169
171
181
166
1486
187
166
164
166
1429
169
171
172
182
1373
165
179
165
167
1443
173
166
167
182
1536
170
181
163
167
1500
168
167
169
177
1564
187
171
173
176
1448
171
176
169
171
1468
173
165
175
168
1531
185
166
167
176
1509
174
183
166
170
1565
171
180
172
168
1475
169
178
170
168
1490
172
186
166
165
1633
168
176
174
165
1609
172
173
166
170
1781
179
175
165
173
1573
171
164
174
167
1526
170
174
169
165
1483
180
168
169
171
1528
167
170
178
168
1639
183
172
175
173
1561
166
171
170
168
1569
170
166
172
171
1582
173
166
168
168
1623
175
166
169
166
1451
172
168
174
165
1551
175
170
166
166
1499
172
163
170
165
1509
178
175
167
167
1566
177
164
167
176
1562
167
181
169
167
1630
168
165
169
166
1483
185
175
173
166
1554
181
171
172
166
1556
176
171
169
165
1564
173
179
172
169
1700
172
168
168
167
1584
174
170
167
168
1635
174
184
168
178
1652
182
166
172
170
1575
166
179
170
167
1519
166
167
178
168
1564
166
171
178
168
1624
165
167
169
168
1640
166
166
170
166
1563
169
173
173
168
1724
167
165
181
168
1685
176
168
170
165
1577
164
187
167
167
1704
179
167
170
172
1713
166
166
171
170
1684
170
177
165
170
1564
168
171
179
166
1675
167
176
170
173
1566
170
178
169
167
1697
166
166
167
167
1692
184
166
174
174
1700
180
166
168
169
1632
175
172
174
172
1623
174
168
170
166
1562
179
165
170
171
1619
179
166
175
166
1687
175
170
176
165
1699
178
166
174
167
1673
178
173
170
167
1672
176
165
173
166
1691
178
171
170
166
1598
176
167
172
169
1697
172
172
165
173
1707
168
176
167
174
1727
173
176
168
170
1646
171
174
169
169
1652
171
173
168
171
1655
165
173
170
170
1769
175
175
169
170
1697
169
174
171
173
1641
169
170
165
169
1631
169
171
170
173
1647
182
167
170
168
1747
166
174
172
169
1748
169
170
171
167
1582
178
168
173
173
1763
175
169
170
176
1719
171
171
177
171
1712
169
169
167
173
1743
177
172
174
172
1709
178
167
171
171
1610
184
167
171
167
1730
179
166
166
173
1700
166
172
178
175
1754
167
173
169
173
1701
170
167
176
167
1758
181
165
171
171
1686
181
174
170
168
1697
178
168
175
170
1753
174
167
171
168
1706
165
180
172
171
1683
167
184
167
167
1757
167
182
176
167
1675
175
185
168
169
1700
183
169
169
169
1702
179
168
167
173
1716
170
165
175
167
1992
171
183
168
170
1632
180
168
166
175
1698
168
170
172
170
1742
172
172
172
176
1729
170
180
168
174
1694
179
172
174
177
1734
175
173
171
171
1695
166
181
168
170
1741
171
175
172
172
1749
169
168
170
170
1730
170
169
164
170
1726
167
168
176
167
1711
184
171
171
172
1765
173
172
165
171
1708
171
173
174
167
1704
181
186
182
175
1731
170
182
166
167
1793
183
166
165
169
1634
168
187
165
168
1768
173
165
187
173
1723
182
168
171
172
1706
173
180
168
165
1723
165
183
170
167
1793
166
173
172
171
1713
169
170
177
168
1794
167
171
176
169
1746
170
168
183
168
1787
166
170
178
166
1786
167
179
166
168
1762
181
167
164
175
1752
168
169
169
168
1716
167
178
168
167
1778
186
171
174
180
1754
167
179
171
172
1727
190
178
184
178
1844
171
176
174
177
1725
172
173
172
167
1722
166
171
167
165
1747
172
167
175
166
1695
181
167
172
169
1748
168
180
167
170
1681
170
166
172
172
1716
166
179
167
172
1750
166
168
177
165
1702
180
170
170
170
1714
170
168
179
174
1750
167
176
172
172
1777
167
170
171
173
1835
168
175
167
170
1719
179
171
169
167
1765
177
172
169
167
1884
170
182
169
173
1739
170
169
182
167
1769
179
169
167
174
1751
169
177
167
170
1753
168
168
171
170
1763
180
166
167
175
1735
174
176
167
169
1739
172
172
173
170
1750
183
169
171
174
1741
166
178
171
175
1768
167
177
168
174
1745
169
171
178
170
1753
180
169
174
169
1761
170
168
169
172
1782
171
172
171
165
1740
180
167
173
175
1704
173
181
173
171
1786
166
166
171
169
1767
182
168
171
169
1711
171
178
170
170
1758
170
170
169
168
2096
179
167
174
167
1710
179
172
166
172
1757
167
175
167
170
1725
178
173
178
168
1695
166
178
167
171
1772
166
165
169
167
1747
178
170
170
174
1747
167
177
166
174
1848
173
178
168
166
1708
170
170
172
166
1743
180
166
171
171
1689
166
181
167
165
1723
198
166
173
174
1802
201
171
165
165
1772
169
184
166
166
1715
169
170
167
169
1726
189
168
167
174
1722
184
167
168
174
1710
172
168
169
167
1815
168
165
180
167
1713
171
180
169
171
1813
173
168
174
169
1805
178
179
180
191
1790
166
166
174
168
1779
170
167
167
172
2030
167
175
166
174
1835
171
169
166
168
1814
179
170
172
172
1776
166
184
167
174
1747
167
182
167
170
1743
172
169
173
166
1814
179
167
166
174
1785
168
172
169
166
1839
166
168
180
170
1723
179
165
168
174
1724
172
168
176
164
1749
182
168
164
174
1737
173
166
178
167
1705
172
182
168
169
1787
179
165
167
177
1784
166
165
178
171
1739
179
169
167
175
1762
167
174
171
167
1743
180
168
175
177
1767
174
179
167
167
1772
168
169
177
167
1811
172
181
167
174
1765
167
167
172
166
1761
182
169
165
179
1772
168
174
178
166
1738
166
175
166
169
1742
177
175
166
177
1756
167
167
179
165
1736
167
179
167
175
1746
174
173
175
167
1701
171
181
176
170
2042
178
165
178
169
1818
173
179
169
167
1730
187
170
173
167
1774
171
181
171
173
1741
167
173
165
168
1714
184
168
166
176
1837
167
175
172
184
1742
179
170
178
171
1839
165
183
165
173
1806
180
168
181
169
1784
167
168
180
165
1768
167
182
170
167
1722
181
170
170
175
1813
174
177
166
167
1763
181
166
167
176
1755
173
176
166
168
1830
166
172
176
166
1825
185
165
172
179
1773
169
171
170
165
1807
187
164
175
171
1722
165
176
168
174
1762
173
174
168
169
1759
184
165
176
169
1767
168
176
166
172
1777
174
169
187
174
1755
171
184
167
176
2033
180
168
178
170
1818
168
180
172
172
1741
184
166
171
171
1817
166
178
169
181
1751
170
167
173
168
1772
184
171
171
175
1824
167
179
168
169
1756
184
171
176
169
1736
174
185
168
173
1762
189
171
166
181
1733
171
168
174
176
1760
167
167
180
167
1765
168
179
166
171
1744
186
179
181
180
1839
169
173
181
169
1767
167
981
224
208
2667
183
178
166
165
1829
172
189
171
171
1885
167
183
173
167
1817
169
172
168
167
1733
180
168
165
170
1718
168
166
168
168
1832
174
167
175
167
1713
169
177
163
177
1748
168
166
174
166
1797
172
177
165
171
1781
169
169
175
166
1805
176
176
171
173
1804
168
173
166
169
1816
171
174
171
171
1795
171
177
169
176
2120
172
175
170
169
1823
181
166
169
168
1737
182
168
170
167
1822
166
177
167
172
1743
171
168
178
171
1828
171
172
169
169
1795
167
173
174
167
1718
169
167
179
168
1751
166
165
179
170
1769
168
172
171
169
1740
172
166
173
165
1714
181
169
175
167
1760
180
173
174
167
1739
173
168
175
167
1829
177
166
171
170
1789
177
163
174
165
1716
181
165
169
169
1760
171
168
169
173
1772
168
164
172
165
1716
178
169
169
164
1794
182
169
169
170
1825
178
171
171
165
1796
171
179
171
176
1740
166
170
169
174
1753
181
166
176
166
1808
171
176
166
175
1826
168
171
171
177
1732
177
172
172
176
1758
171
173
170
171
1768
175
176
168
168
1893
178
165
173
170
1757
168
174
169
169
1742
167
176
167
175
1687
175
174
173
166
1804
180
173
173
167
2199
167
170
166
168
1817
165
175
165
175
1808
166
177
172
173
1810
165
175
165
176
1800
173
168
172
170
1733
178
166
171
173
1846
167
172
166
173
1720
165
181
165
176
1805
172
169
170
178
1742
174
171
175
165
1754
177
165
175
173
1805
168
170
170
171
62891
497
203
190
199
2568
193
183
187
182
2491
208
186
198
181
2300
197
182
193
180
2149
182
183
182
183
2095
180
189
178
201
2062
195
184
184
182
2057
175
187
176
179
2008
187
182
183
181
2335
184
176
187
176
1932
179
183
179
185
2049
177
185
179
175
2039
175
176
190
175
1939
199
180
186
176
1977
184
195
180
186
2017
179
195
181
178
2013
179
177
183
172
2148
214
177
186
177
1958
192
175
186
180
1888
188
179
187
180
1876
189
177
177
176
1982
181
175
181
180
1957
196
177
179
187
1979
181
182
178
184
1975
194
181
174
189
2009
186
175
181
177
2046
187
180
184
191
2049
189
207
186
178
1962
180
184
180
180
2024
178
188
177
190
1954
183
183
176
184
3014
181
186
180
181
2001
178
200
176
180
1819
184
191
178
177
1941
189
175
182
175
2013
178
180
174
197
1966
176
183
175
184
1972
184
178
186
192
1932
191
178
182
177
1971
188
183
184
176
1940
196
177
176
191
1954
183
186
175
177
1958
179
176
191
175
1880
195
176
184
178
1811
186
176
185
184
1935
188
178
187
176
1892
191
180
183
179
1954
188
177
175
181
1929
178
188
174
183
1896
179
191
178
185
1958
175
194
173
185
1894
179
185
177
185
1948
182
175
180
177
1878
187
176
185
175
1961
175
185
178
179
1927
177
188
176
181
1980
176
189
175
183
1927
176
190
176
181
1855
181
176
182
183
1913
189
176
187
176
1934
192
178
179
187
1949
176
186
179
183
1870
183
184
173
183
1865
175
174
180
186
1930
183
178
182
171
1861
191
173
179
175
1895
180
179
177
189
1890
171
184
174
172
1965
172
175
183
173
1857
189
177
188
178
1923
186
174
181
173
1891
175
181
170
176
1920
179
183
189
172
1865
190
178
175
195
1872
173
183
175
185
1854
173
184
175
181
1905
172
184
181
184
1887
172
184
173
182
1924
184
178
177
181
1939
189
176
175
184
1859
180
180
171
183
1928
180
177
182
183
1858
187
177
178
177
1930
187
179
190
173
1945
183
191
175
188
1932
177
178
198
178
1866
174
182
193
179
1934
184
175
177
183
1849
191
174
185
175
1931
182
194
178
179
1866
176
192
176
179
1883
176
203
178
174
1929
177
187
180
179
1964
174
190
176
179
1908
180
184
176
179
1932
190
181
175
192
1937
176
179
189
178
1933
187
190
181
185
1935
176
177
185
177
1869
185
192
178
179
1934
192
175
177
187
1928
176
175
181
184
1914
179
184
175
178
1907
179
175
184
179
3277
180
180
175
185
1929
178
196
177
181
1891
180
176
186
180
1877
187
177
184
179
1940
195
177
180
188
1932
175
190
174
176
1944
177
177
183
176
1927
188
174
181
186
1931
177
177
191
174
1922
192
176
178
178
1948
174
188
176
187
1949
180
190
173
182
1970
182
185
180
184
1961
181
184
183
183
1957
176
173
187
182
1947
194
182
176
187
1878
185
175
198
179
1918
179
196
175
182
1934
184
176
165
178
1876
171
169
176
177
1919
180
169
167
180
1928
170
184
170
172
1920
170
176
175
166
1873
190
164
165
181
1951
167
181
167
170
1937
190
172
167
182
1917
166
166
177
169
1920
166
184
165
170
1928
180
165
172
172
1864
165
179
166
176
1834
165
167
176
167
1918
185
168
167
176
1866
176
170
186
169
1924
188
167
175
180
1923
172
167
181
168
1859
183
169
175
179
1935
169
172
181
176
1918
173
181
168
166
1825
197
174
177
189
1932
174
184
195
173
1929
189
177
174
186
2023
172
191
174
186
1881
182
177
186
175
1929
192
172
185
175
1875
193
174
174
185
1926
177
173
186
175
1863
197
174
173
184
1854
174
181
179
177
1951
176
174
191
177
1919
176
191
177
177
1950
172
188
182
175
1920
173
192
176
171
1923
184
190
178
174
1866
202
175
173
182
1868
198
174
176
193
1934
176
175
191
176
1939
183
190
175
182
1804
177
173
188
174
1911
174
191
176
185
1950
174
187
180
174
1912
186
176
846
198
2792
184
180
191
175
1934
180
173
190
171
1834
178
186
174
174
1906
180
188
180
176
1861
193
173
176
181
1938
172
174
182
173
1920
190
174
176
186
1932
172
186
178
170
1909
192
184
188
173
1931
178
179
174
182
1934
174
185
172
186
1924
171
181
175
180
1918
179
183
180
183
1854
173
187
174
180
1949
182
180
181
175
1920
173
184
177
182
1900
182
180
182
178
1925
175
187
176
185
1920
185
186
178
187
1934
173
186
175
182
1925
176
185
178
188
1894
179
184
185
188
1939
178
182
177
180
1918
186
177
193
179
1958
177
185
177
188
1851
187
181
182
176
1932
181
184
184
189
1853
191
179
178
178
1902
189
182
192
180
1863
180
190
177
192
1914
192
177
188
176
1912
187
183
192
205
1920
182
189
178
188
1864
186
183
182
175
1923
186
179
182
179
1944
180
186
175
193
1940
181
178
179
177
1900
196
174
191
183
1944
174
189
176
186
1932
190
181
192
186
1922
189
176
187
179
1866
181
191
176
192
1944
185
179
188
177
1967
204
183
192
176
1937
194
189
185
178
1909
201
176
187
183
1936
182
180
181
180
1943
185
189
177
182
1935
186
176
196
178
1950
183
191
180
194
1913
180
188
186
184
1897
190
181
188
184
1922
183
178
180
181
1922
181
186
183
187
1938
196
177
183
176
1940
175
189
176
189
1862
176
180
181
183
1935
201
181
178
192
1923
176
188
176
181
1951
193
180
182
177
1857
177
181
182
186
1939
179
191
182
188
1941
178
191
178
183
1870
177
191
179
185
1958
175
190
177
187
1940
202
181
177
187
1907
197
178
187
176
1868
178
189
180
185
1909
178
190
177
188
1938
186
180
181
178
1933
190
178
190
176
1944
179
188
181
192
1938
177
193
176
190
1922
178
188
178
186
1927
191
178
178
182
1915
192
181
192
178
1938
188
187
179
198
1940
179
190
181
187
1927
185
177
195
181
1881
199
177
177
187
1954
181
187
178
195
1885
179
195
178
193
1931
189
189
188
177
1867
190
182
191
177
1956
176
182
177
180
1907
177
187
182
189
1931
188
181
181
184
1949
193
176
187
178
1955
182
187
176
192
1936
177
190
174
178
1892
180
186
180
186
3163
181
193
181
187
1911
181
188
177
191
1918
186
176
196
181
1919
196
180
187
182
1908
196
181
183
179
1923
186
191
182
189
1869
181
191
190
191
1923
178
189
181
195
1929
181
195
176
187
1932
193
185
177
190
1906
194
178
187
178
1933
189
176
184
177
1922
196
176
200
183
1832
190
183
187
180
1945
178
186
176
179
1909
184
187
179
188
1917
187
181
192
177
1863
176
181
180
185
1941
182
190
177
194
1955
175
193
180
192
1950
182
192
178
188
1906
178
188
177
186
1938
182
184
181
194
1912
192
186
196
186
1942
182
177
185
181
1952
179
187
177
179
1953
177
177
187
175
1933
204
180
187
177
1942
177
191
179
178
1937
187
177
188
179
1958
212
183
176
195
1951
184
187
177
183
1928
183
175
185
175
1920
193
179
188
185
1946
192
177
186
176
1860
193
176
192
176
1859
192
178
185
186
1913
192
176
177
189
1934
180
186
176
189
1873
192
189
181
187
62937
483
198
210
193
2750
188
195
188
194
2753
205
224
191
181
2221
182
191
182
191
2255
182
191
185
191
2161
197
184
194
181
2376
183
187
180
193
2081
194
179
192
184
2113
186
189
184
189
2087
182
193
184
181
2032
188
180
186
183
2041
183
188
179
185
2066
202
178
192
181
2055
193
186
185
179
2437
179
182
179
179
1966
185
186
181
188
2066
190
175
188
176
2071
177
188
184
179
2042
184
183
177
181
2004
188
180
188
183
2031
183
193
178
186
1996
188
178
183
180
2047
184
189
180
188
2092
183
177
179
193
2024
201
177
186
176
2010
181
182
178
181
2070
183
197
179
184
2099
177
182
181
179
2142
189
188
183
178
2023
186
177
189
176
2023
182
189
195
188
3632
178
177
175
183
1986
185
179
179
181
1984
176
191
183
189
1965
180
187
174
179
1972
175
186
175
183
1949
182
190
176
187
1984
187
176
190
180
1965
177
182
178
182
1961
183
179
184
176
1974
176
184
178
185
1978
182
179
184
176
1966
190
183
184
176
2028
175
194
177
186
1994
181
190
174
185
2017
175
185
180
186
1982
185
177
183
176
2010
178
180
179
180
2015
182
191
177
187
1978
182
183
182
181
1949
192
180
188
173
2028
192
188
192
178
1957
179
183
182
180
1981
179
184
182
234
1997
184
183
197
179
1974
201
172
187
178
1968
189
177
175
186
2067
178
192
178
184
1985
175
176
189
179
1967
193
177
181
175
1938
189
175
174
190
1953
191
188
173
184
1930
180
190
184
187
1979
179
181
188
185
1957
176
187
175
173
1972
187
174
185
188
1923
193
181
208
176
1942
191
180
187
178
1955
192
182
176
189
1883
180
191
179
187
1961
191
187
181
184
1960
178
191
182
184
1882
177
187
178
196
4155
178
178
195
179
1941
205
180
193
191
2019
194
197
188
183
1966
188
177
187
179
1970
199
182
191
180
1951
185
183
181
183
1964
187
192
178
192
1971
187
186
189
176
1957
205
176
189
177
1930
196
178
184
179
1953
180
188
181
195
1899
194
179
187
176
1934
179
193
189
195
1957
185
181
203
184
1934
189
179
195
178
1965
178
204
177
188
1948
195
177
190
177
1936
180
180
191
189
1952
186
176
188
175
1900
182
175
188
175
1971
197
185
183
179
1871
187
179
182
189
1933
181
202
175
187
1927
178
180
182
188
1923
189
185
191
178
1943
180
180
179
179
1973
176
196
177
174
1939
195
189
179
189
1895
178
192
176
186
1900
179
193
176
191
1938
183
180
181
177
1890
194
185
184
180
1913
195
180
193
188
1946
182
185
175
186
1950
186
178
176
186
1961
196
176
190
181
1967
190
180
189
178
1978
185
193
178
186
1954
182
188
177
183
1947
176
189
186
189
1943
189
187
175
190
1921
175
187
187
185
1870
189
179
188
179
1880
193
176
186
184
1953
179
195
177
190
1941
176
190
177
192
1931
188
180
189
176
1957
195
183
190
175
1963
185
189
184
192
1930
179
188
175
188
1922
188
179
187
177
1953
200
179
191
181
1908
199
181
191
178
1966
181
189
178
188
1917
181
185
178
176
1921
185
178
190
176
1929
192
181
188
179
1931
193
181
196
179
1938
202
187
194
180
1904
191
180
190
182
1960
177
176
190
185
1911
174
176
188
174
1913
195
178
174
192
1937
177
197
179
180
1947
182
183
189
183
1926
195
176
188
188
1934
193
178
190
179
1916
197
183
189
179
1870
187
174
187
176
1944
178
175
187
177
1983
184
181
194
178
1960
202
181
177
195
1936
175
184
182
174
1953
197
178
187
178
1937
192
176
178
186
1947
183
189
175
189
1879
175
189
176
187
1937
178
178
177
192
1951
192
177
187
192
1920
183
186
177
188
1960
192
181
184
196
1989
189
182
194
180
1932
190
192
195
182
1947
181
185
182
175
1951
204
186
193
184
1933
192
180
177
194
1979
176
191
179
176
1946
197
175
175
190
1938
176
197
182
179
1949
177
187
188
187
1935
190
185
191
172
1944
192
177
187
192
1955
193
182
183
179
1942
190
183
176
190
1962
181
191
175
187
1933
178
188
176
176
1950
180
188
182
178
1936
180
184
183
178
1923
199
177
187
177
1966
178
197
177
186
1940
177
177
192
174
1926
183
206
173
192
1924
199
177
180
194
1921
180
176
195
175
1984
176
192
175
180
1939
202
175
188
178
1957
176
193
175
185
1947
177
182
193
178
1883
194
179
183
199
4008
175
189
174
190
2040
181
190
179
186
1978
184
191
174
188
1935
177
190
176
190
1927
188
187
185
178
1957
200
175
186
176
1943
182
183
174
203
1976
183
174
188
177
1920
177
190
178
177
1936
195
197
176
175
1939
187
183
180
175
1918
192
184
175
188
1902
197
179
173
190
1955
181
173
188
180
1952
174
191
176
175
1928
196
177
178
189
1986
184
184
179
179
1940
195
177
177
191
1965
175
191
189
177
1952
177
176
188
181
1927
194
182
193
174
1944
195
178
186
179
1909
197
184
189
178
1805
200
176
188
182
1953
83
101
81
93
1895
82
81
95
84
2059
79
84
108
79
2041
87
80
102
83
1863
81
82
87
88
1943
88
99
87
889
2782
126
107
101
116
2082
112
84
80
85
1814
79
85
80
97
1768
80
115
105
80
1803
96
89
79
80
1845
80
85
80
84
1827
78
81
89
93
1735
87
89
82
79
1809
80
80
79
94
1715
85
94
90
79
1779
87
79
92
80
1834
85
93
85
84
1796
81
79
87
99
1754
98
91
86
80
1760
188
180
196
173
1853
181
185
176
196
1944
202
177
177
187
1923
192
175
186
179
1903
177
197
177
179
1900
179
199
179
177
1883
174
193
181
182
1867
198
177
179
180
1862
192
177
174
193
1949
180
179
188
177
1843
185
189
176
176
1888
192
180
179
187
1887
179
183
179
175
1909
200
187
178
191
1889
181
193
183
184
1833
185
179
189
180
1913
188
179
188
176
1845
200
175
186
174
1840
188
181
189
182
1922
190
182
188
175
1917
176
189
185
185
1844
193
180
193
184
1890
177
192
177
183
1865
193
182
185
179
1882
185
190
179
182
1941
180
188
178
188
1879
197
182
192
177
1846
179
190
191
184
1855
191
182
191
176
1980
204
188
191
178
1876
194
190
185
179
1842
193
191
188
180
1869
193
180
186
175
1866
192
183
187
179
1896
180
187
176
179
1913
178
187
173
192
1880
191
179
195
186
1959
182
178
187
178
1946
178
182
181
184
1956
179
175
189
175
1866
190
184
193
188
1939
192
179
190
179
1895
182
186
185
177
1872
181
177
194
190
1872
196
179
194
182
1855
195
181
193
180
1827
191
175
183
178
1824
196
177
189
178
1948
198
175
194
182
1932
197
186
189
182
1857
191
181
183
178
1813
195
179
199
184
1878
191
182
190
179
1960
178
195
178
190
1946
178
208
184
189
1849
179
190
181
190
1885
183
192
179
193
1887
180
181
176
190
1881
200
181
190
178
1922
177
195
177
192
1906
180
194
181
185
1871
192
179
185
184
1945
193
179
202
179
1912
181
187
180
185
1913
180
206
185
192
1959
181
185
191
195
1886
180
181
195
179
1886
194
186
195
178
1954
181
181
190
181
1857
178
195
179
195
1951
182
196
183
183
1883
192
184
186
180
1845
181
191
181
187
1848
186
181
187
179
1862
196
177
205
180
1951
179
191
178
194
1948
192
179
191
177
1917
176
200
187
190
1891
181
195
180
191
1912
184
190
178
188
1953
203
184
190
176
1887
192
180
193
177
1967
182
192
178
190
1852
182
188
189
187
1890
202
182
189
182
1882
192
183
177
184
1917
178
181
200
178
1903
196
178
178
198
1955
178
193
184
200
1874
177
194
178
190
1970
183
178
194
185
1917
179
180
194
181
1968
189
189
182
187
1875
186
192
179
194
1898
193
180
192
178
1838
183
188
185
203
1871
178
191
187
198
1912
197
190
204
207
1960
193
207
204
200
1982
179
231
180
214
1841
192
202
206
208
1893
204
180
216
182
1947
211
178
210
201
1951
192
193
201
200
1886
179
211
190
199
1983
194
189
208
183
1898
194
204
189
209
1957
194
218
187
206
1877
185
201
201
192
1926
196
204
206
188
1979
177
212
200
216
1921
195
203
202
194
1891
196
192
208
178
1837
208
190
210
182
1906
198
205
208
189
1911
208
178
207
197
1965
197
193
214
177
1877
195
207
225
181
1890
215
183
204
220
1882
178
204
207
197
1941
193
219
179
215
1943
191
210
181
226
2002
176
213
176
212
1894
209
215
198
205
1975
199
192
212
181
1905
193
203
202
192
1973
207
201
190
209
1888
189
213
197
204
1923
197
196
212
187
1891
192
202
215
189
1927
188
202
200
204
1916
190
205
201
201
1899
198
184
208
228
1937
201
190
214
183
1935
204
184
199
198
1899
191
217
181
218
1922
178
212
181
208
1889
180
204
205
196
1965
182
203
200
201
1934
200
191
201
200
1930
191
209
185
207
1948
201
209
226
185
1889
199
188
215
219
1885
182
207
204
225
1956
192
205
189
215
1936
197
207
204
205
1960
195
193
214
187
3523
193
205
222
193
1973
183
215
188
207
1899
190
204
208
196
1891
201
192
216
199
1904
184
212
203
213
1896
178
216
194
188
1977
185
210
206
199
1872
210
196
219
184
1980
183
213
200
208
1951
182
215
217
180
1909
193
205
204
204
1947
190
218
182
205
1987
207
198
218
198
1889
213
180
208
208
1854
189
206
189
215
1969
193
210
185
204
1894
189
195
217
195
1874
200
207
213
185
1934
193
209
211
201
1953
194
227
185
208
2006
190
207
204
192
1860
183
204
206
194
1969
195
205
209
188
1840
197
192
209
202
1906
190
219
208
212
1864
201
209
209
190
1913
182
211
204
216
1879
225
191
207
203
1911
180
206
210
199
1946
181
217
191
203
1905
213
213
211
193
1926
197
212
183
207
1887
208
210
209
186
1904
189
201
204
203
1912
197
206
202
200
1902
191
224
180
211
1872
189
220
178
214
1896
184
201
214
175
1899
205
193
205
214
1895
191
211
182
209
1968
199
194
208
188
1969
178
208
200
217
1878
182
210
217
179
1908
176
208
182
207
1889
196
191
206
211
1955
189
206
216
190
1894
194
178
215
201
1979
177
218
185
201
1995
184
206
205
190
1919
199
202
199
192
1962
192
194
202
221
1904
199
205
209
181
1911
179
211
215
193
1901
180
216
194
209
1918
207
204
216
181
1964
194
206
190
205
1944
186
202
224
179
1901
210
188
189
213
1965
176
202
205
213
1879
188
208
191
205
1912
214
196
217
181
1905
178
205
205
211
1923
196
208
193
189
1912
208
183
206
205
1904
189
208
209
191
1959
205
190
203
205
1913
191
204
190
202
1983
179
205
204
189
1983
204
193
204
206
1922
181
209
190
201
1972
212
188
221
201
1930
179
221
194
219
1875
192
210
187
206
1901
201
206
217
187
1881
196
212
192
221
1879
191
203
215
183
1898
189
228
180
203
1901
198
214
200
196
1917
193
212
198
203
1951
188
204
208
177
1970
207
180
202
208
1886
190
209
198
204
1956
192
207
193
211
1981
177
210
200
203
1959
201
198
197
192
1978
206
195
213
187
1917
192
212
202
207
1906
191
219
176
206
1902
195
200
209
196
1874
206
193
220
189
1971
198
190
210
193
1998
191
213
180
204
1957
203
212
212
186
1971
181
218
188
201
1962
184
206
207
191
1901
195
190
211
210
1821
192
207
204
206
1884
189
206
204
205
1907
178
207
200
200
1945
214
189
213
183
1961
206
179
214
196
1968
188
200
202
206
1902
180
207
212
201
1945
201
213
206
223
1970
176
206
206
203
1869
211
188
209
220
1996
188
207
221
183
1956
189
221
184
203
1964
192
195
204
222
1926
191
204
214
179
1978
182
217
180
206
1940
181
216
208
206
1902
201
188
207
202
1907
184
201
214
192
1915
183
212
193
210
1958
183
203
1067
198
2734
257
252
222
231
2352
178
209
189
180
1956
181
177
212
178
1855
202
176
176
174
1924
179
208
180
174
1950
179
181
187
189
1929
178
189
214
187
1961
179
209
205
181
1923
178
206
218
175
1931
191
201
210
192
1881
179
214
184
190
2021
188
210
206
202
1952
195
174
200
219
1970
190
205
202
195
1917
178
205
188
209
1919
191
211
214
174
2001
199
179
198
210
1965
187
220
179
202
1975
189
206
177
201
1900
177
200
199
188
1848
198
209
203
188
1969
196
203
212
176
1989
211
202
213
201
1979
184
207
213
200
1985
196
205
204
202
1945
176
205
210
202
1893
197
193
212
177
1890
183
205
179
210
1932
202
209
212
205
1885
191
199
200
193
1889
205
205
191
207
1933
192
206
205
178
1945
201
196
208
179
1926
190
193
205
202
1967
189
205
188
215
1891
189
221
178
199
1941
178
203
200
188
1881
198
202
210
182
1954
199
201
218
179
1876
197
210
230
193
1969
185
215
197
217
1892
190
205
184
206
1966
180
203
205
204
1890
180
204
205
193
1977
208
207
178
203
1879
197
208
216
181
1932
193
190
203
206
1967
184
203
201
212
1914
188
204
205
205
1900
191
202
206
203
1949
194
191
205
186
1933
194
206
209
190
1903
196
202
204
194
1947
210
187
211
194
1948
196
212
196
208
2020
193
216
180
201
1905
178
209
188
204
1989
185
209
180
203
1967
197
204
192
209
1949
190
205
208
207
1945
199
193
209
203
1953
202
177
206
209
1953
199
191
217
182
1960
203
203
204
197
1967
181
205
207
192
1889
180
209
193
208
1930
189
219
180
212
1966
191
222
183
208
1915
180
203
204
192
1896
194
204
207
193
1895
200
189
209
176
1965
199
201
219
179
1942
199
209
203
191
1977
183
203
205
191
1919
194
223
180
205
1977
201
203
219
187
1894
212
196
207
208
1932
185
210
205
209
1928
199
212
204
211
1978
192
217
192
205
1947
199
195
213
180
1923
197
190
202
200
1908
193
206
204
206
1908
185
207
211
198
1896
201
196
202
205
1862
204
191
214
181
1990
211
204
208
184
1971
193
193
213
191
1987
195
195
213
201
1943
190
197
207
206
1966
195
198
209
207
1886
195
224
191
218
1904
191
210
183
203
1904
180
202
220
178
1975
196
219
194
204
1944
199
205
209
186
1967
192
210
204
207
2010
191
205
213
181
1908
199
196
203
217
1919
200
208
206
201
1889
204
202
195
206
1941
177
215
179
209
1954
202
207
198
201
1926
193
207
207
204
1909
206
200
207
202
1909
188
208
206
203
1881
196
208
207
206
1906
197
190
211
193
1964
211
191
215
187
1905
199
192
214
183
1979
203
212
204
205
1949
191
211
191
202
1966
211
209
214
181
1924
194
222
195
205
1964
205
191
218
204
1963
186
222
181
201
1900
186
203
229
177
1917
199
188
200
206
1961
193
209
193
220
1928
197
220
178
208
3725
225
207
195
201
1950
195
207
203
210
1957
196
195
212
186
1956
201
199
211
188
1916
208
196
205
202
1989
185
214
184
203
1956
213
190
224
186
1995
201
191
202
207
1954
184
226
191
217
1918
192
211
205
210
1953
201
207
202
204
1906
197
191
205
194
1984
196
204
206
201
1954
214
209
208
194
1884
212
195
204
203
1910
191
230
183
203
1899
186
203
222
184
1882
213
194
211
192
1986
178
208
204
215
1968
205
209
211
190
1961
191
217
194
209
1920
208
191
223
183
1967
184
218
189
207
1966
182
203
229
176
1951
210
183
205
216
1955
184
206
208
215
1930
198
209
198
209
1921
180
213
183
210
1953
201
208
206
197
1956
202
186
207
207
1933
202
203
202
208
1995
195
212
196
203
1984
184
204
218
205
1977
219
194
200
194
1962
201
206
219
180
1961
211
193
205
204
1982
187
197
205
206
1885
203
193
209
210
1913
193
198
210
189
1949
197
211
204
211
1962
191
202
206
189
1919
205
200
220
183
1963
198
206
216
184
1963
210
197
204
220
2027
179
216
205
219
1889
223
195
207
210
1950
180
202
218
191
4159
231
226
232
213
2704
180
178
223
178
1915
182
181
188
193
1870
221
185
197
205
1958
188
207
177
202
2048
182
218
181
212
1936
178
203
212
182
1991
175
203
212
195
1977
183
190
223
178
1909
178
216
184
208
1978
182
209
200
201
1954
212
181
206
217
1949
176
207
219
188
1966
180
206
204
199
1943
186
190
214
186
1969
183
209
202
219
1946
197
206
192
205
1967
193
203
207
195
1963
200
196
224
185
1970
195
200
214
179
1880
194
202
219
180
1964
179
203
205
195
1987
194
202
209
205
1973
191
191
203
205
1954
191
208
194
212
1894
185
204
226
182
1956
209
194
205
197
2000
185
195
205
203
1922
189
209
210
205
1951
197
196
207
213
1953
199
192
212
178
1969
183
212
201
212
1969
191
207
210
207
1946
205
211
207
205
1939
195
219
203
225
1959
199
198
199
195
1948
201
189
209
199
2063
211
182
215
209
1966
194
198
216
186
1962
198
208
214
194
1968
201
207
204
196
1975
200
196
215
195
1984
194
181
208
221
1935
196
196
202
208
1940
203
209
207
187
1913
199
211
219
185
1897
209
195
201
201
1930
198
193
219
186
1889
198
210
207
192
1924
204
233
179
216
1992
204
189
225
197
1963
181
212
182
217
1903
195
217
190
220
1962
198
195
212
186
1916
198
207
207
192
1980
192
203
196
202
1955
202
200
214
184
1904
206
203
216
180
1866
199
210
216
180
1908
197
202
217
178
1903
202
194
208
212
1973
189
210
201
211
1912
189
208
199
203
1929
201
207
203
196
1957
201
203
215
188
1910
198
193
205
190
1973
179
217
181
212
1948
194
209
216
213
1882
191
194
221
182
1965
199
209
206
192
1953
183
209
206
194
1972
192
215
180
210
1975
215
190
217
186
1973
213
211
208
210
1983
186
216
208
206
1941
195
210
198
230
1906
202
212
205
210
1954
204
195
218
200
1931
201
208
210
204
1976
185
212
206
205
1950
190
200
208
213
1846
190
196
221
180
1967
187
208
206
208
1907
229
205
201
181
1927
204
198
213
201
1956
201
216
191
213
1967
190
211
206
191
1954
198
193
204
207
1971
182
209
204
218
1942
191
204
195
215
1924
180
212
196
205
1987
199
209
180
218
1990
197
209
196
205
1982
188
208
214
193
1955
199
206
203
188
1981
220
191
205
194
1989
186
197
204
210
1920
197
226
181
191
1994
183
207
206
194
1973
200
198
209
214
1970
183
220
193
213
1941
202
205
206
178
1938
207
195
218
195
1966
206
192
202
195
1970
183
212
204
221
2028
193
210
198
205
1909
205
212
224
180
1981
214
203
214
189
1975
198
191
216
188
1905
196
189
219
180
1985
213
194
210
187
1978
200
198
208
210
1965
197
220
192
217
1994
192
209
207
190
1987
200
196
213
193
1988
189
201
211
206
1921
191
212
207
207
1968
184
208
209
211
1963
209
196
212
191
1982
203
214
210
193
1973
205
205
206
195
1960
208
192
212
189
1982
199
216
205
192
1896
189
203
209
197
1939
182
216
189
205
1976
207
197
215
192
2010
181
214
205
225
1947
215
205
204
234
1880
221
192
207
223
1937
208
193
209
218
1891
205
205
207
220
1981
181
208
233
179
1987
184
219
180
208
1980
204
182
206
225
1954
195
208
208
196
1956
201
187
202
219
1909
178
219
183
205
1981
216
198
223
183
1978
183
213
205
215
1970
186
207
226
184
1916
187
213
213
216
1939
200
211
190
206
1865
218
182
206
220
1888
195
204
213
195
1913
193
189
209
224
3720
184
204
210
205
1953
205
212
205
191
2005
235
183
206
217
2042
213
241
212
232
1998
187
236
204
218
1995
210
224
217
210
1966
207
215
232
186
2012
224
211
231
184
2001
210
202
223
221
1985
196
212
188
206
1949
217
197
232
181
2005
208
200
206
208
1981
180
209
205
208
1982
199
194
210
205
1982
194
196
211
204
1947
209
182
204
208
1984
183
212
207
206
1956
195
227
194
227
1986
204
208
206
207
1956
211
192
220
197
1985
204
194
212
193
1936
202
188
208
206
1955
203
214
196
217
1916
183
210
207
208
1984
206
202
209
205
1928
213
185
211
203
1974
212
193
205
189
1950
182
226
193
218
1979
193
214
188
202
1966
220
191
221
180
1929
185
221
206
210
1961
186
204
214
181
1965
194
216
206
202
1926
178
204
221
178
1971
204
189
220
184
2014
194
192
204
208
1969
202
195
202
211
1983
186
193
208
208
1961
196
204
208
208
1973
192
215
193
216
3190
193
213
188
208
1955
182
204
205
192
1943
208
204
210
180
2002
193
215
191
217
1971
192
204
212
193
2003
190
190
203
217
1978
184
219
181
202
1975
195
203
204
195
1896
202
207
214
178
1951
191
208
205
204
1952
181
196
218
182
1980
180
211
204
221
1954
193
208
213
192
1992
178
210
230
184
1970
194
211
190
203
1958
183
210
204
212
1967
207
197
213
205
1916
179
222
178
201
1955
203
193
206
213
1963
180
210
204
224
1970
192
205
208
191
1976
203
189
223
181
1989
206
195
203
201
1963
190
203
213
192
1967
197
195
202
206
1916
194
205
210
189
1977
182
203
209
225
1989
190
203
214
193
1932
202
190
210
206
1919
185
220
194
206
1918
197
207
207
201
1966
193
222
197
214
1959
193
213
205
208
1840
186
200
207
210
1969
193
208
216
216
1979
206
205
219
212
1958
191
227
180
218
1955
210
222
206
209
1987
186
206
203
216
1983
193
210
209
204
1937
218
213
194
213
1988
192
204
210
194
1978
186
230
196
205
1986
212
213
206
207
1962
181
205
217
194
1967
197
193
204
219
3232
185
217
206
191
1960
206
207
199
200
2009
196
212
198
203
1889
205
207
214
182
1991
191
214
198
203
1968
206
210
205
192
1968
190
209
192
220
1974
191
204
210
189
1886
202
199
210
199
1964
180
213
202
203
1963
189
218
205
207
1905
187
202
205
215
1955
201
205
207
1024
2701
244
218
224
274
2600
181
184
225
180
1927
193
184
182
192
1896
181
215
187
182
1990
179
201
186
202
1991
179
195
220
193
2013
195
205
220
180
2001
192
208
230
192
1946
191
206
225
177
2016
181
220
192
207
1975
184
214
191
202
1956
198
203
203
215
1862
191
211
215
180
1976
188
209
203
212
1957
185
210
220
192
1975
200
188
207
212
1899
192
209
191
219
1891
191
213
183
204
1977
181
203
212
204
1981
192
222
209
191
1968
191
207
227
189
1915
198
193
209
208
1912
191
217
206
203
1958
190
206
205
203
1980
193
208
205
207
2057
198
192
211
192
1913
204
205
208
192
1968
191
212
179
213
1962
198
208
207
218
1952
190
207
206
208
1931
207
200
204
210
1915
206
215
214
192
2006
184
218
183
217
1962
190
211
205
208
1947
192
231
193
210
1973
203
191
211
186
1977
197
206
208
191
2000
193
207
208
189
3330
179
204
210
191
1890
214
207
228
181
1963
198
190
205
224
1928
193
211
204
205
2032
213
207
196
211
1993
200
219
187
219
1942
212
214
195
222
1995
207
203
220
184
1970
198
203
209
206
1966
180
207
198
205
1945
211
188
203
182
1956
183
201
186
207
1955
187
194
210
183
1960
199
193
187
208
1890
198
214
200
193
2011
183
187
202
184
1960
198
186
206
194
1982
191
194
201
185
1930
211
186
208
182
1972
210
181
205
212
1979
183
203
185
203
1980
194
213
192
222
1954
189
207
185
192
1953
185
220
178
223
1957
195
201
186
201
1948
202
197
258
191
2000
200
189
188
197
1976
189
200
204
209
1980
198
197
200
182
1947
208
189
211
195
1979
188
204
204
184
1908
203
201
210
180
1968
201
193
191
200
1955
189
205
184
206
1965
217
183
202
185
1847
208
192
210
192
1990
187
236
185
195
1964
184
212
199
206
1966
204
185
187
207
1963
197
209
191
216
1977
185
198
202
185
1991
208
211
210
180
1965
199
187
195
193
2016
198
192
220
186
1895
192
186
184
210
1981
194
218
196
199
1965
188
216
185
209
1941
179
199
209
184
1963
205
201
207
191
1959
203
188
224
183
3305
197
208
220
204
1994
186
199
212
196
1907
206
185
187
201
1992
197
223
194
217
1908
181
206
184
198
1938
185
221
188
199
2014
182
215
192
202
1984
200
185
201
187
2008
213
198
211
199
1938
186
190
213
193
1979
195
192
205
198
1969
193
212
195
208
1939
207
188
223
182
1975
198
206
200
187
1985
201
195
213
193
1928
193
195
211
213
1917
185
209
182
187
2023
180
213
195
206
1958
185
197
212
196
1967
215
189
203
187
1977
201
199
207
208
1964
201
205
207
199
1971
184
210
198
208
1980
206
185
207
210
1963
193
214
198
199
2001
196
212
200
197
2012
187
189
216
192
1930
194
193
200
191
2044
194
196
229
182
1988
188
225
192
220
1947
206
204
215
202
1997
195
198
183
202
1980
208
195
205
197
1960
188
211
205
208
1978
190
197
215
193
1975
206
184
222
185
1967
208
200
207
185
1990
196
197
206
198
1982
196
218
196
198
1964
223
183
201
225
2008
195
198
223
182
1989
185
218
196
207
2002
183
200
226
182
1962
199
193
206
213
1924
185
225
185
225
2000
185
210
199
210
1997
225
186
219
186
1970
199
215
190
220
1968
202
232
191
199
1936
191
195
231
182
1909
205
198
222
199
2020
212
187
228
187
1984
207
197
217
183
1984
210
220
204
216
1975
197
210
208
183
1987
191
200
211
217
1976
192
236
184
206
3433
185
201
212
199
1965
210
186
216
182
1979
208
198
204
220
1965
186
225
194
199
2019
196
223
184
215
1976
192
233
184
207
2006
184
212
184
218
1992
181
234
183
207
1944
185
207
196
211
1976
223
196
220
186
1979
194
223
195
224
1957
193
207
205
196
1973
214
193
207
218
1925
189
212
223
183
1993
184
235
184
205
1991
213
201
213
211
1959
205
184
208
224
1939
219
184
208
224
1954
195
196
223
201
1991
189
210
205
216
1939
195
209
211
191
1987
191
215
214
201
1922
201
213
211
202
1966
218
194
227
188
1966
199
196
207
218
1971
193
189
222
247
1970
201
197
198
211
1923
201
219
196
221
1967
201
211
190
221
1997
186
210
205
196
1992
209
197
202
216
1932
189
226
192
204
1979
190
206
226
183
1984
202
197
213
213
1953
183
231
187
225
1988
188
207
220
194
1967
257
208
208
181
1987
214
197
217
194
1969
187
211
185
207
1981
209
202
195
225
2006
182
219
194
217
2008
200
203
216
200
1988
207
194
220
190
1991
206
210
213
184
1989
197
207
197
227
1994
195
209
203
195
1966
197
199
211
195
2016
206
201
230
187
1967
216
207
205
202
1978
195
232
185
223
1899
194
212
208
196
1984
216
194
199
217
2005
182
208
219
184
1998
184
224
192
217
1990
213
194
214
206
1981
188
212
195
208
1963
209
195
208
216
1899
192
234
186
205
2005
217
209
210
187
2009
201
195
212
213
1971
197
215
211
207
2005
188
217
194
215
1928
206
202
194
216
3465
202
189
206
206
1950
195
219
187
214
1931
195
222
189
195
1958
235
204
208
213
2001
197
215
184
211
2024
213
194
206
215
1988
198
214
194
214
1977
183
204
213
193
1962
202
198
220
216
1950
196
196
232
182
1994
193
216
179
206
2002
213
197
215
201
1995
182
224
182
208
2031
209
212
220
199
1978
215
214
207
205
1971
193
217
197
216
1977
198
208
210
185
1992
196
225
194
235
1911
194
208
218
189
1993
181
213
225
196
1985
190
201
209
215
1991
195
209
216
196
1986
190
197
209
226
1994
182
227
208
195
1989
195
205
206
183
1987
190
205
207
207
2014
196
227
215
182
1986
200
197
199
217
2001
192
215
194
204
1998
184
205
212
196
1979
202
193
210
217
2058
188
229
200
205
1989
194
212
195
207
1975
206
198
226
181
2002
216
190
218
219
1979
194
204
208
195
2004
207
185
208
225
1997
183
215
212
193
1985
212
185
210
226
2008
181
213
243
182
1982
183
222
200
206
2008
188
220
193
208
1990
219
196
210
219
1956
195
196
223
197
1913
199
183
212
216
2000
194
207
219
197
1922
207
201
225
185
1999
197
219
194
210
2014
216
199
203
217
1951
182
229
186
208
1990
192
199
227
185
2016
208
200
225
223
2035
184
215
199
216
2030
199
213
196
203
2043
197
217
196
206
2028
194
220
195
227
1999
197
195
220
194
2049
208
193
221
196
2005
245
219
208
209
2028
191
200
241
183
2017
204
196
195
217
3294
224
224
211
213
2617
238
235
214
214
2684
219
219
284
213
3462
189
215
185
185
1981
185
181
196
182
1967
197
180
196
186
1974
210
186
209
199
2005
183
222
194
207
2006
181
222
192
206
1925
182
218
193
213
1939
184
225
197
206
2005
207
191
208
222
1963
191
206
214
195
2000
186
208
221
199
2037
202
180
211
207
1983
195
209
220
194
1982
205
193
204
217
2024
180
230
182
205
2046
184
206
214
201
1951
204
208
194
216
1990
182
222
183
210
2001
202
208
205
185
2003
197
197
210
213
2007
185
215
197
218
2002
195
225
182
219
1968
196
221
210
215
1998
194
218
206
210
1924
206
187
208
216
1948
182
213
216
195
2035
183
209
207
202
1997
207
184
210
217
1934
212
211
201
217
1995
184
211
203
206
2010
202
194
211
216
1957
192
203
212
194
1973
202
184
210
219
2015
196
217
200
218
1961
207
214
185
209
2003
183
218
194
205
2052
229
198
231
185
2008
198
222
186
209
1994
209
194
207
223
2001
183
207
224
196
2006
192
199
213
220
2005
201
216
197
208
1952
217
210
215
193
1941
198
203
210
212
1989
187
220
218
216
1994
192
209
198
213
2067
213
201
217
195
1982
186
218
198
216
1982
222
186
212
223
1961
232
196
208
233
1986
198
200
208
218
2063
194
209
235
185
1992
199
216
202
196
2005
186
221
195
210
1999
212
194
227
196
2019
203
228
191
211
2015
205
206
220
184
2077
205
199
206
214
2029
185
215
213
217
1990
183
227
182
221
1992
185
216
197
209
1975
190
208
224
193
2008
196
216
182
209
2010
211
191
211
234
2015
183
216
215
194
2008
191
201
217
218
1993
201
198
215
194
2020
216
189
209
221
3659
195
203
197
209
1994
205
196
218
189
1976
196
218
201
227
1988
194
224
201
199
2085
197
217
199
197
1991
189
199
240
181
1976
209
202
199
229
2025
186
212
218
186
2006
185
258
188
197
2011
205
224
196
210
2040
186
230
197
211
2011
213
186
208
227
2024
187
210
229
187
1983
200
217
200
218
2000
220
200
219
197
2053
200
232
199
219
2048
197
200
218
196
2024
212
205
228
188
2009
201
222
198
227
2008
189
202
239
185
2003
199
222
198
218
1984
221
205
212
226
1982
199
219
217
187
2060
184
224
205
219
2012
206
197
224
192
2011
188
239
183
206
1982
209
197
194
219
2011
203
197
228
194
2030
183
230
186
195
2023
205
196
223
193
1912
195
222
194
237
2033
200
193
218
200
1991
222
195
216
217
2016
182
216
209
197
1980
212
195
208
202
2052
187
219
210
224
1994
183
212
207
196
1987
184
209
213
201
2040
206
196
219
192
1992
184
217
206
221
1980
193
215
223
185
2078
198
210
185
206
1983
218
198
227
198
2018
183
232
196
211
2015
182
211
212
195
1995
207
208
225
187
1987
204
195
224
196
2067
211
198
229
188
1996
202
203
209
215
2018
185
235
186
224
1997
196
220
190
215
2019
198
212
215
196
2021
206
212
214
185
2036
204
204
218
207
2031
187
242
198
217
3815
229
227
233
212
2544
187
184
212
186
1987
185
201
185
209
1980
223
208
209
224
1982
189
211
218
201
2051
188
200
215
210
2008
198
219
223
199
2002
216
211
209
186
2039
200
200
210
216
2042
182
213
211
215
2028
198
208
210
219
2010
206
201
216
211
2001
205
214
216
185
2008
189
217
197
221
2019
216
218
202
201
5647
199
224
197
207
2000
204
221
206
221
2019
219
196
205
202
2013
199
207
198
221
2044
216
199
228
186
1997
195
216
196
210
2054
189
214
212
207
2024
184
209
226
196
1936
211
209
223
192
2023
215
210
225
189
1977
209
214
231
191
1978
206
213
202
212
2013
200
216
197
223
2060
201
210
215
196
2077
195
225
198
216
2026
194
215
208
223
2001
216
218
225
202
2020
219
220
209
189
1996
214
207
212
192
1982
209
213
221
238
2064
183
225
189
208
1950
185
214
221
196
2059
220
197
225
187
1980
214
209
228
185
2008
212
206
219
196
2013
189
212
209
202
2096
197
216
198
198
2055
196
214
197
199
2010
207
229
185
210
2000
205
204
210
206
2060
212
215
214
187
2010
214
215
221
188
2019
223
223
212
190
2023
210
202
210
231
2002
183
221
209
215
2006
186
216
210
197
2047
197
220
220
203
2076
216
199
221
199
2054
184
200
223
197
2013
205
215
221
184
2124
211
209
213
194
2025
214
195
212
215
2050
232
240
209
201
2037
199
211
224
189
2092
271
197
209
237
1980
185
227
185
211
2118
185
210
214
197
2050
195
211
261
200
2101
198
198
220
198
2027
208
219
204
209
2088
187
209
220
196
2027
209
203
216
198
2024
208
201
219
200
2038
202
205
222
199
2049
202
201
216
198
2014
203
220
211
213
2012
210
210
203
228
2020
186
221
212
225
2042
197
235
191
210
2057
185
217
203
216
2029
185
216
217
199
2069
202
216
202
208
2038
210
198
210
218
2016
224
185
226
250
1998
218
184
218
214
2008
219
185
215
212
2060
218
198
212
232
2008
204
215
187
209
2048
187
213
230
213
2011
209
199
220
190
1968
205
212
217
190
2054
211
197
226
186
2049
188
215
223
202
2078
186
218
199
215
2162
184
220
197
211
2017
193
212
230
187
1957
202
197
209
213
3835
184
216
208
205
2018
206
228
188
218
2004
182
221
182
227
2011
212
215
195
216
2020
199
203
215
198
1970
211
207
219
204
2062
185
222
184
217
2050
196
217
186
209
2105
218
212
215
188
2036
202
211
211
208
1924
183
216
210
210
2013
198
229
184
213
2012
186
230
182
219
1977
194
227
197
219
2111
215
186
221
186
2025
206
213
223
194
2008
211
200
226
195
2003
213
211
238
196
2102
200
193
209
220
1994
197
212
201
204
2050
193
194
224
186
2040
204
197
222
187
2042
204
196
220
197
2070
207
209
213
187
2044
205
216
211
184
1987
215
194
211
222
2046
185
209
219
197
2052
202
183
209
226
2024
189
235
201
226
2052
191
227
198
235
2067
196
218
204
214
2030
201
222
198
223
1983
205
210
210
211
2081
206
212
213
197
2027
186
211
220
195
2028
220
210
216
198
2104
185
233
206
208
2059
186
209
224
211
1987
240
203
219
196
2049
198
219
199
223
2050
189
212
210
204
1960
218
195
214
194
2108
213
194
223
186
2070
215
215
215
189
1950
195
218
197
227
2059
202
212
200
217
2012
211
219
211
193
2057
183
228
182
215
2066
219
184
214
227
2118
187
214
200
209
1994
215
197
209
215
2092
183
221
207
213
2035
192
227
193
210
2037
201
208
213
194
2022
206
203
213
197
2029
208
195
213
203
2166
184
223
210
210
1995
199
221
187
211
1983
182
231
186
208
2117
184
226
190
222
2100
198
217
196
212
2041
206
196
219
196
2014
207
199
216
192
2043
185
231
185
210
2129
213
198
208
222
2011
179
241
184
207
2055
195
211
224
200
2031
206
185
211
203
2153
196
201
208
212
2016
195
216
195
218
1986
232
198
211
227
2111
197
214
211
195
2085
190
222
193
218
2069
199
218
212
182
2034
194
213
210
204
2031
198
208
215
196
2053
193
209
218
201
2073
207
212
226
186
5219
211
207
228
198
2014
208
209
219
197
2078
220
198
221
198
2002
217
201
203
230
2103
198
233
187
218
2021
199
217
218
199
2096
186
220
216
219
2054
200
210
227
200
1996
202
213
213
220
2095
184
221
219
202
1989
218
208
219
201
1996
234
215
215
199
2091
195
222
198
221
2058
184
209
224
202
2054
216
199
241
188
1947
202
197
212
223
2140
185
230
196
217
2031
194
244
185
230
1950
207
235
190
219
2083
198
217
212
227
2006
208
195
225
190
2057
215
211
216
197
2120
188
196
217
201
2089
218
196
220
199
1991
191
222
208
212
2150
202
211
222
199
2051
183
238
197
211
2100
223
196
206
231
1981
205
221
193
209
2012
223
201
230
193
2095
201
220
196
214
2041
193
222
218
196
2034
217
198
200
223
2038
204
209
196
225
2013
191
225
211
211
2033
201
219
214
217
2080
195
220
210
215
2027
220
201
209
216
2040
190
208
211
231
2059
202
197
219
228
2017
199
204
218
199
2157
184
235
198
221
2091
192
216
215
200
2021
197
210
213
200
2019
214
200
224
196
1996
203
198
210
223
2071
185
228
189
212
2051
219
192
207
225
2072
202
221
195
210
2041
183
203
213
198
2053
188
210
232
198
2040
218
196
218
201
1927
210
202
215
197
2111
199
220
204
238
2023
212
198
242
186
2076
186
238
192
209
2055
183
223
195
209
2004
188
219
213
211
2079
216
212
201
243
2035
192
207
217
195
2096
208
185
208
226
2022
192
210
224
200
2037
217
210
224
202
2080
199
299
200
225
2059
198
222
211
207
2031
200
226
200
217
2073
200
227
187
217
2072
198
211
222
203
2015
218
220
199
227
2061
186
235
189
220
2059
196
209
224
188
2020
201
198
219
227
2049
199
209
216
229
2106
189
224
219
218
2165
194
209
211
218
2164
205
200
212
219
2017
184
232
201
222
2000
204
212
189
217
2174
202
228
207
225
2087
201
221
213
220
2054
218
206
219
213
2089
220
191
216
215
2098
222
187
211
220
2066
212
214
197
215
2121
210
211
213
225
2038
211
202
221
231
2023
201
219
199
209
4992
214
209
208
214
2072
204
212
214
195
2090
185
229
185
214
2076
213
208
209
206
2031
184
223
210
217
3428
216
227
219
225
2685
231
214
221
248
2553
242
225
211
228
2393
192
185
183
208
1985
193
222
199
183
1982
185
184
188
221
2026
199
226
185
210
2118
188
193
218
200
2053
240
184
210
212
2045
183
229
189
210
2106
186
206
217
200
2133
184
210
229
182
2077
185
209
228
200
2040
186
209
244
185
2088
182
211
223
197
2068
187
199
215
208
2114
187
235
201
209
2051
213
197
210
225
2045
188
223
199
216
2050
223
189
215
225
2048
186
229
186
209
2067
190
212
215
206
2125
208
195
220
201
2039
197
200
211
195
2067
203
220
198
216
2103
199
217
203
215
2000
213
215
209
185
2046
209
210
209
191
2055
213
198
216
193
1975
215
213
217
196
2001
186
212
204
213
2125
189
214
283
199
1990
192
211
217
205
2152
195
199
223
204
2061
229
199
239
188
2075
221
191
219
208
2042
201
220
199
211
2044
195
217
216
194
2096
200
214
213
216
2023
197
223
184
210
2173
186
223
216
203
2045
195
208
224
196
2214
190
203
223
203
2043
226
204
227
189
2028
226
201
206
216
2087
203
226
200
212
2050
188
236
189
215
2019
188
216
205
212
2049
184
226
207
215
2080
187
212
214
197
2085
193
224
184
213
2083
191
203
215
221
2041
231
198
209
229
2062
186
213
241
203
2077
210
187
207
238
2002
186
208
224
196
2037
211
203
218
211
2106
194
223
191
203
2089
217
182
207
217
2056
199
203
219
194
2043
220
197
219
199
2053
198
226
195
222
2031
194
216
201
225
2044
204
221
199
196
2118
180
215
194
195
2131
197
236
185
207
2024
202
203
215
196
2030
213
198
215
202
2154
186
227
219
204
2079
200
216
236
186
1940
212
198
216
202
2114
189
223
211
199
2033
225
216
221
215
2065
208
241
189
211
2174
195
200
232
193
2155
225
199
211
234
2123
193
226
200
222
2064
198
232
185
215
2042
198
233
190
224
2022
198
216
211
227
2004
199
199
225
189
2146
213
214
220
192
2082
207
197
213
227
2208
189
226
204
208
2128
192
214
226
204
5218
215
201
221
191
2048
210
199
220
197
2051
209
199
217
222
2070
184
219
187
210
2022
189
210
214
196
1995
195
211
220
200
2049
196
208
219
195
2066
216
217
219
198
2042
213
198
235
185
2100
224
185
222
233
2069
187
228
190
208
2104
182
210
221
197
2138
227
200
228
183
2047
210
211
232
189
2022
213
199
215
210
2061
221
196
209
224
2117
199
198
224
201
2045
207
204
201
235
2162
199
218
203
224
2145
199
215
220
184
2042
216
218
222
205
2067
217
208
218
200
2068
216
216
223
199
2088
200
208
209
220
2031
186
213
228
199
2122
184
227
198
208
2089
195
197
225
199
2058
196
229
196
223
2134
196
197
244
183
2045
214
197
217
217
2113
199
208
207
219
1998
196
218
219
219
2159
188
208
210
220
2012
203
202
209
227
2102
187
233
202
227
2037
198
216
198
201
2146
203
221
196
207
2116
197
219
197
223
2099
198
207
212
223
2072
193
219
216
214
2096
196
217
213
215
2046
196
221
209
221
2073
207
197
220
211
2101
214
186
232
209
2119
201
234
195
231
2043
198
214
225
185
2045
187
253
195
211
2080
191
248
187
214
2136
213
183
234
215
2025
217
202
217
212
2094
189
227
192
214
2081
221
211
212
225
2048
201
232
188
217
2057
198
197
223
187
2081
203
196
215
214
2088
208
211
212
197
2122
227
196
212
217
2026
229
197
212
224
2084
198
196
207
224
2085
196
214
223
185
2070
184
227
199
224
2051
216
210
223
197
2113
201
223
197
216
2101
194
210
224
199
1971
207
190
210
235
2159
202
212
210
229
2118
198
230
201
224
2206
202
219
198
218
2046
198
226
201
237
2073
198
207
228
190
2158
188
231
199
214
2042
213
195
214
221
2111
188
212
235
190
2010
198
217
199
210
2105
206
189
235
198
2048
185
236
187
212
2068
239
197
216
226
2173
193
210
229
202
2050
208
187
209
230
2048
197
216
218
208
2040
229
202
223
201
2121
230
201
204
221
2107
201
231
198
227
2095
202
220
198
216
2132
