0.3786757904229122
0.3797276787809412
0.37590477111627774
0.37491091107898705
0.37370300295335657
0.3738873283869254
0.37365629467188266
0.37358562319223776
0.37482297152382604
0.37493732342726954
0.3752980348495198
0.37500445989013576
0.37426283882438977
0.3741515367071723
0.3746394553693881
0.37414230371441753
0.37412665414885254
0.37406885549581886
0.3739441737659446
0.3740192402435001
0.3743001015650879
0.37411071553745456
0.3743065022914171
0.37436781987997414
0.3746470931093357
0.37466782468054083
0.3744577886094164
0.37435024777951276
0.37432112507922505
0.37427756532823764
0.3742250907581472
0.37440274618922037
0.3743956536776983
0.3742386576112797
0.37406211600556744
0.3739873061021342
0.3738208861774852
0.37353122929701327
0.3735226025495134
0.37352986968189233
0.37332660784179317
0.37314320332524187
0.3730931784553557
0.3731696941878831
0.37300774452733265
0.3728620071290352
0.3728783037249042
0.3729798152713769
0.3730280202698025
0.373002364460898
0.3730179706119556
0.3728776046163027
0.37286561470574076
0.3727956044976249
0.3726968734883152
0.37265861416252627
0.3726669198840141
0.37286753847937304
0.37290781655145105
0.3729554053008718
0.37285564853186026
0.37281480728277705
0.3727906360382639
0.37262561236008973
0.37250650984725375
0.3724414731806855
0.3724158429054783
0.37245146743281415
0.37236569175662027
0.37231560100288547
0.3722974733704202
0.3722917551677157
0.3722416028731207
0.37222299140971243
0.3722129834341802
0.37214715146250094
0.37213474420736087
0.37203525663242026
0.37195877960922413
0.3719289250152337
0.37202909086650415
0.3719598252096235
0.37182997595796174
0.37170985189493694
0.3716756358959128
0.37175198294408357
0.371668521562338
0.37152403017344543
0.3714885665662419
0.3714159837816935
0.37137855004568104
0.3712419140775585
0.3712239615209322
0.37127189125361215
0.37133392010181737
0.3712602761904521
0.37112834552801394
0.3710089491617328
0.3710010635744294
0.37101177134008057
0.3709812849384272
0.37091302578401586
0.3708195748635859
0.3707998916205075
0.3707543757464061
0.3707369010587083
0.37066769406502603
0.370624189928166
0.3706315642824401
0.3706445459203599
0.3707021069735408
0.37073001832678204
0.37071272328728005
0.3707014276565444
0.370763035280158
0.37077718694612843
0.37086010751421655
0.37087400288632955
0.3708209147160276
0.37082813747514304
0.37079997076758037
0.3707667551998876
0.3707119403596575
0.3706451928735875
0.3706577821160064
0.37061315769077025
0.37069199205602776
0.370669210094709
0.37060184065292767
0.370619338419108
0.37065035603683205
0.37062202127322885
0.370594396658923
0.3705192840894388
0.3703900359662404
0.3703608100333324
0.3703643607181358
0.37037782268190744
0.370378605751212
0.37035752068988465
0.3703577566134164
0.3703489359118563
0.3702873416503081
0.3701921800829709
0.37017712139756076
0.3701197525792594
0.37007301056376884
0.3701021191025142
0.37007369685569597
0.37004045892610765
0.3700623515735531
0.3700249692770964
0.3700002672902806
0.3699946240795015
0.3699500585686446
0.369940813541452
0.3698957615177755
0.36979143375453855
0.3698014465007831
0.3697841941060328
0.369725292730264
0.36971350656803803
0.36973807752473137
0.3697152325330575
0.3696568606949575
0.3695716050169396
0.36957551894727464
0.3696046959530029
0.36960213497263167
0.3695983155769283
0.36953155363802653
0.36952961393056666
0.36955520734267855
0.369565690907975
0.36955377982261206
0.36957945102193174
0.36954944077787855
0.3695483830803669
0.3695084253763571
0.3695607186673266
0.3695404345245847
0.3695015411337665
0.3694641255546709
0.36950237768432587
0.36949470653996574
0.36946484892893927
0.36950928266979616
0.3694987036876493
0.3694807287369235
0.3694768452639068
0.369480834639038
0.36946574847439073
0.3694710599614086
0.3694646550861567
0.36948875052691604
0.3694496202667745
0.3694193743262246
0.36945427169963263
0.36944055139512344
0.36938169304820123
0.3693231111670295
0.3692681286301449
0.36922038591111433
0.36915672002769057
0.36912855809456696
0.3691042432509503
0.3691102464258043
0.3691159488799383
0.36916981152287504
0.36917418168372435
0.369165048989911
0.3691907063506845
0.3692113512852606
0.36923177966838566
0.36923753775495033
0.36920007828053314
0.36917490876305453
0.36913552860572213
0.3691496553056364
0.36916179514169556
0.3691138749073985
0.3691122145799484
0.36912142657304503
0.3691316668119917
0.36914497437871946
0.3691439828916527
0.3691609896050746
0.3691490420353256
0.3691007748285714
0.3690845952833966
0.36907174215312727
0.36903656842304217
0.36905221027705754
0.36905040805027844
0.36906348277345785
0.36904234296650673
0.36901800447538413
0.3689835250695446
0.3689436368196009
0.36893053663854636
0.368924072814766
0.36888577752774726
0.36887058875057777
0.3688890224632779
0.3688646864531952
0.36884608551713655
0.36880390893149245
0.3687795625097269
0.36877360229145845
0.36874731415724477
0.368724961164343
0.3687437746261772
0.36871769469099847
0.36865407404887995
0.36866981047954756
0.36870906165093303
0.36867773517420505
0.36866676213801075
0.36864742220931357
0.36861990222178037
0.36861079798818375
0.36861860504934313
0.36862333118764545
0.3685877923157732
0.3685662005789657
0.36852433562219394
0.3685107551117902
0.36849428828090647
0.3684903291555965
0.3685415840753149
0.36853061784590424
0.36851730246381414
0.3684800017789754
0.36848629582169695
0.3685075053267851
0.36852039275767795
0.36849561699653566
0.3685074135461225
0.368524903304416
0.36853036098515934
0.36854695982139385
0.36854197124212096
0.36854445373792255
0.3685373566018503
0.3685247620068206
0.36853029882836136
0.36853638558104784
0.36853999612104993
0.36856537455148797
0.3685804560504859
0.36859802951185633
0.3685743524539899
0.36855219998960453
0.3685472404554569
0.36853402393699497
0.36855253220241485
0.36854782745872416
0.3685364767373541
0.3685392442304595
0.36854899380054296
0.36854819805443556
0.3685415130715393
0.36852413530771355
0.3685022009021948
0.36847949246758727
0.36846625075029066
0.36844981516017317
0.36841230175069345
0.3684174797774608
0.3684262767480416
0.3684083999803399
0.3684050477310929
0.36837909112671724
0.36837303859669274
0.36836777414836
0.36835137396347284
0.36835692481221793
0.3683531971745099
0.368385096794256
0.36839018921987876
0.36839641353438146
0.36839063541166983
0.36838174156694453
0.3683698332912069
0.3683558001038337
0.3683876664618599
0.36838819990199584
0.3683826841656447
0.36838526034929797
0.36838228543108437
0.36836420921530033
0.36835079668010506
0.3683395733128205
0.368334255176494
0.36835613116137156
0.3683661237166323
0.3683492277001931
0.368324082837667
0.36833351127298897
0.36831455552832393
0.36828007852016204
0.3682821807751585
0.3682805082100582
0.3682721183005231
0.3682557675001604
0.3682315905993169
0.36825231544138415
0.36825636956410374
0.36825780443669187
0.36826303569380703
0.3682400854919853
0.3682375563428187
0.3682333928871015
0.36822536009207024
0.3682239178550178
0.36820610476558463
0.36819786723667447
0.36821462102289726
0.3682412987045754
0.36825855862876106
0.3682638633464809
0.3682703003849591
0.36826554520542193
0.3682680939158921
0.3682953024786743
0.36830998060445974
0.3682978356499033
0.36829753297591067
0.36829869175151536
0.368304949583
0.368308807177985
0.36827326462012633
0.36825854550350484
0.3682521719024564
0.3682289589277407
0.3681944223861563
0.368150524825378
0.36815077062515034
0.3681433826576132
0.368135821206513
0.36815266025624255
0.36816583338354497
0.36818275236637427
0.36817493593311296
0.36818216866562237
0.3681630880540217
0.3681700324175235
0.36820285601079955
0.3682209707783574
0.36820408615618283
0.3681922252501989
0.3681859846861675
0.36818117181403204
0.3681703439796804
0.36818186113731693
0.368172952795213
0.36814128686148895
0.3681424849655067
0.3681269886650615
0.36810113865209104
0.3680783160650442
0.36806121110187257
0.36805513082191166
0.3680474364173164
0.3680471961166254
0.3680437202090416
0.3680446032300585
0.3680391630763951
0.3680348742256145
0.36800129388981445
0.367994538808839
0.36800911272010245
0.36801285139308326
0.36802293562891547
0.3680119664143887
0.368009486814153
0.36800711582705165
0.36801719499764746
0.36801396027399974
0.3680171019353364
0.36801744014711346
0.36802831808870157
0.36802311665500675
0.368032422924126
0.36804391759530675
0.36804244625202037
0.3680417228788008
0.3680328945183361
0.36802548325290657
0.3680048332105365
0.3680044916244841
0.36800160007892485
0.3680094123044916
0.368000878842524
0.36797595813532863
0.3679707212595175
0.36794644594318004
0.3679329375068211
0.367909745976172
0.3679140660389432
0.36791491136879617
0.3679045191904721
0.3678938879915812
0.3678858012272345
0.3678952655009215
0.3678717101963556
0.36787298395939455
0.3678637986534748
0.36785736618870235
0.3678485633553029
0.3678469315791151
0.36783418538799717
0.3678140104257237
0.3678213437033632
0.3678185963717679
0.3678060278009144
0.3678203561959054
0.36782743371522025
0.36782077269554314
0.367793909617765
0.3677796018586975
0.3677638018078138
0.3677604179781503
0.36775334949080957
0.3677529404792252
0.36775938227663124
0.36776593362690246
0.367756444215423
0.36777069943603774
0.3677772143775251
0.3677893187554106
0.36779731560402246
0.36778982690273754
0.36778905456292205
0.36779075632017916
0.3677955914024722
0.367788248280223
0.367783459756121
0.36778658156503014
0.3677804010133255
0.36779078966437334
0.3678023385172966
0.3678104037069083
0.3678142791281645
0.36781245404356877
0.3678122970203223
0.36779935032396005
0.3678066521969706
0.36781326549670523
0.3678273715507601
0.36783230614950496
0.36783943738388625
0.3678707631718766
0.36788542477798486
0.3678914441624954
0.3679216560933686
0.3679329010081843
0.367938588915308
0.3679394646405237
0.3679103973956157
0.3678997886609383
0.3679059010095108
0.3679049104483825
0.367905606251538
0.3678971870447312
0.3678678681145997
0.36784816956212546
0.36784220058502787
0.3678465080126205
0.36785365577465723
0.36785664782087896
0.3678594593088705
0.36786457784778337
0.3678652027802195
0.3678769452552859
0.3678747995576508
0.3678641026670972
0.36785620929250085
0.36785927910142013
0.367870061866738
0.36786126172906297
0.3678571884447247
0.36785545496334837
0.36785739876277307
0.3678642708553057
0.3678645995189329
0.3678645343281561
0.36786693840986817
0.3678898840356798
0.3678802004544031
0.3678759608599771
0.3678988224213767
0.3678957341480139
0.36787766992437987
0.36789354545089387
0.36788019400167016
0.3678749591604807
0.3678726754142117
0.3678708548655333
0.3678646242744083
0.3678587424684859
0.36785977944356935
0.3678440172895717
0.3678445520696265
0.36785342175136104
0.3678619577154804
0.3678533396867469
0.3678523251600458
0.3678512356870977
0.3678561609141715
0.36786487614340807
0.36787800085575756
0.367871957924209
0.36786899693675135
0.3678708570778185
0.36787589479317817
0.36788293067065153
0.36789831334362266
0.36788289449864364
0.36788498794951313
0.3678869143279962
0.3678861975316988
0.3678747524685409
0.3678779804618165
0.3678810813459758
0.36787359797553176
0.36787360238192035
0.36787294919700164
0.3678650239311309
0.36786044919399463
0.3678571754094976
0.3678655957651785
0.3678786094872806
0.367893222002767
0.3679092768506354
0.36792656320279105
0.3679536343115371
0.3679592357569765
0.36793155236759617
0.367926330840788
0.3679360337079586
0.3679350331458527
0.36793301480153917
0.36793098099378546
0.36793262537782634
0.3679308241821963
0.3679402299569687
0.36795108269930726
0.36795094217369256
0.3679510306519201
0.367958505980696
0.3679598062512298
0.36797407503614343
0.3679636834367815
0.3679670999398551
0.3679647898673133
0.3679574379354467
0.36795525797613726
0.367970703064113
0.3679612855718528
0.3679514942574188
0.36794723496320614
0.36794570427255746
0.36795473058720674
0.3679716335494849
0.3679782596166874
0.3679678418066812
0.36796261343606884
0.3679544254990657
0.367949818629781
0.3679424150084895
0.36794546858635396
0.36793822490407757
0.36792885319717233
0.3679276130142021
0.36791667393331984
0.36789897956882117
0.367879622151259
0.3678748394846959
0.3678673528833281
0.3678557945144804
0.3678611532251587
0.3678708441563417
0.3678807658870726
0.3678955513347695
0.36789894652709854
0.36789888369444723
0.3678991017073397
0.36789183152774974
0.36789572252181635
0.3679081002182532
0.36791592429436143
0.367918124934177
0.3679031009966804
0.36789165867212814
0.3678929756483276
0.3678956589432619
0.36789626183987667
0.36789247972576383
0.36789999933677997
0.3678862762513356
0.3678930719825556
0.36789532216095916
0.367874839385588
0.36786519615509833
0.36786414645683
0.36787350721605677
0.36788750126682024
0.3678841686278091
0.3678768399075039
0.36788992537489884
0.36789251856625893
0.36788365547865026
0.3678832665848198
0.367883421240803
0.3678879997173663
0.36789107191848813
0.36789322730794205
0.3679030719558432
0.3678996285305382
0.3679069009133986
0.3679217877819284
0.3679204512322408
0.36791901408452327
0.36792040500335155
0.3679164310958801
0.36791879647007936
0.36794518970649465
0.3679506692725209
0.36795480932147756
0.36796848757203116
0.36796533098740963
0.367968558711962
0.3679707498153653
0.3679574952626975
0.3679427801788042
0.367947623592848
0.36795124602284063
0.3679394127330004
0.3679410344629298
0.3679334304919025
0.3679139045346965
0.36790078249193786
0.36791224570110537
0.36790932388032277
0.36791655593721484
0.36792205279457924
0.36791231264924656
0.3679055911897244
0.3678910639480455
0.367882440645936
0.3678904301736794
0.36789765406942976
0.3678978760878791
0.36789173773164513
0.36788565217535385
0.36789368491627367
0.3678926582276378
0.3678993508695473
0.3678956348681831
0.36790148827792657
0.3678847105117345
0.3678775365567669
0.36786652498523337
0.3678722144879992
0.36787158858433594
0.36787083586672464
0.3678685621953739
0.3678658750211849
0.3678617086152029
0.36786242808135283
0.3678742136056332
0.36787708689437476
0.3678605543424217
0.36785835309162895
0.3678524793907677
0.36784785331490366
0.36784557857627725
0.36783656026513395
0.36783268706260136
0.367839702045035
0.36785005066755316
0.36785624630544184
0.36784892441954226
0.36784501160770244
0.3678477186327995
0.3678650918970299
0.36786740304677507
0.3678649935134137
0.36786446610365936
0.3678590350946298
0.367861725266655
0.3678631978688456
0.3678608412626064
0.3678646092981344
0.3678669465870705
0.3678681515593793
0.36787817021382163
0.3678743744349838
0.3678764581350135
0.3678789370718413
0.3678767935226614
0.367874596316871
0.36786636764137354
0.36787635256097545
0.3678834907632577
0.3678923186698377
0.3678846892049084
0.3678863544626268
0.3678887563452708
0.36788585356141196
0.36788760523731895
0.36789098478486815
0.36789200115542114
0.3678931990556852
0.36788956481212576
0.3678860087684531
0.36790014109728386
0.3679078022234018
0.36791098425306495
0.3678994940365388
0.36789684957506397
0.3679094801558308
0.3679140372589209
0.3679165327585147
0.3679088831758039
0.3679091433665532
0.367917660246274
0.36791590583028355
0.36792073898058236
0.36792553103237563
0.3679381152374526
0.36795387784945255
0.36795312880888936
0.3679520532427171
0.3679622734543042
0.36796407435464684
0.3679665248745587
0.36795902454414775
0.36795623189212884
0.3679555525682517
0.3679521851442336
0.3679507584397539
0.36795044838714314
0.36795019688203423
0.36794722625655546
0.3679488795912018
0.3679514551809046
0.36795590399397565
0.36796460665910247
0.36795911172169893
0.3679527210655987
0.3679514724930975
0.3679438974616776
0.3679405816283199
0.367945966698138
0.3679441997218254
0.3679330090107794
0.36793635463213176
0.3679436175428147
0.3679358359416465
0.3679348126731252
0.3679301538693841
0.36792855577575095
0.36792252193525743
0.36791243754204467
0.36791154194335146
0.36791108007219037
0.3679123946965231
0.3679028456862527
0.3678890864790277
0.36789229766753906
0.3679017276382182
0.36790581515669246
0.36791658992682047
0.3679164278337481
0.3678990797271863
0.3678902240515774
0.3678912092097477
0.3678878652729927
0.3678908125852155
0.3678879357144421
0.3678930752292013
0.3679028752552992
0.36790520917347885
0.3678943821396423
0.3678911525700047
0.3678988059422153
0.3679030934429603
0.36790423196194166
0.36790124860244594
0.36790045076913064
0.36789918971586644
0.3678984371605509
0.3678970488799921
0.3678959653755499
0.3678969347742229
0.3678913467394903
0.3678951340972911
0.3678990013207828
0.3679045295750921
0.3678944391389544
0.3678898292767434
0.3678883272616363
0.36788829419829644
0.3678907727972456
0.3678989648576251
0.3678943452027733
0.3678915193739131
0.3678887376779841
0.36788006971420445
0.3678905642037953
0.3678897196115608
0.3678914461550934
0.3678981201101699
0.3678998112790802
0.3679023749124524
0.36790604403118976
0.36789885355895946
0.36790071153330883
0.36790092537289865
0.36789774407031595
0.36789462074663354
0.3678918514326016
0.3678965595338605
0.3679046695914289
0.36790292896929855
0.36790117032874586
0.36788945953785135
0.36788353346384706
0.36787401655226204
0.36787747993977393
0.3678752055629317
0.3678774227482402
0.36788709370711875
0.3678929318522007
0.3679042353490185
0.36789945817615527
0.3679133490542959
0.36791824539565177
0.367915290788422
0.36791327569182164
0.3679260071890504
0.36792691191857013
0.3679359520825197
0.3679354797399127
0.3679477144663797
0.3679536046527355
0.36795035603117754
0.36796431755919456
0.3679698794971232
0.36797480626683415
0.3679674079143712
0.36798219239246877
0.3679832039986787
0.36798011691980664
0.36799244637817263
0.3679998185912938
0.3679976548136343
0.36799347294677154
0.3679861311154981
0.36798612067472863
0.3679924683516054
0.36798618561960983
0.3679876794104618
0.36799581696873895
0.3680016313146973
0.36799653100859675
0.3679946528718037
0.36799413579858953
0.36800677527303094
0.36800831875786394
0.3680026370028312
0.3680009825025852
0.3679941399190841
0.367996562461124
0.36799424555858196
0.36800911310917983
0.3680230925607351
0.3680350013044764
0.3680402041194857
0.36805192093686356
0.36805541376873624
0.36806420335083595
0.36807238620602406
0.3680805543361805
0.36810023814163295
0.3681141784467294
0.3681323266283362
0.3681401903892465
0.3681437817850022
0.36815401924661195
0.36815997300506736
0.368177731107961
0.3681773860842819
0.36818934999070807
0.3681928362110587
0.3681932103286832
0.3681989316013614
0.36820685509142204
0.36821723515928406
0.3682187296995204
0.3682198714050126
0.36823744097309985
0.36824375099867873
0.36824847808254535
0.36825547044525464
0.36825171628876546
0.36826420157182826
0.36826035528246276
0.3682581115819868
0.3682522964068752
0.3682441599886469
0.3682489736729874
0.36825158313041173
0.36825091668179616
0.3682531473890862
0.36824600505691274
0.3682439036536723
0.3682394261259205
0.3682406806189454
0.36823809239610966
0.3682390013181086
0.36823626848673274
0.3682394817966462
0.3682466482045138
0.36825105093447796
0.36825781931179974
0.36826838210811425
0.3682681485193711
0.3682574543073514
0.36825912507003966
0.3682618756091618
0.3682644979680135
0.3682657036066214
0.3682600307281665
0.36825126720863643
0.3682445426956694
0.36823959690894664
0.36824263942464736
0.36823958883025354
0.3682426293977707
0.36824636276640416
0.3682444768264092
0.36823763145136
0.36823297128659216
0.36823654054596733
0.3682349337507724
0.3682320116114693
0.36822678748999327
0.36822430303060205
0.3682322164774745
0.36823051273110113
0.3682288670590736
0.36823874564929904
0.36824155479562143
0.3682397711162662
0.36823365018562326
0.3682314242635384
0.36823081372708427
0.3682355264115259
0.36822736812512635
0.3682242137515017
0.36822020949439144
0.368218724117855
0.36822245031975803
0.36822355695166714
0.3682261979825359
0.36823067276236426
0.36823520536133014
0.36823768630956316
0.368242856920292
0.36825020599950176
0.3682512830856396
0.36824394429185797
0.36824661745037235
0.36825458819858237
0.36825857434961295
0.36825848275848144
0.36826501295091785
0.3682718253098889
0.36826805140488594
0.36826227625992314
0.3682536916919574
0.36825714911476115
0.36825582079212227
0.3682605967757657
0.36825922247030324
0.3682594034167191
0.3682613198275369
0.3682563236042267
0.3682527264309955
0.3682468891257459
0.3682475954146428
0.36825445842462384
0.36825750681885144
0.3682641009077922
0.3682680996800059
0.36827594976907535
0.3682732386727262
0.3682722253058308
0.368281095000307
0.3682897506707585
0.368294232049282
0.36830055532081246
0.36830749407739766
0.3682945852723247
0.3682883673713145
0.3682856524369702
0.3682765422582038
0.3682768459700427
0.3682842929338489
0.3682797270463202
0.3682744541468587
0.3682693644159809
0.36827632490763473
0.36827783732362873
0.36827845212136956
0.3682749862580447
0.3682792444709414
0.3682818845810638
0.3682799711610939
0.368277499541433
0.36827689361825683
0.36826997282004437
0.3682661204614133
0.36825591750496767
0.36825584839274217
0.3682532688800913
0.3682449953315091
0.36824329953228996
0.3682460021940615
0.36824972294028135
0.36825842062456426
0.36825228992461034
0.3682482911266672
0.3682438101346828
0.36823887882174167
0.36823212531362076
0.3682312497126117
0.36823490179102103
0.3682286267697369
0.3682330077158424
0.3682348054315186
0.36823219452708955
0.3682337811133549
0.3682332171010509
0.36823152805616965
0.36822788207719354
0.3682205598135388
0.36822271210391455
0.36822128888450606
0.36822206452476847
0.36822336136700495
0.36822448754681875
0.36821846179908274
0.36821355590388644
0.3682132231153259
0.3682134816777521
0.36821057225275233
0.3682091232693332
0.36820700421990094
0.36819768249609336
0.36819095472123803
0.3681813608642923
0.36817480361809707
0.3681718596647729
0.36817070750270436
0.3681626574491143
0.3681578340535334
0.3681611208035969
0.3681621572228677
0.36816051424538365
0.3681519730687084
0.3681587851377179
0.36816091352203456
0.36815313005367706
0.3681566288565504
0.36815644084037735
0.3681539635364675
0.36815037916824866
0.3681487132330905
0.3681448639287425
0.36814345170798884
0.3681508645920672
0.3681488539362678
0.36813574294945856
0.3681291934551109
0.36812687395940125
0.3681183739554892
0.36811709645785384
0.3681174537267285
0.36811608099309545
0.3681129984529171
0.3681219350633506
0.3681318663204585
0.36813522089334316
0.368133190829829
0.3681406279501972
0.3681444426283
0.36814393704910525
0.3681445187811428
0.3681471674864816
0.3681482710258999
0.36814077862310735
0.3681398264437712
0.3681415464330983
0.3681430335345559
0.3681430094909584
0.36815047971196263
0.36814821691801497
0.3681478973570203
0.36814253663670954
0.3681441137695714
0.3681472234401957
0.36814837315172305
0.3681456280200122
0.3681517590794864
0.36814851957823475
0.36814450697806667
0.36814201447643086
0.3681342495478148
0.36813545067025394
0.3681291093479376
0.3681298158263217
0.3681227286404064
0.36812685984790355
0.36813099184675807
0.36814145770231294
0.3681488138131357
0.36815073464986436
0.3681492433018072
0.3681479229780352
0.36814886223672966
0.36814801973129985
0.3681464839518206
0.3681511164311645
0.36815008524404325
0.36814711135810596
0.3681413613398049
0.36813291227041234
0.3681258122828782
0.3681163933873389
0.36811435701919243
0.3681128317867192
0.36811271960573244
0.36811060013242286
0.3681136799099831
0.36811685136865563
0.36810711581624034
0.3680954702225051
0.3680905703443218
0.36809539210310555
0.3680955433027387
0.368098321843966
0.3680916910353477
0.3680987035106976
0.3680994387513185
0.36810523281815744
0.3681105295572521
0.3681102436976233
0.3681181755169911
0.3681220527502252
0.36812922088990924
0.36812894473050123
0.3681177190137724
0.36810746496809865
0.36810694160823565
0.36810016852251315
0.3681048554496145
0.36810462746069345
0.36809832479117766
0.36809911781273097
0.3680919189347228
0.36808657056108246
0.36808127552125824
0.36807259367559836
0.3680663602736023
0.3680688265491081
0.36807649024719913
0.368080595651516
0.36808137134187446
0.3680776496389589
0.3680738288155389
0.3680706834690881
0.3680723370430405
0.3680738522595217
0.36807028473877607
0.36807150597490973
0.368070154333958
0.36807366106851
0.36807932690829265
0.36808640413972793
0.3680799635200247
0.36808072079280024
0.3680786514283661
0.36807596578282487
0.3680748764407266
0.36807061890551973
0.36805731223993327
0.36805424900364636
0.3680544791318177
0.36805201510354196
0.3680567414129117
0.36805657190841995
0.3680508718532982
0.36805254085277406
0.36805178046401915
0.36804698583907297
0.3680437208201322
0.36804444042244594
0.36803696464695895
0.36803417746955897
0.3680336058261458
0.36802738164887844
0.36803325140596704
0.3680328763297163
0.3680293838592646
0.3680280420221939
0.36803109683187896
0.3680299592194279
0.3680291671576548
0.3680285629007564
0.36803286518945233
0.36803425292511194
0.3680347391067202
0.36803660110222064
0.3680390255163905
0.3680505721520771
0.3680515358772045
0.3680473431889384
0.3680427216666002
0.3680377452254149
0.3680316967768612
0.3680317016115508
0.3680317727692186
0.3680316042592013
0.3680273838944465
0.36803134101207796
0.36802891400160576
0.36802168596844753
0.36802489139319394
0.3680226640405585
0.36802178368106125
0.3680227224389854
0.3680283039392564
0.3680215476175069
0.3680140584891085
0.3680137294721953
0.3680176963506207
0.3680184417008402
0.3680190337901918
0.3680191699121768
0.3680201205397053
0.36802264227297565
0.3680193757483712
0.3680170805656814
0.3680181853038026
0.3680168980898638
0.3680269840668863
0.36802400309776284
0.36802920535004857
0.36803336087816746
0.36803715055252895
0.3680376053275846
0.3680305487517412
0.36802633223725695
0.3680318645632051
0.3680277306119006
0.36802498700689845
0.3680257178504691
0.3680223272738032
0.36802522229463785
0.36802622302687477
0.3680314196333712
0.3680387680063416
0.36804680612890217
0.36804650393425214
0.36804833920915897
0.36805018494456476
0.3680546751395257
0.36806029553324976
0.3680663146213782
0.3680692003472634
0.3680781031195494
0.36808097926416133
0.36808220055923246
0.36808409943517456
0.36808129388368066
0.36808976656652753
0.3680913681251135
0.3680925192688112
0.36808950580098365
0.3680915569231168
0.36809810142727367
0.3681052932028343
0.36811486096601753
0.36812082899562987
0.36812620522218337
0.3681348800555066
0.36814186722122066
0.36814706805944375
0.36814744260188514
0.36814724507648705
0.36814765412202
0.3681538556416883
0.3681502352211796
0.3681534700300041
0.36815364967386366
0.3681566611939807
0.36816428199682344
0.3681654706650905
0.3681696702781942
0.3681786126750212
0.3681837428667821
0.36818993894056923
0.36818844872986195
0.36819170365053505
0.368191118811874
0.3681879524319446
0.3681891933190425
0.36819510375569514
0.3682010172028982
0.3682055539479719
0.36820229440673424
0.3682011418494414
0.3681952352711748
0.3682033533143158
0.36820108391272094
0.36819876194812073
0.3682000184240869
0.3682002539306192
0.3681993960104764
0.36819272205771164
0.368186506512625
0.36818552072480704
0.36818698073958334
0.3681822184490858
0.3681841669322722
0.36818755709744644
0.3681865024649092
0.3681846724971933
0.3681814789370578
0.36818557923573153
0.3681883615418914
0.3681880928894828
0.36818776796222497
0.3681858608294194
0.36818707917333476
0.3681898860542299
0.36818808798964586
0.36818861475234704
0.3681843289992289
0.36818399217055714
0.3681843418569911
0.36817657524572545
0.36817790334014905
0.3681863892288202
0.36819040745541237
0.3681930906836818
0.36819940887580266
0.3682063424662224
0.36821160460208024
0.3682082207737737
0.36820968824906014
0.3682150366932278
0.3682172323405354
0.3682182161118871
0.3682129714078758
0.3682152372130608
0.3682181182096763
0.3682169720705178
0.36822044817829325
0.3682284688898613
0.3682318070004923
0.3682266596444929
0.3682244621385895
0.36822091887885194
0.3682160526235424
0.36821949598168574
0.3682236050229865
0.3682239669609888
0.36822171361900946
0.3682237996956814
0.3682231514579571
0.36821552747132547
0.36821369738995496
0.36821213215532944
0.36821371435535777
0.36821347906442703
0.3682037772269372
0.36821347531378656
0.3682178769030697
0.36822320624271926
0.3682231754815067
0.3682269012565894
0.36822434079295463
0.36823208575598754
0.36822921369935435
0.36822718693968615
0.3682306445330356
0.3682318111917632
0.36823401578185266
0.36822994885778354
0.3682286128607595
0.3682351148165317
0.36823617355935917
0.3682398546980755
0.3682374788434937
0.3682356331478271
0.3682379030273014
0.3682484446394767
0.3682449071691574
0.36824961540666007
0.36825257387072907
0.36825016396799504
0.3682470855110379
0.3682485006455614
0.36824986539718113
0.3682514665479609
0.36825335455920105
0.3682547878381755
0.3682570922474697
0.3682536941284497
0.3682612169908566
0.3682686409067805
0.36827120512348505
0.36826856236865885
0.36827243732543813
0.3682737357115774
0.36826523180639864
0.3682628243342522
0.3682632298116014
0.36827151889923726
0.3682787772925972
0.3682763763780978
0.3682819666921454
0.36827762769264666
0.3682827818073133
0.36828638951053205
0.36828195468435393
0.3682792006301593
0.3682811686960015
0.3682852955079915
0.368290160523835
0.3682949023518023
0.36829721875887234
0.3682982067539857
0.36830420712048373
0.36830330764318714
0.3683045592981802
0.3683033517133692
0.3683036697954984
0.3683091550861292
0.3683076309070068
0.36830099770523667
0.3683044094027765
0.3683009709983247
0.36830388997108526
0.3683036412345031
0.3683095614386435
0.3683158285019272
0.36832407345339946
0.36832623962420996
0.3683225191478736
0.3683174866576269
0.36832094382344477
0.3683225526445454
0.36831531084932195
0.3683122435447162
0.3683131941714545
0.36831785217733803
0.368323845220829
0.36832301665446765
0.3683157930972418
0.3683165020129764
0.3683142127821257
0.36832040962326856
0.368322138257888
0.3683246414651644
0.3683311215579627
0.36832708349570203
0.3683255775579935
0.3683243617737554
0.36833007890382885
0.36832786726811534
0.3683224970128618
0.36831982901579413
0.368319446500354
0.36832062112788677
0.3683177708272928
0.3683205087393384
0.36831598234020746
0.3683191436550575
0.36832344338060136
0.3683236170072402
0.36832235362312804
0.3683243086414051
0.36832623121890395
0.36833223661825515
0.3683353688017058
0.36833903972311827
0.3683352440977391
0.3683332113247527
0.368342035324829
0.3683443180211404
0.36833400728332344
0.3683338800740146
0.3683335911881488
0.36833112360626336
0.3683379207002454
0.36833470945440644
0.36833475619322603
0.36833685460392107
0.36833488769394773
0.36834045920575476
0.3683397297327877
0.3683388562505728
0.36834093285753994
0.3683401501239354
0.3683434803369897
0.36834524150005094
0.3683411226924191
0.3683362115773716
0.36833893739273815
0.36833621645161074
0.3683320739808686
0.36833110036884503
0.3683366437529022
0.3683424950278964
0.3683484038236517
0.3683468108759457
0.3683439807054719
0.36834816997033076
0.36835075152589486
0.36834708525541304
0.3683454571607587
0.3683481077401499
0.36834688505749114
0.3683511382777576
0.36835760505327325
0.3683594470185769
0.36835354874672
0.3683469622880719
0.368351096268395
0.3683485212523752
0.36834639065026076
0.3683461089767545
0.36834422649550924
0.3683455229661711
0.36834368204790374
0.3683420859282567
0.36833869150318094
0.36833782608756876
0.3683360413061662
0.3683327646761832
0.3683274440169323
0.36833044901026085
0.3683333370517072
0.3683305226128138
0.368327474196311
0.36832587324944244
0.3683243380141699
0.3683215031567889
0.368324378263359
0.3683321662117809
0.3683365962970663
0.36833776907812776
0.3683405056620461
0.36834308794713505
0.3683460912121741
0.36834664256462224
0.36834367581947275
0.3683446748884331
0.3683472213847056
0.36835020641455735
0.36835100605138904
0.36835035497821844
0.3683553936430052
0.36835624653601345
0.3683533073777934
0.36835704040170103
0.3683579461060013
0.3683574569820361
0.3683584324234248
0.36836460820507144
0.3683688893108495
0.3683688105412675
0.36836621053964963
0.36836242214575166
0.3683642273138578
0.36837048403313716
0.3683693678467967
0.36836892914493136
0.3683717633583191
0.3683711780486339
0.3683725590337755
0.3683681606243304
0.3683692671199031
0.3683660672233199
0.36837166320793613
0.36837642555055106
0.36837533816153445
0.3683703467553159
0.3683699666649222
0.3683658204276412
0.3683623432265681
0.36836203033730813
0.36835598470902936
0.3683562797939013
0.36835512302359585
0.36835130728039583
0.3683497428580021
0.3683446252152564
0.3683421595914439
0.3683441288794446
0.3683471829052168
0.36835080023861655
0.36835492916346824
0.36835091335382525
0.36834783125828996
0.3683488528588561
0.3683474126024114
0.3683438191299503
0.3683443227672919
0.36834638538879994
0.3683487560700766
0.368346852402815
0.3683447894167765
0.3683421153041975
0.36833526314550347
0.3683387837361693
0.3683374768639257
0.36833532854986595
0.36833384556044135
0.368338222026288
0.36834232979826304
0.3683454763232292
0.3683448480443827
0.36834601851055593
0.36833589378819265
0.36833565570695975
0.3683396617596749
0.3683488873621115
0.36835637479682165
0.3683516266450748
0.3683504658446534
0.36834837951497307
0.3683539335867243
0.36835629639312817
0.36835614350737395
0.36836303244316354
0.3683618068479716
0.36836021018626414
0.36835943038092905
0.3683566159421864
0.3683519715049734
0.3683511833606625
0.3683507957497745
0.36834896899891373
0.36834949974840697
0.3683492253799441
0.36834702640044675
0.36834705850661853
0.3683447763590875
0.36834324251300554
0.36834000226786523
0.36834090182365936
0.3683354604804313
0.3683321103069566
0.36833678727480307
0.3683414355249148
0.3683416223602717
0.3683387483622325
0.3683425146887501
0.3683445106516889
0.3683427194479427
0.36833866702194507
0.36834017247019674
0.36834119261845294
0.36833647184239365
0.36833811786746784
0.3683403499443217
0.36834186482578457
0.36834002046167197
0.3683322091706423
0.36833129888012583
0.36832925062447186
0.3683289037546797
0.3683262025868735
0.36832572270692693
0.3683219947479331
0.3683258908935566
0.3683206645661196
0.36832248766825204
0.3683233209023994
0.36832046726166606
0.3683158151556686
0.36831219832048034
0.3683082433253394
0.36829961467053934
0.36830322368939633
0.3683093366822015
0.36831169894417587
0.36830885505767186
0.36831456314510197
0.36831663204232934
0.36831419819190253
0.36830809089096883
0.3683057479939245
0.36830874634750166
0.36831118200950164
0.36831684913098905
0.36831288096672127
0.3683097849034472
0.368310924296485
0.3683107613483052
0.36830944693803863
0.3683152223210746
0.36831228232879304
0.3683039524615619
0.3683024934086687
0.36830829054541964
0.36830972237981685
0.36830410454324924
0.3683041860132608
0.3683032751833287
0.368301970538654
0.36830541442180337
0.36830504012773296
0.36830264558101583
0.36830382631476904
0.3682998144384785
0.3682956931659244
0.36829441796553997
0.36829509872163146
0.36829976899731154
0.368308319507922
0.3683126683555878
0.36830777452684704
0.3683108426250347
0.3683124770153201
0.3683088460502566
0.3683100266215668
0.36830961156829967
0.36830878603224904
0.3683128282777506
0.36831141891218566
0.36831093237227674
0.3683095388866225
0.3683121203051561
0.3683100344270749
0.3683114367231603
0.3683067951997701
0.36830358592286705
0.3683027656758632
0.36829936691248477
0.3682998395136888
0.36830042451621925
0.36830538016432246
0.3683083972224255
0.36831740190391826
0.3683133094259701
0.36831858020419117
0.36831828715132975
0.3683185741815518
0.3683161647516795
0.3683168775109675
0.3683205114433306
0.3683177586327808
0.36831719860674095
0.368318757268572
0.3683130287979052
0.3683099371588909
0.3683105755303724
0.36830986860902126
0.36830740016399705
0.368308833674263
0.36830596809184296
0.3683076939224958
0.36830915799367653
0.368304833935949
0.36830336171697386
0.3683023423555735
0.3682989672358476
0.36829685732330203
0.3682980385758147
0.36829515733574364
0.36829892133137926
0.36829730382848935
0.36829930143404177
0.3683017348542788
0.368302290350523
0.36831085614334813
0.36831084305478357
0.36831297741747476
0.3683123598660265
0.3683093350333287
0.3683068230230239
0.3683048416330076
0.3683037065013332
0.3683048287152412
0.3683055917582499
0.36830588088769856
0.36830189760596116
0.3683044401759787
0.3683057031318352
0.3683039088256806
0.36830028734315173
0.3683016217623509
0.3683074589048247
0.368308909095949
0.3683047808662967
0.3683046690349604
0.3683040825127553
0.36830392774315573
0.36830592779984644
0.3683043677548694
0.36830346680532
0.3683058862843048
0.3683076325905052
0.3683100230292595
0.36831511764743774
0.36831392763911697
0.36831414391736267
0.36831239420909834
0.36830773281492346
0.3683069497587098
0.3683097440437039
0.3683102534660663
0.3683091926161461
0.3683087731875324
0.36830291583106933
0.36830402974931575
0.3683044869963455
0.36830223501761633
0.368299666355082
0.36830024102071085
0.3682970210482903
0.36829806453427455
0.368300859384274
0.3682984723533427
0.3682978544089865
0.3683012218041249
0.36829839135583453
0.3682965738605103
0.3682989624008894
0.3682995175741456
0.3683016754794003
0.36829951898927427
0.36829255059598626
0.3682883605011444
0.36828418676729174
0.36828188045739685
0.3682836403111564
0.36828200822057794
0.36828384556470545
0.36828741183925734
0.368291036879476
0.36829098300908775
0.3682917463870576
0.3682880369341985
0.36828873853419647
0.3682881099067383
0.3682852448100914
0.3682895969100299
0.3682935480389971
0.3682930918113569
0.3682863172206322
0.3682846468852092
0.3682860423740042
0.36828678097263234
0.3682837443145468
0.3682838345264276
0.36827914146643714
0.36827934926104455
0.36827814726064323
0.36827836346526127
0.3682787560508649
0.3682825819777787
0.3682876919116867
0.3682893961454635
0.368287389671976
0.36828483772901077
0.3682802399123404
0.36827877517027524
0.3682767444452599
0.3682739039680684
0.3682728443956994
0.3682706560629596
0.36826838451610666
0.3682625520426184
0.36826329546844333
0.3682632269913019
0.36826030510587804
0.3682651733027929
0.3682691134768665
0.3682705634135289
0.3682745753643209
0.36827558426477175
0.3682733147999694
0.3682713034645332
0.3682733832557063
0.36827599329367977
0.36827653078343575
0.3682759989851715
0.3682737079401793
0.36826846534613145
0.3682676815832099
0.3682651594996302
0.36826482986059644
0.3682655564101523
0.368263670107333
0.3682636896854396
0.3682574611575164
0.36825123234479906
0.36824631425401716
0.3682474564373675
0.36824972772612374
0.3682454828156148
0.3682419245327337
0.3682375745918356
0.3682366392294272
0.36823078416790206
0.3682291796831639
0.36822721724343355
0.36822581618147104
0.3682294177211979
0.36823100640759227
0.3682298818265043
0.3682313670673215
0.36822931169265405
0.36822610988139065
0.36822128511188024
0.3682168958247878
0.36821985274398006
0.36822232994416837
0.36822042838462854
0.3682230919795989
0.36822268091801486
0.3682233710086215
0.36822382456148994
0.3682237483548993
0.36822747635189645
0.36823121661306585
0.3682317455426645
0.36823030324172223
0.3682327304750703
0.3682343351205095
0.36823904593688334
0.36823975581374346
0.3682393640077399
0.36824102972221373
0.36823867835536256
0.36823486656232823
0.3682380345956885
0.3682353698397534
0.3682344117772014
0.3682325914737092
0.36823742520110997
