65233
68938
72404
68325
70610
72243
83003
63170
64645
66293
73089
68011
65408
65904
65660
79106
68086
70855
66531
61545
67503
63621
77132
69661
64456
68870
66150
63251
66531
67686
62730
66588
70031
67874
75722
68313
65023
66021
70004
61979
72373
67790
70346
65214
70200
64181
67879
73863
66526
64629
65312
65550
64146
70052
68456
66876
69601
70346
73166
77664
65373
62485
64708
71452
69027
70778
65568
64865
68702
68866
72016
66764
71826
65710
69928
64598
65423
75041
64900
69284
65665
69042
60629
55115
61545
65793
69555
64802
63889
61575
64107
64587
64827
63293
64545
67455
63143
65024
68087
70825
65922
76379
67787
66735
67917
68752
66515
69354
65570
64717
65546
68898
64790
69581
65371
66078
64520
64031
65716
67827
62926
62914
70016
72106
65031
68290
69518
66548
62928
67945
64698
72253
72266
63356
67957
66948
74796
66735
67025
64703
64105
67548
64653
71262
68101
65011
66007
63969
74526
73264
63177
64693
61928
61796
65472
68818
63682
71203
66193
64748
64478
69228
70749
65642
65656
61714
62952
67294
63662
67534
64316
69968
75795
76385
68087
63010
63380
70033
61196
71857
65119
64385
67844
68965
67644
83459
62443
65388
70559
63875
70614
71512
67579
63538
64200
64948
65920
70306
71302
65385
65555
65005
65423
69121
66892
73641
68324
73944
67782
65611
73063
61079
65210
66058
65870
73207
66385
62825
65133
72553
67464
67519
65898
67727
65752
63771
70824
70390
67539
76471
73409
68549
66791
68452
63391
69535
66881
65750
68022
71347
70398
74076
69029
66198
68325
72669
67159
65255
61948
65691
71930
75049
73464
64586
63533
68601
64657
64665
66559
68073
70504
67333
65630
71840
67416
69236
65821
85087
65272
65781
61969
69686
65135
65727
71436
71243
67262
73487
66154
65079
70286
76749
68284
68670
71250
67879
64710
66577
68307
62303
70479
65172
66718
79367
65186
63467
65152
66896
68850
64872
59032
68250
66547
69859
75531
68806
66373
64303
68256
77284
67933
72943
67207
64766
69044
67388
67454
68607
68192
71058
70472
63950
64269
69065
63953
68301
65593
74094
67223
75377
63225
71383
66251
64833
68735
72154
67141
69714
66037
65300
60968
75146
64398
62524
63991
63440
66680
75096
68074
66336
68276
66019
71019
74572
63093
64665
71248
70069
66789
76559
75657
66894
67585
72068
65546
72263
72419
69762
65438
68510
67111
96544
70082
67949
65249
28884
