0.3771927142260139
0.3688839864775153
0.368433737700598
0.37236721119131194
0.37413216209439654
0.37484561356344187
0.3760644899664524
0.3760408545036219
0.3771646279971286
0.37801366637182393
0.37750134886048753
0.37780272670978166
0.37841579211295967
0.38004875663892174
0.3807310785128561
0.38080423115812395
0.3807548295541671
0.3816579468483379
0.3820866883162573
0.3818379212455574
0.38191069446157644
0.3821424425816466
0.3821193582564867
0.3822969673451217
0.382163145875679
0.3817420033195731
0.3810178271555597
0.38007409762044064
0.3797016408865205
0.37909366619322
0.37878664312911947
0.37849839614913683
0.3787817971473066
0.37865988731995437
0.3781074531714576
0.378488561092276
0.3790014550784063
0.3786443378748131
0.37925694760719386
0.3789429893907634
0.37868654954959385
0.37830638298605684
0.3785898991213373
0.37882491010468694
0.37873429095846667
0.3782290460948811
0.3779795078359252
0.3776813063924677
0.3780554529104347
0.37828147615832375
0.3787127655239724
0.3785644762138733
0.37871551440971035
0.37886207264394056
0.3789681154609382
0.37896469883377604
0.37878808240376344
0.3784877013953197
0.3784975437006966
0.3786111552234732
0.3785651410142376
0.378583625163929
0.3784797323424238
0.37842145295568347
0.37868088301028846
0.3787120249484368
0.3789618254843083
0.3790983733852716
0.3788067195393997
0.37882403759857924
0.3785421235138658
0.37858110022987057
0.378947674673557
0.37904275259915104
0.3792087778600146
0.379202415635636
0.37897196817255635
0.3789899354696943
0.3787689633571116
0.3786580836617558
0.3788071427133891
0.37881855029320316
0.3789825432962608
0.37906322492150657
0.3790745333554473
0.3789447871635399
0.37902000308621625
0.37914029524277704
0.37911938273243245
0.37912154159308353
0.37927971521322695
0.37927331852523677
0.3791481367226027
0.37910317757102335
0.37912402430168374
0.3790898308244259
0.37908714173647784
0.37912651541234615
0.3790825534479999
0.3789473932638008
