0.14634499896458894
0.1504893514370391
0.15793542519326967
0.162380979868891
0.1677944865041654
0.17038196600955835
0.16817330576877676
0.16600080884614984
0.16161712905969036
0.1586454193270875
0.1584081933433037
0.1585868572169942
0.1599579361663895
0.16231991842179916
0.16357377720035257
0.162515272199026
0.16163772254798994
0.16109299028666363
0.16082994093416286
0.16012177208183426
0.15954417613093433
0.15913326681601686
0.1594807747831842
0.15907324737731834
0.15897289687833482
0.15825052688857574
0.1578406013980003
0.1582809259753816
0.15832199599318922
0.15808047667004704
0.15742524358830776
0.15748775206432344
0.15770897753943258
0.15819516399595918
0.1588125455565321
0.1595032640515201
0.15960506357824306
0.1597168827117129
0.15954931152282067
0.15939517935310807
0.1594766908610598
0.15967633647210963
0.1597607816107269
0.15996945902688287
0.16002784277267104
0.15975725635749952
0.15987794670246921
0.1598601807909111
0.15959853954878905
0.15958785209906087
0.15970557793012985
0.1596091120110132
0.1598142979916169
0.15917661165415253
0.15895789030774723
0.15858300200929984
0.15822474759622887
0.15794832185540544
0.157876326376075
0.1578046578257116
0.1577803243482935
0.15793731486650145
0.15792213957839057
0.15821334433108
0.15822371394591514
0.15837267497355725
0.15831154451833915
0.158391269912474
0.1584571522399222
0.15845622614542282
0.15850172897229697
0.15828535967775
0.15829958587672258
0.15855696808238498
0.15865225410272846
0.15888768127450426
0.15891220100435544
0.1591569798588685
0.1592500071897285
0.15925791786201046
0.15943791644090857
0.15944805159783523
0.15946701539338942
0.1595087051809298
0.15941060164930287
0.15922157378928134
0.15913180206522373
0.15917515305286026
0.1596391298374965
0.15976059644865476
0.15959106194983833
0.1594758198538897
0.1595112321645527
0.1595567097855539
0.15966983281192212
0.1596371726781604
0.15952356692924666
0.15956968148498954
0.1596639099479276
0.15971006820352843
