0.23772229626338912
0.23398500087375596
0.23302101303316647
0.23500283107420414
0.23258698667653688
0.23102178855543512
0.22870487857411897
0.22648966616176958
0.2244636246670907
0.2249154888600685
0.22563196636432964
0.22548232864744658
0.2250963666448371
0.22459801098215745
0.22376053422461795
0.22326589269075287
0.2236071187630103
0.22393913562826936
0.22422255719864512
0.22511880333769527
0.22546014187662744
0.22575442417846153
0.22560476254714673
0.22525354595964847
0.22517447050255796
0.2246359470463504
0.22494992181832235
0.2254044267755106
0.22547221236967735
0.22574363095788658
0.22556416204504376
0.22533201978889028
0.22516834288419993
0.2252840704424865
0.2252086233256793
0.2252508190227182
0.2253712787397664
0.2252309107798782
0.2252022293641947
0.22534255901008016
0.22539239369711286
0.22553581069777548
0.2254274689988166
0.225370712115002
0.22532091293596412
0.22530480367088787
0.22549413201026997
0.22537849454498932
0.22528059987739954
0.22508063411103835
0.22515071963982383
0.22529275580868155
0.2252044279549081
0.22506297734043054
0.22496274778525055
0.22504878842119927
0.22508395888391108
0.2250670422716304
0.22522270359848165
0.22513095779585177
0.2250607234051404
0.22494373157368774
0.22501926983400725
0.2248894566162769
0.22474834226070184
0.2246332708183682
0.22458247614471766
0.22445398153068338
0.2244078131056825
0.2244032270948159
0.2243261388573766
0.2242785884977074
0.22438184581089243
0.22439946085219595
0.22439392929147034
0.22427865219362192
0.2241276771570873
0.22414667568063132
0.22403053609391702
0.2239068697698282
0.2239422342614151
0.223913700231573
0.2239658039590095
0.22388894888041916
0.22394982932332957
0.2240196522927717
0.22405476527731163
0.2238794491166241
0.22401339532553136
0.22400961074444775
0.2240798499070088
0.22424333388666431
0.22430371427687554
0.22437111403976875
0.22436970349025462
0.22440999288911692
0.2243758808980565
0.2242584043210349
0.2242404494951538
0.22425013089242218
