0.03496752552953137
0.03481193950228856
0.12941078125091127
0.2134944530709178
0.2451000900090009
0.2884955653149998
0.3202035933308091
0.3198711925042075
0.3257626390550256
0.3297369805181712
0.3283195563299902
0.34004124256231866
0.3524352003234881
0.34853176004888003
0.3501262427633031
0.3535035963098139
0.3483196143329834
0.3391933536372408
0.33314758796370003
0.33093402108014375
0.3312988380232351
0.32820852096511927
0.3204987578757876
0.31552703353518685
0.3109902570596491
0.30775632551293924
0.30442691405619626
0.30404058983035287
0.3047042686033052
0.3025589645996722
0.2955877583509561
0.28845666899632855
0.28121384568696517
0.2740216784006326
0.26713367846410563
0.2605242473797386
0.2543545920971605
0.2485550777406626
0.24300749109951553
0.23780257041425262
0.2325529679698487
0.22771662358810482
0.22302450685107258
0.2188319136053634
0.21467581795797896
0.21086154308240634
0.20711892348217517
0.20349050461064827
0.20003646927935073
0.1965485208314646
0.1932700987083203
0.19006694888394485
0.1869644900374219
0.18383676424856968
0.1808936706472021
0.17815103059919238
0.17554604069792432
0.1730119403337914
0.17066387869556188
0.16848742549982185
0.16637263083661613
0.16435615729942332
0.16264646014790646
0.16107997278611225
0.15981444049652177
0.1585524485865275
0.15766024445242122
0.15805526794829797
0.16229751005447826
0.16680134653031503
0.17005266538858038
0.17369825849096332
0.17535964828420872
0.1751179905726133
0.175038485268711
0.17428676673052992
0.17297082649441414
0.1713054491104834
0.1696477930107106
0.16790980942767056
0.16621989259244677
0.16454406030430604
0.16300438614304177
0.1614897063988468
0.15997114819104416
0.15842182580565903
0.1569195803928698
0.15537653397018675
0.15396094798936236
0.15254762039128142
0.15114538324431911
0.14974609090051205
0.14836528020273665
0.14711557016572394
0.14592164073550212
0.14479403948725772
0.1437091555679602
0.14276231772039666
0.1417816321355284
0.14086472144446616
0.13975782938337536
0.13868905112150187
0.13759038628094297
0.13654014010096663
0.13549461240962657
0.13449155480117803
0.13353810607157013
0.13285972073284183
0.13269146683074692
0.13485013176208924
0.137512248512639
0.13867289189993026
0.13905768496849685
0.1392619124890342
0.140001118691989
0.13997610990676188
0.13920164145634023
0.13831816571903804
0.13741816119556594
0.13666624567970256
0.13588684270053678
0.13508445910494746
0.13429527563393787
0.13346412541885622
0.13272460083922427
0.1320366946515728
0.1314328473403524
0.13093463860294183
0.13055845295973778
0.13066934773065328
0.13264996586967837
0.1351941542021104
0.13651945276798816
0.1371045223416991
0.13743749378283562
0.13792661123240949
0.13818961445944813
0.1385989617112349
0.1388592676329392
0.13911853639960478
0.13925403173845025
0.13955239476091408
0.13969213999270955
0.13958622777809224
0.13902802186344845
0.13841441484236383
0.13779528808647615
0.13722480681214946
0.13663915664293702
0.13611259507153645
0.1355848487457254
0.13496151962638914
0.13433302624478757
0.13367615600892394
0.13314788092738486
0.13274408718110364
0.1324115636590975
0.13198317277456628
0.13165786631811177
0.13124568129045064
0.13090378648819606
0.13042497094313626
0.12996528335347546
0.12951473605748726
0.12895751052963683
0.12837957821961032
0.12785029800277325
0.12736418958400506
0.12686333636408154
0.12636500404446704
0.12593637784956146
0.1255873215315402
0.12554589209644876
0.12702517333869315
0.12908970033003794
0.13006614046019987
0.1310030197863523
0.13242394099770383
0.13299903732019716
0.13256997890117173
0.13220973881182804
0.13182445443703383
0.13141322121205062
0.13094803815562292
0.13046149176651511
0.12998497247256166
0.12957974949457535
0.12914375298464023
0.12867552153125972
0.12822888614999564
0.12773831312434958
0.12722930507989444
0.1267704699105458
0.12630639200553248
0.1258234328360882
0.12538012954415997
0.12495925831558312
0.12455114959910793
0.1241071208250249
0.12368102753938891
0.12320421328376155
0.12272114790200714
0.12227460807244897
0.12182784670343627
0.12141943261352652
0.12119830448181264
0.12190566697052543
0.12321618707380486
0.12395665248325356
0.12445099572957506
0.1252368062432184
0.12546508758340122
0.12517286542935774
0.12485916137910283
0.12449964671356073
0.12416706753706057
0.12378304542571186
0.12332898722057817
0.12287156229648123
0.12240545795207429
0.12195110858024578
0.12148818524111392
0.1210574204794095
0.12063670383611688
0.12021548326562416
0.11980327395088808
0.11941711874996869
0.1190663939406046
0.11870632691511192
0.11832689884622849
0.11791738614420882
0.11754490788210491
0.11714423008103221
0.11676127045339582
0.11641619419161094
0.11607284427648243
0.11577500137884919
0.11550643144529998
0.11582095001953026
0.11674948511043595
0.11725971416101127
0.11755206626865718
0.11831813699657556
0.11871326771051416
0.11839471482991813
0.11809245394548033
0.11777033433219293
0.11746171344407168
0.1172020849531089
0.11694772582350904
0.1166908026966718
0.11659095591607506
0.11691592738466214
0.11811851264794741
0.11946514424127089
0.12016917215339837
0.1203701178606252
0.12015554186556113
0.11990953116596129
0.11960686969842535
0.11927150724220996
0.11895396316317629
0.11862378766316696
0.11828830922384942
0.11796061057543036
0.11763896534467497
0.117306662954972
0.11697987621190548
0.11665799235281815
0.1163360510795223
0.11599183913919679
0.1156718823702092
0.11535395558460787
0.11503014600595599
0.11473460034528044
0.11446806646422161
0.11421236094744354
0.11401941532685697
0.11422052922720936
0.11482636492863248
0.11520757328758531
0.11492516510961984
0.11463705961535654
0.1143457030329431
0.11406650832365718
0.11379214069731654
0.11353001987388923
0.1133349710559968
0.11318941574837303
0.11315600778244438
0.11378541425637523
0.11480716164388963
0.115287685383923
0.11534489337634236
0.11547142117259199
0.11583247423309943
0.11641672933578372
0.1165885740454973
0.11637414578142913
0.11613144804926047
0.1158983287992399
0.11565703479443196
0.11536865328554813
0.11508381615604246
0.11479328607340901
0.11452941613631522
0.11424877615023979
0.1139500642369903
0.11370805904143852
0.1134646284811738
0.11320457350082834
0.11295438248257797
0.11271570014884917
0.11244375364124555
0.11218829586841121
0.11197299194084326
0.11176043305293974
0.11152099673416337
0.111286877221173
0.11104663957493008
0.1108121958839497
0.11056879284585469
0.11031748299211085
0.11007266565658361
0.10985715191406203
0.10967129887151689
0.10950232181480225
0.10933236064936955
0.10920442400404425
0.10906271187112812
0.10890014310916907
0.10877180139817079
0.10886338252170623
0.10957691713093264
0.11046634386361906
0.11100332866240374
0.11120096785868248
0.11129318847100483
0.11121626639811624
0.1110230833486269
0.11081191333400871
0.11061249552320289
0.11038101603703104
0.11015948074566913
0.1099438678434141
0.10976806473745433
0.1095880259581794
0.10940411977907527
0.10924950090675223
0.10911683263255162
0.10902794041690916
0.10935101345138547
0.10962450817600182
0.10950420842729423
0.10932366085743354
0.10911983099302085
0.10890810294833729
0.10871173064424042
0.10850917315515891
0.10831712729902573
0.10814402304520454
0.10798947023523094
0.10788002008900428
0.10785434149259077
0.10843438579145641
0.10925891646209292
0.1097938766569552
0.11016269100516153
0.1104647160821044
0.1106347962316296
0.11060713568696946
0.11060086281269287
0.11057365497644553
0.11066264831683663
0.11090851509029204
0.11123421022633684
0.1116313217167835
0.1118913435105086
0.1121005287167357
0.11288082707911977
0.11381924065843707
0.1141463275462768
0.11397522952295229
0.11383554486456764
0.11365095036920352
0.11348782150209336
0.11330928760241928
0.11316404670518822
0.11297177814930227
0.11280926858337587
0.11263065738227007
0.1124623504853836
0.11227825785476886
0.11208330677929568
0.11187827593848645
0.11172025666652045
0.1115582460630014
0.11139088756164767
0.11122602797341029
0.11103830780653146
0.11084982593207209
0.11067890956887566
0.11051376315243853
0.11033440223083185
0.11015229089413334
0.109953743318534
0.10977289627400967
0.10961668258606141
0.10945551050980733
0.1092993727690194
0.10914079481000653
0.10897443192651692
0.1087976994490546
0.10861944394830696
0.10846206364789199
0.1083362369988599
0.10829897972359069
0.10891792278460637
0.10989023547516041
0.11033933556127999
0.11086175202569762
0.11157996554029748
0.11190677226825453
0.11208429771138693
0.11245347492895609
0.1126768064747538
0.11273987815461402
0.11304678952105737
0.11352599834420915
0.1137042265776548
0.11356036827290204
0.1135170570525125
0.11352267144742759
0.11349817390955422
0.11347716741026476
0.11338938245649054
0.11331327029610178
0.11316879819581531
0.11302190721266199
0.11285681688536463
0.11271225191855452
0.1125630737924554
0.11241585077757496
0.11226419355891687
0.11212181146196062
0.11196193406772269
0.11180028305968237
0.11162025067542405
0.11147478411568697
0.11132482528153505
0.11118760790463236
0.11099683915923642
0.1108281125260384
0.11066122855877952
0.11047747283074809
0.1103012412002014
0.11013021943077293
0.10995928179590803
0.10983107854523332
0.10967436021446843
0.10951909823965632
0.1093768840939619
0.10926603472041581
0.10912164538926364
0.10900698137861295
0.1088659580256169
0.10873589273738798
0.10858014265945459
0.10844088197076879
0.10829693634787974
0.1081818305439418
0.1080585108038471
0.10805391453431057
0.10841887498317584
0.10921354909047395
0.11013115836513951
0.11082208714974745
0.11114638958689058
0.11122736507662345
0.1113213527341356
0.11153444859290532
0.11176731777129309
0.11186923751038438
0.11172318041154457
0.11155724109023445
0.11138651284167084
0.11121720564156401
0.11106866806215317
0.11093829666397435
0.11078357623862532
0.11062669055896415
0.11047698649131216
0.11033700268543362
0.11018875748127684
0.11003880611741433
0.10988720549050524
0.10974103680454891
0.10961651614184353
0.1095422715127446
0.10959217975851639
0.10992998291217532
0.1104788370233989
0.11084255308254079
0.11093805123614901
0.1110428291818202
0.11143424976417418
0.11198826070291701
0.1124208162554035
0.11261690104137705
0.11285751586557521
0.1129770381429122
0.11316987825384373
0.11333902494849762
0.11351355026661275
0.11355518303297095
0.11360554555150859
0.11361138518502235
0.11362782959420605
0.11351023370202531
0.11338561652451243
0.11324259677732001
0.11310593268468472
0.11296784499001233
0.11284253460804512
0.11271873680887062
0.11259368359625226
0.11245144668312985
0.11232569877167171
0.11220315965066302
0.1120740748652018
0.11194973705743211
0.11181953121779653
0.1117111503262768
0.11161707084323502
0.11153792634907653
0.11143334992693654
0.11133818520165414
0.11126559718282095
0.11134839910450167
0.11186353851552407
0.11262195412089447
0.11284041909502028
0.11276364688916062
0.11264801542955571
0.1125209973889951
0.11240251759204836
0.1122707066349744
0.1121271911191888
0.11198964391791243
0.11186612005802313
0.11174787835905428
0.11164445148664323
0.11153570862144124
0.11144462278182563
0.11133361417659413
0.11123527087739711
0.1111275163458086
0.1110291732867723
0.11096451677151936
0.1109072105086542
0.1109125420119351
0.11140359142014807
0.11205569612961296
0.11230056677173249
0.11236351066542413
0.11249064722210568
0.11264414301295872
0.11287892856610264
0.1129601376520942
0.11289607228806998
0.11283092514397443
0.11271916591990852
0.11261293631312473
0.11249858223637069
0.11238104889359872
0.11226215319105588
0.11214934118693656
0.112028464136148
0.11189457314499517
0.1117642573138969
0.1116379070465186
0.1115125276416509
0.11142225433225283
0.11132911916785788
0.11123312643981087
0.11114186180712686
0.11105079272291449
0.11098508305276077
0.11099795498434431
0.11122668163722142
0.1116262576438293
0.11185738870339315
0.11187159950383661
0.11190080543891343
0.11201514258814203
0.11200703954736085
0.11186548708372915
0.11174196307818415
0.11162022021751047
0.1114605130486972
0.11127847739556622
0.11109573289383219
0.11091489135320182
0.1107319895728321
0.11054882851174763
0.11036713932133012
0.11018580211281086
0.11000601926859353
0.10982687386501858
0.10964794410104811
0.10946827777192192
0.109289199272936
0.10923968721524349
0.10959577826495673
0.1099668000304332
0.11022122026821721
0.11031080567910806
0.11023752850208175
0.11014564223912372
0.11006336892921023
0.10999253836816802
0.11002836385167578
0.11014691177489817
0.11024948751984237
0.11026560314366823
0.11052981810766652
0.11082854352524935
0.1110567483379071
0.11124682092486457
0.11147816509449414
0.11155663839469895
0.11149720849231774
0.11144942032913951
0.11138656091727211
0.11134376799382066
0.11128965259681337
0.11120340069899538
0.11106940298155393
0.11094265132734334
0.11081758750917735
0.11066867499039922
0.11051104366867161
0.1103766495457932
0.1102341832784677
0.11008009646101746
0.10993823099652712
0.10981596377102111
0.10969533039453686
0.10957883838167595
0.10944851273230423
0.10928458302443478
0.10912186276018998
0.10895726372637264
0.10879643970296954
0.10863340267488608
0.10846893886555337
0.10830738222126948
0.10814517729671277
0.10798267888007991
0.10782260045302898
0.10766540689453091
0.10750753741603639
0.10734769405538182
0.10718631183864812
0.10702603306931643
0.1068672304566021
0.10687349029232619
0.10739140758000575
0.10801768281903859
0.10830864183085827
0.10881123857304194
0.10938341928312749
0.10965338634406416
0.11007117177649375
0.11057130232533717
0.11077208086538014
0.1108288221440674
0.11100951841146066
0.11128458525847491
0.11150457839615477
0.11171068516038098
0.11195090833174963
0.11224637206297507
0.11246183556799001
0.11257096381059142
0.11269517645431608
0.11279531201763297
0.11295225800713994
0.11312875008432292
0.11351012798763618
0.11373925232056348
0.11368319108345662
0.11362158915399237
0.11355384423985936
0.11347816208559454
0.11342393787734897
0.11335761868652959
0.11330533013817459
0.11324470659432746
0.11319493856745358
0.11313392676055505
0.1130735811661405
0.11306912505752033
0.11318485133224075
0.11355380151430441
0.11399634469684458
0.1142256416724475
0.11436767539032894
0.11447154252760361
0.11466738871923125
0.1149309186376586
0.11501093313860856
0.1149097334161869
0.11481608251796423
0.11470693315721181
0.11461482487871429
0.1145239053022473
0.11442982380980421
0.11432675629471001
0.11424205357948625
0.11414017078112709
0.1140360957822634
0.11393138608809172
0.11382483844604835
0.11371992329667749
0.1136083320939911
0.11350040881281763
0.11338547502695093
0.11327435876044623
0.11317425254671395
0.1130838613783339
0.11299604767370093
0.11292533258520639
0.11287481952282778
0.11286753376585244
0.11301241337284108
0.11327574809259296
0.1134285543827525
0.11363502319160301
0.11392628406252737
0.11403543262522631
0.11394234233525198
0.11384028257371191
0.11374387861550166
0.1136528672051898
0.11355118873874147
0.11346209823136198
0.11336419888028318
0.11325878572899659
0.11317140037470942
0.1130898803395143
0.11299540919548501
0.1129068692918577
0.11281401351400581
0.11272196328126563
0.11263762475098536
0.11256775535402726
0.11248126222116969
0.11240024396975208
0.11229545145979856
0.11220207008823019
0.11212762024090304
0.11206347801197442
0.11198481073003656
0.11195582242050331
0.11207288642755793
0.11256833308150874
0.11308931384943503
0.11334895797985585
0.11354537364148005
0.1137759684788607
0.1138527650373822
0.11391944565763042
0.11411336231566441
0.11434440823003161
0.11441437465792013
0.11431964355943232
0.11421621690257638
0.11412078939829863
0.11401736063301392
0.11392136420615272
0.11382362328833302
0.11372512164379332
0.11361932374983626
0.11351681489790526
0.11341172580691455
0.11331177883250261
0.11320654419181751
0.11310648214494436
0.11300226453305336
0.11291173224803613
0.11280063128960686
0.11275283251392465
0.11275430659711783
0.1127561693879012
0.1127570581518533
0.1127574599069418
0.11276062127046173
0.11276280860973496
0.11276460719194095
0.11276559411236287
0.11276745670753413
0.1127704555385801
0.1127723180654552
0.11277661537862199
0.11277912710595699
0.11277952865310722
0.1127810664141877
0.11278026765713935
0.11277966860445629
0.11288828312593967
0.11310189611811916
0.1131741381154022
0.11312164259833421
0.11305566458716754
0.11298419495666784
0.11290160843363703
0.11283996849091014
0.11276100977901961
0.11267637109095989
0.11258614104263628
0.1125111180635338
0.11243989390773712
0.11238259429558516
0.11233224685716445
0.11227655044328931
0.11220939281929047
0.11212427570745291
0.11202781123290338
0.11195279821263208
0.11186166185141554
0.11177790127713406
0.11168295113293769
0.11160314489695727
0.11151700180025144
0.11142598337624006
0.11133182516412145
0.11123913913958394
0.11114783735087982
0.11107429766757772
0.11100601712988904
0.11094066717748209
0.11086657150123624
0.11077840020575837
0.11068234451746338
0.11060699610455296
0.11053078288895055
0.11047491074718443
0.11043355009997971
0.11042257446288317
0.11052752272628714
0.11094170535526336
0.11139043966852162
0.1116180499631674
0.1118456868245545
0.11208244760071832
0.11219715816157037
0.11221546441309362
0.11232454290441024
0.11266427708185323
0.11304005208262431
0.11322872201083752
0.11335903867712602
0.11350547680753899
0.11366322980858992
0.11380486709424098
0.11393906720287082
0.11407120182792203
0.11421985372658101
0.11434908447378056
0.11442594060911952
0.1144294637864114
0.1144436975696129
0.11449364567564853
0.1146072251510271
0.11476436795716444
0.11483346689416965
0.11480326059867225
0.11477097931494815
0.11472415303087669
0.11466406170028569
0.11459888915617279
0.11453496346734662
0.11446413154317656
0.11439954743749392
0.1143438850974688
0.11427534099653476
0.11419947893110745
0.11412551992965901
0.11405406434126178
0.1139841028144837
0.11391950251134975
0.11386304591216317
0.11378616130347867
0.11371818853065921
0.1136693124953749
0.11364094872570106
0.1137862224603349
0.11401848517481224
0.11413047599425519
0.11413435217401861
0.1141916073259032
0.1144652794400782
0.11485996869893154
0.11499819873270711
0.11496851972974828
0.11490916682152663
0.11483482796403005
0.1147530425525204
0.11467081771421134
0.1145926966788984
0.11450653650743996
0.11441126215597355
0.11431263864259128
0.11422553769848369
0.11414509436000045
0.11405882982615934
0.11398604352844559
0.11390359570670254
0.11381927144967298
0.11374288106639538
0.11365644068746932
0.1135994562117758
0.11355877831440479
0.11365764998342448
0.11389718762733618
0.11401493702091593
0.11395969331559207
0.11392788689126691
0.1139325933868921
0.1140548049203453
0.11427390356338228
0.11440297134977795
0.1143566951812117
0.11434639581641264
0.11441711750803847
0.11458993195533967
0.11467226008388517
0.11460057640218665
0.11454565454768169
0.11448340785429198
0.11442425833751471
0.11434713178944103
0.11427510418133385
0.11420165515590967
0.11412695760036232
0.11405509728600996
0.11399428859506712
0.1139163072124616
0.11384468785416058
0.11376905968215906
0.11370644907062796
0.11363741689581036
0.11357338988211042
0.11348748179887914
0.11340211557374406
0.1133255367787869
0.11324871662411136
0.11317847934937494
0.11311450459620712
0.11308087934955474
0.1132647848265598
0.11353664078056531
0.11370397522199385
0.11386353667559311
0.11404598543046837
0.11411953078975919
0.11408065836603687
0.11405110858734135
0.11400145775200057
0.11401633103805464
0.1140730345974939
0.11428613439700264
0.11453992884741104
0.1146176925884251
0.11459362832378334
0.11456027223028518
0.11456003017416111
0.11458648156777407
0.11468636846959737
0.1148593515339806
0.11493764263157707
0.1148574555942993
0.11477121063011832
0.11469227094550151
0.11461229722242637
0.11452735690204716
0.11445495582787003
0.11437622154440986
0.1143019098341739
0.11421535005818462
0.1141349645878373
0.1140579050314359
0.11397675630864375
0.11389167945574519
0.11381334351401504
0.11372617214855338
0.11364064834670765
0.11354843975620114
0.11347092475581165
0.11338754004959162
0.113303250710171
0.11322267980923695
0.11314540300261489
0.11306100258673296
0.1129876118783522
0.11291572394341425
0.11283787187804109
0.1127588039674261
0.11267675605504382
0.11259478856741173
0.11251424159008912
0.11243834100818893
0.11235962794971283
0.11228122239686962
0.11220632362602205
0.112131916614143
0.11205660390976119
0.11198042569833792
0.1119225848443945
0.11187269178570836
0.11188346512141731
0.1120443947630713
0.11220054803739114
0.1123601146129129
0.1125670923611576
0.11268193005426173
0.11262365697621422
0.11256386131439818
0.11249207492160249
0.11242827176244784
0.11236688080653745
0.11231710282867752
0.11228256333776755
0.11230113152731418
0.11240862501458626
0.11251639815031693
0.11270296458380942
0.11297444485484405
0.11306637465176135
0.11299138970082322
0.11291658290083526
0.11284476026017357
0.11277473261500157
0.11271184022756323
0.11265420878121275
0.11259980411519752
0.11255294883318993
0.11253472312204629
0.11275412381860708
0.11307837705447589
0.1132470273005015
0.11334088355023036
0.11338666397825198
0.11347677508607652
0.11359720523264408
0.11365990921752989
0.11361523023837379
0.11357270566511526
0.11351835058204807
0.11345650164983351
0.11339191845580004
0.11332101697771076
0.11325601206536508
0.11317939133788932
0.11311149155858216
0.11303267418740191
0.1129598247170986
0.11288277288518742
0.11281473857947447
0.1127421344240832
0.112668525551522
0.11259342014474806
0.11253317730658911
0.11248347066393036
0.11243994424775866
0.11240340086855044
0.11245219010290643
0.11260150423102654
0.1126757447298145
0.11268861220229483
0.11277692001466771
0.11296370213634253
0.11315485456717754
0.11327839685321127
0.11330388190175276
0.11336201990825485
0.11355871096884775
0.11378871386225621
0.11387933411603612
0.11393105612095361
0.11393459714911823
0.11397049281209315
0.1139907145282277
0.11398861715222891
0.11393399941869546
0.11386368355875959
0.11378324527740688
0.11371768306756476
0.11365276532878792
0.11359532881069011
0.11354052956499118
0.11349120815688729
0.11344221787732285
0.11339089543532736
0.11333147013093399
0.11327006132085776
0.11321651424900396
0.11316388167143264
0.11312913348821566
0.11309686294827283
0.1130457300537568
0.11299351906183186
0.11294771105531608
0.11290233969968787
0.11286781908671999
0.11284985460942648
0.11289656544294743
0.11316680147540606
0.11347895346356057
0.11364476811560907
0.1137189205713135
0.11376885452837843
0.11385794460860306
0.11399537278006515
0.11416234522859608
0.11434075538416313
0.11439975751444857
0.11435126790083976
0.11430394405693514
0.11426008067977034
0.11421547843707167
0.11416445740161792
0.11411506945422574
0.11405942486105212
0.11399753975914584
0.11393433431079288
0.11387227423959982
0.11380474927979173
0.11373328642570807
0.11366394970745992
0.11359144026744149
0.11352719196388734
0.11345598554444018
0.113395341825287
0.11333032786800627
0.1132593489329316
0.11318443097079339
0.11311589549933801
0.11305474355419458
0.11298912926802636
0.11292353283122211
0.11285617141741239
0.11279504123441762
0.11273733200506196
0.11267852934188333
0.11262775135733677
0.11260359444118685
0.11276795055262222
0.11302609615332693
0.11316709684548187
0.11328668238494641
0.11336537267122336
0.1134198003090107
0.1134324999490158
0.113498527817747
0.11360118211788758
0.11364472935079663
0.11359488510988164
0.11353888404490177
0.11348764334395813
0.11343069472968126
0.11337053249049006
0.11331869772650842
0.11326108613289099
0.11319336632471635
0.11313035421452398
0.11307857739417262
0.11302728225588729
0.11297509518413065
0.11292409440108123
0.11286727229467036
0.11281302192309413
0.11276122547133938
0.11271437293909566
0.11268169746687745
0.11271831291983968
0.11294026834536175
0.11320753923840335
0.11336769598577184
0.11340866623829186
0.1133653606660461
0.11335017982448478
0.11338336232871513
0.11346017209562045
0.11354698444112694
0.11358725600211914
0.11356934867201228
0.1135553175502396
0.11356606406093257
0.11357878777699827
0.11358237431266038
0.11364249352668811
0.11373486973057101
0.11376037314009539
0.11369936337473903
0.11363367153011089
0.11356898010850885
0.1135064169727402
0.11344321496403154
0.11338463931245049
0.11332384673376233
0.11326404720390117
0.11319944787909997
0.11313472322612346
0.11308221643808872
0.11303989237664835
0.11300171893329229
0.11298150267524396
0.11301741755528366
0.11310623848111927
0.11323901274287235
0.11329518870404764
0.11323460997739615
0.11317137826686327
0.11309966267946563
0.11303149445042575
0.11296594953564422
0.11289144596191969
0.11281829252915443
0.11275152601153035
0.11269485450038927
0.11265700769046358
0.11265023051093317
0.11285169163581979
0.11314394013990783
0.11328742352100349
0.11339860225369493
0.11352340507453683
0.11362120880018405
0.11366833656569136
0.11386296150511394
0.11408804522543604
0.1141741842964793
0.11415432399894282
0.1141008788061271
0.11404680960002513
0.113984604351578
0.11392411036445768
0.11386763629321105
0.11380363364796278
0.11373841747321625
0.11367265669937582
0.1136058111156343
0.11354156424100814
0.11348450995075256
0.11342039474830469
0.11335653981762632
0.11330083635694888
0.11325057748816729
0.11319203038574051
0.1131350719174358
0.11308607656040488
0.11302827029640687
0.11297517700915659
0.1129372644631364
0.11291846284542535
0.11291303494678954
0.11292783395605631
0.11295085441083877
0.11297881649248115
0.11297195059068893
0.11291308741051585
0.11285219925661041
0.11278850319769247
0.11273013884010388
0.11268088463985422
0.11262946818769547
0.11258481286820866
0.11254604573338871
0.11254967715933506
0.11271318717598164
0.1128983661213687
0.11298554734992729
0.11302533491487156
0.11299529210683595
0.1129925311536149
0.11297501377746769
0.11293697525701116
0.11289070113457617
0.11282959053722971
0.11276610803288971
0.11270173430988215
0.11263486096758107
0.11256753086367359
0.11250135731569741
0.11243707770627558
0.11237566694726031
0.11231729227565783
0.1122566030042825
0.11220324189415146
0.1121504965595831
0.11211254211022972
0.11211399458279432
0.11218588833333781
0.11220821911503802
0.11214561063816134
0.11208194720936808
0.11201953545540291
0.11196414130414038
0.11192562649121682
0.11188895718073107
0.11194218254758356
0.11204621738592246
0.11209257211453252
0.11206156979453791
0.1119979108125587
0.11193906586966784
0.11188862324202101
0.11184016760923815
0.11179692103558266
0.11176258019446794
0.11174668496324498
0.1117226513250249
0.11171228357472018
0.11168609205578543
0.11165621891559219
0.11159524237874768
0.11153171654032952
0.11146965805887818
0.11140427089407436
0.11133479521432715
0.11127722002383865
0.1112311447727513
0.11118897451106453
0.11115342210189022
0.111118003475489
0.11113153128357213
0.1112132652565438
0.1112618011172168
0.11122742147319403
0.11119664767951905
0.11119048655607344
0.11120684679641639
0.11124612840857538
0.11124646812772668
0.1111871699600621
0.11113085443447134
0.11107303359984065
0.11101364723093468
0.11095840154845492
0.11090781631151142
0.11085615847269341
0.11080073323814178
0.11075210495199932
0.1107000725310699
0.11064423814462837
0.11059267715139784
0.11054743447349097
0.11051415669948242
0.11051837723610247
0.11054796198465695
0.1106231181906639
0.11068086259897418
0.11070675064619225
0.11075046440805342
0.11078382560349778
0.11080096591236645
0.1107551403617125
0.11070992396653363
0.11066810729491082
0.11062141334035479
0.11057660927440933
0.11053924476511888
0.11053253662317389
0.11058186719907685
0.11067742187153386
0.11074410234751259
0.1107443004562139
0.11072450549674699
0.11068884564224889
0.11064175396288706
0.11060559079600876
0.1105611605759396
0.11052030618481641
0.11048232743910096
0.11044644860070632
0.11042396619657457
0.11045998401698194
0.11057426090321233
0.11063069313363574
0.11078491991022052
0.1109866756138056
0.11110814821598254
0.11113522897980595
0.11110104056660744
0.11105835152110136
0.1110211639726861
0.11099599476700722
0.11098022741243463
0.11099158796231079
0.11111269919513117
0.11125682523387877
0.11135371692829124
0.11136044284657921
0.11135565018010676
0.11147403884005519
0.1116801366597772
0.11178036671335226
0.1118023713257145
0.11186981908371843
0.11192795704587671
0.11200052168383484
0.11205400017420461
0.11210951453220278
0.1121913097866449
0.11231836327607742
0.11236011240814886
0.11231666122013739
0.1122612024583015
0.11220908880958319
0.11215611271464898
0.11210202283211394
0.11205111337086121
0.11200128988475146
0.11195756897870655
0.11190423483512983
0.11185504855019734
0.11181178499946677
0.11177097187674526
0.11172537275070864
0.11167914324484886
0.11163114718390799
0.11157686871383546
0.1115248129898443
0.11147678048295964
0.11143535804361122
0.11138531404834716
0.11133337233857186
0.11128417072275576
0.11122829803094994
0.11117775824865418
0.11112844657472896
0.11108230661906508
0.11103332176221035
0.11099060192261985
0.11094548773944621
0.1108966102311443
0.11084534120528704
0.11080067920046109
0.1107653745361331
0.11074315974452974
0.11078073399386719
0.11103392388624117
0.11130888348616737
0.11145348109113487
0.11156248421076492
0.11167909601550469
0.1117521543331366
0.11177665088048301
0.11179064812978738
0.11179155407615357
0.11176199052561801
0.11170946130230966
0.11165061192784054
0.11159356116195908
0.11154211693275247
0.11149134728149342
0.1114337560609482
0.11137725761706382
0.11132090389027775
0.11126238183137577
0.11119978891549202
0.11114043421569265
0.11108132415204863
0.11101976072914085
0.11095938745399807
0.11090119579319596
0.11084223197630778
0.11078630967785696
0.1107312071159809
0.1106715102535529
0.1106121907977683
0.11055462765322958
0.11049530731834994
0.11043759456479289
0.11038917975175587
0.11034179435132489
0.11029576732135918
0.11024060502934392
0.1101837644894886
0.11012655581034748
0.11007184420075344
0.11001945865885528
0.10996771725328
0.1099172119786353
0.10987153047014085
0.10985546112699102
0.10995411309805797
0.11013493489989404
0.11028033975363212
0.11046061842550381
0.11065968020388171
0.11075277332940357
0.1107471147539265
0.11074988433751547
0.11074152846361127
0.11073616392635564
0.11073315026465635
0.11075325106459684
0.11074117064011184
0.11072592042959173
0.11070050790969697
0.11067879211554497
0.11067099656308371
0.11066996988408966
0.11074319424543806
0.1108720250384804
0.11093214115364501
0.11089341984616721
0.11084777467560925
0.11079718086821387
0.1107433157055181
0.1106907428995534
0.11063882917576388
0.11058786284137483
0.110537096161771
0.11049291122699659
0.11044819409335464
0.11039611038776477
0.110341968470114
0.11028853487829345
0.11023883497002104
0.11018295406335195
0.11013458523043382
0.11008483784744036
0.11003036894276336
0.10997742918339662
0.10992570546683378
0.10987608963511236
0.10982943811557376
0.10978188109231095
0.10973686123310467
0.10968983635578922
0.10965309759716341
0.10968369234758646
0.1097964945617534
0.10984833570069862
0.10980611210944191
0.10975837109679203
0.10971051083885892
0.10965677919782359
0.10960246354345979
0.10955526782040305
0.10951240442584498
0.10946747486662065
0.10942014571093053
0.10937020094068728
0.10932510014447556
0.10927871684096264
0.1092437460252503
0.10933518469724403
0.10952317246128193
0.10965542104362967
0.10984353641783795
0.11006437626527531
0.1101796380955477
0.11025383525019339
0.11031507043425254
0.1103546279057973
0.11036593373155984
0.11038731388647997
0.11040578496180659
0.1104279571872909
0.11045515516332556
0.11052323062240614
0.11062061232003847
0.11066177853575852
0.11061484500923942
0.1105649929501295
0.11051518965655031
0.1104695076763205
0.11041767815282492
0.11036649175544377
0.1103131523181008
0.11026034475531384
0.11020189331631251
0.1101457510659361
0.11008753365408913
0.11003311801418213
0.10998177161033305
0.10992910614162606
0.10987768247725965
0.1098332704063415
0.10979254099809084
0.10975584323004792
0.10971724092284714
0.10968035009253088
0.10964490252384912
0.10959827114134639
0.10954612041583399
0.10949253367005854
0.10944055637719875
0.10938416359496975
0.10933080014057536
0.10927695232421884
0.10922718441021444
0.10918684365723183
0.10915376716855006
0.10912014692659074
0.10909384917720671
0.10908163615871382
0.1091483933639521
0.10927423683585241
0.10933047896005699
0.10930404414431728
0.10927479097727365
0.10924319470387954
0.10919961532127292
0.10914157858740103
0.10908745508776115
0.10903789249784004
0.10899014247493083
0.10894783020803589
0.10889977717360785
0.10885433617738635
0.10881395180324768
0.10878055652581957
0.10874233560099394
0.1087043725670052
0.10868183597133384
0.10870376190913153
0.10879849667509282
0.10884110636686141
0.10879800433967227
0.10874720341138605
0.10869317204886925
0.10864184316546488
0.10859942770787417
0.10859345147951423
0.10866357464573187
0.1087750519244481
0.1089007654429995
0.10897135555923067
0.10902719323998515
0.10914012284873881
0.10917320325060478
0.10913364371227824
0.10909549440336429
0.1090585511562811
0.10901608397152696
0.10897655431123905
0.10893524531724634
0.10890253132852225
0.10886597466048553
0.10882669479978886
0.10877998145481717
0.10873490127254536
0.10869318643797497
0.10865589368937437
0.10863121266310767
0.10862084405647213
0.1087416175404946
0.10893481225890966
0.1090460973923214
0.10908178372495751
0.10909761963577048
0.10914575922434158
0.10922221856682167
0.10925644151796775
0.10922344472716779
0.10918083368468798
0.10913379782517874
0.10908487163821788
0.10903998484128284
0.10899050691933639
0.10894819463334464
0.10890134311722244
0.10885580610662181
0.10881157635400375
0.10877226187742182
0.10873889571094376
0.10870474295520194
0.1086652453086027
0.10861941839190173
0.10856838503608719
0.10852192878436784
0.10847705895050391
0.10843129436419055
0.10838302142746478
0.10834166702837009
0.10829831505645106
0.10825541194642369
0.10821088022443742
0.10816650743096412
0.1081167059238162
0.10806523897632722
0.1080091371414575
0.10795306012807099
0.10789613311193468
0.1078437810226643
0.10778872750251238
0.1077368574269356
0.1076878571791333
0.1076385346587179
0.10759141720704193
0.10754729181324663
0.1074976824825215
0.10745106469736954
0.10739453914267369
0.10734367899555138
0.10730411354460422
0.10726085705333625
0.10724300433582601
0.10727336497952522
0.10748686578932455
0.1077176744543846
0.10782157447770056
0.10794024139893367
0.1080658804548705
0.10811028158502
0.10807898197937454
0.10803685350211571
0.10800353246900454
0.10796628556114544
0.10792905025935402
0.10788524550661616
0.10784375485572457
0.10779823203782524
0.10775414865606853
0.10772151386880044
0.10767921198609502
0.10764356815498151
0.1075960041209108
0.10755941444810745
0.10751402367824041
0.10747008434789514
0.1074284286373899
0.10738852331375694
0.10734973386930874
0.10731386463644706
0.10726730294183073
0.1072216670321977
0.10717613236232769
0.1071401713368668
0.10710292356873316
0.10709047284001222
0.10726732173154094
0.10747689391167534
0.10760381424419813
0.10770327815845586
0.10780193950371483
0.10788695646365137
0.10797540821782206
0.10801056504586182
0.10802421279117375
0.10804685181438141
0.1080797984175607
0.10812425744021648
0.1081813011831861
0.10819714310397284
0.10816693491884186
0.10813666805485304
0.10809310098795291
0.10805460605482835
0.1080138803401593
0.10798131814614365
0.10794656195065053
0.10791588842041629
0.10788248892727736
0.10784530181313787
0.1078037517047213
0.1077657905344157
0.10773381825122069
0.10772712289572599
0.10777869309944588
0.10788806639102659
0.10793236138521073
0.10788968755678932
0.10784607061717967
0.10781199495680753
0.10777509125062514
0.1077544032828283
0.10775652962240964
0.10780964193984847
0.10789447290452789
0.10800103128376273
0.10806003308177924
0.1080380190130074
0.10800809641814396
0.10798113512350192
0.10795040851654726
0.10791581351060398
0.107877950572327
0.10783894243140305
0.10780031137455079
0.10776461266808231
0.10772536064943315
0.1076890311307806
0.10765612767280543
0.10761759229954657
0.10758550900089602
0.10756913323902703
0.10759302173790405
0.1077420829071581
0.10792013853583626
0.10801623750172133
0.10805507175703803
0.10808109551781103
0.10816739088316435
0.10827638284574558
0.10831666530553127
0.10827843776505104
0.10824469656514507
0.10820688303551632
0.1081652901292965
0.10812745616538037
0.1080891623361935
0.10805264226413544
0.10801673858954021
0.10798040468241085
0.10794420403378528
0.10790408695305902
0.10786322289396748
0.10782125034386197
0.10777929212085534
0.10774565865827343
0.10771252886198081
0.10768366453838371
0.10765771133446769
0.10765074925580967
0.10766345396356491
0.10776521346613645
0.10791504277029307
0.10800547219073627
0.10800568018377912
0.10798590110480104
0.10797337325370075
0.10797867401401806
0.10807773664142675
0.10821930276854402
0.10826783017007709
0.10823998494341165
0.10820297263201412
0.10816192596137901
0.1081274026430903
0.10808941926637819
0.10804845689996297
0.10800408631535811
0.10796083536847723
0.10791773019193011
0.10787118406483648
0.10782571970110263
0.10778685394617199
0.10774506474024835
0.10770248827956265
0.10766619868044053
0.1076220296618303
0.10758698818056249
0.10754558677052306
0.10750510560924449
0.10746820972693495
0.10743000318840662
0.10738568875627633
0.1073457635290222
0.10730359326404498
0.10726259043362013
0.10721482934959059
0.10717562376743733
0.10713209866067856
0.10709530092984962
0.10705326823421936
0.1070105255284798
0.10696998983916169
0.10693312407519481
0.1068971666822388
0.10688396630165309
0.10695845677966388
0.10717570679360802
0.10739022897183928
0.1075083166752844
0.10769840133634721
0.10791537745780169
0.10799406813689301
0.10800346763058867
0.1080493697793903
0.10821474698049169
0.10842386915704096
0.10849775322902717
0.10848636257540376
0.10847836189137403
0.10845135141865256
0.10841246186427392
0.10837112300207094
0.108326729659774
0.1082786015891894
0.10823459317419969
0.10819004133174923
0.10814503099890238
0.10810475002113173
0.10806208668726223
0.10801454782287222
0.10796912692704788
0.10792314716255617
0.10787656261523569
0.10783381042801778
0.10779052949138036
0.10774890289478335
0.10770289857556994
0.10766087720692012
0.10761922296766822
0.10757851322805657
0.10753244496899847
0.10748889279588857
0.10744763190876504
0.10741381395272336
0.10737381992543765
0.10733409725981319
0.10729418988249717
0.10725150142606336
0.10720577555093996
0.10716099348206967
