1619481
8005
10234
11395
13351
12930
14738
15589
14818
16128
17019
14826
14470
16901
17246
17100
18901
17951
19765
18489
18742
19606
21085
18269
20131
19425
18789
19065
22426
21402
24904
19613
20896
21779
20756
21974
24663
22772
23280
19776
21281
26429
21901
23540
23970
21046
22902
24181
23916
26481
25718
23017
27591
23670
26187
24700
32764
30708
26886
27417
26952
27835
28433
26524
27912
32061
24909
27825
30858
31079
30487
29165
27575
30548
25023
29649
34208
30970
32154
33178
32325
34442
28149
30621
27234
30705
30116
