232
198
200
229
259
205
187
211
212
248
223
187
207
248
261
216
206
204
190
286
192
218
215
200
282
203
201
231
218
286
204
229
188
201
298
203
217
206
218
307
219
232
192
217
310
207
214
191
216
312
204
217
188
309
287
227
192
217
216
311
216
192
224
219
313
243
190
220
223
337
200
218
194
215
369
192
210
220
265
319
222
222
194
202
382
188
206
229
193
374
228
196
202
203
357
205
233
189
207
357
240
207
220
203
381
191
204
231
195
370
229
238
209
215
365
220
204
204
189
396
193
217
211
237
391
205
205
223
207
423
192
216
223
186
439
201
186
215
212
422
210
193
202
220
416
205
222
191
217
373
207
218
190
216
442
204
225
187
221
400
201
236
200
211
442
228
186
217
215
416
188
217
217
207
485
190
221
201
207
376
235
205
215
208
470
190
218
212
208
428
187
205
223
211
469
193
239
188
204
396
221
226
193
224
384
251
212
216
195
407
208
225
192
216
386
236
226
193
220
414
212
189
219
212
435
224
222
192
220
473
195
210
225
193
403
245
190
223
217
425
188
220
192
219
450
221
217
219
192
449
193
219
205
222
409
261
202
204
218
409
551
228
222
226
512
239
231
219
215
500
238
221
226
256
456
227
224
239
218
469
270
226
230
222
483
216
226
216
220
538
230
238
231
228
478
221
227
249
212
503
222
221
228
214
474
265
220
230
214
464
215
229
219
227
493
239
226
206
220
508
210
212
265
238
509
221
219
221
223
534
219
224
226
213
500
237
227
211
217
516
232
226
224
223
454
232
250
220
216
463
225
214
206
226
513
218
218
210
226
478
229
209
206
205
519
227
215
216
221
484
227
220
239
230
493
219
216
204
229
525
229
226
210
216
473
218
204
213
212
528
224
210
211
212
494
213
213
228
211
504
210
232
212
202
516
210
204
218
203
485
224
209
207
214
483
207
226
219
205
479
210
205
235
210
470
209
213
213
214
460
245
214
201
208
470
204
216
208
202
507
218
212
213
204
454
204
204
203
231
463
200
199
200
202
462
206
240
205
207
460
210
206
209
207
1201
197
198
202
202
446
204
199
202
203
489
207
203
198
196
439
217
207
208
196
443
201
212
205
199
454
218
203
201
196
446
202
203
194
193
461
204
203
201
189
437
198
207
181
179
404
191
182
175
178
385
178
179
175
188
385
175
187
179
179
392
173
177
178
185
413
185
178
175
181
401
177
180
191
181
416
188
177
176
183
407
184
179
177
173
407
179
186
178
179
391
182
179
186
179
415
196
180
198
176
407
174
176
185
175
405
176
206
187
179
392
180
178
180
190
386
193
201
177
184
403
188
177
181
185
397
192
180
203
189
398
191
178
179
182
382
179
181
214
176
403
183
193
178
181
413
183
192
208
178
407
179
176
185
177
413
177
208
187
181
405
180
177
181
177
407
176
213
184
177
401
181
180
180
182
397
203
181
192
182
412
183
178
180
182
431
181
177
178
186
403
195
177
177
178
444
175
180
191
182
386
210
182
181
179
441
180
182
179
193
400
182
197
179
176
429
177
181
176
190
406
190
179
174
175
433
178
175
197
177
402
178
177
177
191
433
188
180
179
175
397
174
186
178
174
427
176
173
185
178
415
178
179
186
176
426
175
177
192
175
407
181
188
178
191
392
177
186
176
185
413
182
177
176
205
407
186
175
186
177
403
177
188
175
196
400
180
189
176
176
418
189
175
178
210
402
195
177
175
180
402
175
185
177
209
402
177
173
184
200
433
175
176
192
206
408
174
175
188
175
403
176
176
188
200
419
174
174
186
179
419
180
175
173
207
401
191
176
176
188
387
188
174
176
213
398
189
178
178
186
415
179
177
196
178
398
177
175
186
176
400
177
194
179
198
407
175
185
175
175
413
176
186
188
192
419
176
174
175
208
405
175
188
176
194
407
176
180
182
193
402
190
176
175
193
409
178
179
192
175
410
174
176
179
201
397
190
177
177
186
403
188
176
173
189
410
173
190
179
177
409
178
190
177
178
432
186
178
175
186
407
190
178
177
185
434
175
177
181
178
538
194
176
175
176
435
178
188
176
174
410
178
174
190
173
440
175
177
192
176
424
180
174
190
176
441
177
176
191
177
426
174
186
186
176
439
180
190
175
176
418
176
192
176
176
433
175
186
178
176
423
177
175
190
181
436
177
175
199
173
420
177
175
187
175
430
183
175
176
191
412
177
176
174
186
435
182
175
173
184
392
197
178
175
186
422
187
210
176
177
421
177
175
185
206
430
177
189
176
176
414
179
182
177
178
445
176
174
189
185
416
181
177
179
192
437
179
196
177
174
418
176
175
190
182
415
193
176
175
184
553
180
199
174
175
428
185
188
180
177
413
180
480
218
267
480
226
176
187
183
408
191
178
193
177
411
177
190
177
174
422
178
174
193
183
407
197
176
177
183
397
176
186
193
177
426
182
193
178
176
403
177
191
195
177
423
177
192
181
176
407
182
196
196
178
410
188
179
178
195
408
178
177
209
178
411
177
190
178
174
413
187
176
208
180
419
180
193
179
182
417
177
176
209
176
424
189
183
177
186
413
177
177
212
179
428
181
175
179
179
413
178
177
211
174
413
182
178
185
187
427
177
180
215
176
420
181
188
178
179
423
182
208
177
188
426
179
180
194
175
415
208
186
176
187
414
180
188
175
178
411
214
180
176
189
417
180
178
194
178
414
202
177
188
197
423
188
190
190
192
438
190
190
183
181
433
179
191
176
176
969
180
181
183
181
417
186
179
176
183
421
193
176
181
180
417
177
189
202
175
454
176
210
190
213
417
194
190
204
194
463
178
207
217
190
455
193
189
206
192
478
176
191
205
206
418
211
212
180
202
454
206
193
214
177
423
207
192
192
205
447
176
218
179
198
442
193
193
204
190
471
178
219
194
206
430
212
190
190
199
439
203
194
194
204
422
207
194
191
202
453
178
207
202
175
455
176
206
205
187
450
192
209
192
197
429
208
193
199
177
473
191
204
177
212
442
204
193
197
190
455
198
189
192
204
436
189
214
176
192
473
181
205
191
206
418
202
178
189
236
418
188
195
214
176
450
190
217
177
232
433
204
191
201
178
451
192
203
203
211
443
178
221
180
190
461
182
226
223
178
455
181
193
208
218
421
195
243
177
206
456
176
203
209
205
421
219
180
191
207
444
178
205
193
194
480
178
191
214
177
439
210
181
208
203
440
207
180
192
213
407
217
175
200
215
421
217
180
193
215
400
215
179
195
204
459
193
196
217
179
442
190
211
184
190
461
194
183
193
216
435
207
175
210
215
432
206
181
203
195
431
206
178
207
195
466
204
175
210
203
434
211
180
210
205
441
218
192
206
180
461
180
207
209
195
475
196
209
199
201
429
213
191
200
179
484
192
257
204
190
459
212
193
192
211
470
189
197
194
208
441
194
194
217
183
476
212
180
205
206
434
209
218
180
241
460
177
193
223
181
482
222
180
222
235
504
180
192
208
182
470
177
212
190
229
432
229
178
199
192
444
193
215
216
191
451
181
207
175
209
437
191
198
198
207
441
190
210
179
207
429
194
213
220
191
450
207
180
210
208
436
211
206
193
217
430
194
223
183
196
475
180
226
209
183
456
206
185
194
212
442
179
226
196
207
439
213
181
210
211
415
197
223
178
209
474
180
191
211
181
463
182
230
206
194
447
197
193
212
193
453
209
195
197
222
431
209
182
205
207
432
230
180
207
195
446
193
192
208
197
473
201
208
212
179
446
185
193
210
204
439
229
179
212
197
449
196
213
183
208
443
210
209
180
209
446
193
214
193
193
450
219
184
213
204
442
204
197
194
209
455
208
207
210
195
435
195
206
192
202
425
219
208
205
194
436
195
219
191
207
450
206
190
207
179
466
191
196
206
196
471
202
205
203
183
452
178
224
178
206
437
222
213
180
207
449
179
203
215
196
473
203
197
208
212
432
210
209
179
193
465
199
202
208
210
431
207
181
201
209
458
197
213
195
202
474
179
208
202
185
444
215
192
212
204
432
211
180
208
195
430
220
178
211
197
446
212
176
214
205
442
231
193
210
183
458
179
216
206
182
481
195
211
181
209
443
198
219
178
201
452
211
193
224
181
448
198
199
215
209
433
224
178
209
207
459
182
210
213
177
466
196
193
192
216
424
210
214
180
205
452
203
209
199
181
449
192
193
210
620
546
216
227
209
200
432
178
184
178
180
456
178
175
180
186
427
177
197
180
181
450
181
179
177
212
415
227
176
201
193
491
181
233
194
197
449
179
209
196
193
480
196
194
206
198
472
180
208
208
184
480
188
216
207
192
456
197
204
180
211
526
188
214
201
227
427
210
196
216
187
486
196
222
182
198
461
218
212
182
216
444
209
194
212
211
448
183
210
213
181
481
183
215
199
221
441
197
209
210
204
469
197
211
187
209
453
204
186
233
205
444
195
198
208
199
474
181
216
235
182
467
197
197
236
184
458
218
202
197
209
471
186
210
212
182
466
197
199
209
209
417
212
218
182
210
450
197
222
181
198
498
186
208
212
182
490
178
212
204
184
465
196
198
218
184
489
183
212
197
210
433
224
181
198
202
468
195
212
195
200
445
200
207
204
195
470
197
216
200
202
451
208
183
214
201
465
220
199
196
213
463
183
212
212
197
471
215
181
210
208
434
214
195
196
227
438
202
183
213
202
446
201
197
210
197
463
199
219
198
197
462
203
189
221
200
1844
215
197
196
207
446
196
197
227
272
460
203
225
188
217
455
210
185
212
204
467
199
199
217
198
456
188
215
217
222
434
216
198
214
184
466
203
238
185
200
452
214
201
222
186
459
202
240
193
212
445
199
218
195
205
450
231
196
204
187
470
196
204
182
216
474
221
183
202
208
457
190
198
214
217
471
184
200
214
228
419
220
198
197
213
495
183
215
214
183
453
219
184
215
202
451
214
218
182
214
447
183
213
221
185
486
185
210
216
185
487
181
218
204
181
508
184
210
208
184
481
197
203
202
193
479
193
218
190
224
455
205
224
201
213
475
220
203
210
186
471
194
210
184
213
466
214
193
202
179
473
213
208
195
208
472
202
191
208
197
486
190
213
215
194
488
186
205
213
194
463
240
181
202
209
476
190
209
205
198
477
181
200
211
214
444
232
182
196
222
433
215
192
198
218
469
197
214
186
212
462
188
210
200
209
479
198
216
197
203
456
215
188
218
210
475
218
198
206
190
471
210
200
215
198
511
188
199
213
211
447
224
189
215
216
442
219
190
200
212
453
201
221
187
212
486
198
207
199
216
462
212
186
200
229
471
207
202
225
183
517
185
216
221
197
464
201
188
213
210
464
181
216
223
182
477
202
213
222
186
490
188
212
219
191
466
241
204
208
213
460
186
222
184
196
536
192
208
225
231
444
242
189
200
201
478
201
219
207
203
471
185
219
194
196
490
202
197
217
199
475
188
211
217
188
505
188
214
198
211
460
199
218
183
213
475
207
186
214
211
439
194
213
215
181
499
205
215
207
207
439
190
213
212
200
495
208
207
182
217
508
211
198
213
212
467
222
192
227
198
456
201
216
183
215
504
192
229
218
227
430
686
252
232
222
550
181
186
199
191
420
204
182
187
196
448
189
210
188
212
454
186
208
191
216
507
188
227
184
198
491
177
216
180
188
488
180
206
178
209
448
205
197
191
212
449
209
189
212
182
456
192
216
179
191
486
188
199
190
215
421
216
177
209
204
456
205
204
196
180
483
192
191
218
178
458
190
214
205
214
442
210
184
207
212
450
189
199
202
191
478
176
203
201
175
454
216
183
202
229
441
225
176
197
210
431
208
183
188
210
479
201
191
195
221
448
198
177
192
214
436
210
188
207
207
461
177
206
207
176
466
185
210
200
216
433
220
195
214
195
480
202
196
200
209
462
185
217
196
218
478
206
198
198
225
448
220
187
214
214
448
959
223
189
200
442
185
214
206
182
501
184
211
216
184
490
202
211
192
215
469
210
203
203
213
441
196
207
199
203
484
215
204
210
204
463
213
188
220
186
498
200
186
212
214
467
200
214
199
218
456
235
188
204
234
432
219
201
218
185
466
228
212
204
203
467
183
217
204
219
442
210
207
214
200
492
186
228
186
198
462
244
186
200
225
453
188
197
225
186
486
224
216
196
201
453
204
201
229
188
469
222
229
225
188
492
185
213
250
184
523
241
215
197
224
427
209
219
187
198
498
198
195
213
207
462
193
198
214
206
433
219
209
200
210
456
197
199
198
212
446
201
226
198
211
452
208
190
203
214
432
233
201
197
208
468
185
196
217
188
460
197
238
182
209
447
205
188
217
214
463
202
222
187
218
461
218
201
215
197
487
184
240
183
222
471
188
216
201
212
462
214
201
204
221
443
219
201
223
192
474
204
231
199
212
462
216
187
225
188
483
206
213
214
210
463
204
221
203
206
471
198
237
197
211
463
201
208
192
218
476
216
193
212
229
438
199
202
215
206
474
208
217
202
213
484
186
220
186
214
464
227
202
214
200
467
215
192
212
202
485
225
212
188
214
474
211
222
199
205
478
193
212
211
192
487
205
220
203
207
496
186
217
193
215
460
212
184
216
214
494
200
210
200
200
465
215
206
221
192
1402
207
215
202
220
458
203
213
218
202
468
218
200
203
216
477
203
200
240
187
508
190
215
234
187
471
188
212
201
234
450
215
200
207
203
479
187
213
210
205
511
190
201
222
190
468
203
204
201
232
447
211
202
203
225
440
219
198
205
225
463
204
200
214
211
469
201
207
211
201
519
