0.2537240537240537
0.2734727347273473
0.2647450110864745
0.2761049480542349
0.2979038224414303
0.3115147438053593
0.315096308947718
0.3173451764125339
0.3112852892082154
0.30840963698941487
0.3102532463717022
0.307162401416385
0.3040920084900538
0.29799350975821565
0.29453168219924253
0.29216927425454836
0.29538875799394143
0.29572975069642793
0.29932953067147006
0.30184499509478147
0.29973208103796023
0.298028071988289
0.2971776516086563
0.2964783739068778
0.294339907806242
0.29574771896706115
0.29661147208831135
0.2962992885836756
0.2984256913315576
0.29747902675788196
0.29806754487140574
0.2982503575697016
0.296811561176627
0.2966635347003445
0.2955330149018766
0.2959335176202646
0.29748220294560274
0.2994124327260159
0.3016624184421039
0.301770340161565
0.2999862844602935
0.2995077261708235
0.29926661729040505
0.29969210686871267
0.2991858416898986
0.2981375222127267
0.29857311618152615
0.29982718070661
0.3002099797655862
0.3004002543672614
0.29917745266991774
0.2988170999173049
0.2996790463090325
0.30060337567346185
0.3013510911788356
0.302461103882383
0.3025551950534745
0.30269324488240534
0.3019023201342069
0.3024969138684011
0.30353910976443343
0.3036321119240458
0.30329550953495493
0.30294229142973783
0.3027684475449526
0.3025132162949142
0.30256453094979535
0.3024241260435812
0.30291676803719625
0.3030826206271814
0.30303014384647037
0.3016013605089823
0.3016456806204718
0.3020213471728852
0.3019826179172984
0.3025907667655883
0.3031636530874059
0.30421236231572407
0.3052202014483523
0.30520268014503216
0.30523773376578567
0.30575057369413583
0.30586043588535006
0.30546352353284695
0.3053433553203457
0.30536027548567346
0.3056679439699156
0.3057386127159475
0.3050251431520655
0.3050007241429251
0.3055947728466297
0.3051895924824102
0.3051641876697429
0.3049914509601991
0.30500003265860653
0.30531608916810477
0.30561792003274935
0.30608955488449535
0.30617437131452135
0.3067165429065937
0.307126318181539
0.30620959747991655
0.3064838400809351
0.3068291199255721
0.3061152162741658
0.30517847635429646
0.3053442989700879
0.30528884525060435
0.30540963368775564
0.3049081449162622
0.3058312246186159
0.30614540603081286
0.30553662644917395
0.3049005052235437
0.3043822338664898
0.30439559852286513
0.30426779838825047
0.30391838578685537
0.3035352825048573
0.30357594822287304
0.30336186539220056
0.30281905516691304
0.3024624733572174
0.3023975529665782
0.30222460200595935
0.30196784363487916
0.3023162989962867
0.30227586307059967
0.3021284567607684
0.3018851376793979
0.3014620256457556
0.3011927393575824
0.3015377878402489
0.30171398980021175
0.3015791720017072
0.3017679563044657
0.3018092692831206
0.3013462980171396
0.30133301244768895
0.30170133496165913
0.3015407325399022
0.30172440117083044
0.3017850722735523
0.301998029929585
0.3023319194016207
0.30243298164339744
0.30279979270157875
0.30311392330901954
0.30277289372721644
0.30276012700300164
0.30268846972549307
0.3029111102962447
0.30286287890746744
0.30269946396760483
0.3027642939044902
0.30280526677225617
0.3035091248289218
0.3037125870535627
0.30389011562472007
0.3039593806477579
0.3043608351697376
0.30416566337587286
0.3043709806692269
0.3046553331898716
0.30474185644223806
0.3050063591166609
0.30510530549901943
0.3051492672069104
0.30540151440220675
0.30582849901128556
0.3063699455866541
0.3069698638420092
0.30741539903885723
0.3076416238850999
0.3077096134050704
0.3078542060150746
0.3076935989843988
0.3075313240065517
0.3071827484015091
0.3070822114243859
0.30700604269900383
0.3068225643537082
0.3068636503539551
0.30723259967908934
0.3075881819611307
0.30752997314645664
0.30759815846348865
0.3073350913059366
0.306934661518965
0.3064622360333421
0.3063168502263309
0.30606467916670693
0.3053540221702757
0.30502266499510333
0.3045125500239607
0.3040493307948055
0.303184341221151
0.3025131344953572
0.3019575283211901
0.30141120486140116
0.3009706944482927
0.3006497385422698
0.30042705732810254
0.30047652413408193
0.3001445823863036
0.29966688593922247
0.299341481860112
0.29870805184451404
0.2982168814520737
0.2979991101918391
0.2975318090780866
0.2971985092181567
0.2970432145564822
0.29691828645277685
0.29680776059787223
0.2966209229517729
0.29622197702565156
0.2958255642682605
0.29540452964723896
0.295314103807941
0.2950240608702225
0.2945683161529265
0.29414884910627837
0.29389663581704545
0.29368956197295015
0.2935456409329928
0.2936662497036292
0.2935307508431486
0.29318789018285746
0.29273935648024874
0.29235952107418206
0.29180751868472343
0.29157513825502646
0.2914742822096918
0.2913495429048247
0.2914989817020909
0.291335520529103
0.29108870747662824
0.29102306284761853
0.2908595125245168
0.2907409546249028
0.29047206439030876
0.29024102795150425
0.2899256994668918
0.2898270381899475
0.28980109071982985
0.2898780234337242
0.28970193959980944
0.28949001314027806
0.2894514830566132
0.2890983418716226
0.2887705889716007
0.28867669455995343
0.28864246771809615
0.2884964552424333
0.28834433790186004
0.2878126962812155
0.28763325254878835
0.28733150420627585
0.2869697596806843
0.2870174091687815
0.28651186505491705
0.28627495244074785
0.2859213032264412
0.2856804800011202
0.2853935771263302
0.28494159665909263
0.28464206350854604
0.2846279935353201
0.28461677649284584
0.28446552979218154
0.28429402576851986
0.2841029404769186
0.28398682853396345
0.2838504246692707
0.2835061917597055
0.2831309620283119
0.28280159000264704
0.28248876831590125
0.28229523475096013
0.2821963870348731
0.2818640511008927
0.2816411345565148
0.2815408498973391
0.28132584362300633
0.28114304493437026
0.28093135892480486
0.2806966693075174
0.28050083551036736
0.2804509178057949
0.2804561651782015
0.2803643917592575
0.28021837719659226
0.2801461263273457
0.27999429887717225
0.27986397030408233
0.279759919556813
0.2798532655267357
0.2796076752712587
0.2794292651056577
0.2794052820452776
0.2794641705514916
0.2795969464901165
0.2797756259673486
0.27967257180736227
0.2794158235994173
0.2792042518311754
0.27878408299358237
0.2786175489566388
0.27852149685180866
0.27842407543253833
0.2783609669486504
0.27844443259280327
0.2784127715459785
0.2782827836757285
0.2781461851349686
0.27781892931881524
0.277597164626263
0.2775407526275294
0.2773367027370609
0.2770279978198024
0.2768567637984099
0.2766207491879746
0.27651556349329015
0.2763874384391068
0.2761326635300454
0.2759312510516336
