0.26896008762921886
0.2562935545045354
0.2534164301287589
0.2622018474438469
0.2603236645409038
0.2612435866265188
0.2609082804496563
0.2601992438062059
0.25994545901963395
0.26392742025721266
0.2654299215889905
0.2680600655401396
0.2694897771632828
0.27142780940188527
0.27252575990843025
0.27342187178517147
0.274878992117082
0.2756066208529041
0.27801374268518053
0.2789813364002624
0.2787319318776796
0.2799549258573418
0.2800866295701899
0.27920520891247025
0.27894749365593247
0.2805676923428639
0.2803311994430404
0.2812004085159871
0.28056051893484074
0.2806538122190487
0.28007121598997986
0.2802841817744378
0.2806389392725964
0.2813341768290498
0.2819760905802612
0.28217854013738314
0.2830140355723167
0.2834843584109034
0.2835770789187013
0.28348678253274956
0.2821634418762971
0.279818818394486
0.27821430502199984
0.2767182478023031
0.2749639925187667
0.27384201319408175
0.27322353715097786
0.2718050402598462
0.2710027031288557
0.2703441137776448
0.2692960171994293
0.26797212883223565
0.2666538639660807
0.2655571772599861
0.26428686038104837
0.2635173352562118
0.26371613415418005
0.26329641020869826
0.2626273604289147
0.262036936175216
0.2612407160837702
0.2600541328127483
0.2589868353116305
0.2580983719170681
0.2575875124345574
0.2571885862198411
0.25666701217584664
0.2563319509410784
0.2561553592088459
0.2557405409032752
0.2560784645640374
0.2569781679997813
0.25782973302928347
0.2584850745607098
0.25884231007706976
0.25934138109117566
0.26005580143511176
0.26068426104029024
0.26109339662494263
0.26106385557708045
0.2611845325501713
0.2612465375476475
0.26165142595148994
0.2619330589058137
0.26211285742520335
0.26236818683727425
0.26284549393486356
0.26297546528020277
0.2627316292134614
0.2626463926812568
0.2628184767982806
0.2633198371766085
0.26366495423061426
0.2637777843796798
0.26393630969423876
0.2643707086343865
0.2647863318937287
0.26538023099214353
0.2657564512181408
0.26582398368813903
