0.2537240537240537
0.2734727347273473
0.2647450110864745
0.2761049480542349
0.2979038224414303
0.3115147438053593
0.315096308947718
0.3173451764125339
0.3112852892082154
0.30840963698941487
0.31354368646806513
0.31079993561886365
0.30640209289698406
0.2980483568718863
0.295297672241372
0.29382539113818223
0.29673510602490744
0.2965760428788039
0.299929950965676
0.30228804709009777
0.3014961317318402
0.30382617181893856
0.30376038838146957
0.30151001864544763
0.2996145998639764
0.30018635494566664
0.30013274645427235
0.3011692362934536
0.3033240217414842
0.30374694031255883
0.30462777474250796
0.3045122357412959
0.30236806623749024
0.30133937618600193
0.2998336285085601
0.2995497140075453
0.29994758112244035
0.30118994716832076
0.30339377033937703
0.3034578665291645
0.3020131364391411
0.30261901574978806
0.30199102513832615
0.30224605910980573
0.301682408909971
0.3006036435654309
0.30064110221797474
0.30138125495393653
0.3015843927766961
0.3020636167533261
0.30182964837018295
0.3013027481153897
0.3016212276184766
0.3027907567000081
0.3035934721797529
0.30456966825698684
0.30452157004118463
0.30476497171502487
0.3038478987961468
0.30429361300428426
0.3054509839928993
0.3052981262357109
0.3054977829131238
0.30556673373574783
0.3056105800055503
0.3049312564196798
0.30528406612275966
0.305604476997778
0.3064976256769299
0.3069050346805922
0.3071187805881683
0.3058969777018103
0.3060080538741178
0.3062538314900192
0.3060903570037863
0.3062647667165363
0.30620547204673265
0.30726431398784637
0.3082065435331305
0.3085117120474538
0.3087034864551944
0.30847552617029816
0.3085134558840033
0.3079990242387954
0.3076983761751364
0.3078306947061414
0.3079856428260513
0.30800866258932413
0.3074104297003048
0.3073276367423224
0.30761224670745263
0.30678836203698084
0.3062972527509192
0.30614408597891457
0.30628808809985697
0.3067121685119475
0.30707373080293465
0.3075709519558873
0.30764072966994405
0.3081681648149182
0.30857578046788153
0.30878806122635144
0.30981639055998167
0.3105934553521908
0.31004199670405613
0.3089896383667117
0.30905128695541295
0.30880287553327707
0.30872174719391965
0.3081482984684243
0.30896943899809515
0.3097249209749833
0.30938828809551244
0.3087182331859538
0.30816662084431723
0.308241279613508
0.3081027238673512
0.3075630781838526
0.30681689143083357
0.3068941471805123
0.3072129249714423
0.307236878870549
