0.2605381580162846
0.27098174390399593
0.2716632720183232
0.26706635190039196
0.2656404470927362
0.2696597590685489
0.26916404787087583
0.26743277407492533
0.26748315596961375
0.2692017472090258
0.2687423940671871
0.26747615186191537
0.2666021194966459
0.2669736674182159
0.2680912083053119
0.27032758359940934
0.27009264972860775
0.26870280512955325
0.26877572032914915
0.26882232618425583
0.2689844481812804
0.26890541915274935
0.26848990354460506
0.2692456140174234
0.2697034130294699
0.2692429966427428
0.268793937152797
0.26820927845714576
0.2685218909151462
0.2698065020517293
0.26981610886402746
0.26939942961507035
0.2694126405589946
0.26908626251534845
0.26938957054246593
0.2691676970691731
0.26883673010893316
0.26824600063979104
0.2678512909346007
0.26818569740691944
0.2683106310270322
0.26826128837832186
0.26791606661455913
0.26792574645175277
0.2677640691671245
0.26747103273161765
0.26673239511166297
0.266728989397478
0.2670061788838885
0.26676969683174256
0.2665742053197765
0.2665615627546745
0.2664493818680543
0.26630524238893316
0.2664890978281417
0.26639731037974107
0.26650502782425556
0.266406154264472
0.2660939540326787
0.2659376001582923
0.26577350336690486
0.26593555624944193
0.26591775920135663
0.2657402824813533
0.26564001260523484
0.2658720914958272
0.2660048580224642
0.2657737489617758
0.26567656825965497
0.26596242962254585
0.2662217676710284
0.26624243941735154
0.26643213003791577
0.2663327944042528
0.26605830516131845
0.2657118707681122
0.2655685122203272
0.2653655464111976
0.26544851226803295
0.2650002700206634
0.26493736155016356
0.2651701423103755
0.26507817164786135
0.2650009277011565
0.26510740528174737
0.26516918819897023
0.26506047036930275
0.2650256439570301
0.26497485479844995
0.2648940443468702
0.26483859080381605
0.2650280642155232
0.2651073548099675
0.26492559099111584
0.2647179452253391
0.26461638701631973
0.26467373676100886
0.26457889910736776
0.2646337117909239
0.2648417780290678
0.26505164864740904
0.265282593840737
0.26518810576561735
0.2649233312746449
0.2648993671531301
0.26506518362020753
0.2651254622256076
0.2650934768358309
0.26482777244957295
0.2646752865822633
0.26452246253772177
0.264557853021282
0.26446309190696915
0.2644299430256072
0.2645200744355326
0.26466630249503975
0.26478816238593217
0.2648351583232566
0.2647797647517772
0.2646920580089853
0.2647103882322919
0.2645365770691953
0.2643111909358281
0.2643751845313928
0.2644299417467047
0.26455362925529297
0.26455339786199494
0.2646573442928542
0.26468651920689307
0.2646597457792697
0.2645886717002548
0.264568986540058
0.2646578356231245
0.2647692847246221
0.2648792446771833
0.26495755327055287
0.2649796584794809
0.2649845865917096
0.26498132367308225
0.2648480522263121
0.26476576197033114
0.2646796639374786
0.26476172044285085
0.2648957057472412
0.2648401695131941
0.26485671198652394
0.26481045155378374
0.2647558268882784
0.26466534434611233
0.26462640671674215
0.26456977365723905
0.2644776088109031
0.26445258604084326
0.2643616372968759
0.26430436732001544
0.26440056961487135
0.2642726815953302
0.2642349419658495
0.26428490129676757
0.2641969851833726
0.26412727249273954
0.2641602649578428
0.2641033038552096
0.2640892483222846
0.26420851275398155
0.264328648563199
0.26431168679400774
0.26434222892181874
0.2645074299159951
0.26449856342131023
0.26443612353387735
0.2643541847303132
0.264395094660588
0.2644467267016721
0.26443938273215006
0.26429284916023776
0.26420972853745167
0.2643250283617043
0.26444886419961594
0.2644008700438217
0.2644229818952857
0.26447770635667844
0.26449362270546667
0.2645208427634886
0.264406405490688
0.2643285523400021
0.2643230842939459
0.2643319193027743
0.2643500345033743
0.26431892205263896
0.26428200044671935
0.2643074205475966
0.2644881796106694
0.2645317512958729
0.26451846578126154
0.26445858224218566
0.26442494488814544
0.2644882135662868
0.26447214727825297
0.26445000493010606
0.26446332353981344
0.2645400687190781
0.2646160048440247
0.264672039571028
0.26468367880011895
0.2647017908264408
0.26464339936428843
0.26459912903863364
0.2646047442062581
0.26453812974842905
0.2645375326176037
0.26447959000314825
0.2644993664988534
0.26452603740953584
0.26459041155179863
0.26462244341398683
0.2646146400956106
0.26464118882823207
0.2645991067900687
0.2646025274735301
0.2645466781878479
0.26457528424079485
0.2646213042668795
0.2645908440483584
0.264467966586232
0.2644514081630877
0.26441977108307435
0.26442836749570797
0.26434021496591653
0.2642442772497864
0.2642397989066046
0.2642523734994591
0.2641657052870114
0.2641565704778235
0.2641782878095022
0.26419921402612273
0.2642570057028112
0.2642780278333779
0.264229465264582
0.26420668598365304
0.26424694519098596
0.26430041524978143
0.2642838056496606
0.26421266939346405
0.2641857366064913
0.26420074243738456
0.2641710750497961
0.26407102961765566
0.264004925514066
0.2640694780210966
0.2640850588034192
0.26413040484777744
0.26412516868395375
0.2641034773556045
0.2642461029071945
0.2643083016876758
0.26422502369329254
0.26411944764814066
0.2641191361224363
0.26413571355980453
0.26420802245523467
0.2641448397183781
0.2640442720262805
0.264019470305029
0.2640879552444798
0.26416885966835674
0.2641207368654536
0.2640247601985445
0.2639862591488715
0.2640285353908764
0.26400059948411936
0.26396843798964464
0.26395928272406755
0.2639908473221999
0.264017474642482
0.26395642258860746
0.2640263671986946
0.264029432605091
0.26399572503205126
0.26396064601382774
0.2638990725562247
0.26393237441495015
0.2639606730047053
0.2639685166709217
0.26401571583777317
0.2640211379707597
0.26400340047026283
0.263979578670364
0.2639992277178567
0.2640227342267518
0.2640163239575252
0.264061356038372
0.2640891732727398
0.26403303222541
0.2640815638713979
0.2641091265413833
0.26411700773992963
0.2641781781969527
0.2641834385329026
0.2641194017343585
0.2640649736326069
0.2640298994382971
0.26398236553345594
0.2639882625894883
0.2639284192708017
0.2638321349037909
0.2638389351840126
0.2638518647410616
0.26389865218730896
0.2639365854181072
0.26396820462774984
0.2639348779853291
0.26394152773668916
0.26399400893409725
0.26395231822769377
0.2639370176820424
0.26395034672472584
0.2639863547120359
0.2639821798161966
0.2639258464553793
0.2638805710408738
0.2639048307317386
0.2639218396367067
0.2639374966289906
0.2639054317533456
0.26388067151062666
0.26394871115800156
0.2639993823735166
0.2639669843220415
0.26396169911690986
0.2639624062759312
0.2639875857617781
0.2639768861770352
0.2639356333539935
0.26389170878732304
0.2638325001674366
0.2638608076853852
0.2639242675725104
0.26390085888048814
0.26387606381917195
0.26389699059871746
0.2639621735327482
0.26397081410509166
0.26391899960333004
0.2638669552915579
0.2638694856494149
0.26390513856014963
0.2638550567060113
0.263849837653051
0.26387276433722046
0.26389155161084726
0.2638977671964964
0.26388583395711157
0.2639302251373077
0.26395778632936034
0.2639411650578495
0.2639299612729322
0.2639027511337961
0.2638790237721568
0.26390350287376946
0.2638967457102329
0.2639002883686872
0.26392123041305676
0.26391375264075084
0.26388418236861466
0.2638586348277228
0.263824213690143
0.26384007749583427
0.2639077311664349
0.2639050993999441
0.2639022127215778
0.26396251188962294
0.2639858121308129
0.2639526627569805
0.2639102309915383
0.26390283311774293
0.2639031515648157
0.2638402026262565
0.26383961025013686
0.26378884881362913
0.26383378071308466
0.2638275093346863
0.26381046185139995
0.2638067335625612
