0.271740441145709
0.26787543754802356
0.2717530898498635
0.2717040250493181
0.27022968040716505
0.27114836980522944
0.2709487324330127
0.27015492634371924
0.269580925808306
0.2706175381455703
0.27018775952825086
0.2698869192715379
0.2694881243063263
0.2701428343039854
0.26993548112706006
0.2687733412911569
0.26898644986449866
0.2687204863864658
0.26890569308993917
0.26952762356662713
0.2694602592295222
0.27005943337922483
0.2701278265748825
0.2691921923214881
0.26949136319850864
0.2696472774001285
0.26989136338237063
0.26998071647192545
0.2705589303291956
0.2706618999078679
0.27041204654191026
0.27051471288981144
0.27084049703849483
0.2712714467348321
0.2716540196060674
0.2717839621881391
0.2720948209398952
0.27221773468333976
0.2727525190440025
0.27283849548285444
0.2729193751528329
0.27303866165643786
0.2733451434091088
0.2736088968665168
0.2742107321584042
0.2745177474461342
0.2749719254345924
0.2751390199549345
0.2754007685756515
0.2757111732378871
0.27606026951994506
0.2761746449696968
0.27618058897515196
0.2760267900725984
0.2760726398661221
0.27608229629413017
0.2759933832333394
0.27626718728808947
0.2762434003825452
0.2762383901041531
0.27638692940587345
0.27664129308248353
0.2770801455826651
0.27728641925590003
0.2772859021247703
0.27760614515714577
0.27800366715585634
0.27799557146291587
0.27811476674294644
0.27843799403254377
0.2784492240745122
0.2785451770228417
0.27906766674407124
0.2794157807824668
0.27987370356915614
0.28012267221667797
0.2803740913676695
0.2806812021710836
0.280806276562962
0.2811404627648137
0.28140610402519184
0.2816752907267256
0.2818986289228884
0.2820637374431382
0.2821937757981901
0.28258688544980876
0.28280639809631136
0.28293618670614623
0.2832866771658673
0.28358512738224845
0.28366209339913157
0.283933619660454
0.2843974538244029
0.2848124288377365
0.28502815735600096
0.28545389856472003
0.28585752847109397
0.28646743704258665
0.28698438187656966
0.28746882087791686
