0.2537240537240537
0.2734727347273473
0.2647450110864745
0.2761049480542349
0.2979038224414303
0.3115147438053593
0.315096308947718
0.3173451764125339
0.3112852892082154
0.30840963698941487
0.3102532463717022
0.307162401416385
0.3040920084900538
0.29799350975821565
0.29453168219924253
0.29216927425454836
0.29538875799394143
0.29572975069642793
0.29932953067147006
0.30184499509478147
0.29973208103796023
0.298028071988289
0.2971776516086563
0.2964783739068778
0.294339907806242
0.29574771896706115
0.29661147208831135
0.2962992885836756
0.2984256913315576
0.29747902675788196
0.29806754487140574
0.2982503575697016
0.2972521316394159
0.2976915565872621
0.29717884040859405
0.29763034823275786
0.2996398315832192
0.3010879046725588
0.30306353099600825
0.3031766121345646
0.3012267788293025
0.300536890792546
0.3003209457006346
0.3009463811915606
0.30020388632297257
0.2989568496588397
0.29928987642522464
0.3003261476890292
0.30061466804107967
0.3013553784959912
0.30028233051002823
0.3009288222533827
0.30203505801855185
0.3028876659859943
0.3035934721797529
0.30466308566598826
0.30471820753995565
0.3048186433946264
0.3039913904978951
0.3045508770837872
0.3055591262918414
0.30561928562109214
0.3052508912787999
0.304705527853109
0.30449095206652693
0.30420942526785966
0.3042352351516164
0.30407008110900796
0.3045386965101506
0.30468121386513203
0.30460606378973726
0.3031552413263236
0.30317813024119056
0.3035329487147188
0.303473931018484
0.30406232882871836
0.3046159804419916
0.30564595130576067
0.30663552945061684
0.3066002065233426
0.3066179007659927
0.3071138072842115
0.3072071465445649
0.3067941069936945
0.3066581932665688
0.30665973620947307
0.30695238299117306
0.30700837336606496
0.306280557124823
0.30624211201456564
0.30682244456721164
0.30640384784031194
0.30636531673106054
0.306179734484648
0.3061757424934193
0.30647948862130703
0.3067116970173789
0.30741521534068966
0.30770088796144857
0.3081272216328885
0.3080991776144062
0.3077031604424741
0.3086035686111563
0.30931005075173396
0.30845427320893803
0.3074953633007448
0.30759190675731285
0.3074041536756642
0.3073643609304866
0.30709755973821723
0.30806450711935607
0.3082922292528192
0.30761059810489466
0.3069562048956107
0.3064199807007046
0.30641570337592655
0.3062705641123456
0.3059041075021407
0.30550424786044306
0.30547368529796126
0.30520594819151825
0.30464796102398406
0.30419985992068893
0.30405089989454165
0.30383095602853755
0.30356139859039244
0.30389725723263994
0.30384442217477814
0.303684809707031
0.30342947297174916
0.3029945274549591
0.30271358765296497
0.30304715851653086
0.30321205479958757
0.30306609943138796
0.3032439105498841
0.3032744111169898
0.3028007847045462
0.30277699784739215
0.3031349696237594
0.30296416380003427
0.3031377732410279
0.3031885263299243
0.30339170419693823
0.30371594923515266
0.30380749960758363
0.3041649286463666
0.3044698044434401
0.30411964469051744
0.3040978699334019
0.3040173243266521
0.3042311939015397
0.304174306542162
0.3040023484089931
0.30405874574009484
0.3040913944561546
0.30478703473627333
0.3049823835334047
0.3051519010510984
0.30521325546925493
0.3055799768478457
0.30570136715092167
0.30632267082986714
0.3066351050857184
0.306639799774108
0.3069114833338928
0.3071005675857032
0.30715988782387904
0.30732180863729447
0.30779136122127176
0.30838863365662755
0.30904300692127457
0.3094843966377894
0.30977554353046655
0.30981078815277024
0.30998139413827425
0.30988357656703003
0.3097499991306132
0.3094235750175497
0.30931055471304925
0.3092124656742551
0.30896717782335
0.3089687782208558
0.3092845441487626
0.30951525431667554
0.30953849839777187
0.3095575215381
0.30927742058671515
0.3088450744812184
0.3083970957560122
0.30824155350124266
0.30798706803464426
0.30725872910514046
0.30691752876588224
0.30639767184281763
0.30592481032082064
0.305050276591935
0.3043696223578646
0.30380466386175714
0.3032490818350304
0.3027994052072077
0.3024693740637608
0.3022377072416852
0.3022782767479882
0.3019375247133254
0.30145110372192635
0.30111705959544327
0.3004750728078082
0.2999754277204918
0.29974926266724417
0.2992736475093763
0.2989321122230686
0.2987686596428851
0.2986356500394647
0.298517118034872
0.2983223485401826
0.297915544037019
0.29751134496351733
0.29708259529520115
0.2969845247033878
0.29668690635156586
0.29622365461948114
0.29579674803514405
0.29553716177961165
0.29533432866188797
0.29522143660745814
0.2952583399420612
0.2950979354730179
0.29484114441932147
0.2943956277450988
0.29407823383384346
0.29353533899141154
0.29335871438091216
0.2933210672545925
0.2931500214530704
0.2933279862863973
0.2931677537395045
0.2929132262013364
0.2928652954741329
0.2927657030043892
0.29272751072201303
0.2924503947714824
0.2922112004561433
0.29188778109861363
0.29178109513025785
0.2917471883415175
0.29188684300807083
0.29172209627418266
0.2914667680132347
0.2914005230097056
0.29104107989029593
0.29084697341197085
0.29077810291424955
0.29067276388614954
0.29050470653579075
0.29030365844525136
0.2897619718004808
0.2895749582293562
0.2892656986143049
0.2888965007052824
0.2889367540324014
0.28842387032355377
0.2881796740339417
0.2878187964270906
0.2875707994651096
0.2872767768919764
0.28681773015641393
0.28651118356835786
0.2864901523981617
0.2864720258177412
0.28631392066523814
0.2861356087113694
0.2859377654550026
0.2858149449646677
0.285671881429911
0.2853210371953692
0.284939243959557
0.28460335573306283
0.2842840646395333
0.28408410795960237
0.2839788829252298
0.2836402149816134
0.28341101125510476
0.283338014583728
0.2831223326585651
0.28293324166142364
0.28271530726786587
0.28247441273276525
0.28228054747859876
0.28225475960503116
0.28226782174115367
0.2821871975842741
0.28199612120905165
0.28196534442109955
0.281842971794114
0.28172309851917304
0.28162610156576917
0.28176089667378346
0.2815432431929426
0.2813703243411466
0.2813649426172766
0.28148038956758165
0.2816566984791627
0.28178913478102585
0.2816778464987766
0.281352302093878
0.2811247454882698
0.2807673855134606
0.280614831755636
0.28056458030430853
0.28049954375480846
0.28042977257009466
0.28049595167690844
0.28048649383022334
0.2803671842339239
0.2802239791516261
0.2799053709587139
0.2796688694083315
0.2795323065473595
0.27927720107650905
0.2789347077052265
0.2787575431179309
0.27851563471966223
0.278404591674156
0.2782706453693083
0.2780100849770253
0.277802922454196
0.27769805054668756
0.27744349175747257
0.27710692601522297
0.27689230303743423
0.27678064349144105
0.2766069071527627
0.27632871164713046
0.2761599486251128
0.27618022553029425
0.2760239131671005
0.27577634753154495
0.2758198253397741
0.2756997739995891
0.2756420645409241
0.27558975415688336
0.2753337334349808
0.2750759687247857
0.27512896457438557
0.2750201440365612
0.2749148019289592
0.2749411591252649
0.2747580055226992
0.27462923813005674
0.27457834274654425
0.2744107797323331
0.2742665819118515
0.27412424761515614
0.2740373916722822
0.27373154905464137
0.27370619127019996
0.2736802846886606
0.2738793930221306
0.2739077505284178
0.2738369813310868
0.27373791704445916
0.27374463396899834
0.27356315983419344
0.2733684561701205
0.27334167625088873
0.27330830550123875
0.2733732084339029
0.27353659006430714
0.27347155608345486
0.27338954614898897
0.2733638065994394
0.27337433031904407
0.27344495512156264
0.27365728310084575
0.27381456111020697
0.27386869834524435
0.27394249778026325
0.273966003401943
0.2738986237778526
0.2738750752329179
0.2739807682039483
0.27396939284348326
0.27408233659917686
0.2741635481835739
0.2744524986429556
0.27467287615050334
0.2748596196948192
0.2748531488975641
0.27507048347144764
0.27530314454671767
0.2754671346290594
0.2756799856571976
0.2757449264995396
0.2758636768325408
0.27586227347714054
0.2760788306486139
0.2762387046380282
0.27630824422727507
0.27620839958034543
0.2761139855645411
0.27614887791168735
0.2762872684833734
0.2764791281347573
0.27669384509971784
0.27693155472744735
0.27702049536929474
0.27722866763915965
0.2771771240852309
0.27714241353996616
0.27740229978391595
0.2777143251444935
0.2779344535576775
0.27815978706602235
0.2781606525102792
0.2781591367945341
0.2783523703239327
0.2786295443691886
0.27889565901008734
0.2791272500400972
0.2792335504441303
0.27926524407656855
0.27937392889859
0.2796666273125981
0.2797598949540424
0.27971055490999086
0.27972628553316575
0.27952968627943614
0.27949188897964355
0.2795761419605374
0.27971219596827734
0.27981729202519456
0.279922758431705
0.27986797270030855
0.27977195591981235
0.2797832517621779
0.2797879907627779
0.2797526380617389
0.27967887564243876
0.279762471576505
0.2798313946237418
0.2798896592607506
0.27991641313005766
0.28009392062955213
0.2803289547687193
0.28033375870664345
0.2802099707052986
0.2801642575649106
0.2801644418569763
0.2803225491932837
0.2804224061034311
0.28032112042152524
0.28038616264175187
0.28053149742948963
0.28069602158905554
0.28079477557834936
0.28083143688162493
0.28080479357330884
0.2808235020106923
0.28086792163879853
0.2808437854799945
0.28086817300863115
0.2807747387752433
0.28071446930863697
0.28069725009601343
0.2808551435516145
0.28111636424744524
0.2812874739720529
0.2813337391416627
0.28124675420293743
0.28139051899782086
0.2815577628269832
0.2817122798216495
0.2818875239708035
0.28186819548353775
0.28185543911029065
0.2819753892470778
0.2820604504633777
0.2820600145256773
0.2820031951637425
0.2819329949551591
0.28188641849958784
0.28173154790004334
0.2817872048146318
0.2818461993199125
0.2818190024652933
0.28184926770531593
0.2818596559203504
0.2818869340733075
0.2818984639324892
0.2819904885234307
0.28207535677101975
0.28210172474083767
0.2821747663165637
0.28220931495358254
0.2822001223342166
0.2821611285788704
0.2822840864113435
0.2824303257018818
0.28243831245466194
0.2823495749359598
0.28236803009210537
0.28247362906128426
0.28257096235161133
0.2827175856082046
0.28270097531013444
0.28275804075126226
0.2828735074359096
0.2830543143245943
0.28318183084786874
0.28328079524170546
0.2832965863301148
0.28324896207087186
0.28324888595577
0.2832360926647782
0.28320395057470854
0.28314085993362326
0.2831319279688057
0.28311088729599193
0.28324011791839104
0.28334869114666533
0.28342086480382656
0.28351355470259043
0.28352217187313916
0.2836004279162386
0.2837227878151433
0.28379239312541693
0.28380041635510245
0.28399715480057325
0.28399426905370606
0.2839085475187307
0.28390630389564236
0.28391264682800504
0.2839256767779849
0.2839698394385488
0.284133258176478
0.2842831814013639
0.28431839349349247
0.28433559267245084
0.2843536434252213
0.28446961520935476
0.28446500896562965
0.28445040672053196
0.28453375946501847
0.284597760568825
0.28455198994250436
0.2844842484065426
0.2845897048228836
0.28469432655959687
0.2846163610608414
0.28459586530450687
0.28457947324887317
0.2846411242163924
0.2847904322505601
0.28476086470095147
0.28477451859556246
0.2848342667372127
0.2848526117771068
0.28479683989128834
0.2846660245653404
0.28463259028720767
0.28457025259471064
0.2845691510317045
0.28462260606279693
0.284708457855066
0.2846322366417463
0.28455650244786374
0.2844873438993908
0.2843949753468863
0.28428884054719333
0.28421661965399975
0.28419671238735894
0.2841865785980836
0.28416765420378676
0.284114627822744
0.2841441609577838
0.28413590180943293
0.2840577665331636
0.2839613350277802
0.2839887984541952
0.2840185066443787
0.28395406134990164
0.2838635566449321
0.28379113468087197
0.28376373826564394
0.28390406517950617
0.28399171068654167
0.2839512943928032
0.28391919687763206
0.28404511418336564
0.28391595818188853
0.28375676631821495
0.28358706851735516
0.2834522646880483
0.2834535182779756
0.28343735326037944
0.28339433677001546
0.2834014663844233
0.28333410686493826
0.28320931137696803
