0.31139385920696355
0.30724575360137585
0.31348433132659664
0.31584521473876576
0.3132659643087507
0.3152012420044321
0.3119691739259669
0.3136959793592774
0.31118321572580615
0.31670608471296485
0.31455600946033435
0.31111588905611665
0.3106925929907544
0.30831905898932993
0.31219092668243364
0.3096108626253089
0.30359062567189815
0.30488151068380864
0.3074607611394546
0.30466566329821515
0.3065872930552566
0.2999354977424207
0.3089658138034828
0.3072591915717047
0.30853579875295617
0.3091807163445904
0.3046673430445064
0.3132660168008221
0.30681573855084926
0.3044502358363791
0.29929047516663065
0.29520533218662626
0.3012221834014314
0.2993548387096754
0.30301075263689903
0.3036559140297672
0.30494634156586
0.3008599787886423
0.3058064516129048
0.3103225806451609
0.31677713373655897
0.307311827956989
0.30752688172043
0.3068749999999999
0.3094623655913977
0.3094623655913977
0.3109677419354835
0.3088241609898942
0.30537633096659017
0.30516123781922
0.3053763440860212
0.30408686155913967
0.30279569892473074
0.30967743248067237
0.30946068548387073
0.31268817204301047
0.3120295698924728
0.31247311827956953
0.3086021505376335
0.3131182795698984
0.31205650411626307
0.3027304905867015
0.3113308965813801
0.30638530356374943
0.30315725112878933
0.3078907761771661
0.3111158890561175
0.3045105636183932
0.3004334677932078
0.2980647261488819
0.30128864247311793
0.3077482358870966
0.30473118279569883
0.30623655913978487
0.3083870967741927
0.31483865717405884
0.30752688172043
0.30645245295698886
0.3079574092741931
0.3086021505376343
0.30686825331821216
0.30881720430107495
0.30989247311827295
0.31162634408602136
0.31182795698924715
0.31075426327284933
0.3152010320361274
0.3145560357063668
0.313050956783488
0.31520108452819257
0.31412599440980404
0.31004085142979987
0.30616735648247667
0.31283594923259284
0.30767576865190244
0.31154569416398786
0.31302408084282934
0.3164911821718443
0.31434058199849474
0.3115727800473013
