65,1,129,5
69,3,122,6
60,3,134,3
70,0,126,4
63,3,133,1
67,1,131,1
69,1,127,3
68,2,128,2
61,2,132,5
74,2,121,3
65,3,130,2
54,3,141,2
64,1,124,11
73,4,120,3
60,1,135,4
67,3,126,4
66,2,129,3
63,0,131,6
66,2,126,6
68,0,131,1
70,2,127,1
58,2,136,4
58,2,137,3
78,1,118,3
59,0,139,2
67,2,129,2
69,0,126,5
61,3,132,4
72,0,124,4
66,0,131,3
74,2,124,0
60,3,135,2
63,1,134,2
55,2,138,5
63,2,131,4
71,3,126,0
63,2,130,5
77,3,119,1
81,0,117,2
75,1,122,2
67,4,123,6
58,2,134,6
61,1,130,8
71,2,126,1
64,4,131,1
63,2,131,4
62,4,131,3
53,3,136,8
67,1,130,2
61,1,132,6
60,3,132,5
69,3,123,5
68,0,131,1
63,2,132,3
72,4,122,2
64,2,130,4
67,1,127,5
75,1,123,1
60,1,138,1
65,0,133,2
71,4,122,3
69,2,127,3
65,1,134,1
69,2,127,3
64,1,133,3
62,2,136,1
53,0,145,3
65,4,127,5
56,1,141,3
65,0,134,1
61,0,134,5
71,0,123,6
68,1,126,5
79,4,117,0
73,0,122,5
68,0,124,8
73,3,120,4
61,0,133,6
73,0,121,5
73,3,117,6
62,3,128,6
59,0,140,0
75,3,119,2
74,3,116,6
61,2,134,2
73,2,120,4
74,2,124,0
59,0,140,1
73,1,122,4
71,2,123,4
77,2,116,5
72,0,124,4
75,1,123,1
63,2,135,0
76,2,120,2
48,6,141,5
67,4,125,4
60,0,135,5
62,3,131,4
69,2,126,3
78,1,118,4
84,0,112,5
75,1,123,2
72,2,123,4
75,1,119,6
75,2,120,4
71,2,128,0
69,3,127,2
82,1,117,1
76,3,117,5
68,1,129,2
69,1,128,2
80,0,116,4
78,0,122,0
82,2,115,1
75,0,123,2
80,0,120,0
83,2,112,3
72,1,125,2
73,0,122,5
91,2,103,4
78,2,115,5
77,1,120,2
80,1,118,1
68,1,129,2
67,2,130,1
73,3,120,4
78,3,118,1
74,1,120,5
74,1,121,4
77,3,118,2
75,1,120,4
73,2,125,0
75,2,121,2
71,0,125,4
86,0,113,1
74,0,124,2
67,2,126,4
81,3,111,4
76,1,116,6
69,1,124,5
71,0,126,2
73,1,122,3
70,1,128,0
67,0,130,2
64,2,131,2
78,2,115,4
72,0,125,2
81,2,115,1
77,1,119,2
79,1,116,3
64,1,132,2
75,1,116,7
86,2,109,2
70,0,128,1
78,1,117,3
80,0,116,3
72,1,119,7
77,1,119,2
73,2,122,2
79,2,115,3
76,0,124,0
76,1,122,1
74,3,121,2
74,3,119,4
80,0,114,6
75,0,121,4
65,0,130,5
86,1,111,2
74,3,120,3
79,0,117,4
81,1,115,3
76,0,122,2
77,0,118,5
79,1,119,1
80,1,117,2
81,0,118,1
71,2,123,4
74,0,124,2
73,0,122,5
73,0,126,1
76,3,114,7
78,0,121,1
77,0,119,4
73,0,126,1
90,0,107,3
74,1,126,0
73,1,123,4
76,2,123,0
75,0,125,1
69,0,130,2
79,0,118,4
67,1,129,4
81,1,117,2
72,2,123,4
75,0,122,4
73,1,122,5
87,1,110,3
79,2,117,3
73,1,126,1
65,4,129,2
70,0,125,5
81,2,114,3
66,2,131,1
73,1,125,1
80,3,114,3
72,0,127,1
55,0,142,3
66,1,133,0
69,2,128,1
73,0,124,3
76,3,119,2
62,0,136,2
67,0,130,3
77,1,120,2
77,1,121,1
60,2,131,7
88,1,107,4
70,1,122,7
63,2,131,4
61,2,132,5
83,0,116,1
54,2,140,4
76,1,119,4
64,1,131,4
68,2,128,2
74,3,120,3
75,1,123,1
65,3,130,2
73,1,125,1
72,1,120,7
69,2,127,2
75,0,124,1
69,2,128,1
87,0,111,2
64,0,134,2
70,0,126,4
65,1,130,4
70,2,120,8
72,1,126,1
70,0,125,5
59,0,137,4
69,1,128,2
70,0,128,2
62,0,134,4
79,1,115,5
61,0,137,2
86,0,113,1
83,3,113,1
80,1,115,4
70,2,122,6
66,1,130,3
87,0,110,3
77,1,120,2
67,0,129,4
71,0,126,3
73,0,123,4
73,1,123,3
72,2,123,3
63,1,134,2
74,0,121,5
71,2,120,8
67,2,131,1
75,2,123,1
64,1,134,2
91,2,108,0
70,1,126,4
68,2,127,4
69,2,126,3
68,0,130,2
87,0,112,1
63,1,131,5
67,1,128,4
70,1,127,2
72,2,124,2
64,1,134,1
82,1,113,4
76,1,120,3
51,3,145,1
77,1,118,3
78,0,117,4
66,2,127,4
73,1,123,2
69,2,127,1
66,1,127,5
82,1,114,2
74,0,124,2
65,0,133,2
84,1,113,2
67,0,131,2
66,1,133,0
71,0,125,4
67,0,132,1
67,2,129,2
65,2,131,2
70,0,129,1
74,0,123,3
72,1,126,1
76,2,118,4
72,1,124,3
49,3,144,4
69,0,126,5
56,2,136,6
63,1,136,0
67,2,127,4
64,1,130,5
69,2,124,5
70,1,127,2
60,0,134,6
71,0,124,5
69,1,128,2
70,1,122,7
68,4,125,3
70,2,126,2
66,1,129,4
81,1,116,2
81,1,117,1
76,2,118,4
62,0,131,7
67,1,127,5
68,0,129,3
73,0,127,0
61,0,134,5
86,0,112,2
80,1,116,3
64,1,134,1
70,1,128,1
69,2,128,1
66,1,130,3
68,0,130,2
63,4,129,4
69,0,126,5
75,0,121,4
57,2,137,4
52,5,138,5
65,1,132,2
70,1,124,5
62,1,133,4
67,0,130,3
54,0,137,9
53,0,144,3
56,0,142,2
65,1,130,4
67,0,132,1
69,0,127,4
73,0,126,1
73,2,123,2
72,2,121,5
64,1,133,2
73,2,119,6
68,1,129,2
66,2,127,5
60,2,134,4
70,1,125,4
79,2,114,5
69,0,128,2
62,1,134,2
67,1,127,4
62,4,131,2
72,1,124,2
62,3,129,5
68,1,128,3
64,0,129,7
73,4,120,3
61,0,135,4
64,1,130,5
65,2,130,3
68,1,128,3
76,1,120,3
67,1,127,5
84,1,114,1
67,1,130,2
71,2,127,0
72,0,126,2
62,2,131,5
68,0,130,2
75,0,122,3
69,0,127,4
66,0,129,5
68,1,129,2
77,1,120,2
68,1,128,3
74,2,122,2
62,2,136,0
69,3,126,2
63,1,131,5
74,0,125,2
68,2,129,2
65,1,133,2
67,2,127,5
67,1,131,2
76,0,122,3
53,2,144,1
72,2,121,5
69,2,126,3
66,0,130,4
63,2,132,3
55,1,142,2
70,2,127,1
69,1,128,2
72,1,124,3
75,1,121,3
60,1,137,2
64,1,127,8
68,1,125,6
80,0,117,3
64,2,130,4
69,5,120,6
69,3,126,2
66,2,129,3
67,0,131,2
69,1,126,4
80,2,114,4
69,0,128,3
60,3,133,4
79,1,116,4
68,1,128,3
72,3,123,2
63,1,134,2
74,1,122,3
66,3,128,3
73,0,118,9
61,1,136,2
60,0,136,4
66,3,128,3
63,2,132,3
73,0,124,3
75,2,121,2
72,2,122,4
75,2,119,4
65,2,129,4
67,2,129,2
63,0,134,3
70,1,126,3
80,0,118,2
67,1,130,2
64,2,134,0
71,2,126,1
74,3,119,4
63,3,132,2
71,2,126,1
84,1,113,2
73,0,122,5
74,0,123,3
73,1,126,0
68,1,128,3
68,1,129,2
66,0,129,5
72,0,123,5
70,1,128,1
72,0,125,3
83,3,112,2
59,1,137,3
61,1,137,1
66,1,130,3
81,0,117,2
60,1,138,1
66,1,131,2
69,0,128,3
61,0,134,5
58,1,140,1
73,2,126,0
61,1,137,2
70,1,129,1
66,1,132,1
68,1,130,1
68,0,130,2
69,1,120,10
79,1,119,1
89,2,104,5
74,0,124,2
65,3,129,3
77,2,118,3
64,2,130,4
60,1,136,3
68,1,127,4
69,1,125,5
69,1,129,1
71,1,125,3
79,2,115,4
87,2,110,1
58,0,139,3
78,2,115,5
64,1,131,3
63,2,131,3
75,3,119,2
66,2,129,3
66,1,131,2
75,2,119,4
53,2,142,3
74,0,124,2
69,1,120,10
83,0,113,4
64,0,135,1
72,1,124,3
69,0,130,1
68,1,129,2
74,0,122,4
70,2,126,2
73,1,124,2
64,3,130,4
74,0,120,7
62,1,134,4
62,1,134,3
73,1,124,2
74,1,124,1
66,5,125,4
77,1,117,5
61,0,139,0
64,1,132,3
70,0,127,3
81,1,112,6
67,1,131,1
66,2,131,1
70,1,127,2
68,1,129,2
69,3,120,8
63,1,133,3
63,0,135,2
72,3,125,0
64,0,133,3
70,2,126,2
64,2,130,4
78,0,122,0
72,1,122,5
78,1,118,3
70,2,128,0
74,1,123,2
72,2,125,1
67,1,130,2
67,2,128,3
72,0,126,2
68,3,126,3
76,1,119,4
82,0,116,2
75,0,124,1
59,1,138,2
76,1,120,3
77,0,121,2
68,2,124,6
75,0,122,3
62,2,134,2
79,0,119,2
74,0,124,2
75,0,122,2
63,0,135,1
66,0,128,5
63,2,131,3
78,0,121,0
73,0,119,7
69,2,128,0
72,0,125,2
60,2,136,1
65,3,130,1
72,1,121,5
74,0,125,0
66,0,131,2
68,1,125,5
65,2,130,2
65,0,131,3
68,1,128,2
67,3,125,5
64,2,133,1
62,2,135,1
67,1,131,1
53,5,141,1
64,2,131,3
67,1,127,5
80,0,115,5
67,3,127,3
54,1,142,3
75,1,122,2
58,3,136,3
83,1,113,3
72,3,125,0
76,1,119,4
70,0,128,2
75,2,121,2
58,3,134,5
82,1,114,3
80,1,115,4
68,2,128,2
79,1,117,3
64,1,132,3
81,1,114,4
73,1,125,1
83,2,113,3
69,1,130,1
68,1,129,3
76,2,121,2
77,0,122,2
68,0,132,1
60,1,136,4
75,0,126,0
73,1,125,2
83,3,112,3
77,1,122,1
76,3,121,1
66,2,130,3
67,0,131,3
55,0,144,1
42,1,154,3
56,1,139,4
65,3,130,2
59,3,135,3
54,2,139,5
59,1,136,4
56,3,139,2
59,0,138,3
54,1,144,1
44,4,147,5
50,1,148,1
53,2,142,3
59,0,140,1
56,1,142,1
54,0,142,4
62,1,136,1
55,3,139,3
69,2,125,4
55,2,143,0
53,0,142,5
58,1,138,3
61,2,135,2
53,1,141,5
57,3,137,3
62,0,135,3
59,1,138,2
51,4,144,1
56,4,138,2
53,1,144,2
54,3,140,3
63,2,134,1
55,3,141,1
54,4,140,2
65,2,133,0
55,0,141,4
53,2,141,4
59,0,139,2
50,1,146,3
51,2,145,2
54,2,141,3
48,1,150,1
56,2,139,3
51,2,139,8
60,1,136,3
49,0,149,2
53,1,145,1
59,3,138,0
43,1,155,1
65,2,131,2
65,1,132,2
59,2,137,2
47,0,149,4
59,1,136,4
65,1,130,4
54,3,140,3
64,1,131,3
58,1,139,1
53,2,141,3
55,4,135,5
43,2,152,2
56,1,139,4
55,4,137,4
58,0,142,0
50,0,149,1
60,3,134,3
68,0,129,3
60,0,138,2
49,2,146,3
53,1,141,5
54,4,139,3
46,2,148,4
58,3,136,3
62,1,132,5
59,5,135,1
51,4,142,3
57,2,136,5
63,4,130,3
53,1,142,4
60,1,135,4
42,2,155,1
54,1,143,2
53,2,143,2
61,1,134,4
51,2,144,3
44,2,147,7
45,4,150,2
49,1,147,4
56,1,143,1
56,4,136,5
61,2,137,1
55,2,138,5
66,0,131,3
67,2,131,0
59,3,136,2
39,4,154,3
52,2,142,4
51,4,140,5
61,1,134,4
62,2,135,1
69,1,128,2
74,3,121,2
82,1,115,2
65,1,131,3
58,3,137,2
63,1,134,2
68,1,129,2
75,2,121,2
64,4,128,4
69,2,128,1
84,2,111,3
83,0,116,1
69,2,125,4
63,1,132,4
68,2,127,3
65,2,132,1
77,2,119,2
63,2,132,3
70,0,124,6
67,0,132,1
78,3,117,2
69,0,131,0
78,2,116,4
75,1,123,1
75,1,122,2
83,2,114,1
70,1,126,3
57,1,141,1
69,1,128,2
75,5,117,3
63,4,129,4
73,1,123,3
67,1,128,4
65,2,127,6
64,1,134,1
77,1,121,1
76,2,121,1
82,2,114,2
72,1,121,6
59,1,136,4
65,1,131,3
64,1,134,1
75,1,122,2
63,2,132,3
67,3,129,1
73,2,121,4
70,1,126,3
86,1,113,0
62,0,135,3
78,2,116,4
61,1,132,6
70,3,122,5
77,8,114,1
83,3,111,3
71,2,121,6
63,1,132,4
76,2,121,1
75,2,120,3
64,3,130,3
70,3,123,4
67,2,128,3
65,4,127,5
63,3,132,3
89,2,106,4
78,4,115,4
56,5,136,4
66,0,133,2
64,0,133,4
71,0,127,3
68,2,127,4
72,1,126,2
73,0,127,1
70,3,124,4
57,0,139,4
82,0,114,3
70,1,126,2
68,1,126,4
75,0,121,3
84,0,114,1
69,2,127,1
79,0,117,3
62,1,130,6
69,3,125,2
58,1,137,3
74,1,124,0
73,3,123,0
73,1,125,1
88,3,106,3
58,1,138,3
68,0,127,5
78,1,119,2
65,3,131,1
66,1,132,1
75,2,122,1
69,1,127,3
69,1,127,3
64,1,133,2
66,2,132,0
71,2,126,1
72,2,123,3
72,6,119,3
78,1,117,4
57,2,140,1
64,2,130,4
65,2,129,4
67,4,126,3
72,3,118,7
84,5,109,2
68,3,127,2
74,3,120,3
65,1,132,2
66,0,131,3
70,7,119,4
70,1,124,5
68,2,128,2
67,3,126,4
64,1,130,5
70,2,126,2
72,2,123,3
71,3,123,3
70,2,125,3
75,3,118,4
74,2,124,0
69,3,124,4
68,0,128,4
66,3,130,1
68,3,126,3
65,3,130,2
64,3,133,0
67,2,129,2
64,4,130,2
66,1,129,4
76,1,117,6
64,3,131,2
69,2,122,7
85,2,110,3
90,1,106,3
78,4,114,4
65,2,129,4
69,0,129,2
65,2,131,2
65,2,127,6
75,1,123,1
69,1,129,1
77,5,115,3
70,3,123,4
72,3,125,0
79,2,116,3
76,1,117,6
71,2,127,0
78,1,118,3
58,1,138,3
60,3,134,3
74,2,121,3
63,2,133,2
61,4,133,2
62,3,132,3
76,1,118,5
69,2,127,2
67,5,124,4
74,1,120,5
57,2,139,3
66,1,128,6
77,1,120,3
66,2,131,2
63,7,129,2
81,3,114,3
65,1,131,4
75,3,118,5
63,3,132,3
71,3,119,7
74,3,122,1
75,4,116,5
77,1,120,2
69,1,127,3
79,3,115,3
69,1,126,4
75,0,118,6
71,1,125,2
68,2,126,3
65,2,129,3
89,1,109,0
70,0,127,2
65,1,131,2
58,1,138,2
76,2,120,1
69,2,127,2
69,0,128,3
73,2,121,4
55,0,142,3
72,5,121,2
77,3,118,2
73,2,122,3
69,1,128,2
67,4,129,0
70,0,128,2
70,2,125,3
63,2,133,2
67,2,128,3
74,2,120,4
89,1,108,2
85,2,110,3
78,3,116,3
83,1,112,4
79,2,118,1
73,4,121,2
67,1,131,1
74,3,121,2
83,2,114,1
85,2,113,0
85,1,113,1
74,3,120,3
74,0,125,1
67,4,121,8
59,3,137,1
76,5,116,3
73,0,125,2
75,1,123,1
82,0,116,2
76,2,121,1
65,0,135,0
88,2,107,3
77,3,117,3
79,2,116,3
76,0,124,0
77,1,119,3
72,2,123,3
71,0,126,3
63,2,129,6
76,2,118,4
78,1,118,3
62,2,134,2
73,3,123,1
79,2,113,6
64,2,131,3
66,1,131,2
84,1,109,6
73,0,126,1
72,2,124,2
74,0,125,1
76,4,119,1
71,6,118,5
77,4,115,4
68,0,130,2
75,3,120,2
78,2,119,1
80,1,116,3
77,5,108,10
81,0,117,2
84,1,113,1
72,3,122,2
74,1,121,3
80,1,116,2
69,2,125,3
77,2,115,5
87,1,110,1
86,0,112,1
76,3,117,3
84,2,110,3
68,1,128,2
74,3,122,0
72,3,121,4
79,1,117,3
76,1,121,2
80,1,113,6
66,2,128,4
74,1,119,6
71,2,126,1
82,3,110,5
74,1,120,5
79,4,116,1
65,1,129,5
66,1,128,5
76,2,119,3
73,1,122,4
84,3,108,5
73,2,120,5
76,1,121,2
80,1,118,1
85,1,114,0
84,4,109,3
67,1,128,4
74,2,121,3
72,1,123,4
71,0,122,7
81,5,109,5
64,2,131,4
76,0,121,4
82,1,111,7
76,2,118,5
79,2,120,0
74,2,124,1
84,1,113,3
73,1,125,2
86,6,105,4
64,2,133,2
89,0,109,3
76,2,120,3
75,2,120,3
76,1,123,0
65,2,131,2
52,0,147,1
64,0,133,3
67,3,127,3
59,1,137,3
66,1,132,1
66,0,130,4
60,2,137,1
72,0,127,1
71,1,126,2
62,3,132,3
66,4,128,2
68,2,129,1
56,3,137,4
61,3,135,1
69,0,127,4
64,1,133,2
66,1,131,2
72,3,125,0
69,3,124,4
68,1,128,3
68,1,128,3
66,2,128,4
69,3,126,2
73,3,123,1
71,2,125,2
73,1,125,1
62,1,134,3
71,4,123,2
78,3,118,1
77,3,119,1
72,2,124,2
66,1,129,4
83,4,108,5
71,0,124,5
62,2,133,3
57,1,140,2
72,1,124,3
59,2,137,2
78,1,119,2
79,1,117,3
68,1,129,2
68,1,129,2
71,3,121,5
58,4,136,2
65,0,133,2
63,1,134,2
59,2,135,4
73,1,124,2
65,1,130,4
77,2,119,2
72,4,123,1
66,2,127,5
62,3,131,4
58,1,139,2
71,1,123,5
68,3,128,1
62,0,134,4
72,4,122,2
65,4,129,2
58,1,136,5
69,2,126,4
60,1,138,2
69,1,129,2
60,2,138,1
75,2,123,1
70,4,125,2
68,0,128,5
78,4,116,3
69,1,127,3
67,1,128,4
64,1,129,6
72,1,123,4
71,3,125,1
63,4,133,0
59,2,138,1
75,2,122,1
63,1,134,2
71,2,123,3
54,1,142,2
69,2,126,2
70,3,124,2
67,0,129,3
62,4,130,3
76,1,120,2
71,1,124,3
74,2,123,1
69,2,128,1
63,0,133,4
62,0,135,3
68,2,125,5
73,2,123,2
60,3,135,2
68,1,128,3
68,1,130,1
60,2,136,2
70,1,127,2
74,0,126,0
66,2,130,2
69,1,130,0
74,2,123,2
82,1,116,2
74,1,124,2
67,1,125,8
73,2,123,3
71,1,126,3
73,5,120,3
64,0,136,1
68,0,131,2
78,3,117,2
59,2,134,5
66,0,134,0
63,1,135,1
74,1,123,2
76,0,120,4
72,2,126,0
69,0,131,0
62,3,133,2
61,0,134,5
62,1,134,3
70,1,126,3
79,1,115,5
71,2,126,1
59,4,136,1
79,2,117,2
73,3,124,0
74,2,122,2
80,3,113,4
67,1,129,3
67,1,130,2
64,1,132,3
59,3,133,5
52,0,145,3
67,3,127,3
74,3,122,1
63,1,132,4
70,0,127,3
63,0,134,3
67,1,129,2
66,1,130,2
57,3,137,2
67,1,131,0
65,1,132,1
57,1,137,4
72,1,121,5
70,4,123,2
67,5,126,1
65,0,131,3
65,3,126,5
59,1,133,6
66,1,130,2
74,1,121,3
67,7,122,3
65,2,127,5
63,1,135,0
69,2,124,4
62,3,133,1
66,4,125,4
72,1,124,2
68,1,123,7
72,1,122,4
62,1,134,3
61,3,135,1
65,2,131,2
69,1,128,2
59,0,136,5
74,6,120,0
63,0,131,6
73,0,124,3
63,2,132,3
64,1,132,3
72,1,126,1
64,5,129,2
65,2,129,4
63,0,135,2
67,1,127,5
62,0,137,1
60,3,135,2
75,1,119,5
72,1,125,2
63,2,134,1
65,3,130,2
76,0,120,4
61,3,133,3
66,1,132,1
71,1,128,0
58,1,140,2
66,0,134,1
68,1,128,4
57,0,140,4
74,1,123,3
70,2,128,1
69,1,129,2
62,1,135,3
65,0,134,2
69,1,128,3
68,1,130,2
57,3,137,4
66,1,130,4
63,2,131,5
67,1,130,2
67,0,131,2
65,3,129,3
55,3,142,0
60,2,137,1
77,2,120,1
76,1,120,3
58,2,137,3
75,1,122,2
68,1,128,3
69,0,131,0
79,1,118,2
74,3,122,1
68,0,129,3
63,3,131,3
76,2,120,2
55,1,141,3
69,2,126,3
72,2,125,1
74,1,122,3
64,2,133,1
71,1,123,5
67,1,129,3
72,1,125,2
78,1,118,3
65,0,129,6
77,1,121,1
64,1,134,1
64,0,135,1
68,0,132,0
66,1,131,2
65,1,132,2
66,0,130,4
65,2,133,0
60,0,137,3
69,4,124,3
67,2,130,1
77,1,121,1
73,0,125,2
83,3,114,0
73,2,122,3
62,1,133,4
63,1,132,4
69,1,128,2
62,2,134,2
61,2,137,0
69,1,126,4
60,1,138,1
68,0,130,2
75,2,120,3
73,1,125,1
79,3,112,5
69,0,127,3
70,2,121,6
60,2,132,5
70,2,124,3
68,2,129,0
63,2,134,0
67,1,130,1
58,0,137,4
74,1,120,4
73,3,120,4
63,0,135,2
59,1,138,2
60,1,139,0
60,0,137,3
71,1,124,4
77,1,121,1
80,0,119,1
56,1,141,2
76,0,119,5
64,2,133,1
73,0,125,2
68,3,126,3
57,1,141,1
71,2,126,1
70,0,129,1
67,0,131,2
66,3,128,3
72,2,124,2
56,0,140,4
66,3,129,2
78,0,118,4
69,2,128,1
74,0,124,2
72,1,127,0
66,1,130,4
67,0,133,1
70,0,128,3
79,1,117,4
67,1,132,1
68,3,129,1
75,0,125,1
64,1,135,1
70,2,127,2
70,0,128,3
67,0,130,3
68,1,129,2
67,0,130,3
69,2,127,2
62,2,132,4
69,2,128,1
68,3,128,1
73,0,124,3
74,2,123,1
73,0,125,2
74,2,121,3
60,0,137,3
73,4,119,4
59,3,134,4
66,4,125,5
66,2,132,0
61,1,135,3
62,1,136,1
64,0,133,3
73,0,124,3
72,1,121,6
72,3,122,3
69,3,125,3
68,2,128,2
73,4,122,1
72,5,121,2
61,4,134,1
62,1,134,3
60,1,134,5
73,1,124,2
69,1,128,2
63,4,130,3
80,1,119,0
67,4,129,0
69,2,127,2
67,0,132,1
67,1,129,3
73,0,127,0
70,3,124,3
62,3,131,4
63,2,131,4
80,1,114,5
69,1,129,1
67,4,125,4
60,1,135,4
79,1,115,5
58,1,140,1
66,2,130,2
72,2,124,2
85,2,108,5
73,1,124,2
71,4,122,3
82,4,111,3
86,3,109,2
80,1,114,5
66,1,129,4
69,3,123,5
66,2,130,2
75,0,123,2
67,1,130,2
73,1,124,2
69,2,124,5
60,0,139,0
59,3,134,3
68,0,131,0
71,2,125,2
70,0,129,1
72,1,126,1
73,2,119,6
72,2,123,3
68,2,127,3
71,3,126,0
72,1,120,7
64,3,130,3
60,1,136,3
67,1,131,1
73,1,124,2
71,4,123,2
67,4,127,2
68,1,129,2
77,2,120,1
67,2,129,2
59,1,138,2
63,1,132,4
75,1,118,6
72,2,125,1
65,3,129,3
70,1,123,6
60,1,137,2
57,2,139,2
53,1,146,1
78,0,122,1
65,1,133,2
75,2,120,3
69,2,125,4
71,5,123,1
64,1,135,0
72,0,123,5
77,1,119,3
70,2,126,2
76,0,119,5
63,0,133,4
68,2,129,1
69,0,130,1
71,1,125,3
69,1,130,0
68,0,131,1
70,0,128,2
65,1,131,3
64,3,126,7
54,0,142,4
67,0,132,1
70,1,128,1
61,1,135,3
74,1,125,0
70,3,123,4
69,1,128,2
82,0,114,4
76,2,121,1
77,3,119,1
54,1,140,5
72,1,126,1
76,0,120,4
69,0,127,4
68,1,129,2
61,0,139,0
58,2,136,4
59,2,136,3
73,1,123,3
67,2,128,3
65,4,129,2
68,2,126,4
70,1,127,2
71,0,123,6
77,1,121,1
77,2,120,1
82,1,116,1
68,1,130,1
61,1,136,2
75,0,120,5
78,3,117,2
74,0,122,4
71,2,124,3
63,2,134,1
69,1,128,2
68,1,130,1
59,1,138,2
71,1,125,3
73,1,126,0
67,4,125,4
76,2,119,3
82,2,114,2
66,1,132,1
68,0,128,4
78,0,121,1
62,0,136,2
71,0,126,3
70,1,127,2
64,1,132,3
73,3,121,3
64,1,133,1
68,0,129,2
63,0,133,3
73,0,122,4
70,1,126,2
59,0,140,1
65,0,135,0
76,0,122,2
90,2,108,0
67,0,130,3
73,0,127,0
64,0,134,2
83,2,114,1
63,1,131,5
76,0,121,3
70,1,127,2
68,2,129,1
56,1,143,0
64,2,132,2
63,3,130,4
78,1,117,4
61,0,137,2
75,0,123,2
64,2,132,2
52,1,144,3
76,2,117,5
60,0,137,3
75,2,121,2
74,4,117,5
67,1,129,3
85,1,113,2
78,0,121,2
60,1,138,2
68,0,130,3
68,2,128,3
71,1,128,0
73,1,125,1
62,2,134,2
71,1,121,7
72,3,120,5
74,0,122,4
68,2,126,4
78,0,117,5
79,0,120,1
63,3,128,6
77,2,121,0
65,2,130,3
70,1,128,1
65,1,133,1
65,1,131,3
77,0,123,0
75,2,121,2
68,1,127,4
76,1,120,3
74,3,120,3
76,1,122,1
72,0,127,1
66,1,131,2
67,1,130,2
70,3,123,4
78,0,122,0
80,2,117,1
70,2,126,2
68,1,127,4
80,1,116,3
64,2,133,1
84,1,113,2
60,5,132,3
66,1,132,1
86,1,111,2
75,0,122,3
65,1,129,5
67,0,131,2
72,2,125,1
69,3,126,2
73,2,124,1
74,0,122,4
71,2,127,0
65,1,131,3
89,1,108,2
69,1,127,3
65,2,130,3
71,0,125,4
67,0,131,2
67,3,130,0
78,1,118,3
74,1,120,5
74,1,124,1
73,0,124,3
67,1,132,0
78,2,118,2
61,3,133,3
75,1,121,3
80,1,118,1
82,1,115,2
81,7,108,4
63,2,131,4
72,1,124,3
72,1,123,4
69,0,130,1
82,1,117,0
67,0,132,1
68,2,126,4
83,1,113,3
64,4,130,2
77,2,121,1
67,1,130,3
71,0,128,2
72,0,127,2
73,0,125,3
72,2,125,2
89,1,107,4
72,3,125,1
75,0,122,4
88,4,104,4
81,2,112,5
72,0,125,3
71,2,123,4
63,0,135,2
64,2,133,1
86,2,112,0
74,0,122,3
63,0,134,2
66,1,131,1
73,0,121,5
84,2,112,1
70,3,123,3
77,1,121,0
85,2,110,2
74,0,123,2
70,0,124,6
82,3,115,0
70,2,126,2
71,1,125,3
67,3,127,3
63,3,133,1
67,2,124,7
70,1,124,5
72,0,123,5
67,2,130,1
79,0,118,3
82,0,116,2
72,1,123,4
60,0,139,1
71,1,126,2
78,1,120,1
75,2,122,1
72,2,121,5
81,0,114,5
73,1,125,1
81,1,116,2
85,4,108,3
83,0,116,1
81,1,114,4
79,0,120,1
84,3,111,2
66,1,131,2
89,0,110,1
68,3,127,2
73,1,118,8
84,0,115,1
72,1,124,3
80,0,119,1
70,0,130,0
71,2,125,2
75,2,120,3
77,1,122,0
74,1,123,2
63,0,130,7
63,1,134,2
69,1,129,1
78,2,118,2
87,1,110,2
67,0,131,2
77,1,116,6
79,2,115,4
81,2,114,3
70,0,129,1
76,1,121,2
72,0,126,2
80,3,117,0
72,0,125,3
68,4,128,0
75,0,123,2
82,0,114,4
80,0,116,4
62,1,135,2
80,0,117,3
74,2,119,5
72,0,125,3
71,1,126,2
74,1,122,3
91,2,105,2
70,0,129,1
69,3,128,0
77,1,120,2
81,3,113,3
71,0,126,3
63,0,135,1
64,2,130,3
71,3,123,2
81,0,116,2
78,1,117,3
72,0,123,4
73,2,122,2
82,1,115,2
66,0,133,1
74,0,123,3
74,1,122,3
85,2,111,2
70,1,126,3
75,3,121,1
83,2,112,3
69,0,130,1
90,0,108,2
77,2,116,5
78,1,118,3
67,1,126,6
77,2,120,1
81,2,112,5
70,3,124,3
72,0,127,1
64,1,134,1
74,0,124,2
66,2,131,1
84,1,113,2
84,0,115,1
73,0,126,1
80,2,114,4
74,0,122,4
72,0,126,3
65,2,131,3
79,1,117,4
83,0,114,4
80,0,118,3
60,1,138,2
63,1,132,5
79,0,116,5
85,0,114,1
82,0,114,4
68,1,130,1
82,0,116,2
72,1,124,3
77,1,122,0
82,4,115,0
68,2,127,4
72,2,123,4
80,1,120,0
69,6,124,2
81,0,115,5
75,1,125,0
82,3,115,1
70,2,125,4
67,1,125,8
80,0,119,2
70,0,127,4
81,2,117,1
74,3,120,4
80,0,120,1
67,0,132,2
74,3,123,1
82,3,115,1
79,4,115,3
77,3,118,3
73,1,126,1
64,1,133,3
77,1,119,3
88,3,108,1
78,1,118,3
76,2,114,7
65,1,131,2
65,0,131,3
75,0,122,2
68,1,126,4
64,4,130,1
71,0,127,1
71,1,125,2
74,2,120,3
62,2,132,3
78,1,118,2
73,1,123,2
72,1,123,3
75,2,121,1
78,2,116,3
72,2,119,6
68,1,129,1
66,3,129,1
77,1,121,0
79,1,116,3
66,3,128,2
75,1,122,1
78,0,119,2
83,2,113,1
72,3,124,0
82,3,112,2
66,2,130,1
73,1,124,1
73,2,120,4
71,0,128,0
85,2,111,1
69,2,126,2
70,1,127,1
65,2,131,1
67,3,125,4
76,3,116,4
82,1,113,4
82,0,117,1
79,2,118,1
63,3,132,2
70,0,129,1
77,0,120,3
62,3,133,2
66,3,127,4
77,4,118,1
69,3,128,0
72,2,124,2
64,5,128,3
74,3,123,0
72,1,124,3
62,0,134,4
73,0,122,5
61,3,135,1
74,1,121,4
75,3,121,1
81,0,118,1
75,1,122,2
72,2,124,2
86,1,109,4
80,0,117,3
72,1,123,4
86,2,111,2
77,1,122,1
73,1,127,0
65,2,130,4
71,3,124,3
70,2,128,1
76,2,122,1
78,0,117,6
85,0,112,4
76,1,123,1
73,3,119,6
72,0,128,1
59,2,137,3
70,1,129,1
70,2,128,1
73,0,127,1
77,1,119,4
64,0,134,3
73,2,123,2
83,2,112,3
81,0,116,3
69,0,124,7
76,0,122,2
71,1,127,1
71,1,126,2
75,2,121,2
59,3,135,3
68,2,129,1
74,1,123,2
73,0,123,4
61,3,134,2
68,1,128,3
57,3,135,5
76,3,120,1
66,1,129,4
81,1,114,4
87,0,110,3
73,1,122,4
76,1,121,2
72,1,124,3
85,2,111,2
78,2,117,3
67,0,130,3
88,1,106,5
71,1,125,3
59,2,136,3
68,0,127,5
70,1,124,5
72,0,127,1
67,2,129,2
78,1,120,1
85,1,111,3
71,3,125,1
79,1,118,2
72,3,122,3
76,2,122,0
63,1,134,2
81,1,116,1
83,0,115,1
60,0,137,2
66,3,124,6
75,0,120,4
86,0,112,1
58,4,134,3
68,1,127,3
69,1,126,3
75,2,121,1
74,2,122,1
70,0,127,2
72,1,125,1
77,0,120,2
76,0,122,1
69,0,124,6
69,1,127,2
73,1,125,0
74,1,123,2
60,1,136,3
87,0,111,2
61,4,133,2
70,3,125,2
66,1,132,1
75,0,124,1
73,1,124,2
79,0,120,1
74,1,124,1
71,2,124,3
80,0,119,1
70,1,124,5
67,0,131,2
75,3,120,2
62,1,137,0
69,2,128,1
76,3,120,1
86,1,113,0
73,3,123,1
66,0,132,2
78,1,119,2
77,0,121,2
74,2,122,2
65,4,130,1
71,1,126,3
64,1,134,2
63,3,135,0
60,0,140,1
68,0,133,0
77,0,121,3
64,3,131,3
70,0,131,0
68,3,128,2
75,2,123,1
68,3,129,1
78,0,123,0
62,3,134,2
77,3,121,0
69,3,124,4
78,2,119,1
81,1,114,4
77,4,119,0
76,1,121,2
83,1,113,3
60,0,135,5
68,0,129,3
62,1,132,5
63,0,134,3
75,1,123,1
82,1,114,3
75,3,121,1
68,2,126,4
64,3,131,2
58,3,138,1
71,0,127,2
79,2,117,2
76,1,120,3
82,2,113,3
75,1,122,2
84,0,115,1
71,0,125,4
73,0,122,5
80,0,116,4
59,3,134,4
74,3,118,5
69,3,125,3
63,1,133,3
74,3,119,4
75,2,118,5
62,3,133,2
66,0,133,1
71,3,125,1
70,2,124,4
63,0,136,1
78,1,119,2
77,2,120,1
78,0,117,5
76,2,120,2
78,1,121,0
76,0,123,1
60,1,135,4
81,0,118,1
60,2,135,3
72,4,121,3
70,1,126,3
66,2,130,2
77,2,117,4
76,2,121,1
69,5,123,3
70,2,126,2
74,2,122,2
76,1,119,4
74,2,123,1
63,0,135,2
66,1,131,2
62,2,134,2
74,5,118,2
70,5,122,2
58,2,134,5
73,1,124,2
63,1,132,4
75,1,120,4
71,4,121,4
68,0,130,2
70,1,125,4
59,2,138,1
74,3,122,1
63,3,130,4
80,2,115,3
76,0,122,2
57,5,135,3
72,2,122,4
77,0,121,2
67,3,127,3
77,3,119,1
79,3,115,3
78,1,120,1
64,1,134,1
63,1,134,2
91,1,108,0
81,1,116,2
76,1,122,1
78,3,115,4
68,2,129,1
77,1,122,1
67,4,128,2
82,1,117,1
66,2,130,2
63,0,137,0
78,1,121,0
68,1,127,4
79,6,112,3
73,0,126,1
67,2,131,0
69,2,124,5
58,0,140,2
63,2,134,1
61,0,137,2
72,2,123,3
65,4,127,4
64,6,127,3
59,5,135,1
54,4,140,2
60,3,135,2
61,3,133,3
68,1,127,4
55,4,136,5
59,0,138,3
74,2,123,1
77,3,117,3
68,5,126,1
51,2,146,1
57,5,137,1
62,0,136,2
57,4,137,2
63,3,132,2
66,1,128,5
57,5,136,2
63,3,133,1
64,3,126,7
54,0,144,2
70,3,126,1
62,2,132,4
68,0,130,2
53,0,146,1
69,3,124,4
71,2,126,1
58,1,137,4
58,2,138,2
63,1,132,4
58,7,130,5
66,0,132,2
65,3,128,4
62,8,127,3
49,6,140,5
68,5,124,3
55,4,137,4
67,3,126,4
66,2,126,6
62,2,133,3
59,2,136,3
76,2,121,1
59,1,138,2
62,3,132,3
72,3,119,6
71,4,123,2
71,5,120,4
68,2,128,2
61,3,134,2
62,4,132,2
51,2,145,2
75,2,122,1
54,5,136,5
63,1,134,2
63,3,132,2
59,3,136,2
56,2,141,1
61,2,135,2
67,5,127,1
55,5,139,2
65,1,134,1
78,3,117,3
67,2,129,3
56,3,140,1
57,4,137,2
60,1,134,5
60,3,134,3
57,4,136,3
58,4,136,2
55,4,138,3
61,2,133,4
72,3,124,1
66,3,125,6
60,3,136,1
55,1,139,5
66,6,126,2
68,1,128,3
57,5,132,6
69,3,124,4
65,4,128,3
61,1,137,0
70,2,121,6
60,0,136,3
66,2,129,2
63,4,126,7
65,2,132,1
56,2,135,7
62,1,136,1
67,0,130,3
59,4,137,0
65,2,131,2
70,1,128,1
59,3,137,1
65,2,126,7
62,1,137,0
66,2,131,1
66,4,128,2
53,4,139,4
74,1,123,2
78,4,117,1
86,2,109,3
73,3,122,2
89,2,104,5
72,5,117,6
83,1,114,2
87,0,111,2
79,0,118,3
86,0,113,1
92,0,105,3
86,0,109,5
74,1,120,5
81,4,113,2
77,3,119,1
73,1,124,2
67,1,129,3
86,2,110,2
91,0,108,1
74,3,119,4
85,0,112,3
91,2,100,7
79,1,118,2
105,2,91,2
87,0,111,2
87,3,108,2
87,0,112,1
80,1,114,5
85,0,114,1
74,2,121,3
87,2,108,3
86,0,111,3
83,4,111,2
81,3,113,3
66,0,132,2
78,2,120,0
73,1,124,2
88,2,110,0
82,0,115,3
90,4,106,0
89,1,107,3
77,0,121,2
89,0,110,1
74,2,122,2
90,2,102,6
78,1,118,3
81,4,112,3
87,1,105,7
92,1,102,4
88,2,108,1
85,2,106,6
86,1,110,2
94,1,102,2
73,0,124,2
91,3,104,1
83,1,114,1
77,1,119,2
76,0,122,1
87,1,108,3
81,2,115,1
77,1,118,3
79,0,120,1
95,1,100,4
86,2,108,4
81,2,114,3
92,3,101,4
92,1,107,0
89,0,108,3
94,3,102,1
66,1,128,5
71,2,125,2
88,0,105,7
73,2,123,2
80,1,116,3
78,0,116,6
86,3,109,2
79,0,119,2
97,1,99,3
87,1,108,4
91,1,107,1
82,0,113,5
81,2,112,5
81,0,115,4
84,0,112,4
97,1,99,3
76,0,121,3
86,1,110,4
86,1,110,4
77,3,118,3
73,3,123,2
89,0,111,1
80,4,116,1
89,1,105,6
82,2,111,6
86,1,113,1
92,3,105,1
89,2,109,1
91,0,105,5
83,0,114,4
93,1,105,1
72,5,122,2
74,2,122,2
83,1,112,4
81,1,117,1
72,2,124,2
71,2,126,1
77,3,118,2
70,2,122,6
67,4,126,3
77,0,117,6
63,3,132,2
63,1,134,2
85,4,109,2
67,4,125,4
89,3,108,0
69,0,129,2
71,3,120,6
71,1,127,1
72,2,124,2
80,2,115,3
77,3,119,1
83,4,112,1
72,1,124,3
71,1,124,4
72,1,125,2
78,3,118,1
68,2,127,3
72,1,125,2
74,2,116,8
73,1,123,3
76,1,122,1
65,4,125,6
65,4,126,5
71,2,126,1
71,3,125,1
64,1,132,3
78,5,116,1
84,1,111,4
72,2,123,3
80,2,115,3
73,5,120,2
81,1,117,1
81,3,111,5
77,4,117,2
83,1,116,0
67,1,130,2
84,2,108,5
84,1,112,2
72,0,125,2
80,2,110,7
69,1,126,3
61,4,132,2
81,3,114,1
76,2,120,1
66,1,132,0
82,3,113,1
88,2,105,4
83,4,108,4
62,4,129,4
78,4,116,1
75,4,116,4
85,1,111,3
77,3,117,3
81,0,116,3
81,2,116,1
69,0,130,1
77,0,119,4
76,0,116,8
70,2,126,2
67,5,122,6
79,5,112,4
78,3,114,5
67,3,127,3
73,1,123,3
78,1,120,1
75,0,121,4
74,1,123,2
73,2,120,5
77,2,118,3
68,2,128,2
71,1,126,2
89,1,106,4
74,3,120,3
74,1,123,2
79,4,114,3
71,2,125,2
73,0,126,2
73,2,123,3
75,2,118,6
76,4,118,3
79,4,115,3
80,1,117,3
71,2,123,5
75,2,119,5
67,1,131,2
78,1,120,2
67,5,128,1
73,2,122,4
80,6,113,2
66,2,130,3
72,2,123,3
82,6,110,2
77,2,118,3
84,3,113,0
79,4,116,1
80,1,113,6
80,5,110,5
77,3,118,2
71,4,123,2
69,2,124,5
74,1,123,2
69,1,123,7
78,2,116,4
74,4,119,3
61,3,134,2
69,2,126,3
69,1,128,2
71,0,125,4
71,3,126,0
73,2,124,1
66,0,132,2
62,5,130,3
58,3,136,3
62,2,135,1
72,6,119,3
64,4,128,4
65,3,130,2
68,5,126,1
65,3,130,2
67,2,126,5
75,1,122,2
67,3,128,2
78,5,113,4
72,5,122,1
65,5,127,3
75,5,117,3
76,2,118,4
56,2,140,2
77,0,119,4
73,3,122,2
68,2,128,2
66,3,129,2
67,4,127,2
78,1,121,0
86,2,108,4
68,4,124,4
80,2,117,1
69,4,125,2
70,2,119,9
70,2,125,3
80,3,116,1
59,0,139,2
76,2,116,6
73,2,123,2
66,4,128,2
80,1,118,1
81,1,113,5
71,4,120,5
69,2,128,1
70,1,127,2
80,3,116,1
73,2,123,3
71,2,127,1
77,3,118,3
70,2,126,3
72,1,122,6
65,2,133,1
77,5,114,5
71,1,125,4
76,4,119,2
75,5,115,5
69,1,126,4
77,3,117,3
73,3,122,2
66,3,129,2
75,1,123,1
73,5,120,2
80,1,113,5
56,2,141,0
69,2,128,0
78,1,119,1
77,0,118,4
80,5,108,6
74,1,123,1
75,5,117,2
79,2,114,4
74,4,119,3
77,1,120,2
59,4,133,4
80,3,116,1
72,2,121,5
73,2,123,2
73,2,123,2
76,2,120,2
68,4,125,3
72,3,120,5
78,1,118,3
64,3,132,1
69,3,126,2
73,0,122,5
84,3,112,2
79,0,118,4
93,1,105,1
80,0,115,5
79,2,114,5
77,2,117,4
82,2,113,3
82,2,111,5
86,6,106,2
88,4,107,1
74,2,119,5
92,0,103,5
77,3,117,3
79,1,117,3
91,3,102,4
73,1,123,3
76,1,121,2
84,4,112,0
78,1,116,5
84,1,113,2
81,3,116,0
74,4,119,3
72,3,121,4
81,5,111,3
75,2,117,6
79,3,114,4
103,2,91,4
77,4,116,3
69,4,124,3
93,1,101,5
85,2,110,3
81,2,116,1
69,3,127,1
77,4,118,1
88,1,108,3
83,4,110,3
75,4,118,3
72,4,121,3
84,0,111,5
70,4,121,5
83,2,111,4
79,3,115,3
103,1,95,1
74,0,123,3
77,0,120,3
72,3,121,3
83,2,109,5
91,3,103,2
77,4,112,6
74,2,116,7
87,2,110,0
84,1,111,3
75,3,120,1
83,0,112,4
79,0,118,2
66,1,131,1
76,3,119,1
74,3,119,3
74,5,118,2
89,0,107,3
70,3,123,3
78,1,119,2
80,1,114,5
83,2,111,4
77,2,119,2
88,2,108,2
71,1,125,3
87,7,103,3
80,4,114,2
83,2,111,4
88,0,109,3
78,5,115,2
73,2,125,0
78,0,119,3
81,0,112,7
70,1,127,2
86,1,111,2
87,1,110,2
92,1,107,0
83,1,114,2
78,2,114,6
80,0,114,6
93,2,102,3
75,4,117,4
93,3,103,1
82,4,106,8
81,0,117,3
79,1,116,5
83,1,115,2
79,2,116,4
85,1,111,4
81,3,113,4
83,0,116,2
86,2,110,3
81,2,115,3
76,3,115,7
79,5,114,3
77,2,119,3
84,1,112,4
68,1,131,1
65,4,129,3
70,1,130,0
67,1,131,2
70,0,129,2
70,1,127,3
73,2,122,4
63,1,131,6
75,2,123,1
68,0,130,3
58,0,140,3
81,1,116,3
75,1,123,2
75,1,122,3
65,2,133,1
71,0,127,3
64,0,135,2
63,1,133,4
66,0,131,4
72,2,124,3
71,0,126,3
66,1,132,1
72,1,123,4
62,1,133,4
67,0,130,3
83,0,114,3
74,2,122,2
69,1,127,3
73,2,122,3
67,0,129,3
64,2,130,3
77,0,121,1
64,1,133,1
67,1,130,1
63,1,132,3
61,1,135,2
70,3,124,2
69,1,128,1
70,2,124,3
62,1,132,4
59,0,138,2
79,1,116,3
87,1,109,2
74,1,121,3
71,0,124,4
58,1,138,2
56,0,139,4
69,1,128,1
73,0,126,0
80,1,117,1
67,2,129,1
58,0,136,5
71,1,127,0
69,1,123,6
82,2,112,3
90,0,105,4
73,0,125,1
70,2,126,1
69,3,123,4
59,1,137,2
72,0,123,4
68,1,129,1
64,1,131,4
74,1,120,5
71,3,125,1
67,0,127,6
61,0,133,6
78,1,119,2
77,0,123,0
73,1,123,3
74,2,120,4
66,1,129,4
66,0,130,4
59,0,136,5
62,2,134,2
62,0,133,5
79,4,115,2
62,0,136,2
71,1,126,2
74,0,120,6
78,0,120,2
77,1,120,2
75,1,123,1
64,2,131,3
53,2,143,2
78,1,117,4
78,3,118,1
77,2,120,2
74,1,124,2
76,1,120,4
79,0,115,7
66,1,128,6
62,1,134,4
66,1,131,3
64,1,132,4
64,1,132,4
72,0,128,1
76,1,121,3
72,1,126,2
74,1,123,3
81,3,115,2
85,1,112,2
74,1,125,0
71,1,128,0
82,3,115,0
77,4,114,5
82,1,113,4
74,6,120,0
70,1,126,3
76,3,118,3
82,5,109,4
82,4,111,3
86,2,106,6
73,2,124,1
73,0,124,3
78,3,115,4
80,2,117,1
73,2,122,3
86,1,110,3
74,1,124,1
79,3,116,2
89,0,107,4
64,2,131,3
72,3,124,1
68,1,126,5
72,2,123,3
73,4,119,4
76,5,117,2
65,1,130,4
74,2,123,1
78,3,118,1
87,1,107,5
68,2,128,2
77,2,118,3
84,6,109,1
68,0,129,3
65,3,129,3
75,3,118,4
83,2,112,3
83,3,112,2
75,1,122,2
78,2,118,2
83,1,114,2
85,3,111,1
69,4,125,2
75,3,122,0
68,0,127,5
65,3,129,3
74,1,121,4
77,2,116,5
90,1,106,3
83,2,112,3
62,4,132,2
70,0,128,1
74,0,121,4
70,0,124,5
70,3,125,1
68,5,124,2
75,0,120,4
67,3,129,0
84,3,108,4
81,2,114,2
70,3,124,3
79,3,116,2
73,4,120,3
80,0,116,4
76,1,122,1
79,3,114,4
75,4,118,3
82,2,112,4
63,5,129,3
83,3,113,1
72,4,123,1
81,0,118,1
71,3,125,1
69,4,126,1
70,4,123,3
81,4,111,4
73,0,126,1
69,3,124,4
90,3,102,5
72,3,124,1
80,0,114,6
80,0,117,3
70,1,126,3
77,0,120,3
78,1,117,4
76,2,121,2
77,4,117,3
89,2,110,0
81,3,114,3
79,2,120,0
79,3,116,3
73,1,125,2
67,2,125,7
63,2,135,1
72,3,124,1
68,1,129,2
68,2,128,2
68,0,130,2
70,5,122,3
66,2,129,3
66,2,127,5
77,2,120,1
59,2,139,0
78,2,118,2
79,7,112,2
62,1,135,2
63,2,133,2
73,1,123,3
72,1,125,2
74,0,123,3
76,1,121,2
64,1,133,2
75,2,120,3
67,2,128,3
73,3,123,1
73,3,120,4
75,1,123,1
65,2,129,4
77,3,119,1
64,3,133,0
72,1,122,5
68,3,129,0
55,3,138,4
72,1,125,2
61,2,136,1
78,2,117,3
64,1,135,0
72,1,124,3
71,3,124,2
75,2,122,1
69,2,126,3
70,3,125,2
60,2,136,2
69,3,127,1
76,1,122,1
59,3,135,3
68,2,127,3
71,0,129,0
70,3,122,5
81,1,118,0
64,7,126,3
62,1,136,1
70,1,128,1
65,3,132,0
66,1,128,5
72,1,126,1
66,2,128,4
61,1,136,2
63,0,135,1
64,2,130,3
69,2,122,6
73,5,120,1
73,3,122,1
73,5,117,4
67,5,122,5
65,2,131,1
70,1,124,4
78,1,118,2
73,0,124,2
73,2,124,0
75,2,119,4
74,2,120,4
70,4,124,2
68,1,125,6
64,0,131,5
67,1,129,3
65,0,130,5
71,0,128,1
70,2,125,3
62,3,135,0
72,3,125,0
67,0,128,5
70,4,124,2
74,2,124,0
56,2,140,2
76,1,121,2
74,1,122,3
79,3,118,0
67,1,128,4
75,3,119,3
79,0,120,1
65,1,130,4
73,2,122,3
68,2,130,0
63,3,131,3
69,4,124,4
69,3,128,1
68,0,126,7
55,2,141,3
65,3,130,3
64,4,129,4
75,2,120,4
76,3,122,0
74,1,123,3
71,2,127,1
61,2,135,3
73,0,126,2
71,4,121,4
83,5,110,2
83,3,111,3
83,0,115,2
70,1,128,1
77,1,119,3
81,4,114,1
86,4,104,6
87,1,111,1
79,4,114,3
85,3,110,2
84,3,112,1
80,1,115,4
90,1,108,1
75,3,120,2
77,2,121,0
69,2,129,0
80,3,115,2
80,2,115,3
86,8,102,4
94,3,100,3
81,3,110,6
82,4,112,2
91,1,103,5
73,2,122,3
82,3,115,0
92,1,104,3
80,3,117,0
88,5,105,2
80,3,115,2
74,1,123,2
78,0,118,4
79,1,118,2
93,1,103,3
101,1,96,2
83,1,114,2
77,4,118,1
79,1,118,2
78,2,119,1
67,2,128,3
85,2,111,2
87,3,108,2
85,2,109,4
85,3,109,3
96,1,102,1
83,3,110,4
88,3,107,2
90,2,108,0
89,4,106,1
73,7,119,1
79,1,117,3
76,3,117,4
91,0,108,1
83,3,112,2
77,2,121,0
84,3,111,2
80,1,118,1
76,2,118,4
78,1,117,4
77,3,119,1
85,2,109,4
91,0,109,0
73,3,122,2
89,0,111,1
83,0,114,4
67,5,128,0
68,2,128,2
82,3,110,5
89,3,105,3
78,2,117,3
84,4,110,2
74,2,116,8
82,3,114,1
81,3,113,3
77,3,120,0
85,3,112,0
91,1,105,3
78,3,118,1
79,3,115,3
91,0,105,4
85,3,110,2
77,2,118,3
97,5,96,2
80,1,113,6
68,3,128,1
81,6,111,2
81,3,109,6
77,5,116,1
83,1,116,0
85,2,107,6
82,0,116,2
89,3,106,2
81,3,113,3
77,1,118,4
84,6,107,3
94,3,100,3
81,1,116,2
91,5,104,0
76,3,117,4
77,3,119,1
77,3,118,2
94,2,103,1
82,2,113,3
88,1,108,3
68,6,123,3
74,6,117,3
67,5,125,3
74,2,123,1
75,5,118,2
70,3,123,4
81,4,113,2
75,2,122,1
83,3,112,2
76,4,114,6
68,3,126,3
82,2,113,3
84,3,111,2
94,2,102,2
88,3,105,4
81,4,110,5
79,3,115,3
89,3,100,8
66,4,128,2
71,2,122,5
75,1,122,2
85,2,108,5
79,5,114,2
83,3,111,3
73,5,120,2
78,6,114,2
77,5,115,3
75,3,120,2
80,3,114,3
84,4,109,3
72,3,121,4
84,4,109,3
73,3,124,0
70,0,124,6
73,4,122,1
77,4,117,2
81,7,109,3
71,5,121,3
82,5,112,1
77,8,111,4
72,7,120,1
75,8,116,1
86,3,107,4
71,3,121,5
71,5,121,3
72,5,121,2
69,5,125,1
77,0,120,3
71,6,117,6
76,5,117,2
91,4,104,1
79,1,118,2
70,4,124,2
81,2,114,3
75,1,122,2
85,2,108,5
83,4,111,2
73,2,123,2
77,3,118,2
75,4,115,7
79,4,113,4
73,1,125,1
80,7,106,7
71,0,129,0
79,3,115,3
80,9,107,4
82,3,112,3
84,1,113,2
66,3,127,4
68,3,124,5
79,2,116,3
83,3,112,2
72,3,124,1
80,4,115,1
84,5,110,1
69,4,123,4
84,5,107,4
87,4,108,1
80,2,116,2
68,1,127,4
80,4,114,2
86,0,112,2
78,3,116,3
63,2,132,2
72,4,122,2
74,5,120,1
74,6,119,1
89,1,108,2
90,0,103,7
72,1,123,4
90,4,104,2
72,1,123,4
76,3,121,0
82,3,114,1
79,1,116,4
69,3,125,3
74,2,120,4
76,1,121,2
