0.37072858596697394
0.37209912469225714
0.37187884951709155
0.37381790491366446
0.3742588476766072
0.3735372556884003
0.37432223826321853
0.37443986969904575
0.37391330329071026
0.37397193880464313
0.37376152744258995
0.3736736423152296
0.37335418704316714
0.37313624459870637
0.3732997527206106
0.3735955123743724
0.37373380830416497
0.37382579530029614
0.37376663646373803
0.37359630908608843
0.3736433718315964
0.3740006398464938
0.373969220901173
0.3738962545263012
0.3737403501309304
0.37376469223532216
0.37414851237637786
0.3742574254083242
0.37449661662867134
0.37461113358154735
0.37475996008345164
0.37494809159284265
0.37498907390385533
0.37492647186350575
0.3749151875007864
0.37505406591029183
0.37496617239070096
0.375016237028527
0.3749983535246345
0.37497580827616894
0.3751046032060357
0.37511351230401246
0.375090407117482
0.3752790386239945
0.37538688240277857
0.3754860051925968
0.37550002179702896
0.3753663077096771
0.3752458303579795
0.37527181055143977
0.37521244750375937
0.3751576090012585
0.37523414853497494
0.375248638543361
0.37524773061586897
0.37536377834192247
0.375265589980264
0.3751945912235152
0.3751715052234488
0.37518543104322105
0.37518065494587505
0.3750981609275889
0.3751273962600325
0.3751252060101224
0.37511718380352466
0.37514403557554804
0.3751663816148887
0.3751432633830677
0.3751289125372213
0.37518754993857323
0.3752142048534744
0.3752196388385523
0.3752524857793207
0.37528540369952157
0.3752552442624997
0.37531304207129124
0.3752846410757002
0.37520932440871735
0.37525830061706583
0.3754405201327871
0.3754861151945168
0.375491621188358
0.3755520616959316
0.37555583976183565
0.37554454242739316
0.3755053296446219
0.3754755138142779
0.3754558121523785
0.37550012572561997
0.37552452203474423
0.37554786142357494
0.3755961371551625
0.3755484331244402
0.3755662188947
0.3756246686874053
0.37564609886288725
0.3756961039941279
0.37571414614346427
0.37581507669858977
0.37583576547630976
0.3758783744119324
0.37591194931068767
0.37592205354203156
0.37590063002799806
0.37593148469639687
0.37592673616720096
0.3759632116785654
0.37599205027362376
0.37602377442189233
0.3759688691589667
0.37598335831149055
0.3759877140725719
0.37606497288538293
0.3760629572632568
0.3760229964549246
0.37604325930842103
0.3760603132004967
0.3760267451961082
0.3760669573323294
0.3760730723535737
0.3760480197569794
0.37601378292994747
0.37597830164132817
0.37597130582845645
0.3759942058157622
0.37595735318420154
0.3759032484399523
0.37586676646828926
0.37584665179763377
0.3758123915849574
0.37578136117178873
0.37578748683960866
0.37577461790969025
0.3757442583443712
0.3758036773637447
0.37580730152155795
0.37578606714772117
0.37577250379829996
0.3757738888789575
0.37574243178721917
0.3757652581130138
0.37575724558132606
0.37576878672252173
0.375800639213002
0.3758663500713991
0.3758641185026477
0.3758647483169137
0.3758573669050027
0.3758832897720394
0.37588355235226123
0.37588144105092636
0.3758714129394593
0.3758978831839447
0.3759103191602235
0.37592409763855555
0.3758922241589284
0.3759185033879725
0.37592870369660525
0.3759467790988025
0.3759416904040217
0.3759289555616179
0.37590699059542937
0.37588107046465596
0.37586377557958495
0.37588864605088945
0.3759288306563457
0.3759195967403404
0.37593460339438467
0.3759560587874048
0.37598911278164426
0.3760263516178609
0.37604547766823254
0.3760484557117547
0.3760822543689297
0.37608377766285067
0.3760580989826736
0.3760421125812374
0.37605932007343096
0.3760867856086826
0.3760582032160059
0.37599966853848704
0.3759848937140154
0.3759773231822756
0.37600276269651595
0.3759991696964394
0.37597569292499855
0.375968282771773
0.3759577022842743
0.37595139782326975
0.3759469400689218
0.375922684851431
0.3758959156038217
0.3758851620553666
0.37589015651256047
0.3759188486664832
0.37592395930937306
0.3759045872350734
0.3759016137748656
0.3758913725202097
0.37591721086540636
0.3759171233005824
0.37591925015669936
0.3759190567530678
0.37591529920359257
0.37588595431510224
0.37586991016861915
0.37587164513614485
0.37587215477076363
0.37585639154469325
0.37584535325194884
0.3758556124793078
0.3758624071568196
0.37586808974511754
0.37589157483470265
0.3759113662655251
0.37592770984636853
0.3759446864213701
0.37594585519478435
0.3759276092910314
0.3759168206726803
0.3759042793426737
0.37591979477427745
0.3759201933329405
0.37592783552956466
0.375977746339049
0.37600461283874825
0.3759819656381142
0.37593622519896697
0.375944785560979
0.37595843347986924
0.3759860460197838
0.37599720228505196
0.3760183419453137
0.3760460204361812
0.3760188364501964
0.3759987568479216
0.37600012210897743
0.3760147422501217
0.3760170412752159
0.37603024869776636
0.37602307287395004
0.37604329143883036
0.37601769506867627
0.37600690397861253
0.37599794917058305
0.3760042493967843
0.3760087956659105
0.3759984922862184
0.3760046844886165
0.3760058668816552
0.37601665751841307
0.3760401382150489
0.37603448019531405
0.37602452247882856
0.37600690556344335
0.37599684337153305
0.37598677723378626
0.37598335123941795
0.37599104002834954
0.3759891433142644
0.3759834701845107
0.37599319410188825
0.3759787798362798
0.37597500454073707
0.3759857169363631
0.3759982080293624
0.37601100970116985
0.37599235122480257
0.375972602319618
0.3759668787072195
0.37594748146783685
0.3759304634380606
0.37594488459515224
0.3759295418842927
0.3759062260783721
0.37590379736273805
0.37589484180812754
0.3758631839772633
0.37588089869430663
0.37591014360544206
0.3758914224865345
0.3758775378978947
0.3758665006442348
0.37590430271039466
0.3759138701500853
0.3759142027579718
0.3758940513575371
0.37589368158850833
0.3759052208000676
0.37590014234625935
0.3759044586450869
0.3759220603147586
0.37593207337909607
0.3759629236451971
0.3759619012174176
0.37595674018413716
0.3759679582852687
0.3759685574807157
0.37594734541098784
0.3759368268659193
0.3759279465755396
0.3759389054923492
0.3759478047628382
0.37594089769554456
0.37594113202013074
0.3759363603794357
0.37592886248840335
0.37591802174207267
0.37593310519077444
0.3759285714656562
0.3759286616515867
0.37591337656300655
0.3759082812843682
0.37589989586595074
0.3759091652701364
0.3759257669822981
0.3759139073421405
0.375894352219535
0.375882143155477
0.3758712696137846
0.37584992706319975
0.37583797929436247
0.37583922806404646
0.3758667091763874
0.3758715493506672
0.3758779501484635
0.3758761205514765
0.3758658744848835
0.3758650452320672
0.3758716551913266
0.3758701732267748
0.3758621130366779
0.37586028347369294
0.37586738190769137
0.3758740805254767
0.3758674424474268
0.37584648081883815
0.3758495660925442
0.37586340919257605
0.3758535005876985
0.3758591964348042
0.3758705403234848
0.3758772885742738
0.3758818745561609
0.375898133141177
0.3759104385318543
0.3759124676340298
0.37590280420977434
0.37590212803894096
0.3759296882945048
0.3759337034600904
0.37592120139189167
0.37589647647289565
0.3758915182454608
0.3758968802563621
0.37589559411437284
0.37590227150251626
0.37591132244382713
0.3759035822298842
0.3759154166133002
0.3759277528202689
0.3759337198983774
0.3759383162381464
0.37590525064775404
0.37590019704529726
0.37590530001912886
0.37591147127307145
0.3759193802233959
0.3759330322799727
0.3759387519565817
0.3759412536098557
0.37595407888680843
0.37594718498328794
0.3759544920532151
0.37594975076857784
0.3759570432415037
0.37596039865775766
0.3759510280669206
0.3759592444640913
0.3759593988982708
0.3759599623454341
0.37596410088933335
0.3759733672093344
0.37599900467232333
0.3759970835454401
0.3759994318017802
0.3760042782186722
0.3760137179349571
0.3760314535020861
0.37604812162658885
0.3760697371133796
0.3760843661123737
0.3760771754619431
0.3760739355921337
0.3760731583968429
0.3760966907332028
0.37613081709847007
0.376153938909204
0.3761557594080232
0.3761494602169138
0.37615003133174413
0.3761534225289661
0.37615803274862203
0.3761661102001579
0.3761483791151244
0.37613542392994503
0.376128935577467
0.37612187183029366
0.37611276943997907
0.3761032870627512
0.3760865585043999
0.37608230516072116
0.3760841746954527
0.37608423327432455
0.37609815235680927
0.37610241010232714
0.37609734501305286
0.37609424250029616
0.37609520280138103
0.37610782107365315
0.3761015002486308
0.37609768528898935
0.3760952977521846
0.3760915676163747
0.37608351531396067
0.3760729176682883
0.3760749850475666
0.3760772915274685
0.3760758976328579
0.3760857671470909
0.37608847354950753
0.37607051987452295
0.37608224165743276
0.3760914060150682
0.3760883468428355
0.3760853206008867
0.3760814964703703
0.37606282462942414
0.37605959171517345
0.3760674266158836
0.3760697303870244
0.3760569278789844
0.37605082959764047
0.3760284854715585
0.3760337844563501
0.3760392546107536
0.37602034532286993
0.37601269788637265
0.37601438547559823
0.37602073328527286
0.37602788340174215
0.3760449523684144
0.37605247531348546
0.3760611430562137
0.3760641153577518
0.37607154615287625
0.37606886896861524
0.3760754165431848
0.37607176516167173
0.37607465947045543
0.37606916016776065
0.3760791276695247
0.3760759329561608
0.37607090123126674
0.37606924348861037
0.37607815020027663
0.3760961428221809
0.3761105365591239
0.37612138518217597
0.3761201502814832
0.3761263433272012
0.3761341589247523
0.37613790331188496
0.37612834476444734
0.376121631702285
0.37612608105479634
0.3761263531880248
0.37611928334948025
0.37611608089978593
0.37611603775915214
0.37611954401640124
0.37611776595384555
0.37611746329843926
0.37612433069877366
0.3761269588792321
0.37611304852911476
0.3760997240330424
0.3761025519882729
0.3760971594210625
0.37609380636217665
0.3760867353350195
0.37608514972285445
0.3760960493995436
0.3760976441517245
0.37610064706816615
0.37609882994952326
0.3760997981404269
0.3760928482856952
0.37609036710861077
0.37609760691963223
0.3761031046055997
0.3761210594061492
0.3761240337802444
0.3761268388908654
0.3761189073876446
0.37612410940692165
0.3761192433128038
0.37610921549400034
0.376109223866129
0.376100577303745
0.3760843932814557
0.37607537757863846
0.37607834858378086
0.3760760679116711
0.37608235250988653
0.37608514256776976
0.37608671800852095
0.3760955121921297
0.3761025044786313
0.37609518859400065
0.376089568617794
0.37608760955252285
0.37607731042320447
0.3760824306298559
0.3760795821932936
0.3760862311168643
0.3760849911026821
0.3760885353908104
0.37608895510165913
0.3760839687626533
0.37607123500274153
0.3760703438945481
0.37606753420890876
0.3760755203954114
0.37606297377526604
0.37605994852381935
0.37607060607626625
0.376051547972274
0.37604869519304807
0.3760651721978448
0.37606870354780925
0.3760704877261094
0.376063888825159
0.3760689067158798
0.3760670205961159
0.37606550235701225
0.37605995617605265
0.37606244077459344
0.37606246685598604
0.3760581114402153
0.376050981124288
0.3760387015230016
0.37605087767213013
0.3760519985114246
0.3760547049936487
0.3760551000395514
0.3760535710051557
0.37604953652028483
0.376045572545346
0.37603710443304306
0.3760385931599875
0.3760407159681764
0.37604591722918407
0.3760374709893434
0.3760373124938471
0.37602926837999484
0.3760350650729543
0.3760363766368956
0.3760444970496257
0.3760486884017065
0.3760505235570988
0.37606421452599376
0.3760592018370327
0.3760418431155077
0.37603830065006283
0.3760292273584913
0.37602293875592097
0.37601564670252463
0.3760100419513248
0.376016419130961
0.3760062830600713
0.3760052896432493
0.37600125159500813
0.3760067333953435
0.37600591431869756
0.3760118375952736
0.37601558081177955
0.37601917433855087
0.3760255856481644
0.37603349524626495
0.3760220404165201
0.37601110275448046
0.3760116245672095
0.3760086545831104
0.3760028619045382
0.37599180155037837
0.3759881300001711
0.37598892489528535
0.3759859887359656
0.37598340799658625
0.37598983464798047
0.37598707458805236
0.37598682329054217
0.3759815830856865
0.3759719464179114
0.37597760868737296
0.37597062120141655
0.37596101355798145
0.3759651213937307
0.3759611314945975
0.37596114379603507
0.3759560007642349
0.37595774056645925
0.3759562929296993
0.3759691141771786
0.37598091592665167
0.3759782919499177
0.3759930536325222
0.37598952188573215
0.3759962416558095
0.37600707016614326
0.3760037156438228
0.3760000338985481
0.3759933959962959
0.375988439334353
0.3759912163088478
0.3759829827818152
0.37597651184843
0.37597824067384455
0.3759914695073321
0.3759973972652465
0.3759996954823199
0.37599266229295264
0.3759799688890988
0.3759854412807932
0.37599664967973945
0.375993169619348
0.3759882627458016
0.37598296519461333
0.3759854945215039
0.37597241935871856
0.37596429162949174
0.3759623334427364
0.37596833730489276
0.37597496795346885
0.3759704891307074
0.3759701211546925
0.37596770308379324
0.37595763363232293
0.37595537260959144
0.37595922081444927
0.37596432491313136
0.37596544056825043
0.3759726419884442
0.37598325733998517
0.37598799193729515
0.37598520285624604
0.3759727434609266
0.3759673883428847
0.3759615949100723
0.37596684827847193
0.3759727889694093
0.3759717286849967
0.3759633949116257
0.37595854741887386
0.37595901283369626
0.37596051765425703
0.37595789167001925
0.37596385243172714
0.3759639680161118
0.37596070109529167
0.375961181828619
0.37595203169001484
0.37594404441262586
0.375944259582328
0.3759505093895296
0.37595662931586793
0.37596283758373045
0.37595979002424507
0.3759633059893969
0.3759570061551772
0.3759577098301241
0.37596331215033457
0.3759655244458437
0.37596596864328974
0.37597599974329987
0.37598018865600447
0.37597128047106093
0.37596593575614007
0.3759720196443324
0.37597285233609307
0.3759736414114071
0.37597301021994506
0.3759722721302666
0.375972933191491
0.3759642469353468
0.37595651953078746
0.3759529964611466
0.37595971072095447
0.37596485398794033
0.3759568810534225
0.3759527108248869
0.37594963944919696
0.3759514460316732
0.3759511041549781
0.375948407032227
0.3759518655003782
0.3759455362966452
0.3759370264359397
0.37594040025757786
0.3759446458299818
0.375945867363921
0.3759461489171795
0.3759484511740732
0.37594757447878124
0.375939372512039
0.3759349802619693
0.37593615224079563
0.37593602901178674
0.37593870941987684
0.3759372597333179
0.3759378195363438
0.3759390737054983
0.37593697966926554
0.3759399006743661
0.375939083171925
0.3759402180631495
0.37594499174695667
0.3759300012482712
0.3759220973589545
0.3759157222029921
0.3759166762011432
0.3759204175604551
0.3759145149655483
0.3759121035740643
0.37591586149465767
0.37591713430538976
0.37591827787030296
0.37592409919651126
0.37592723100368647
0.37592232550561444
0.37592163304849047
0.37591474274272085
0.3759100291088941
0.3759173005820854
0.37592766271141975
0.37592943269739754
0.3759254104411716
0.3759235252736117
0.3759169433024162
0.3759174739787358
0.3759238041029234
0.37592153643420184
0.37591629734851567
0.3759185526440023
0.3759185801641201
0.3759166373673345
0.37591459654184817
0.37591183982223353
0.37590579446131656
0.37590513021826844
0.3759007865471237
0.37590113717777446
0.3758935097081094
0.3758931889080251
0.3758858236158188
0.37588847081281035
0.37588828087033144
0.37588571154222217
0.3758916308625698
0.37589348700898934
0.3758916730812955
0.37588910801821707
0.3758919185155058
0.3758965138140123
0.37588900658411317
0.37588532016167925
0.3758811533069605
0.3758786839618661
0.3758720008668538
0.37587826971179017
0.37588310789169693
0.37588674084704227
0.3758880742569713
0.37589382457793785
0.37589142395795105
0.3758948052139018
0.37589905109690064
0.37589976877611103
0.3758982184623492
0.375892765485828
0.37590001136014645
0.3759038745751153
0.3759063241512108
0.37590736763499905
0.375917346917955
0.3759166794040026
0.3759170905018634
0.37591870330306404
0.37592112911178005
0.3759188592618352
0.3759151970146632
0.37591024473053514
0.37591186089502043
0.3759136811365388
0.37591090790601805
0.3759053713792636
0.3759073047869877
0.3758964887795097
0.3758934202793203
0.37589989211252745
0.37590386811286985
0.375903194774013
0.3759010417454524
0.37590358687381875
0.3759003763120061
0.37590234374619524
0.3759040247543307
0.3759010118235256
0.37589621549134117
0.3758954976866947
0.37588667495744266
0.37589356471924523
0.37590326268743224
0.37589943503732365
0.375894748146232
0.37589283275680074
0.37588472346688545
0.37587704521250453
0.37586695794528713
0.3758607768846853
0.3758634454334705
0.37586162746504115
0.3758525832215692
0.37585652001267195
0.3758546241280504
0.37585332171465474
0.3758535176137068
0.3758473597776851
0.37584684890338843
0.3758461254962982
0.37584492003011283
0.37583423840410674
0.3758317807399417
0.3758278682069176
0.37583158470669026
0.37582830566967834
0.37582352894081805
0.3758227207490573
0.3758204674360939
0.37582088333279234
0.3758182043643051
0.37582804133325326
0.3758258119267316
0.37582582999222736
0.37582787375030935
0.37583633259197147
0.3758375294295416
0.3758357054195575
0.3758363799758115
0.3758401356256448
0.3758399314577749
0.37583765546381387
0.37584284045058536
0.37584769295012666
0.3758483166548494
0.37584049474609493
0.37583312199611485
0.37583325596056544
0.375829860005039
0.3758357439899969
0.3758307632976176
0.3758273976570521
0.3758318321826271
0.37583646057295483
0.3758374344157119
0.37583330156183886
0.37583286099067303
0.3758298702520572
0.37582721607785013
0.37582745769715
0.3758238891735955
0.37582648661821855
0.37582082421276386
0.3758169367765022
0.3758148474108173
0.3758151086286972
0.37581449538031964
0.37582097625565364
0.3758255916587031
0.3758344701652304
0.3758405935531822
0.37584306911579224
0.3758461312673427
0.3758514103164998
0.3758576511248911
0.37586324796391973
0.37586713775149294
0.37586459542643175
0.375864689341108
0.3758574286771421
0.3758527634090382
0.37585626226162555
0.37585321981820136
0.37585131635332353
0.37584670428938144
0.3758490284948831
0.3758496189970446
0.3758578490081881
0.375859631864871
0.3758650945792322
0.37586867034049254
0.3758775133292835
0.3758839439557646
0.3758936548573476
0.3758926281582934
0.3758897684934978
0.3758873330234356
0.37588451559611286
0.37588098549780125
0.3758818214520907
0.37588470243869293
0.37589285966394653
0.3759027203299128
0.37590801249149813
0.3759049287326572
0.3759044020911736
0.37590185808194393
0.3758953771606067
0.3758935532861712
0.3758905285529666
0.37589162367539924
0.3758950744711421
0.37590228552900257
0.37590923429767303
0.3759053101483771
0.37590236122210924
0.3759065646231237
0.3759056704542864
0.3759016211465564
0.37589199000611256
0.3758934893742717
0.37589368490563146
0.37589630564782234
0.37589789726668266
0.37589985254902836
0.3759011861189412
0.3759010753803645
0.3759056655104994
0.3759050511563111
0.37591250437227175
0.37591312535023197
0.3759230723049167
0.37592382153890175
0.37592325726815606
0.3759221326737751
0.37592332250546356
0.37592613102861216
0.37593012325734
0.3759272907704045
0.3759251251488975
0.37592491588378923
0.375924375698074
0.3759199727357895
0.3759133886112975
0.37591121275891753
0.37591214415694396
0.3759130739671512
0.3759095630545257
0.3759073507274841
0.37590231132511714
0.3759045984094715
0.3759099344660003
0.3759172006952782
0.3759113595233446
0.3759128349116174
0.3759198604628253
0.37592357490012707
0.3759278865649742
0.3759343992521577
0.3759281787520033
0.37592441796819254
0.3759300005029755
0.3759329239055598
0.3759388355786418
0.3759387281098044
0.3759402731711472
0.3759383862084895
0.37593593799613406
0.3759367435160374
0.3759290421336855
0.3759286457768346
0.37592447707408944
0.37592229540748134
0.3759199014639377
0.37592328228614985
0.3759237743216405
0.3759272540114772
0.37592479678984153
0.37592079021000446
