0.3347985150245521
0.35564207696961236
0.3608719365033297
0.36297243129106915
0.36337148030472516
0.36399181285367116
0.36462700347727306
0.3648343570819807
0.3653413254663154
0.36584759135318606
0.3662417668595057
0.3665794129365967
0.3666431828906777
0.3664658863652698
0.36652320302110203
0.36658940532748024
0.3665646882882167
0.3662325076035613
0.3659028465796403
0.36537160639553296
0.36484240334011353
0.36419934759119027
0.36375249344225197
0.3634671133323515
0.3632252041282283
0.3630097717838337
0.3628782106723842
0.36287464143432946
0.362911061260376
0.3628088340268085
0.36253420323660784
0.3622339568050636
0.36205190817368654
0.36188724886081686
0.36170941858285255
0.3615254160738222
0.3614275353884787
0.3613344769903756
0.36123792396237225
0.361203419589843
0.3613825299893719
0.3615124834276455
0.361549578470089
0.36149181612840775
0.3614261221104172
0.36136599930968766
0.3612636697664411
0.36112664876154194
0.3610769768908317
0.36107665933457184
0.36105074193353803
0.3610711775362502
0.361029411321068
0.361012402493226
0.3609966083049914
0.3610632545683276
0.36111577020350444
0.3612062963386294
0.361278854416746
0.3613985281418337
0.3615417480095302
0.3615750575598137
0.3616709785775554
0.3617542661367094
0.36178680437659216
0.3617961728886372
0.36192793146003677
0.36197698458504535
0.3619994379675928
0.3619961937672577
0.3619540101357746
0.36191905669413277
0.3619004633707991
0.3618057951522989
0.361731686083831
0.36168544096216415
0.36160332682045887
0.3615145745602747
0.3614183338939222
0.36138244040783046
0.36132263721429625
0.36130379161601345
0.3613074343499178
0.36132778593662357
0.3613191079841323
0.3613087307957553
0.3613041653815838
0.36127554712992666
0.3612246825003006
0.36121139129650587
0.3612565361254707
0.3612679502165398
0.36124143606713477
0.3612143355202497
0.36119431108812367
0.3611979993534839
0.36120374795504523
0.3612495582518239
0.36130929857521216
0.36130874245692707
