4497
1344
1158
1032
1540
1195
994
911
897
1004
840
896
977
797
1339
823
808
713
814
1384
770
782
781
758
964
755
772
770
825
1107
721
688
712
700
934
699
701
734
739
1047
787
688
740
706
949
671
670
693
665
949
664
671
709
744
1073
680
681
688
686
905
662
692
690
681
912
663
666
716
777
984
737
688
662
628
967
657
656
659
653
940
661
681
720
679
1025
719
684
734
660
927
690
669
649
633
949
661
621
619
653
968
627
734
685
619
956
694
684
775
623
915
627
626
630
630
951
624
623
629
644
933
724
659
709
652
1013
668
684
788
683
1039
686
656
636
647
984
638
642
672
678
986
714
646
723
631
954
626
624
666
674
1009
687
757
662
645
938
659
620
623
607
955
634
621
630
637
1031
717
641
600
607
969
608
566
568
589
1019
711
649
630
626
956
649
623
677
675
1011
723
707
701
779
1014
671
636
666
716
956
627
635
649
654
979
695
720
778
680
1052
668
688
657
694
1055
618
601
641
769
967
705
624
615
635
938
652
621
654
621
1024
630
683
657
629
1104
706
672
613
633
970
684
647
667
773
980
619
667
639
691
966
660
625
631
635
1024
632
627
602
649
1029
666
642
623
652
1137
697
638
618
625
1053
669
646
637
648
955
624
622
617
624
956
637
657
653
619
965
655
667
640
613
983
654
664
688
661
1156
869
673
664
665
985
656
636
625
653
980
727
681
601
627
1056
663
621
678
630
962
620
655
647
621
998
723
633
635
636
1018
681
630
651
799
1077
649
623
619
640
968
612
600
587
597
991
634
606
622
630
1096
626
618
613
623
938
642
608
628
614
972
597
604
603
632
965
658
782
698
684
1007
738
627
605
619
968
611
591
659
612
984
617
617
596
594
947
632
624
612
635
993
641
604
706
601
987
626
623
601
620
983
650
613
654
787
1039
708
617
628
615
964
617
668
594
548
999
569
599
662
622
997
637
624
591
613
985
642
616
655
608
1018
1241
613
610
595
975
644
601
643
630
983
779
659
716
627
967
613
595
631
639
1088
610
645
592
625
946
641
643
623
607
963
614
609
617
627
958
604
606
614
599
1033
568
550
555
570
965
656
639
644
646
1020
799
700
684
656
932
627
611
616
599
1055
643
610
595
596
971
647
608
626
605
979
617
602
614
599
962
651
632
606
595
1028
688
686
631
644
1022
670
627
671
708
1097
844
715
697
653
978
642
606
638
604
1003
643
643
715
619
1003
651
650
622
663
1027
629
617
614
602
1068
642
618
610
628
987
641
609
599
613
1061
628
641
627
621
1008
662
654
642
671
1240
685
702
645
617
1009
631
617
646
637
1019
624
601
598
653
1080
620
610
636
634
1037
613
640
620
597
1006
621
632
595
617
990
634
599
638
622
1002
634
643
731
601
1009
674
657
870
672
1188
642
650
646
603
993
630
627
648
627
1045
651
622
627
612
970
642
619
637
736
964
685
618
605
625
1026
633
631
618
606
1010
613
647
623
625
1033
628
640
674
651
988
702
632
660
687
1391
729
686
687
649
1045
620
618
643
599
982
696
685
652
664
1021
656
629
616
606
1005
635
616
622
609
972
629
794
610
625
979
614
617
611
608
1015
640
621
608
616
1016
653
693
631
635
1258
655
627
673
625
1021
636
625
632
655
1191
651
638
617
630
1018
656
610
613
601
1000
684
657
630
619
1044
628
639
616
609
1006
665
597
619
604
950
627
603
621
622
1130
619
612
796
735
1090
681
618
642
615
960
669
609
626
605
993
662
631
643
636
1037
640
648
614
603
1005
653
636
630
665
1254
649
629
627
626
1024
704
653
630
667
983
637
622
619
789
1097
735
678
623
653
1084
724
638
631
663
1059
644
621
601
601
1029
657
628
780
610
1009
644
619
616
616
1011
623
617
653
624
988
652
624
647
616
990
621
606
767
679
1088
634
641
629
614
1074
611
679
617
656
1203
668
635
621
611
1006
674
623
627
664
1029
609
590
602
578
983
697
649
637
625
1013
645
658
648
606
1188
711
703
615
642
1043
667
654
628
669
1215
654
644
606
628
998
642
605
632
590
997
652
631
639
606
982
639
665
619
608
968
626
603
646
621
1329
808
758
643
644
1054
685
662
671
707
1230
651
622
660
616
1031
617
609
617
664
1065
689
641
636
601
1024
638
630
625
593
982
619
618
819
729
1089
700
660
647
625
1064
625
599
676
633
993
669
907
644
628
1012
671
634
645
602
1049
638
632
601
637
1047
625
608
615
610
1264
772
726
623
638
970
624
631
641
660
1008
631
620
616
631
1035
647
658
665
649
1205
664
639
651
653
1042
634
610
650
618
1278
817
676
654
635
1088
654
643
676
656
1054
649
638
638
615
1001
621
639
608
641
977
678
620
610
608
1009
652
644
629
863
1345
679
605
660
629
1034
652
622
671
645
1066
649
622
604
629
1025
631
694
640
634
1016
618
657
635
643
983
754
694
715
641
1063
655
586
621
621
1004
658
652
629
683
1096
867
668
661
660
1009
631
604
643
616
1017
635
621
887
723
1070
628
629
608
640
976
654
650
641
644
1006
736
632
629
625
1011
682
657
641
675
1026
617
677
779
685
1172
671
680
689
667
1276
657
605
613
620
1028
690
630
644
634
1033
655
620
670
647
1029
615
857
685
709
1004
625
599
661
622
1016
648
602
627
616
978
639
613
603
641
1087
685
687
622
606
1177
758
719
655
651
1259
647
632
627
643
1011
665
626
617
607
1045
618
606
656
619
1047
628
853
698
682
1058
641
668
591
608
1019
649
609
642
610
1034
629
639
628
625
1005
644
661
820
720
1057
668
656
657
648
1054
638
881
609
644
1019
682
656
623
683
1031
623
622
825
775
1128
642
630
660
623
981
652
643
677
589
1007
641
598
632
608
993
650
817
754
666
1057
624
658
612
613
991
670
647
623
618
994
643
645
662
632
1422
710
692
650
638
1036
645
670
656
630
1058
642
626
741
649
1061
625
594
796
710
1089
653
629
609
608
1011
637
643
648
653
1066
637
639
598
603
1131
672
622
600
644
1033
667
635
632
628
1023
640
581
626
627
988
781
992
628
615
991
611
616
629
639
1015
692
639
632
640
1048
760
744
665
614
1064
662
676
660
656
994
650
606
622
582
991
792
783
649
653
1011
671
657
635
601
976
687
637
627
656
1188
691
716
671
615
1079
692
716
687
919
1002
638
625
620
722
1166
641
640
597
622
1117
632
647
613
621
992
666
761
724
642
1083
626
630
630
676
1001
596
599
617
620
1167
750
624
653
625
1053
640
649
633
603
1049
642
575
596
738
1061
641
640
620
681
1043
623
583
577
597
1284
613
592
621
796
1057
626
614
605
638
1033
707
622
626
609
1017
660
634
801
695
1035
669
600
669
673
1022
624
650
710
613
1009
733
717
654
659
1012
679
633
624
604
1012
667
675
671
739
1126
661
645
650
621
1040
651
656
639
671
2576
633
771
658
616
994
631
615
641
642
1014
702
648
682
760
1079
629
638
644
632
1015
641
621
624
738
1149
714
627
667
716
1045
627
681
599
635
995
743
683
620
635
1010
643
685
660
645
1023
632
740
685
667
1030
638
631
611
623
988
647
670
683
635
1307
645
620
650
598
1041
658
716
706
687
1016
694
606
652
609
1041
642
833
700
682
1038
672
720
645
654
1024
775
664
657
629
1145
698
641
602
627
1159
670
634
616
621
1053
636
661
636
713
1129
621
637
635
607
1010
719
656
629
729
1119
696
689
681
929
1045
615
616
708
712
1051
641
653
626
646
1045
657
636
619
676
1087
672
621
656
650
1115
643
610
603
624
1152
645
652
642
683
1154
661
615
614
632
1196
649
635
608
639
1025
599
579
612
1354
1187
683
664
639
685
1026
651
705
635
646
1079
708
664
657
633
1020
670
745
1007
634
1031
642
618
652
687
1022
653
745
692
611
1031
648
707
646
638
1022
657
753
883
648
961
649
610
642
684
1026
624
640
761
661
1025
641
605
602
614
962
612
598
652
749
1131
658
629
648
659
1022
643
650
665
635
1062
734
711
660
655
1053
682
628
675
678
1098
656
640
1046
676
1061
633
621
601
666
1005
648
625
614
668
1132
759
682
660
661
1065
718
657
624
632
1025
645
626
733
733
1204
645
629
626
634
1060
657
623
716
638
1069
654
723
730
677
1041
679
610
714
673
1064
637
624
610
607
1031
774
751
638
656
1046
644
652
685
639
1030
627
653
646
658
1044
780
1041
683
645
1050
668
623
683
647
1059
627
624
658
640
1087
795
746
629
778
1032
630
602
606
602
1036
641
603
645
633
1020
670
742
745
728
983
654
637
647
779
1003
642
604
640
646
1018
662
635
607
763
1118
629
622
620
598
1038
653
669
623
601
1036
641
637
644
672
1046
776
754
736
668
1347
649
623
624
613
1038
639
619
640
643
1022
632
628
640
809
1181
634
665
642
635
997
656
611
633
699
1051
660
648
664
617
1051
660
763
758
741
1120
767
641
648
626
1008
677
648
626
717
1083
656
665
652
672
1059
758
744
766
651
1008
645
649
668
682
1057
645
642
637
640
1058
663
625
669
971
1052
723
808
736
736
1111
709
651
621
618
1174
643
685
656
639
1052
766
626
657
623
1043
667
842
742
725
1074
659
635
706
659
1166
668
657
613
622
1044
655
625
633
622
1008
659
644
662
659
1251
778
741
654
659
1037
681
669
745
657
1080
667
622
618
641
1063
644
629
661
658
1457
832
727
721
733
1048
652
664
643
655
1054
724
648
642
863
1073
667
658
658
622
1156
697
669
664
649
1281
711
739
780
664
1066
660
616
636
639
1020
808
684
634
625
1065
655
639
623
621
1000
763
675
679
785
1205
766
718
717
648
1000
677
660
656
665
1072
673
674
697
643
1383
677
648
638
652
1013
636
631
666
666
1217
815
768
699
670
1083
691
646
648
667
1187
670
652
625
655
1046
654
636
635
639
1160
657
658
682
643
1051
859
765
757
756
1062
685
652
652
627
1032
692
705
677
627
1070
685
667
658
698
1107
699
661
649
601
1011
644
634
661
805
1563
776
724
685
635
1049
687
658
671
706
1092
682
765
695
640
1073
628
669
730
631
1056
686
638
644
649
1092
717
874
731
757
1211
667
720
712
651
1060
662
664
625
626
1041
654
634
645
614
1060
639
639
629
635
1059
670
646
662
642
1053
700
813
758
750
1203
702
646
647
978
1047
740
648
653
625
1079
660
660
646
630
1188
643
626
690
652
1033
674
645
672
641
1039
659
930
781
782
1206
669
637
691
713
1151
682
645
633
632
1046
698
621
659
603
1093
660
625
621
632
1032
660
658
619
643
1093
669
651
620
645
1302
730
763
743
728
1044
638
656
652
942
1022
606
602
609
635
1041
660
634
635
641
1039
651
613
623
638
1014
662
633
647
621
1117
705
884
780
771
1209
720
644
739
675
1092
662
652
648
608
1166
697
633
626
629
1030
633
642
623
635
1075
640
627
628
647
1125
658
637
688
643
1029
685
895
756
812
1313
835
659
1016
677
1068
656
674
617
609
1080
693
647
667
651
1065
695
675
642
671
1173
675
643
664
630
1058
637
629
655
762
1181
759
873
817
747
1205
838
667
643
740
1175
665
642
717
652
1051
760
656
676
672
1093
659
619
637
660
1078
676
658
624
615
1052
635
650
635
638
1069
712
2792
656
652
1392
803
777
778
789
1169
636
658
692
650
1133
677
624
804
628
1029
614
638
636
651
1056
687
646
646
637
1043
730
660
684
667
1043
711
650
630
635
2071
767
737
763
757
1162
678
669
658
673
1055
633
683
660
655
1049
666
656
663
671
1063
693
640
652
617
1474
703
655
655
649
1066
658
633
635
636
1043
744
683
632
717
1211
786
736
783
724
1194
687
648
621
655
1088
745
699
701
677
1042
659
632
650
662
1051
737
740
667
649
1053
651
655
646
623
1068
727
657
616
653
1085
688
631
691
650
1274
729
773
760
725
1248
733
1050
642
669
1105
673
661
641
669
1064
688
675
691
681
1063
633
623
624
637
1056
673
601
590
606
1015
658
753
613
598
1039
644
638
621
680
1085
677
686
812
735
1239
718
756
744
720
1051
635
600
652
606
1016
618
626
592
650
1013
610
587
641
610
1036
608
675
656
629
1038
625
600
643
579
1358
611
570
592
586
971
629
600
616
666
1029
815
732
701
743
1251
693
688
654
661
1030
610
645
686
615
1036
639
593
615
662
1056
623
666
660
645
1035
671
634
626
591
1059
680
631
637
621
1045
648
608
620
629
1063
657
635
628
647
1123
833
723
723
800
1247
739
807
743
659
1377
655
638
643
625
1049
652
636
634
636
1062
720
666
614
661
1058
667
669
784
634
1045
668
637
657
627
1037
725
633
610
620
1050
648
644
664
681
1147
791
754
779
704
1208
750
757
692
686
1179
650
683
647
623
1095
705
639
639
623
1044
681
670
657
662
1056
632
634
644
936
1081
659
627
599
627
1035
663
700
668
619
1070
672
613
661
637
1062
640
637
845
766
1199
709
831
776
813
1128
675
656
629
628
1048
673
683
682
721
1100
649
668
648
620
1071
663
714
644
628
1061
649
628
636
645
1019
638
635
643
707
1069
639
640
632
643
1053
688
671
657
1120
1192
737
761
754
767
1261
681
690
693
670
1117
662
650
768
693
1074
664
676
667
758
1077
692
706
653
716
1046
661
633
631
655
1078
798
694
663
639
1026
673
659
684
652
1030
700
655
656
709
1306
805
725
758
784
1271
777
786
701
673
1044
644
658
723
697
1107
3492
649
637
624
1044
721
684
675
633
1067
664
627
640
648
1083
661
648
638
665
1069
649
656
642
631
1023
659
710
800
697
1102
917
762
767
764
1293
777
764
777
668
1113
687
661
722
667
1158
659
665
672
650
1028
689
656
651
656
1065
763
689
649
669
1080
644
670
635
664
1547
686
698
679
652
1127
665
676
684
682
1089
699
910
725
801
1198
769
791
817
766
1134
701
730
673
651
1071
672
660
678
641
1056
684
732
654
651
1094
719
682
639
678
1161
674
677
671
697
1060
670
664
667
680
1082
752
668
683
716
1089
652
949
774
787
1255
816
1030
791
716
1130
670
672
661
698
1140
714
655
659
742
1090
683
659
644
711
1114
703
662
700
627
1085
832
710
720
644
1039
680
631
652
638
1035
657
679
694
658
1103
675
910
755
789
1238
793
772
778
759
1064
661
697
693
685
1138
698
654
652
652
1107
689
643
660
730
1093
938
659
673
630
1080
668
692
680
672
1067
673
673
673
656
1067
725
709
677
675
1080
889
937
796
797
1275
887
769
743
825
1140
676
691
669
675
1108
811
653
692
633
1074
646
658
641
634
1064
683
677
678
639
1024
682
683
618
642
1068
744
651
668
633
1104
640
645
710
659
1341
1083
755
793
793
1274
794
753
681
643
1088
702
649
639
666
1111
663
689
648
659
1080
672
645
654
626
1059
712
658
684
683
1110
648
668
645
647
1068
661
641
669
660
1015
663
672
676
682
1407
848
754
742
793
1261
833
712
658
686
1108
673
651
693
668
1084
669
696
659
976
1059
672
666
696
672
1066
690
655
699
672
1075
796
679
706
648
1054
674
642
787
642
1045
685
662
910
726
1219
764
767
742
765
1312
816
680
682
661
1085
708
660
658
661
1095
737
657
669
663
1058
655
737
691
679
1080
672
670
672
645
1085
675
676
717
691
1110
678
670
662
653
1509
698
941
814
811
1288
803
775
775
808
1178
708
793
714
658
1126
711
640
785
631
1151
714
710
664
688
1074
748
701
661
649
1063
646
666
642
644
1077
694
751
649
657
1083
662
629
657
673
1388
806
834
778
906
1328
759
785
690
691
1071
673
681
667
649
1095
686
1067
671
650
1063
675
716
675
674
1080
667
640
629
683
1078
692
704
711
767
1062
683
678
794
698
1027
677
692
977
758
1269
856
786
800
800
1200
695
676
669
638
1175
717
684
648
721
1094
685
687
679
692
1148
716
677
658
664
1066
675
689
675
711
1099
702
654
661
674
1048
669
700
983
644
1302
794
810
830
778
1247
757
870
789
719
1168
711
707
722
639
1089
691
665
661
720
1108
702
797
679
714
1096
672
692
644
644
1079
703
781
652
687
1104
720
675
721
685
1097
673
667
881
740
1288
827
792
818
792
1280
673
713
668
640
1108
716
678
658
670
1128
1038
661
651
657
1085
679
656
634
667
1050
668
647
636
679
1079
714
676
667
684
1263
712
667
652
654
1193
991
771
788
825
1232
767
747
773
665
1082
702
673
699
673
1173
690
673
678
666
1076
704
672
667
663
1061
724
678
700
632
1089
709
646
665
730
1094
687
700
625
641
1050
696
1069
688
951
1241
803
797
769
828
1284
751
706
759
699
1142
682
710
665
661
1125
722
701
702
766
1124
685
711
658
710
1153
701
680
679
639
1085
676
630
673
653
1086
669
693
671
656
1315
784
774
737
795
1301
800
801
796
802
1168
694
664
669
654
1062
644
655
670
659
1440
733
663
643
644
1077
703
734
673
680
1119
708
632
678
680
1119
789
681
686
658
1074
713
886
912
754
1242
769
901
778
792
1254
773
664
659
661
1083
670
762
735
637
1111
691
643
675
678
1078
764
699
667
651
1056
689
745
669
669
1082
656
658
638
660
1086
673
647
703
651
1402
1111
763
801
815
1309
754
715
841
750
1122
682
683
766
690
1136
661
735
692
731
1194
676
684
668
661
1070
706
664
747
699
1092
708
660
651
652
1053
710
786
702
654
1053
677
661
928
741
1258
816
835
821
803
1354
743
704
648
679
1067
672
661
651
640
1061
697
712
699
684
1538
718
687
694
662
1050
693
660
632
684
1044
677
670
681
667
1084
794
665
704
689
1404
771
813
774
795
1260
814
811
753
677
1224
692
670
659
674
1083
699
689
690
755
1170
687
681
646
667
1084
686
683
668
673
1107
685
684
660
655
1090
711
659
678
676
1179
717
905
796
796
1686
840
808
792
798
1262
716
799
731
708
1113
692
718
673
712
1078
708
821
668
697
1118
682
690
645
738
1077
742
713
727
697
1081
658
658
707
656
1091
690
689
676
652
1348
860
841
823
817
1322
906
795
749
669
1088
779
684
688
681
1109
711
668
688
682
1134
1096
685
697
679
1154
679
681
668
666
1054
661
636
653
657
1075
688
672
659
640
1076
680
850
813
874
1370
794
798
814
887
1214
743
722
696
761
1130
681
688
697
670
1084
681
696
716
660
1063
716
679
683
734
1140
730
711
708
666
1099
707
685
705
668
1104
693
659
678
663
1754
816
787
837
826
1335
841
818
911
721
1130
688
665
703
680
1066
689
713
679
725
1101
666
671
694
694
1081
792
700
726
801
1103
686
684
698
795
1124
695
668
645
635
1085
1000
866
764
774
1412
859
814
846
848
1216
690
765
699
645
1092
697
704
655
659
1165
691
4401
659
689
1118
697
665
667
668
1070
703
655
677
692
1097
699
667
650
648
1093
691
693
715
1066
1326
829
802
801
810
1295
822
812
781
712
1084
688
673
658
633
1073
687
712
685
738
1096
701
712
674
654
1128
673
656
668
658
1099
700
674
691
671
1094
740
661
665
664
1102
1520
807
787
764
1217
812
830
842
812
1205
670
673
656
657
1076
706
708
701
652
1149
707
660
653
676
1084
759
659
693
768
1118
725
721
678
664
1071
663
656
654
735
1089
771
688
1039
820
1350
817
844
791
771
1341
756
726
720
685
1161
705
713
670
676
1114
706
695
1063
662
1091
685
695
695
668
1120
694
647
652
691
1061
707
688
680
691
1081
677
674
685
671
1530
794
856
819
848
1310
824
843
881
813
1165
704
707
716
696
1213
705
723
707
684
1122
695
708
789
684
1099
675
654
660
649
1110
663
694
684
670
1106
696
665
661
704
1088
737
1317
866
832
1343
807
852
805
839
1343
713
730
693
700
1147
708
680
852
688
1088
707
670
679
689
1130
758
804
712
705
1105
732
662
676
662
1247
713
661
645
654
1104
700
708
664
1019
1290
882
811
836
878
1369
863
794
803
729
1177
737
712
647
702
1154
691
695
672
1002
1090
726
693
670
676
1117
710
730
757
655
1136
695
692
655
651
1116
745
660
677
759
1587
803
838
814
817
1386
806
863
872
937
1139
661
764
655
681
1096
750
701
677
770
1126
713
677
696
725
1221
667
650
648
671
1081
703
695
678
674
1093
730
735
674
659
1097
679
1032
1098
851
1282
915
886
763
831
1267
760
704
710
672
1158
771
695
643
659
1139
824
737
724
671
1134
703
695
822
718
1126
700
695
695
674
1143
677
685
667
661
1095
758
752
700
1029
1279
911
914
840
805
1245
820
883
768
762
1159
688
709
732
665
1087
717
737
736
672
1369
682
697
707
662
1095
717
685
727
680
1154
717
669
664
674
1078
786
706
724
689
1472
862
854
845
771
1372
851
781
833
839
1096
704
675
657
692
1073
747
650
688
703
1086
671
671
658
649
1087
781
673
660
675
1083
655
702
649
648
1079
681
701
637
650
1094
718
999
832
842
1579
941
857
901
862
1332
848
737
772
647
1112
770
708
662
673
1115
684
785
687
671
1091
656
675
681
660
1106
722
673
699
672
1083
718
700
698
746
1138
731
678
688
962
1245
883
808
862
813
1331
857
796
821
669
1129
717
735
703
694
1174
679
688
663
665
1110
708
986
710
689
1111
343
330
360
355
781
352
332
335
365
753
372
374
389
342
773
880
491
542
508
1092
455
482
592
536
1021
483
494
572
439
951
590
366
368
364
746
338
389
369
338
780
358
346
334
347
813
488
367
368
325
820
628
323
367
356
767
363
691
520
469
1013
494
480
475
516
1008
516
528
461
578
997
474
476
368
404
792
427
361
358
330
882
373
347
360
364
782
355
395
359
344
1223
689
689
762
706
1089
762
683
704
955
1290
894
871
869
915
1396
843
828
785
742
1184
820
770
733
699
1152
674
735
728
691
1106
1120
670
660
696
1151
729
703
673
696
1128
728
733
700
669
1125
750
673
697
669
1335
785
909
882
859
1327
823
861
851
829
1261
736
743
717
696
1198
742
691
676
671
1127
714
737
746
701
1136
783
717
670
670
1092
692
689
703
670
1149
697
694
746
701
1142
1934
839
870
933
1646
872
903
911
934
1374
740
701
725
635
1187
922
782
734
673
1141
694
818
681
696
1177
770
678
690
672
1188
710
698
684
694
1092
678
700
701
654
1101
709
956
886
845
1367
899
952
918
894
1373
730
739
715
690
1174
754
726
697
703
1133
710
717
692
668
1125
719
5571
755
706
1164
677
657
684
659
1048
700
2625
840
787
1334
897
912
807
978
1379
731
680
704
659
1163
777
734
902
732
1214
702
697
699
658
1082
716
726
700
793
1123
691
732
739
706
1168
751
707
689
653
1124
684
728
745
936
1366
888
884
956
870
1406
821
796
720
1203
1151
687
723
733
702
1155
723
713
710
717
1196
779
717
716
784
1157
712
728
667
661
1106
772
695
693
699
1107
689
670
719
824
1415
832
808
827
878
1366
876
933
802
676
1234
723
692
729
719
1181
775
737
710
763
1184
712
737
691
718
1096
714
718
684
678
1126
785
702
959
713
1124
696
707
695
842
1431
866
865
835
895
1516
815
878
862
740
1232
778
707
697
717
1129
748
736
669
685
1226
744
710
695
689
1119
723
730
719
661
1133
807
730
719
684
1123
740
769
718
827
1331
921
853
921
964
1348
897
894
825
852
1218
779
708
668
974
1114
700
672
692
694
1140
716
693
688
679
1132
702
695
684
668
1067
755
858
699
720
1187
713
680
705
863
1421
863
830
900
825
1510
841
881
821
745
1191
838
813
755
712
1102
741
733
737
744
1138
814
723
702
731
1104
669
694
660
682
1153
762
703
719
724
1146
737
722
988
898
1360
816
874
876
830
1392
872
866
793
781
1353
762
723
713
713
1239
728
684
677
666
1143
754
795
714
668
1075
750
724
784
719
1130
731
721
686
674
1112
714
732
728
947
1380
868
894
857
837
1333
939
872
736
700
1159
803
741
713
698
1109
729
716
708
732
1434
745
689
691
653
1082
788
733
698
694
1188
732
720
692
678
1117
696
724
693
971
1346
845
959
826
809
1360
881
826
766
752
1179
727
692
793
680
1102
776
742
679
709
1134
730
709
678
685
1089
680
715
780
688
1198
708
686
707
665
1110
704
722
711
988
1310
890
887
1217
839
1342
814
818
744
677
1161
754
763
695
678
1144
735
727
714
693
1186
773
779
714
706
1091
903
720
703
686
1144
683
677
663
673
1085
737
700
727
928
1356
934
890
828
905
1395
878
850
841
701
1190
756
703
681
689
1214
764
733
761
699
1206
770
693
691
686
1115
1038
663
667
643
1126
754
740
704
737
1140
766
703
706
926
1322
884
815
768
920
1328
953
805
869
697
1141
700
708
697
685
1118
759
720
724
708
1103
720
705
682
668
1141
687
700
680
673
1124
709
714
694
735
1123
726
706
691
955
1429
785
877
837
828
1420
860
861
1139
713
1144
730
728
763
675
1247
753
723
723
702
1176
728
673
692
708
1145
727
896
761
725
1111
742
734
854
726
1091
747
729
673
973
1352
818
866
863
916
1436
884
842
824
746
1137
704
734
715
698
1188
788
686
667
677
1160
695
723
704
711
1137
748
697
690
660
1155
741
697
1084
710
1128
777
742
719
957
1445
848
824
839
853
1364
884
923
823
676
1124
704
794
762
723
1131
669
726
699
698
1143
735
707
680
711
1178
705
701
808
727
1173
721
706
673
682
1171
753
707
724
992
1438
901
885
855
819
1447
948
879
758
751
1193
743
751
1080
682
1140
697
669
658
672
1143
706
739
720
704
1139
734
738
724
676
1136
815
729
689
685
1138
758
737
1059
866
1367
884
862
840
825
1359
902
839
929
792
1197
742
733
702
771
1182
706
703
685
724
1181
781
681
729
742
1157
717
700
709
704
1180
717
706
710
690
1103
1076
700
927
768
1412
895
899
964
924
1318
930
803
757
717
1146
726
850
710
692
1170
735
742
907
719
1153
733
712
707
721
1114
733
701
810
742
1139
744
685
703
741
1171
747
1001
814
863
1439
873
873
902
833
1402
856
715
739
735
1157
752
649
716
697
1469
727
680
698
718
1077
726
747
742
715
1148
715
697
706
728
1174
715
703
686
711
1203
931
776
889
839
1362
943
852
891
866
1430
792
711
772
692
1148
679
691
706
721
1214
745
756
775
757
1168
765
709
689
686
1075
762
691
739
687
1088
686
756
725
692
1383
892
844
880
1139
1360
892
827
944
911
1293
834
727
813
731
1173
708
737
752
693
1091
734
717
903
718
1151
744
713
799
716
1207
704
730
660
680
1114
741
721
685
682
1470
847
849
848
862
1377
898
859
894
826
1248
715
709
715
690
1202
785
729
722
692
1146
756
776
702
734
1531
719
688
731
708
1133
704
733
763
696
1167
704
713
922
792
1350
878
912
887
876
1439
864
1055
841
722
1171
707
684
698
691
1182
729
690
757
687
1146
768
709
726
732
1109
742
715
683
673
1090
690
713
669
699
1149
728
1008
806
866
1324
907
887
867
807
1855
969
838
765
713
1196
737
723
693
675
1194
738
705
702
678
1101
721
782
702
707
1122
707
709
739
705
1229
734
744
721
704
1131
1004
826
804
928
1465
804
941
889
912
1390
693
711
758
686
1159
730
681
672
695
1136
720
709
708
685
1093
721
759
727
703
1159
705
1100
711
681
1132
736
748
731
713
1454
901
954
890
913
1510
881
780
822
835
1286
793
760
756
868
1196
730
699
696
695
1197
746
665
691
814
1101
726
738
730
706
1121
754
728
739
669
1212
760
750
913
795
1367
882
845
845
840
1370
847
813
784
710
1184
1144
745
708
765
1165
711
700
700
654
1140
694
708
737
707
1169
747
700
713
685
1315
706
714
692
647
1169
870
860
856
936
1394
879
971
904
826
1417
834
756
745
696
1186
744
788
746
695
1192
750
744
709
689
1143
787
768
724
715
1161
701
668
737
722
1114
764
679
752
1008
1397
804
940
880
792
1442
932
882
840
844
1294
701
696
680
711
1129
704
734
679
724
1183
742
756
696
717
1150
695
699
702
686
1147
823
771
702
712
1150
720
708
691
1028
1490
848
872
819
849
1368
950
905
874
844
1226
704
698
651
686
1202
722
692
992
708
1186
691
712
674
716
1144
736
759
731
719
1146
742
754
716
795
1202
765
729
984
830
1456
997
864
812
880
1335
900
1023
828
738
1213
723
680
793
712
1160
696
671
666
654
1064
781
715
728
750
1140
717
692
706
681
1135
732
790
698
716
1209
919
890
830
873
7237
875
925
813
894
1551
862
723
739
690
1150
725
695
778
711
1154
753
723
698
709
1284
698
708
713
740
1149
725
708
706
695
1130
725
698
743
679
1567
861
861
872
943
1409
797
895
941
844
1291
741
695
706
717
1118
820
740
747
710
1218
827
729
691
749
1900
687
736
719
665
1126
674
693
717
723
1191
688
718
889
852
1336
927
849
822
795
1333
993
891
816
854
1147
717
678
681
670
1113
694
772
705
700
1132
769
759
745
701
1059
722
711
682
851
1201
734
713
709
710
1129
752
999
843
862
1435
922
941
887
982
1360
1194
796
782
724
1212
723
723
703
698
1132
712
708
714
689
1132
806
722
746
731
1158
709
671
708
709
1189
790
717
729
737
1456
921
912
888
846
1424
914
921
854
855
1439
769
787
712
754
1181
793
759
759
757
1152
734
715
702
708
1175
788
733
739
696
1154
715
700
721
668
1504
748
740
751
1048
1478
825
854
852
867
1473
894
917
930
810
1273
749
704
856
740
1193
757
737
768
769
1182
750
734
813
749
1149
701
721
708
711
1172
786
747
731
720
1150
702
949
838
898
1569
923
878
865
845
1492
987
1001
795
722
1211
838
761
716
938
1169
752
735
731
724
1199
787
701
732
708
1167
797
744
793
669
1151
767
849
699
734
1347
822
870
884
942
1538
900
891
873
864
1349
760
703
748
780
1265
708
755
730
712
1167
834
782
722
733
1196
776
721
715
782
1203
738
707
742
694
1173
757
684
726
932
1661
904
1003
890
815
1476
986
893
801
826
1289
797
762
836
727
1255
745
748
739
715
1244
771
737
730
798
1217
754
732
732
714
1143
712
740
815
725
1192
740
964
845
826
1481
930
848
854
892
1438
880
977
789
726
1243
754
740
788
702
1176
742
756
710
755
1448
730
707
736
718
1151
748
717
711
696
1162
745
743
719
727
1443
864
912
961
870
1373
859
919
975
1004
1359
852
810
769
806
1219
751
842
793
745
1185
770
765
706
725
1227
719
772
725
720
1218
756
696
730
740
1179
712
707
712
1013
1327
899
913
913
927
1738
869
921
869
917
1340
757
770
719
726
1196
771
703
718
716
1261
773
705
680
708
1136
767
759
728
727
1179
760
712
737
748
1266
743
1002
880
811
1372
869
899
851
881
1595
890
959
835
810
1231
752
758
818
757
1182
727
799
724
747
1198
778
718
793
737
1209
1055
732
742
704
1177
726
712
700
706
1442
946
941
854
920
1599
899
927
885
882
1486
848
786
780
732
1172
713
702
707
735
1282
770
744
720
687
1188
746
728
715
733
1179
731
729
858
741
1178
745
743
1014
953
1460
881
1003
949
961
1361
913
919
919
704
1204
1055
721
727
727
1155
754
754
788
719
1137
708
706
776
730
1169
780
719
706
716
1150
758
778
824
741
1187
954
896
871
935
1464
900
946
897
904
1462
880
858
739
734
1236
724
710
788
774
1171
728
766
735
765
1176
757
712
799
729
1156
733
714
722
747
1183
743
732
747
1332
1416
920
834
901
854
1445
909
906
911
858
1311
834
735
754
764
1211
926
747
718
767
1217
766
686
753
885
1146
736
725
732
739
1173
748
727
847
769
1172
727
1025
865
884
1505
911
937
894
859
1392
978
943
866
769
1214
751
709
689
700
1128
740
785
755
1115
1196
752
783
732
722
1188
750
709
748
715
1213
725
755
732
750
1520
883
849
921
872
1484
988
950
935
863
1476
873
732
804
718
1165
762
751
742
719
1256
745
732
682
745
1199
792
732
736
740
1162
715
693
718
702
1146
745
731
990
904
1407
850
948
916
883
1902
943
904
928
847
1216
764
762
761
725
1146
838
757
913
754
1246
735
719
720
732
1306
770
720
720
724
1158
754
742
726
714
1580
979
868
863
999
1525
901
927
907
986
1505
1005
796
825
772
1220
737
717
744
732
1210
837
737
724
752
1181
761
734
732
758
1248
817
1104
744
729
1216
742
730
754
1023
1402
863
861
901
953
1540
986
958
890
947
1215
738
767
747
891
1195
763
750
736
717
1160
803
827
727
802
1145
764
726
713
708
4863
908
929
954
884
1413
914
897
866
976
1314
776
739
753
702
1242
774
734
693
793
1192
825
750
1061
717
1161
720
738
748
725
1189
705
723
721
708
1147
782
720
931
1017
1448
912
903
943
862
1525
900
864
895
769
1300
844
751
822
781
1197
745
741
739
711
1158
764
728
706
703
1228
744
843
747
733
1202
726
739
754
745
1411
907
904
884
866
1393
953
912
871
1255
1451
931
816
785
740
1189
757
724
724
717
1247
741
745
706
746
1188
728
726
668
710
1223
756
740
731
721
1203
743
889
841
869
1399
1038
889
889
871
1495
951
890
892
812
1156
761
735
768
782
1173
728
678
794
782
1196
807
733
792
834
1158
746
749
769
751
1551
812
762
735
878
1377
894
925
923
899
1542
935
867
917
922
1403
752
750
772
727
1174
826
757
756
720
1204
767
762
737
758
1195
731
714
730
739
1181
714
730
842
785
1211
774
886
863
862
1542
948
898
961
927
1461
1036
849
764
708
1195
755
706
710
728
1628
794
765
774
746
1144
843
789
744
725
1211
772
741
718
730
1393
790
755
912
865
1378
943
943
871
934
1470
936
971
905
884
1200
746
784
885
737
1179
776
764
774
721
1155
757
790
863
829
1197
757
692
744
752
1158
798
747
786
761
1532
997
930
896
998
1900
956
986
847
908
1518
750
803
765
718
1231
749
751
738
785
1227
779
759
706
713
1212
843
764
707
713
1163
782
731
806
742
1239
997
856
910
908
1539
1002
964
920
917
1615
875
774
683
693
1206
745
746
704
711
1243
739
720
735
716
1263
738
743
700
691
1171
1106
709
722
759
1189
842
817
970
828
1383
938
916
990
993
1503
1012
906
874
873
1222
768
884
740
863
1237
730
724
722
703
1159
774
902
765
787
1170
780
710
742
690
1304
721
736
748
785
1554
938
945
942
865
1395
1099
920
908
846
1458
795
729
737
770
1190
1089
729
703
711
1178
749
756
773
748
1209
713
700
733
691
1143
730
764
726
725
1169
938
927
857
1042
1437
975
910
908
893
1501
937
914
904
770
1270
790
768
752
746
1199
743
777
749
769
1235
751
803
803
741
1215
721
783
701
678
1123
795
806
1089
957
1575
966
1317
914
933
1382
951
983
1033
966
1252
875
733
725
737
1163
842
767
699
719
1132
756
912
791
782
1221
734
731
765
762
1229
838
751
781
715
1532
934
952
980
984
1508
897
1073
932
880
1497
906
827
774
673
1235
831
744
725
804
1253
779
755
768
751
1206
775
750
1153
736
1182
775
723
748
783
1193
1004
940
828
959
1394
963
1001
895
935
1531
1063
945
865
717
1246
787
783
859
792
1212
778
749
733
708
1156
761
726
749
741
1183
736
710
700
782
1183
734
778
1052
926
1509
988
944
979
948
1530
840
930
886
901
1232
740
8466
875
749
1175
791
766
740
749
1240
795
949
795
760
1181
714
718
734
733
1187
949
741
749
949
1454
914
968
970
954
1572
979
1077
965
911
1472
744
762
830
709
1215
772
746
782
741
1224
748
786
811
775
1213
814
717
721
789
1230
765
734
708
708
1478
989
891
924
1705
1456
926
987
1034
864
1519
884
752
745
740
1220
843
746
761
823
1273
705
721
733
738
1164
730
760
728
763
1171
725
723
798
826
1248
1033
946
916
922
1541
975
979
917
976
1548
938
874
809
701
1300
812
816
744
764
1179
813
795
711
740
1191
732
733
725
814
1526
743
748
713
694
1232
801
926
900
928
1493
924
974
979
961
1600
934
968
977
844
1143
767
848
722
706
1161
714
749
728
755
1169
799
766
830
716
1220
760
727
738
719
1164
766
752
750
1147
1481
928
914
909
913
1627
976
1005
971
944
1344
837
752
803
764
1522
736
732
751
714
1166
845
819
739
770
1224
780
757
702
699
1198
766
751
727
732
1707
894
995
923
925
1441
1122
877
913
906
1391
877
763
855
795
1274
777
755
725
723
1305
745
740
740
723
1207
773
729
790
784
1191
766
748
738
731
1518
930
938
912
890
1804
933
926
928
931
1431
913
856
757
710
1200
807
786
699
761
1216
757
758
753
737
1311
731
743
728
730
1213
753
726
765
788
1185
1028
914
941
948
1486
971
853
927
927
1483
982
887
965
773
1229
759
733
791
721
1234
804
771
729
747
1162
732
734
705
733
1187
825
715
1078
748
1262
815
981
831
870
1510
972
951
971
902
1606
886
903
1005
815
1223
758
752
724
717
1173
829
800
729
745
1230
861
718
734
748
1175
852
829
780
756
1222
728
915
861
900
1381
882
876
1003
800
1527
1016
995
867
887
1336
760
795
796
753
1246
828
805
1064
705
1221
759
751
730
749
1215
779
746
714
725
1231
768
849
954
989
1540
948
1062
910
920
1550
949
986
919
869
1278
772
764
748
748
1295
780
744
762
785
1267
757
753
748
760
1230
757
854
772
734
1229
828
760
735
950
1491
877
876
819
868
1647
957
928
996
1266
1435
896
781
741
716
1216
757
707
734
719
1240
749
761
760
759
1237
764
862
753
732
1187
817
812
723
751
1581
987
938
873
906
1377
860
868
901
881
1475
975
861
740
780
1228
822
822
805
746
1218
756
710
756
774
1186
761
779
731
769
1275
829
792
759
747
1492
1292
898
884
965
1525
1052
1032
946
985
1526
1025
849
774
770
1266
740
904
761
730
1186
843
762
794
719
1206
761
750
855
715
1154
845
758
751
704
1216
1022
869
939
998
1597
1031
928
972
866
1446
948
915
828
737
1216
811
767
695
712
1204
857
802
752
789
1256
1144
767
833
723
1234
782
757
756
751
1201
919
910
879
891
1504
997
877
928
993
1672
934
903
845
802
1380
798
779
718
769
1243
789
891
738
780
1213
733
757
778
736
1188
789
737
741
694
1203
764
981
906
890
1466
951
976
951
919
1464
955
1013
961
781
1278
1041
726
723
728
1215
765
749
778
712
1195
724
805
725
739
1169
781
751
738
816
1222
730
1043
904
913
1516
923
1064
999
931
1618
967
1052
917
884
1314
826
775
830
732
1197
754
792
808
719
1211
733
710
716
727
1209
763
742
739
742
1183
779
752
1057
949
1555
1012
921
871
1223
1505
917
921
897
988
1192
777
777
768
747
1337
829
759
774
790
1279
794
920
763
752
1263
732
745
745
751
1239
794
732
933
933
1481
941
888
898
954
1493
971
901
991
928
1539
856
787
850
748
1236
733
759
754
745
1210
722
746
730
809
1216
768
752
748
745
1493
813
798
793
1034
1462
961
940
1055
904
1550
933
947
966
951
1621
788
788
790
929
1227
739
846
774
730
1204
749
793
811
782
1218
837
819
755
730
1210
812
763
721
775
1581
906
990
897
868
1542
1011
991
949
928
1480
872
773
796
735
1194
814
768
755
730
1597
802
747
763
746
1218
782
755
796
742
1355
824
737
730
774
1533
1004
962
1037
931
1486
967
907
985
956
1563
910
778
901
789
1150
714
758
812
713
1186
792
748
751
748
1274
832
823
712
843
1247
827
781
790
733
1661
964
1050
920
875
1504
956
1072
964
928
1471
1295
738
683
760
1186
762
777
745
719
1164
808
769
745
774
1226
745
751
750
714
1182
783
756
977
762
1484
912
861
984
858
1570
1066
959
978
1083
1431
1074
945
734
721
1255
822
871
734
753
1193
857
815
801
720
1229
761
811
755
735
1279
756
758
729
715
1242
1024
1071
948
932
1906
934
996
931
948
1557
930
1038
881
761
1256
783
964
766
757
1256
712
777
772
730
1213
743
753
877
712
1226
817
743
845
733
1193
1079
1076
1010
925
1582
973
950
955
936
1468
1003
977
950
794
1265
825
821
804
745
1189
813
798
831
765
1259
786
767
753
757
1255
1063
770
748
728
1248
1045
1011
904
890
1601
950
890
918
1028
1696
968
977
918
850
1331
756
812
740
704
1160
767
794
717
786
1216
749
785
740
757
1264
823
830
741
740
1244
815
1092
963
911
1604
944
975
1059
1042
1683
1041
908
905
892
1245
775
757
781
748
1186
820
1096
820
719
1265
777
739
737
716
1196
758
796
785
798
1216
772
1079
941
1016
1548
1010
944
983
948
1538
1159
962
973
839
1313
778
754
833
767
1244
765
937
821
786
1240
788
806
738
754
1306
791
762
771
738
1250
777
937
957
999
1561
1027
1012
932
889
1505
1017
900
1374
910
1327
783
789
759
824
1282
802
801
762
773
1229
774
746
740
727
1221
748
754
762
737
1219
770
965
985
921
1486
982
944
899
916
1533
958
1069
924
906
1299
830
759
736
731
1170
777
828
903
758
1272
786
745
765
722
1192
779
774
776
812
1283
828
978
947
926
1632
1315
1015
1018
910
1640
1003
927
932
869
1228
819
743
788
767
1239
947
753
754
819
1254
738
744
758
748
1203
749
758
818
792
1235
786
738
1125
963
1557
993
928
952
1074
1559
942
1016
985
971
1334
819
762
776
740
1206
808
760
799
743
1179
795
797
738
835
1223
811
827
1149
756
1252
780
1023
866
910
1591
954
1039
1000
941
1632
1014
897
957
898
1383
801
759
746
790
1207
889
811
737
776
1192
758
780
758
718
1244
889
905
750
786
1209
857
942
927
865
1600
1123
941
1113
941
1626
956
993
989
1103
1346
779
853
751
745
1255
785
1145
753
748
1228
748
819
756
735
1202
755
770
733
744
1240
746
960
896
871
1572
1010
961
976
993
1635
1006
1017
899
905
1376
818
756
792
774
1237
896
785
819
762
1219
774
786
786
736
1315
815
740
786
765
1243
774
937
985
903
1540
1009
1000
1047
962
1628
967
905
10809
909
1434
986
891
974
971
1233
740
732
735
710
1231
754
740
856
747
1211
762
783
742
744
1224
791
757
789
855
1173
735
906
768
737
1324
822
766
798
811
1450
947
944
1021
918
1596
1051
1020
901
876
1508
1005
987
934
923
1275
767
763
781
748
1256
822
802
815
788
2206
749
840
786
800
1283
853
766
784
758
1496
983
1016
1051
992
1921
1097
931
1013
917
1510
1006
957
843
766
1325
763
781
756
886
1316
824
775
760
778
1257
771
758
848
743
1270
796
760
794
924
1405
1024
990
896
942
1623
983
982
1053
965
1600
1024
856
797
1163
1261
755
787
769
733
1228
758
742
773
724
1224
812
796
803
759
1246
796
776
952
966
1540
934
1054
918
1050
1508
1116
969
838
900
1532
825
776
753
744
1247
830
756
834
758
1243
814
770
762
769
1208
834
754
798
763
1217
764
975
978
936
1562
964
1005
930
920
1942
959
975
1000
937
1225
889
750
743
741
1240
834
799
777
763
1190
807
761
742
730
1235
953
760
768
748
1264
994
965
952
973
1602
988
1144
1071
1000
1568
1028
963
908
884
1336
805
740
821
763
1264
847
786
820
791
1238
817
831
760
735
1222
789
789
777
746
1504
973
1045
1352
959
1657
962
936
927
929
1516
991
993
803
932
1221
792
765
806
791
1231
838
813
792
751
1229
898
835
789
781
1271
809
808
776
988
1594
954
1106
938
1029
1681
922
975
974
898
1433
861
834
754
837
1304
796
788
774
803
1308
787
757
781
720
1227
760
711
782
1067
1193
786
793
1027
902
1576
1049
1038
903
954
1520
1080
1059
922
970
1517
836
775
888
860
1264
816
782
753
751
1193
798
748
723
702
1301
820
849
788
766
1283
742
1020
921
900
1508
1053
1090
1001
921
1467
954
894
938
918
1357
774
750
784
734
1275
852
790
776
1158
1275
800
813
812
762
1234
750
731
792
739
1269
1078
910
1051
1013
1800
941
977
914
1016
1574
968
1049
915
889
1369
808
782
768
931
1309
779
778
782
752
1283
836
791
724
748
1181
899
792
756
808
1511
919
935
944
1083
1655
968
1002
862
1091
1629
1002
916
933
1097
1349
843
818
770
809
1271
811
779
780
763
1204
760
769
795
883
1261
761
784
745
947
1420
1046
938
952
1001
1633
917
896
977
898
1646
1035
971
791
764
1268
845
750
762
766
1246
768
783
768
743
1249
848
838
767
790
1180
773
792
1017
948
1728
1042
959
974
1090
2173
1073
1029
978
1012
1553
779
795
791
731
1243
838
829
798
766
1302
791
733
741
743
1224
828
797
764
782
1454
823
1166
976
907
1545
1034
974
961
940
1584
1020
939
1011
963
1472
800
744
839
781
1250
805
780
830
770
1255
866
807
842
811
1272
778
784
754
746
1222
1095
935
1279
950
1530
1101
987
973
953
1647
1028
966
935
781
1215
861
801
801
821
1277
807
761
770
799
1237
806
783
765
764
1205
758
828
732
708
1638
1047
971
929
980
1636
1021
1054
966
983
1675
981
910
756
741
1215
809
824
772
760
1223
831
780
825
791
1260
781
765
754
1053
1181
780
774
803
1110
1565
991
976
1065
1028
1660
970
939
925
1201
1594
983
832
809
760
1269
967
777
820
824
1218
823
761
785
776
1359
789
750
760
736
1268
827
1115
952
968
1721
947
1032
985
1032
1442
974
971
953
1005
1356
867
783
767
754
1231
803
812
790
747
1570
815
792
784
811
1232
808
747
806
771
1600
949
923
893
944
1508
1134
1016
960
968
1566
995
980
955
816
1271
775
768
758
769
1258
760
785
763
741
1235
791
851
783
791
1231
794
819
799
1069
1542
980
989
1005
1016
1618
977
943
1022
992
1704
1007
824
766
747
1629
784
751
807
742
1190
785
741
727
752
1314
820
804
732
750
1195
858
938
1040
993
1674
959
1002
1110
1035
1659
1048
974
972
1039
1461
789
797
903
798
1309
802
762
787
761
1220
818
785
767
774
1233
816
801
798
782
1528
1049
995
997
974
1683
901
952
1028
932
1987
990
940
868
839
1311
795
769
804
836
1257
864
803
791
799
1309
915
819
759
757
1220
798
730
736
1100
1640
885
1019
1018
1098
1592
1015
1058
960
999
1539
942
788
784
769
1309
793
768
802
768
1274
847
820
795
808
1267
869
787
820
791
1259
830
1017
932
980
2098
990
1014
991
1088
1647
979
938
990
948
1451
817
807
760
808
1383
797
770
769
737
1407
785
790
785
762
1270
860
878
799
739
1445
1019
1089
1050
1006
1673
1047
1072
1081
972
1600
959
994
940
780
1262
805
785
837
848
1339
807
835
807
777
1326
809
773
1139
746
1237
799
744
786
5389
1596
945
1014
968
930
1671
997
937
1017
963
1717
1047
954
777
779
1282
793
746
760
774
1237
826
789
803
806
1389
802
785
795
755
1272
797
1204
983
1032
1645
1100
1064
1014
1006
1709
1042
1040
905
928
1342
815
793
775
814
1692
787
766
767
798
1261
786
779
742
767
1297
787
768
743
768
1545
1034
1009
965
994
1503
1054
944
875
903
1610
1000
1052
925
776
1282
808
830
827
810
1303
785
803
777
776
1239
852
825
807
778
1236
794
815
988
886
1623
997
1068
1054
1017
1614
986
1368
934
939
1608
858
819
786
759
1260
825
798
764
795
1321
826
837
821
783
1243
780
770
723
786
1200
1113
1088
1032
1032
1637
965
925
1049
1005
1627
910
939
1016
806
1290
917
848
764
730
1281
777
775
761
747
1281
785
810
808
761
1245
798
777
834
1003
2134
977
1029
968
1016
1591
1007
949
990
919
1660
1245
869
791
821
1293
830
845
827
984
1293
796
812
797
741
1307
786
851
789
779
1243
929
913
934
974
1628
1027
1214
909
912
1557
977
1010
920
918
1267
843
793
756
764
1269
862
826
770
775
1304
780
1220
755
727
1194
774
781
721
900
1546
945
997
981
1007
1801
929
1002
1084
1003
1645
972
892
788
765
1296
824
821
892
833
1271
773
779
806
734
1242
794
769
781
801
1257
799
1036
970
863
1593
1025
1002
1000
993
1488
930
906
941
926
1445
865
1223
761
775
1330
843
794
801
790
1271
864
794
804
806
1310
825
801
811
773
1580
1026
1010
1055
953
1644
1103
926
893
1020
1634
961
943
1000
914
1315
823
776
786
779
1267
819
796
763
777
1359
843
790
770
796
1320
764
784
990
993
1524
1025
986
1071
1421
1694
965
979
934
974
1523
821
814
745
767
1282
830
786
798
793
1278
779
820
807
762
1276
776
803
814
803
1397
1144
1007
977
974
1558
1080
1060
982
1040
1646
1126
947
1028
947
1387
899
818
773
777
1287
807
795
770
772
1314
806
757
792
754
1278
1220
765
784
903
1606
974
936
1000
1003
1557
992
982
985
924
1568
1030
952
788
793
1287
901
797
841
817
1255
833
804
764
780
1370
830
824
725
775
1321
786
1078
920
987
1588
1012
1007
926
994
1520
987
930
969
975
1455
840
871
856
800
1693
799
787
788
817
1274
786
822
786
789
1289
779
764
774
770
1659
985
1044
975
977
1611
939
1070
1007
991
1583
986
1026
823
782
1361
868
792
794
799
1284
832
850
834
772
1298
797
757
809
821
1296
812
999
981
1002
1525
1003
950
1011
912
1603
984
1542
1040
1018
1465
843
780
774
770
1324
762
807
749
739
1251
914
858
788
910
1277
855
814
824
801
1559
1011
977
877
887
1511
1047
1012
1087
1043
1601
1116
909
913
784
1261
822
816
736
867
1277
795
861
830
828
1304
874
796
787
817
1249
809
966
918
1011
12487
1066
980
989
883
1651
997
992
1005
988
1566
862
867
808
775
1242
823
857
788
786
1314
893
823
797
790
1373
830
831
809
773
1657
999
925
942
1105
1585
947
925
1006
997
1635
1058
993
876
860
1359
864
832
894
826
1330
802
846
812
762
2300
838
865
862
783
1274
832
1018
1003
1014
1782
1034
908
976
1051
1645
1037
1007
962
934
1461
802
832
782
793
1375
886
788
752
825
1311
804
766
793
764
1222
785
772
769
758
1766
971
974
932
933
1691
1056
931
1024
958
1540
984
1062
861
822
1574
880
791
751
826
1285
827
794
781
768
1305
837
832
785
772
1294
786
1095
976
1001
1807
969
976
1001
1015
1690
1196
1049
1055
949
1335
801
766
760
772
1291
873
821
808
815
1283
743
777
810
782
1260
779
774
771
781
1751
1021
1009
1047
1024
1564
1013
1412
943
976
1618
1020
938
782
735
1222
796
770
755
783
1276
803
767
769
772
1229
849
840
791
779
1312
834
1113
1002
985
1487
1058
943
905
890
1593
1101
918
1140
942
1549
863
827
750
776
1255
770
767
813
794
1253
826
764
800
743
1276
794
747
850
1045
1828
970
987
993
941
1725
1009
1038
949
925
1595
998
945
796
757
1303
777
763
765
766
1343
883
786
749
750
1265
773
801
741
721
1247
1108
1042
1015
1011
1693
1021
1012
1012
1028
1640
1054
943
957
912
1252
879
835
761
767
1273
852
834
773
740
1311
792
788
1099
801
1274
804
793
1023
1006
1637
1012
907
968
978
1683
944
937
944
942
1604
1034
830
779
767
1346
838
781
794
775
1313
777
792
863
795
1272
794
748
801
783
1599
1008
1002
963
2794
1492
1029
970
929
965
1573
915
1018
950
940
1536
769
781
1076
716
1248
764
764
772
785
1250
811
797
773
761
1232
803
798
814
819
1316
836
798
1026
1031
1835
1109
975
1094
1083
1629
988
1023
1034
981
1581
881
788
767
770
1247
801
773
799
779
1393
828
809
761
791
1273
771
770
767
928
1578
1099
1016
995
916
1624
1302
977
1019
950
1715
972
970
798
848
1306
841
800
794
819
1302
756
784
750
778
1477
814
790
748
769
1266
988
1012
1014
1008
1652
1028
972
1007
1007
1726
1044
1018
984
982
1314
794
769
817
792
1386
853
782
778
792
1352
787
782
791
837
1304
776
752
960
997
2020
968
1052
986
956
1676
940
911
1017
930
1536
991
843
840
776
1422
811
776
798
811
1318
776
778
797
745
1221
803
804
967
1059
1603
1043
971
1053
961
1649
998
1105
1074
960
1631
819
782
796
826
1314
781
813
818
784
1248
809
769
869
851
1281
806
1332
1049
1112
1612
954
1086
1029
920
1732
1042
1079
1025
1031
1263
994
846
797
778
1281
821
800
789
920
1259
814
790
780
777
1691
964
1121
1047
1013
1742
962
924
873
1050
1675
1027
817
818
810
1338
808
755
748
770
1279
827
761
833
759
1257
1028
965
972
1300
1582
1011
1082
954
971
1643
1039
851
766
768
1250
798
968
824
775
1278
784
766
751
767
1251
939
983
986
1020
1757
1046
1112
967
967
1677
951
909
786
782
1319
830
746
777
745
1350
812
880
823
780
1626
977
955
992
994
1632
1011
1006
1084
1036
1876
811
768
744
841
1255
868
837
841
778
1233
815
761
831
863
1250
792
994
985
1098
1556
1094
1072
1004
1091
1610
997
1091
895
833
1394
879
784
872
863
1263
803
803
822
820
1228
844
768
805
826
1679
990
1027
971
1059
1771
1083
993
958
991
1672
975
1179
767
786
1292
798
777
776
795
1315
850
823
790
807
1315
786
1003
996
975
1836
1077
1003
1079
1022
1697
1105
948
914
833
1409
808
793
801
792
1256
808
777
794
768
1238
835
806
762
778
1334
779
973
906
1024
1729
1011
978
993
1081
1698
962
988
1023
1068
1824
863
797
773
780
1309
804
812
858
771
1234
826
783
785
735
1275
982
1035
1058
989
1666
1190
934
1112
941
1632
1018
998
928
942
1327
814
825
820
772
1335
870
792
797
813
1306
838
815
810
822
1272
815
804
790
1067
1636
1000
972
968
990
1626
1030
1045
1086
977
2009
973
1048
894
808
1299
865
803
839
779
1393
802
792
740
766
1309
925
795
824
797
1280
1049
977
1030
1158
1716
978
1076
1010
1079
1663
1154
992
997
976
1251
844
788
803
810
1394
822
813
793
797
1287
841
797
748
787
1281
807
915
1005
1021
1684
1064
1021
1446
1008
1589
1057
937
1028
966
1671
925
841
833
809
1477
856
800
827
785
1335
808
829
797
796
1452
776
803
807
982
1585
1104
1000
1006
963
1707
1051
965
1147
962
1716
1047
961
828
767
1323
832
868
774
798
1345
834
823
781
806
1304
785
819
795
801
1981
1043
947
965
1088
1791
1015
1155
966
1057
1654
1057
1018
956
1013
1329
833
803
830
841
1343
841
1031
838
829
1305
807
801
824
768
1303
796
1016
985
952
1671
1060
979
1057
953
1833
1102
1083
1035
1013
1657
862
811
814
877
1408
815
841
793
881
1297
1206
821
793
833
1316
803
877
845
1116
1665
1051
1133
1223
979
1721
1039
1026
1069
1051
1809
1024
786
878
830
1297
823
804
815
813
1392
855
790
804
780
1292
839
814
817
793
1598
1017
1064
974
1045
1679
1105
1095
1058
1038
1574
1161
1024
899
892
1326
1192
773
809
780
1301
833
790
795
794
1357
802
831
828
840
1392
1034
919
1039
1062
1747
970
1078
990
1110
1573
1025
1145
981
1065
1455
844
794
816
835
1263
927
826
809
858
1315
801
758
787
771
1294
862
846
982
966
1603
1115
1057
1037
1009
1730
1096
1072
1487
1001
1613
962
767
817
818
1379
852
812
825
839
1331
806
765
785
756
1253
991
858
815
812
1683
1015
1028
1195
1038
1602
1075
995
934
1188
1739
1031
915
993
848
1356
844
886
847
785
1307
866
821
795
794
1286
849
770
809
755
1420
1004
1053
1008
995
1882
1114
1017
988
979
1577
1020
1017
1053
965
1423
838
833
822
765
1490
857
811
800
806
1315
875
771
757
776
1259
850
1116
955
1001
1582
1028
1002
1059
970
1681
1062
972
1065
933
1563
835
793
772
814
1368
865
816
806
807
1248
848
843
799
811
1315
1329
827
1033
973
1555
1011
1017
959
1026
1721
1128
1056
979
989
1657
1030
974
823
792
1333
800
857
942
814
1305
796
812
842
818
1299
842
778
838
850
1879
1039
1013
1031
1009
1650
1066
1165
1112
980
1688
1121
992
856
830
1292
864
905
837
816
1724
855
870
828
803
1283
876
822
842
800
1483
1095
1037
1086
1048
1723
1035
970
1119
989
1860
1018
1002
1043
879
1368
806
928
854
837
1359
916
853
822
814
1318
849
824
886
839
1308
852
1153
942
955
1512
1029
977
975
1039
1571
1092
1059
977
1014
1923
819
810
768
787
1286
821
835
801
824
1261
764
745
750
778
1311
933
848
1084
976
1647
981
933
930
1039
1691
920
955
979
933
1642
1020
871
884
861
1357
909
835
817
811
1280
801
777
753
756
1254
799
772
828
1038
1626
1000
983
1097
1039
1624
886
1417
912
1035
1746
1039
1008
805
816
1298
828
829
880
824
1350
794
795
801
773
1257
804
813
801
829
1650
1240
1050
1000
948
1636
1100
1143
1109
1050
1625
1055
1166
963
839
1266
840
834
871
851
1448
866
825
859
830
1292
841
841
838
832
1554
1069
991
1397
1005
1668
1145
1020
1096
1091
1743
1010
991
1098
811
1255
787
868
816
1044
1346
858
780
831
830
1326
819
799
793
761
1356
860
1160
1054
1106
1635
1120
1066
909
937
1590
990
955
940
980
1650
813
843
825
790
1319
793
826
771
840
1350
825
829
828
1241
1360
801
766
1132
979
1596
1032
978
1046
1023
1700
1019
955
983
975
1614
952
852
825
785
1254
816
848
775
751
1486
822
815
834
776
1242
798
821
812
1052
1592
1044
1011
943
996
1563
1120
1100
942
962
1712
1012
1102
867
818
1353
835
806
788
1205
1294
853
810
736
773
1329
847
794
785
757
1648
1085
1003
1100
1082
1796
1148
1132
1061
945
1661
968
1117
991
839
1420
811
853
843
819
1352
801
840
766
818
1347
838
854
800
801
1495
1047
1018
1001
1052
1650
1093
1042
984
1078
1685
1015
1043
999
1395
1327
816
864
845
827
1363
836
780
791
792
1304
788
783
815
800
1403
1022
953
1018
1048
1722
1030
1189
1119
1016
1700
1031
1031
1083
1115
1670
790
757
802
821
1298
876
820
813
794
1349
820
825
788
814
1292
794
952
945
1036
1684
1002
1090
985
1027
1656
1467
1194
951
953
1741
999
782
813
778
1339
866
854
889
789
1297
946
833
812
803
1419
868
793
861
970
1591
1052
907
1019
1046
1778
990
947
1027
909
1697
1036
869
783
835
1317
908
831
836
821
1326
831
810
859
793
1275
806
777
841
971
1552
1014
929
1449
1020
1781
1022
995
1139
1133
1751
1063
916
977
795
1340
887
966
808
797
1344
850
821
829
807
1505
784
766
787
797
1515
1139
1084
1068
1030
1758
1049
1043
974
991
1618
1102
1028
988
1017
1324
878
846
799
803
1294
769
793
756
792
1249
812
898
848
856
1697
1053
1086
1010
1110
1770
1045
1002
1129
1037
1798
1010
984
1081
1023
1336
829
832
842
810
1305
871
834
795
778
1271
811
935
807
776
1323
823
1154
1074
1006
1632
1183
1002
965
973
1785
956
1001
1043
1085
1563
815
802
799
802
1288
872
848
802
871
1748
795
853
820
876
1347
862
858
1096
1048
1667
1058
960
1023
1038
1647
1064
1024
959
1011
1631
1178
920
814
780
1333
893
832
791
808
1325
983
855
825
799
1327
798
797
954
1020
1646
1062
1079
989
1081
1689
1144
950
1032
984
1690
1096
1024
881
824
1353
1301
813
845
827
1341
885
859
847
878
1350
901
819
836
1086
1634
1061
1136
1041
1029
