1279824
10068
8573
8698
10248
10712
11105
14337
10956
11961
12079
12845
13102
11800
13256
14076
18638
14174
17708
14631
16391
14786
15009
15697
15967
15463
17192
16275
15864
15435
15763
16478
16767
19172
18045
18043
19137
17932
19847
19161
21905
22956
19259
23190
22303
20420
24329
23088
20493
23219
23512
23607
22131
23952
24054
25713
24015
25184
22662
25124
24738
23916
25941
24532
24312
23492
24868
25136
26788
24050
27371
24000
25144
26386
27454
24756
26772
26811
25793
29028
26651
26400
29177
28169
31172
27858
27075
