0.3365686315525248
0.3317984947691257
0.3316559545959931
0.3328725850302313
0.3327044481333934
0.32994077067987415
0.32674179686388344
0.32666403545556955
0.32833873905251165
0.32765238058241547
0.32836685067624166
0.32901767715484687
0.32826659956283827
0.3287724732833496
0.3280817284990492
0.3288537077498
0.32877343712028595
0.3291657905319001
0.3291818963681695
0.32962924645154956
0.32886386374275
0.33020045809424026
0.33215975912078116
0.3328136161034583
0.3327450076802588
0.33374829996588407
0.3336753906541377
0.3340394888006975
0.3346702732872986
0.33488835123129373
0.33491618505052284
0.33531424232992096
0.3354581862734322
0.33592439999342066
0.3363419464677001
0.33544699250263316
0.33558286826259986
0.3354507796160176
0.3354413125521719
0.3350403413702913
0.3349943759569326
0.3347745239319748
0.33450534784923386
0.3345630594082505
0.3345060396567083
0.3336897335266252
0.3338947254616647
0.33398856423322093
0.33355467412484013
0.3337321216726442
0.3338829791108526
0.33387659223209276
0.3337980911906677
0.3339361653139623
0.33379879047053784
0.3334847336501216
0.3333970511589099
0.3335771560793242
0.33340981058677127
0.3333229096780204
0.3330916986073539
0.3331161516156155
0.3332100405957277
0.33352825588694723
0.33348153897009153
0.3335458658250659
0.33352737004976374
0.33342880292231425
0.33329309823768477
0.33335966959637586
0.33365876490619123
0.33357876041950246
0.33337969887964136
0.33350407949658883
0.333279770420964
0.3330280181850174
0.33285302705387754
0.3327933284700048
0.33297439954033303
0.3329412560183728
0.3326404249031956
0.3323856006246754
0.33232138457333077
0.332283081203269
0.33216530122067583
0.33210720543975836
0.3320496221573656
0.33195344775609836
0.3318739286665176
0.3318902103279317
0.33168836411164515
0.33170498907721274
0.3319504230093663
0.33194576681054233
0.33184412819237086
0.33178296882776265
0.33164289657342283
0.33162829654445597
0.3316587272911407
0.33161454735901114
