24397
9891
10236
9651
9833
9139
9838
449
9560
9707
9747
9784
931
864
9731
9853
9694
1065
1049
691
580
9696
10356
833
9435
9368
454
438
362
362
9256
508
912
9903
833
478
848
9920
553
747
583
832
9921
622
774
716
10050
714
397
294
345
9103
357
447
662
10282
864
1047
9894
651
706
753
655
1352
710
947
1049
817
919
867
625
779
509
434
692
376
234
343
472
759
751
600
737
1523
724
796
630
693
579
592
989
876
1035
880
796
978
488
620
290
328
228
263
514
745
938
814
739
800
764
749
767
777
726
909
942
1114
961
2737
865
847
566
384
383
282
266
299
462
611
739
758
746
673
788
727
740
698
473
747
914
1052
1002
808
889
855
844
672
669
506
442
7779
361
305
473
733
653
654
728
782
764
852
799
775
966
841
873
834
949
889
960
659
765
595
492
226
284
290
341
633
539
723
826
809
784
717
711
628
806
691
575
572
501
483
362
277
236
234
199
252
466
740
773
640
634
544
644
688
760
615
590
698
899
862
730
708
594
529
345
253
207
219
206
228
416
669
6328
698
736
660
610
489
820
742
566
691
996
938
787
921
759
568
397
294
279
186
239
276
406
810
747
799
692
628
704
646
938
676
600
725
769
866
860
832
828
617
583
308
288
229
271
256
428
836
714
811
660
621
608
707
743
694
559
946
602
1019
923
863
808
751
616
466
383
299
247
212
522
675
743
747
704
888
782
737
739
694
498
606
821
908
860
711
793
812
805
761
593
483
367
314
245
320
376
710
628
667
729
722
772
733
630
649
818
905
854
721
854
804
758
620
717
497
397
244
239
258
329
498
766
708
765
818
714
728
703
662
872
2619
707
737
676
602
545
370
378
275
258
274
297
366
556
664
627
674
778
700
739
683
697
691
812
679
675
646
609
477
386
271
232
194
200
253
312
472
539
807
559
549
648
580
593
578
574
636
773
849
810
733
685
722
394
333
231
198
213
248
396
633
547
661
611
648
683
609
476
662
565
613
689
792
881
867
797
685
448
318
279
220
196
227
467
624
720
530
693
642
647
752
679
673
564
753
956
876
965
887
927
683
533
401
328
268
227
250
439
717
806
811
693
620
766
803
734
650
579
696
854
986
832
800
802
777
717
663
614
412
364
276
271
269
395
540
679
642
759
756
849
644
574
607
700
739
634
670
713
710
711
851
569
509
326
267
223
277
349
465
552
629
658
627
623
606
593
703
659
613
540
444
498
431
535
264
225
181
213
274
429
634
801
634
678
558
624
631
656
742
601
722
750
791
734
771
748
458
335
281
197
171
180
233
417
667
728
815
789
573
721
701
618
642
577
650
860
883
846
667
795
561
407
366
231
175
182
196
423
712
814
602
589
548
698
617
772
468
528
621
842
796
835
803
709
629
461
269
228
197
189
228
440
618
764
701
619
633
747
703
638
644
541
651
768
800
969
803
974
719
550
379
271
253
213
244
378
594
691
653
589
556
627
519
710
480
500
678
854
850
939
816
809
796
829
655
548
425
359
224
227
311
434
512
721
628
719
673
733
752
534
692
835
829
744
796
743
853
766
685
617
387
373
245
225
257
322
437
521
571
561
736
553
386
433
506
548
493
565
471
436
290
282
225
233
161
178
229
369
524
710
661
566
554
470
583
564
584
504
733
587
700
678
680
507
462
340
245
212
185
171
202
402
584
643
625
582
438
732
569
488
624
469
511
622
649
668
704
713
511
353
290
192
174
170
211
435
582
697
668
505
526
700
561
625
592
517
617
733
807
643
767
703
441
421
284
229
206
213
206
370
589
644
536
524
475
397
445
497
483
389
541
565
629
635
597
646
717
394
325
298
221
218
262
385
543
634
475
628
575
586
567
602
549
478
612
751
878
955
787
696
667
806
746
645
453
330
226
265
350
451
517
636
670
706
729
691
670
642
689
811
830
746
729
808
813
750
689
129
622
485
308
261
235
356
387
512
515
695
682
655
587
539
794
654
698
578
539
496
412
360
237
195
156
199
199
404
582
723
620
532
523
632
543
629
532
505
574
677
792
764
670
629
529
319
265
219
144
161
2065
295
656
657
682
590
530
622
592
683
723
519
529
666
822
772
878
686
629
402
259
248
190
232
218
392
619
688
657
595
534
636
585
606
609
511
578
647
859
783
734
778
479
496
360
257
177
192
185
384
668
716
655
524
614
615
493
620
602
475
631
710
839
775
820
787
687
637
390
345
259
245
250
367
630
684
659
715
644
600
579
613
588
379
625
708
865
886
844
877
780
734
648
628
431
359
206
284
293
454
529
683
687
704
712
639
628
665
669
684
768
731
745
765
845
675
688
581
554
350
225
255
270
281
408
489
532
664
672
648
644
516
619
546
593
595
504
532
381
321
205
164
216
157
255
411
523
623
586
521
504
562
500
725
509
463
550
610
691
630
654
531
487
266
237
202
193
167
218
345
543
622
580
723
505
489
533
521
544
464
609
799
742
790
803
754
645
469
339
255
256
213
219
466
525
726
695
613
571
586
605
677
558
492
596
820
853
787
779
706
636
418
280
222
202
171
218
463
564
659
687
612
591
650
618
683
494
504
445
727
835
796
623
560
747
520
400
286
354
195
230
361
538
741
679
544
559
606
603
605
575
514
653
779
938
720
695
698
706
619
525
464
366
356
192
245
260
425
519
539
539
673
775
650
534
584
747
773
844
728
553
627
786
757
647
547
474
314
206
264
258
314
410
536
647
645
720
626
603
655
600
631
612
659
585
425
432
308
226
222
184
168
268
412
568
649
585
528
502
564
560
554
595
622
580
680
807
770
668
595
498
330
253
212
171
183
239
370
680
579
612
459
523
557
573
521
534
493
682
726
710
638
584
668
523
303
202
216
202
168
199
443
606
693
647
547
499
550
596
618
569
490
481
583
634
762
780
685
601
418
286
211
187
169
203
357
557
686
619
645
532
627
627
598
593
468
552
705
702
743
729
864
687
571
372
282
3072
209
229
362
576
657
603
559
536
629
566
542
539
471
589
718
750
749
757
753
580
727
669
599
448
435
219
248
266
400
499
560
559
722
675
678
634
440
658
635
801
824
757
729
834
742
758
973
346
225
205
244
346
428
451
613
634
611
622
568
568
619
506
587
607
636
472
376
281
229
242
159
160
210
375
590
716
610
541
534
516
568
544
587
551
577
728
663
673
605
617
468
361
249
187
175
206
239
301
704
670
592
571
596
505
626
618
642
504
462
786
728
756
708
676
549
426
287
243
162
182
216
452
578
692
661
623
471
614
496
632
629
494
592
598
797
762
780
709
693
453
305
258
168
232
227
376
807
530
565
650
556
594
662
488
583
402
558
785
769
601
721
743
711
475
471
348
286
203
211
286
321
516
595
619
572
518
502
639
608
518
592
560
697
482
643
737
563
705
542
478
396
332
225
212
287
333
442
592
566
608
636
495
474
553
655
743
641
696
541
748
710
616
581
480
314
304
258
199
239
316
382
402
519
662
638
583
571
516
590
468
549
546
453
487
420
245
212
171
141
169
189
374
572
633
575
551
516
539
612
536
457
497
494
704
671
731
496
583
504
350
244
221
163
159
194
364
467
630
712
550
519
600
575
597
520
581
655
611
826
838
766
658
410
384
277
204
159
201
214
359
591
654
628
711
571
795
685
614
655
518
712
697
767
815
832
765
615
426
283
198
181
171
224
382
631
573
683
605
537
721
545
715
810
502
621
790
756
780
759
775
692
409
378
308
222
213
218
390
568
747
631
619
533
1186
602
592
468
544
616
738
739
585
814
607
754
783
511
531
476
320
201
280
266
416
372
601
567
629
632
627
561
596
495
606
794
846
718
665
776
736
717
632
545
270
255
209
256
311
327
480
440
664
595
514
552
531
705
577
596
559
477
520
404
263
239
186
164
188
200
370
423
593
659
525
419
524
551
499
613
514
579
683
719
682
702
517
430
294
264
186
167
165
195
323
510
681
626
551
497
571
583
577
555
538
706
697
582
690
685
629
510
367
236
219
156
167
215
398
603
645
593
528
541
619
589
471
427
510
645
633
790
664
767
754
496
334
226
224
161
180
236
419
587
731
659
573
529
684
578
682
585
485
476
744
768
676
771
722
727
443
382
271
251
212
230
379
593
660
649
611
615
652
571
3464
583
527
618
551
743
952
724
711
750
625
621
522
379
318
211
247
304
397
521
583
543
728
538
667
533
572
680
776
734
741
610
732
764
576
674
611
470
341
221
224
239
331
455
793
606
642
659
620
618
587
601
647
618
730
545
558
447
301
276
181
147
196
201
397
6657
625
700
611
529
595
558
573
441
509
613
713
536
657
600
544
375
267
272
214
164
164
205
364
604
775
668
524
517
596
578
677
600
504
460
726
728
737
659
593
588
387
282
215
176
147
233
303
573
674
601
556
522
596
564
474
628
448
589
618
865
845
759
707
455
405
317
214
191
172
215
383
580
652
629
596
687
677
592
640
482
494
605
721
787
888
784
810
684
567
391
288
221
220
209
317
589
540
641
581
515
625
554
655
651
469
594
709
626
632
639
810
834
708
593
559
346
305
203
228
335
397
536
573
613
657
632
609
685
539
608
743
815
790
625
744
616
848
664
502
477
357
209
222
222
365
491
430
555
607
510
611
529
557
600
644
581
576
547
494
416
283
269
180
176
163
176
392
695
629
665
529
423
520
448
678
545
462
587
604
708
640
651
486
459
305
283
190
164
148
187
309
565
632
611
467
621
582
553
590
546
500
476
698
778
700
697
663
542
451
262
179
180
174
217
4321
559
626
606
478
526
592
655
600
561
453
551
521
779
770
747
721
478
456
314
238
200
184
256
382
600
718
592
535
445
581
561
601
471
466
581
735
762
758
762
747
669
530
390
272
221
239
249
365
469
656
599
549
538
576
555
623
450
468
627
730
798
771
720
731
698
737
685
527
390
295
207
241
247
465
560
596
621
708
636
654
554
593
730
782
1050
794
637
703
699
571
826
596
464
329
246
220
267
326
391
590
569
638
645
675
651
602
618
626
606
622
576
439
414
351
241
195
156
219
238
371
488
489
593
524
520
556
525
598
444
503
587
533
687
750
687
596
472
285
270
206
166
165
194
364
475
699
661
623
537
577
572
655
576
548
481
586
736
823
730
569
664
469
312
223
191
162
169
443
516
756
670
661
458
489
577
659
562
412
628
568
721
749
588
686
651
434
299
191
194
214
215
359
468
644
606
553
560
636
649
489
532
431
558
706
768
817
770
777
654
507
381
300
264
205
222
375
579
669
607
565
633
566
550
610
451
455
532
672
621
724
704
712
714
673
707
452
440
294
227
226
286
401
559
600
608
589
706
608
605
496
624
721
633
724
613
690
758
634
592
510
343
318
195
205
262
342
436
569
555
515
593
663
626
492
495
610
446
608
550
508
413
327
223
223
136
160
210
387
569
494
540
448
507
614
590
641
720
516
568
691
552
643
719
588
485
352
254
203
149
171
228
366
585
654
629
478
434
567
573
667
576
514
495
537
762
819
723
677
605
415
319
182
158
162
217
375
581
666
646
482
616
564
544
583
531
510
556
719
752
734
746
708
655
480
317
220
201
197
224
398
485
666
650
598
467
578
544
619
519
464
495
656
597
724
739
720
632
550
395
314
230
203
214
358
500
766
1373
590
540
567
529
513
521
444
559
562
741
797
600
721
677
705
596
652
401
347
242
248
310
342
490
614
589
671
668
662
620
549
577
713
735
706
752
723
689
658
601
516
418
311
221
225
230
369
392
466
597
656
509
514
586
607
576
617
483
455
569
565
457
286
240
238
170
185
223
312
531
702
455
685
565
597
548
464
579
523
506
693
708
593
661
640
511
355
270
177
168
164
182
423
603
694
639
505
595
593
486
627
571
471
592
690
749
761
714
720
582
427
347
246
185
169
221
321
569
731
603
552
536
598
598
506
606
447
474
736
719
753
738
727
629
514
320
235
196
212
250
389
588
675
636
490
474
627
587
603
479
444
661
721
712
565
766
724
714
528
354
308
223
215
216
339
429
596
479
531
488
609
510
548
528
515
467
619
649
501
498
632
746
497
503
475
351
281
202
232
261
306
405
441
466
510
530
532
538
507
572
615
625
531
567
581
600
567
523
424
346
283
185
175
252
256
328
410
440
401
505
536
444
509
528
526
572
479
390
552
513
470
338
328
218
221
169
186
201
256
313
370
417
450
462
517
551
504
607
551
527
524
534
458
386
311
215
173
142
157
215
386
560
459
475
533
518
596
563
579
566
542
505
684
555
642
616
455
467
339
306
209
170
157
197
469
612
635
556
558
531
582
503
475
666
420
614
691
594
745
694
667
522
415
248
209
169
178
207
292
603
1208
640
597
561
480
600
502
539
465
467
669
718
701
735
682
597
597
386
297
192
192
184
367
466
549
584
560
541
556
623
594
418
426
546
543
785
684
707
698
763
667
657
533
404
301
176
220
266
407
494
601
564
495
622
597
480
508
476
736
676
626
661
702
737
658
515
538
428
329
234
176
270
324
330
486
517
474
503
563
518
472
484
545
548
534
529
461
419
307
224
217
166
163
219
377
429
686
569
592
534
583
563
466
443
489
610
696
743
571
664
613
352
338
268
224
146
194
249
341
573
636
551
582
554
581
506
611
574
467
585
675
709
753
696
525
546
347
262
215
171
149
228
364
1038
648
592
559
588
484
571
628
558
460
592
541
707
738
710
788
606
491
299
250
202
162
196
398
590
535
789
614
611
660
591
596
581
459
469
709
780
626
621
589
657
571
341
304
245
234
187
363
558
644
617
545
572
611
548
569
589
462
563
694
624
541
771
706
578
703
590
544
400
351
206
223
310
341
489
453
553
599
4698
614
488
575
579
536
661
637
646
675
741
672
616
462
495
259
258
209
320
306
410
483
541
581
591
620
568
512
451
576
495
586
555
484
516
345
257
192
163
166
230
361
532
564
755
525
500
412
540
548
558
495
561
679
674
620
735
554
535
275
244
177
142
154
181
284
475
651
618
546
461
522
482
475
540
399
540
653
668
545
733
677
441
429
261
215
235
188
254
343
584
503
516
546
522
581
578
576
515
461
557
713
599
569
734
781
486
460
318
222
188
177
215
356
561
581
681
467
551
608
479
503
454
495
781
719
778
624
744
681
593
553
393
285
235
238
224
355
513
611
567
574
487
562
559
481
557
481
559
568
714
630
686
693
543
682
608
499
396
361
220
233
310
354
434
413
516
802
553
600
558
551
619
551
648
564
495
660
664
644
591
478
471
309
203
203
226
245
363
412
499
454
549
555
509
483
412
548
439
518
597
475
520
303
219
173
135
188
221
297
486
570
564
520
476
525
570
717
847
477
549
622
636
637
639
538
378
349
318
213
143
127
188
350
538
623
451
572
448
553
471
597
532
511
604
638
653
509
836
611
533
430
276
220
184
217
189
302
541
613
586
561
538
562
473
560
427
500
547
650
713
704
693
712
601
423
322
223
193
155
199
410
516
570
611
510
566
639
469
465
544
483
546
690
777
651
605
686
627
528
381
294
216
190
222
408
485
642
591
558
432
557
580
474
594
550
504
679
739
639
700
710
671
680
617
503
419
296
204
207
258
363
408
479
587
604
552
570
472
557
548
642
653
536
541
535
560
589
483
486
437
230
190
194
194
267
379
432
479
527
572
624
552
555
616
493
522
483
546
570
484
296
201
183
155
173
207
372
487
623
500
435
467
547
481
546
606
471
543
645
533
594
619
531
464
299
215
195
159
147
206
306
559
511
618
471
520
617
583
602
529
475
519
707
578
576
574
636
442
303
317
197
198
164
229
366
8682
506
588
587
535
581
608
497
525
469
567
541
693
623
719
735
517
484
249
237
184
217
212
352
521
667
604
531
536
591
538
469
524
382
531
507
732
682
733
730
649
457
405
338
231
220
219
304
458
568
574
512
516
553
530
464
417
324
553
689
711
625
708
755
615
657
634
413
481
355
198
216
207
318
346
490
503
568
615
558
619
561
585
666
767
2396
604
703
570
610
579
392
391
283
179
203
199
316
367
478
462
540
495
508
507
450
508
443
382
480
498
405
431
296
288
201
174
184
197
342
387
538
454
479
462
473
520
553
520
621
549
666
612
582
626
575
394
376
248
179
151
152
164
417
476
577
560
478
493
522
516
526
521
478
446
596
541
601
634
618
518
403
314
5624
160
187
208
340
501
620
585
532
480
534
638
528
504
441
806
664
661
565
664
590
525
420
295
244
186
198
203
325
587
580
540
465
438
505
509
550
487
425
449
603
605
633
438
564
519
478
464
363
279
217
202
214
262
303
336
317
390
392
462
363
408
442
388
487
555
486
491
469
398
473
393
274
296
235
143
204
188
237
237
289
310
556
421
361
404
391
440
372
429
408
378
345
464
421
416
330
271
226
157
189
212
212
321
342
369
337
421
497
456
436
447
478
461
412
471
458
396
307
184
174
171
156
185
316
440
427
494
375
402
373
443
442
473
495
424
559
463
523
392
516
344
238
224
158
146
149
188
322
482
562
582
524
496
514
716
454
564
448
445
524
665
651
665
483
417
364
277
192
156
175
5587
336
495
597
642
529
527
554
521
547
535
478
520
722
686
634
702
670
542
396
300
224
175
165
227
336
514
695
668
569
481
516
509
554
449
445
492
529
772
694
749
697
512
510
3456
317
214
168
211
364
447
585
491
489
441
569
539
579
510
465
552
639
672
599
638
753
686
539
626
492
385
289
225
212
233
324
411
404
419
539
438
565
530
445
624
615
665
559
586
505
550
503
484
488
413
313
316
191
274
268
348
426
509
512
574
527
514
532
436
555
535
500
412
490
371
293
196
153
6667
202
204
361
489
564
590
476
519
414
511
526
517
471
518
503
668
489
466
579
457
339
258
228
157
155
178
357
417
561
585
573
440
510
472
526
480
466
548
649
527
540
660
626
600
406
341
211
177
172
200
370
515
621
583
599
512
557
579
512
455
464
538
549
766
546
674
647
466
411
315
221
205
160
194
399
408
641
592
537
458
522
557
554
517
450
435
608
649
5294
670
538
629
455
482
309
231
199
228
325
337
370
480
451
450
499
411
453
336
413
465
605
580
556
637
636
579
519
555
472
387
316
196
212
291
307
337
443
476
504
559
526
428
549
438
626
669
718
636
633
683
681
463
512
410
265
203
208
193
315
374
468
520
604
588
618
534
474
563
635
575
527
524
409
449
323
211
169
187
160
205
356
468
537
446
491
495
450
522
530
475
523
552
645
660
596
587
550
428
317
533
210
147
192
191
390
522
600
3778
454
496
530
520
541
469
439
505
469
660
660
648
621
438
393
285
184
172
176
195
294
540
591
448
420
488
594
448
606
524
420
510
661
655
557
643
640
586
435
317
245
144
167
243
289
440
589
448
523
398
569
533
530
514
361
462
609
732
530
652
636
720
515
416
273
273
193
203
325
469
591
576
524
379
511
487
409
511
433
551
640
652
617
584
6722
655
606
566
478
387
290
213
220
260
344
422
455
415
489
521
416
489
543
501
563
572
541
531
584
633
655
563
543
399
303
167
220
223
251
367
463
383
492
627
547
443
514
524
535
508
524
535
441
376
290
201
153
181
149
223
337
482
439
512
492
442
501
535
527
517
483
463
582
614
551
483
9200
480
264
276
194
157
199
191
359
497
604
452
508
482
588
463
488
583
402
550
621
693
695
652
617
431
366
281
197
156
173
182
342
544
615
579
553
511
569
441
568
565
505
475
667
769
683
776
653
585
419
233
218
213
170
201
299
529
640
588
504
605
689
580
584
402
377
448
483
614
640
680
645
629
418
395
259
239
188
215
334
471
555
843
599
469
501
522
501
485
465
540
522
666
607
599
547
684
631
657
487
344
337
218
208
270
552
328
530
480
501
548
524
459
515
558
467
637
446
548
627
595
575
543
429
382
287
182
195
229
278
367
476
490
572
517
568
494
507
506
527
524
528
508
455
391
313
206
164
151
154
236
320
469
557
468
495
369
515
488
509
504
520
468
805
500
594
463
537
430
348
238
254
161
194
217
357
506
581
470
528
400
436
422
562
614
466
505
783
677
664
538
626
548
365
245
176
180
171
219
375
513
572
549
595
504
468
450
487
491
446
536
529
638
653
668
632
463
418
269
226
187
178
227
343
503
588
578
491
439
560
517
404
388
412
491
517
666
692
577
630
3195
439
412
284
229
206
225
380
480
420
507
472
368
491
508
521
489
454
485
643
531
637
623
500
617
612
522
476
360
280
182
228
235
302
364
467
459
405
467
387
421
466
412
466
568
510
516
573
547
436
459
455
364
240
185
156
246
305
315
312
427
476
371
490
505
456
477
451
477
467
467
451
367
284
203
174
148
154
176
341
490
840
537
448
373
446
455
491
390
439
519
583
562
445
520
468
367
277
200
188
182
156
212
390
506
603
435
528
463
481
481
504
492
432
597
509
622
555
612
477
395
337
220
198
187
161
188
333
387
553
530
492
478
556
522
502
575
437
403
633
611
540
623
577
557
404
303
203
163
194
187
341
458
611
571
492
431
485
627
520
559
458
445
608
637
504
719
706
582
422
368
277
201
180
202
314
421
554
514
400
494
467
478
416
501
454
419
504
620
609
522
563
670
640
518
493
374
268
194
202
287
304
395
365
445
401
495
395
568
510
490
536
564
550
481
553
621
558
515
359
375
259
192
243
209
276
337
421
391
476
502
561
449
400
515
531
408
489
417
505
367
280
217
170
135
188
198
326
418
552
531
746
423
485
477
504
490
472
527
587
626
547
548
533
395
285
225
197
147
158
184
326
468
537
557
535
501
576
516
563
536
439
439
524
645
525
623
484
516
386
293
198
163
171
187
345
478
580
541
548
495
578
572
558
501
451
418
633
671
626
657
652
518
397
324
221
160
160
180
322
467
596
593
545
466
426
528
526
586
447
447
808
669
501
649
658
481
508
370
290
205
236
175
268
446
518
497
366
430
503
379
535
523
389
529
536
653
894
566
574
578
602
433
459
316
253
185
199
237
591
384
370
445
460
483
385
455
503
476
613
570
505
522
542
498
561
430
391
384
215
165
192
208
266
272
422
427
471
473
486
465
451
466
541
486
411
443
399
332
232
202
188
150
137
182
379
356
415
527
423
421
455
374
461
465
471
501
629
570
571
521
487
383
284
204
175
140
139
209
300
431
511
510
385
478
536
489
505
507
444
504
697
636
609
594
578
379
344
210
187
140
155
211
315
468
544
530
420
439
517
513
478
493
459
424
593
637
620
625
649
502
317
244
232
176
158
177
279
442
585
531
389
379
484
565
535
497
498
516
520
677
631
625
607
568
468
364
235
210
183
175
304
393
500
482
446
427
404
495
494
485
442
418
586
653
593
610
595
595
591
458
478
413
259
195
210
269
361
360
418
443
522
496
386
483
487
559
480
582
556
434
551
587
449
569
448
382
523
201
191
231
264
300
396
381
411
512
549
536
505
559
523
503
404
472
525
421
237
197
159
144
134
209
261
432
424
410
439
421
465
396
382
542
451
629
527
570
531
619
396
371
293
223
197
135
148
176
313
433
517
537
490
461
444
427
538
409
452
522
516
675
580
589
534
473
353
247
187
163
191
191
274
457
553
510
566
471
543
454
504
599
452
420
589
978
616
647
589
470
357
270
247
164
164
205
247
439
545
454
473
463
440
455
541
415
479
523
537
537
630
693
520
457
488
301
213
211
200
205
310
398
476
493
396
362
511
439
539
531
471
426
603
489
564
436
608
560
513
420
400
306
262
262
204
203
273
321
401
431
508
463
462
526
384
485
510
450
536
482
522
596
422
427
374
320
311
186
230
215
227
271
365
451
352
451
456
443
460
478
524
465
450
368
450
440
329
324
310
219
188
167
206
204
247
307
361
402
463
485
510
503
490
502
413
502
489
494
403
366
576
177
143
147
132
210
270
532
587
582
524
453
575
456
591
482
504
594
652
675
626
621
531
347
297
204
191
192
154
172
349
591
594
569
605
515
556
544
576
545
445
506
524
653
736
641
556
452
428
277
174
180
160
210
429
614
626
574
529
455
517
562
586
396
431
537
507
511
727
708
658
593
455
340
298
175
192
221
358
522
603
622
560
510
523
506
554
542
454
434
614
683
716
674
522
555
592
544
512
333
289
169
210
229
320
438
540
558
594
578
569
576
493
595
538
752
581
552
596
560
628
590
407
422
246
156
237
218
331
370
538
432
567
556
626
613
465
572
492
541
502
528
523
434
310
239
161
146
157
178
267
435
433
549
515
376
462
575
417
554
488
541
642
591
576
542
524
435
369
230
177
144
149
206
332
474
602
585
430
464
532
562
590
557
524
7330
635
710
693
630
600
418
369
280
217
184
207
200
361
447
658
486
526
527
421
562
680
531
384
517
651
577
705
689
637
583
488
294
220
178
189
170
321
564
600
552
577
511
596
552
594
556
432
488
608
563
705
672
638
643
500
432
270
184
180
204
348
455
475
482
430
537
533
528
551
530
399
592
744
727
693
701
670
666
530
474
503
326
236
199
214
323
397
396
533
566
585
603
561
502
538
638
752
687
524
634
679
708
634
594
542
468
310
200
228
253
335
438
507
539
514
716
549
606
531
555
683
721
542
548
429
392
274
194
6595
149
461
202
376
491
562
520
525
450
485
471
539
497
505
562
633
753
633
623
442
452
2596
226
176
155
183
186
349
544
589
519
560
488
516
523
546
506
437
590
535
626
626
604
598
351
309
227
190
184
208
172
303
467
492
513
477
489
469
524
522
500
480
543
642
684
552
526
607
472
272
252
209
162
167
222
314
393
428
505
417
455
537
406
485
535
372
490
575
572
606
565
545
428
477
342
228
209
177
170
312
441
481
450
440
409
407
448
482
381
412
520
590
517
632
605
586
668
615
547
488
372
225
179
211
269
316
365
517
536
810
461
519
573
492
590
483
629
662
484
662
803
678
484
531
455
305
215
195
245
347
407
490
530
585
593
470
571
493
499
536
522
451
385
431
360
324
201
182
138
167
200
295
468
519
453
378
389
449
442
503
380
362
424
568
473
481
609
528
414
353
324
156
125
145
195
290
562
625
504
453
449
406
479
510
478
371
552
543
628
714
656
583
409
338
279
222
153
149
201
288
567
459
606
513
521
572
420
506
480
439
518
638
698
704
695
644
535
384
226
219
188
168
246
331
550
655
585
524
552
539
444
567
661
489
528
496
658
554
615
654
806
495
276
254
234
191
239
273
521
559
628
451
5702
570
530
446
517
470
548
544
688
669
678
527
654
564
484
375
314
245
210
191
254
401
448
511
525
613
679
610
608
560
677
613
650
574
568
726
633
701
594
502
386
590
210
182
225
256
380
385
430
469
554
611
483
517
470
554
455
478
383
394
327
278
190
170
140
146
230
401
479
553
544
475
455
496
442
546
514
485
424
671
557
500
647
512
431
231
223
175
182
126
191
328
444
557
505
560
475
477
403
531
508
464
601
531
660
668
623
490
402
665
287
188
157
143
152
347
566
616
548
528
399
512
549
551
603
451
548
587
715
737
567
528
539
298
261
201
170
3232
175
363
503
575
466
555
440
528
539
631
555
452
542
673
681
701
615
571
630
463
370
273
205
185
223
440
523
576
592
439
494
570
518
514
587
477
656
605
593
602
516
540
801
597
620
448
353
277
193
247
311
353
480
548
544
613
562
588
585
521
576
661
684
510
567
645
657
668
487
460
481
303
215
166
201
255
305
467
517
1787
537
551
521
381
430
489
566
457
481
738
340
375
252
250
170
162
180
256
322
339
480
384
429
463
465
398
428
461
606
515
603
552
522
477
374
248
222
174
155
144
165
304
526
556
460
481
391
553
474
568
539
480
465
656
695
669
661
470
520
326
228
189
191
133
213
290
521
614
563
555
445
521
512
470
467
506
480
589
668
669
670
640
506
434
251
209
160
169
214
332
540
641
848
514
3365
533
519
546
512
461
434
666
705
708
574
651
624
523
314
261
172
186
219
279
613
495
458
581
524
846
552
583
561
477
452
659
759
556
583
665
727
482
598
532
365
316
216
226
287
405
542
610
461
608
633
691
550
584
623
694
719
739
635
688
703
637
592
512
403
311
171
195
254
375
358
509
472
668
601
503
541
519
526
578
606
547
471
417
364
278
165
145
159
178
191
351
438
575
531
736
371
511
537
475
518
502
544
548
541
616
616
565
455
226
192
179
144
137
185
362
596
488
544
529
486
525
502
467
502
372
609
543
693
603
654
571
511
611
254
156
137
144
222
339
418
474
481
811
471
531
510
562
536
496
519
598
709
710
537
625
451
393
344
164
153
170
184
386
538
510
626
524
587
517
555
555
466
478
658
564
586
672
671
662
496
492
349
235
187
187
218
341
539
486
575
548
486
529
568
601
515
513
582
681
614
745
715
714
538
643
574
509
446
285
197
201
271
416
418
559
459
516
646
486
604
501
448
642
564
932
640
509
664
542
577
448
411
234
169
214
211
331
404
520
549
580
477
709
551
575
576
575
560
498
490
444
395
251
210
168
146
148
209
320
514
513
422
406
468
514
483
550
532
398
547
584
653
678
614
548
403
256
195
166
139
151
202
356
513
583
533
579
469
521
503
560
530
464
568
666
642
701
583
638
508
277
310
185
141
152
195
290
479
590
572
555
416
607
534
514
495
429
515
590
502
769
546
481
479
363
274
212
206
167
209
334
454
614
543
596
500
510
445
441
536
368
568
627
763
589
683
573
626
490
285
320
255
206
209
362
516
657
434
448
554
531
515
453
507
457
468
549
710
729
693
733
1448
736
649
562
443
321
200
180
382
338
464
435
680
466
653
610
587
485
621
640
645
607
670
707
535
653
1135
567
466
364
247
295
240
317
351
442
457
431
543
500
490
494
502
539
440
441
403
411
389
336
235
204
144
1219
205
299
507
622
503
474
410
631
560
831
547
465
424
596
594
611
466
609
420
348
220
182
150
184
215
375
386
541
460
504
387
554
433
521
550
362
499
680
653
617
670
565
458
261
213
183
140
180
460
592
553
563
545
409
519
542
504
543
420
466
545
651
674
751
696
627
531
362
255
217
169
209
166
412
523
558
550
606
574
582
530
636
543
420
527
658
672
715
730
683
626
430
337
277
182
154
220
349
517
569
559
437
394
544
513
582
445
472
635
679
598
626
642
813
665
631
552
546
429
231
180
207
328
306
390
516
555
459
656
683
685
544
585
723
695
606
672
563
755
565
3017
530
421
287
151
203
224
588
426
561
482
594
475
645
580
504
598
656
589
442
490
348
341
350
163
144
135
157
184
352
503
517
512
487
477
420
400
617
539
380
537
650
596
626
478
513
485
304
198
181
182
155
161
342
441
528
560
426
406
504
417
446
503
354
560
534
650
613
703
520
513
398
515
223
210
157
192
549
778
450
555
403
473
436
510
411
468
420
547
634
516
579
610
610
403
389
249
207
140
158
235
382
576
519
556
524
491
561
576
439
528
423
573
525
545
754
620
8473
624
545
352
268
200
210
204
341
422
568
520
519
435
534
508
619
428
495
579
643
786
706
687
731
758
695
553
400
413
250
181
246
251
376
471
531
558
604
507
501
588
519
607
660
616
605
638
699
697
788
536
536
419
308
186
206
211
235
377
516
547
603
610
481
436
508
665
605
562
489
475
407
394
295
210
135
142
160
182
362
479
492
540
452
386
393
452
492
508
416
636
641
619
583
668
531
353
282
224
176
187
140
186
361
533
828
572
503
465
506
395
469
537
439
587
738
668
748
667
629
501
276
221
243
154
187
161
390
499
631
585
494
384
524
516
559
510
442
451
543
674
690
699
649
616
326
270
218
168
162
192
297
585
701
550
547
484
531
520
552
521
354
524
653
710
713
503
479
566
381
339
261
262
177
263
406
483
534
655
498
490
436
535
595
446
451
556
704
715
696
682
699
620
636
437
483
405
250
200
242
550
324
349
553
559
599
580
625
520
502
615
965
672
603
562
652
563
524
627
447
435
317
186
235
226
282
405
509
545
572
488
608
494
471
467
508
513
409
491
444
369
243
193
156
172
140
249
328
406
581
446
541
489
520
517
535
643
491
494
684
636
648
633
551
494
268
286
155
137
166
207
351
527
475
553
546
542
506
523
473
753
440
560
523
632
592
651
553
510
375
258
225
178
198
197
318
456
2476
576
494
541
547
578
563
510
480
442
572
559
529
496
470
433
425
379
265
266
223
4203
206
245
257
330
384
346
373
373
429
398
451
314
305
353
370
336
398
321
269
222
184
155
196
152
239
203
270
349
381
370
429
499
466
490
512
556
575
521
433
503
497
479
340
319
302
270
467
166
167
193
327
301
398
523
516
682
885
574
848
478
487
611
554
439
641
599
506
481
671
322
260
215
260
189
286
429
435
382
572
517
569
555
563
423
606
525
483
440
415
347
339
157
152
403
188
239
299
737
508
596
467
493
551
528
438
431
411
556
616
706
599
619
461
450
378
195
205
146
163
479
304
624
620
583
509
532
408
504
531
414
402
509
639
641
665
661
606
526
305
244
184
179
193
201
299
456
609
568
555
455
514
413
578
606
349
591
592
699
676
992
510
544
380
251
279
162
154
286
337
849
600
576
590
526
655
564
604
572
449
470
730
589
707
761
690
489
502
409
257
213
151
205
467
516
655
620
865
505
577
640
473
574
458
468
742
742
684
691
784
632
708
645
501
439
293
201
243
337
365
498
532
608
630
699
533
527
511
669
662
706
624
595
793
724
699
658
510
425
310
457
229
241
243
459
494
639
653
545
480
710
588
555
566
541
529
500
471
327
294
210
184
199
178
243
385
531
645
592
494
443
5409
472
426
546
485
582
700
647
687
725
654
467
298
248
233
228
150
197
425
539
491
459
506
499
481
594
651
553
343
498
639
659
676
676
624
494
430
323
269
181
149
208
356
600
672
531
514
554
516
440
588
701
457
549
620
672
535
675
741
564
518
551
236
216
213
160
321
640
564
630
547
580
524
810
606
500
405
606
946
563
854
759
688
679
456
486
340
269
286
257
347
516
534
544
527
548
504
576
613
499
460
860
715
786
742
751
735
671
706
588
527
389
229
217
190
285
306
392
631
600
735
617
508
653
497
640
537
622
487
508
638
630
692
533
611
478
369
211
167
267
330
413
509
527
569
602
549
534
546
503
432
632
477
473
488
366
250
232
205
243
182
195
421
523
456
558
409
530
567
619
507
550
555
552
590
789
706
613
473
495
311
456
183
237
175
198
336
418
584
565
573
577
511
540
585
445
800
573
651
699
682
653
692
651
434
329
260
208
202
260
340
677
624
566
573
539
631
573
657
578
401
525
695
689
564
581
671
598
381
322
224
497
166
238
312
509
591
491
558
607
473
546
538
476
400
564
526
529
648
646
695
631
509
446
374
230
193
203
381
569
627
519
667
583
508
595
582
584
574
566
699
705
664
778
965
697
662
616
530
420
298
279
209
282
341
514
540
648
555
737
706
611
529
660
543
688
678
597
668
692
716
693
552
481
414
240
202
247
329
435
524
645
647
623
630
553
531
627
592
528
526
490
419
428
398
259
241
193
164
223
341
406
554
535
498
479
596
536
559
558
537
521
637
523
525
471
556
467
391
275
218
164
207
281
294
432
504
566
414
509
437
517
563
435
527
529
624
588
432
594
643
542
485
309
220
259
225
248
301
441
454
477
561
573
553
633
548
552
420
430
614
570
546
384
442
408
336
338
268
213
216
166
237
284
407
303
458
360
427
552
455
568
461
494
410
442
513
491
521
332
330
277
196
199
157
155
155
167
227
187
299
382
322
337
394
402
388
406
372
304
350
392
323
307
294
233
178
139
147
144
2026
251
219
285
365
414
468
429
421
588
434
494
570
430
399
487
465
475
480
463
325
517
247
167
231
280
308
312
395
372
360
464
439
416
458
526
519
5029
417
517
387
440
378
268
216
172
262
185
233
295
477
449
331
344
568
536
521
591
528
489
461
665
531
552
434
397
396
312
261
165
2421
168
250
391
423
375
470
399
518
530
402
439
468
523
486
556
553
568
439
526
353
331
200
286
160
199
315
337
317
429
503
420
455
463
578
563
447
632
613
587
584
498
565
507
448
318
295
262
226
229
259
303
385
348
415
456
577
518
479
510
515
500
559
557
613
731
555
564
683
770
754
604
499
242
294
278
237
257
334
403
351
517
526
540
366
533
528
457
448
399
353
363
373
441
335
246
179
191
196
233
260
336
379
506
594
534
475
551
498
517
608
520
498
492
437
573
535
497
317
340
288
176
249
216
313
299
441
434
482
554
441
548
434
486
584
428
449
426
408
287
272
172
194
193
202
185
324
455
593
515
336
397
363
497
498
566
488
643
503
644
521
513
436
308
278
199
147
192
125
195
301
614
694
654
421
455
405
453
500
593
473
552
532
582
624
494
472
375
339
252
229
139
185
173
326
498
587
617
450
562
546
473
485
487
454
456
646
692
601
618
489
395
281
293
205
169
134
174
352
524
592
622
510
435
603
576
507
647
499
526
587
765
619
515
562
520
359
256
207
215
223
235
360
1072
537
590
534
454
550
563
581
534
486
577
700
693
683
539
531
593
464
506
425
338
296
208
197
307
302
355
471
506
623
636
595
469
533
659
611
717
608
636
686
558
716
566
615
420
277
152
182
277
304
275
387
544
584
612
598
595
521
498
535
470
380
482
457
383
205
175
169
163
137
248
323
492
509
553
492
460
465
508
561
534
406
533
598
722
675
504
420
334
293
247
206
126
134
257
326
547
585
638
6375
582
526
539
420
568
523
527
678
587
597
612
638
516
342
252
197
179
151
162
429
496
484
615
519
547
519
498
647
442
484
624
753
686
643
694
629
405
308
227
254
198
159
175
366
595
583
581
452
562
480
522
2979
506
418
543
658
619
588
705
657
567
388
299
280
179
210
212
319
463
576
541
468
524
426
488
535
534
431
540
613
715
652
601
638
548
578
550
467
414
273
205
243
201
299
420
439
548
565
488
674
572
478
606
687
533
536
678
715
568
616
660
467
550
393
196
191
218
320
441
538
496
546
596
555
567
500
595
568
492
503
537
468
458
354
284
228
173
198
155
222
271
498
443
363
542
604
562
614
515
549
561
656
598
603
590
504
445
225
231
143
166
153
223
466
530
660
511
607
425
641
505
556
547
600
632
729
653
535
619
567
366
360
283
7472
210
238
189
314
561
678
597
572
488
582
486
496
448
450
673
567
578
697
686
610
466
255
228
206
156
166
193
370
519
543
514
515
510
506
554
587
499
517
529
699
757
625
598
552
587
426
317
290
191
180
221
428
563
682
519
554
505
528
566
526
583
627
554
574
657
664
703
690
588
541
457
304
290
265
195
128
183
192
155
158
166
166
193
123
123
130
119
114
86
94
2833
127
89
108
90
119
109
109
84
98
104
159
227
252
416
340
329
361
434
442
396
449
385
373
408
403
269
279
223
182
136
180
185
275
391
486
419
448
429
473
448
494
408
422
595
513
530
626
469
452
4817
358
255
202
235
145
229
336
422
526
543
422
338
410
369
452
538
410
425
660
5853
629
624
601
417
294
329
185
185
154
256
361
565
583
597
538
418
509
514
695
496
507
3579
697
709
732
546
585
436
315
206
149
159
157
255
315
420
659
600
536
460
441
535
630
398
393
526
566
652
639
626
650
639
431
291
239
196
225
275
353
542
636
625
472
507
531
535
446
603
463
622
596
779
678
629
681
738
627
553
478
375
345
217
204
218
396
430
494
617
601
564
546
480
604
567
604
709
714
559
672
743
589
664
589
363
361
239
223
254
343
392
524
503
584
440
548
481
647
589
623
538
480
442
412
324
256
216
164
150
149
194
273
428
640
556
443
512
355
478
425
544
524
455
649
554
516
461
442
390
260
272
189
201
205
164
369
510
654
590
492
5030
506
600
459
483
389
619
571
726
726
758
484
325
254
257
266
214
154
185
278
562
561
601
425
505
510
605
484
586
440
675
596
722
694
552
523
421
326
216
148
166
155
257
317
601
640
573
421
429
541
428
558
472
388
541
601
747
695
709
686
458
469
353
268
158
172
265
348
577
502
446
516
443
537
526
466
544
445
658
720
710
733
588
691
572
609
610
488
275
226
212
176
204
341
491
408
422
590
661
644
470
571
693
630
730
596
533
845
651
667
619
602
477
345
171
203
211
280
367
487
451
552
506
548
471
610
686
666
415
413
516
509
407
272
239
248
197
209
204
323
548
623
3268
478
492
511
470
541
449
460
532
607
495
558
446
552
314
222
185
144
138
129
158
327
431
682
558
548
494
431
399
560
474
554
593
799
754
713
519
576
475
364
218
185
147
165
206
349
590
628
635
554
560
581
499
613
660
463
584
803
826
685
648
597
385
380
258
179
130
145
258
311
563
640
690
627
632
658
671
635
516
467
664
810
761
603
664
785
552
561
309
255
192
244
241
305
562
631
603
554
604
604
615
602
454
485
648
760
641
556
560
677
606
476
536
520
328
229
174
234
279
356
435
564
628
532
731
547
571
706
795
789
686
711
480
706
647
456
494
456
293
309
197
159
219
255
340
450
566
489
502
621
565
615
632
766
639
596
571
429
408
410
417
231
231
261
145
279
272
413
579
458
496
587
464
573
476
524
594
513
559
527
416
400
447
343
256
185
191
149
242
336
495
606
5494
497
429
487
494
591
569
495
414
775
558
561
514
513
336
323
315
242
150
187
214
323
491
669
553
422
448
501
629
534
557
444
625
713
582
596
672
606
573
405
252
206
174
169
201
286
570
467
502
510
476
554
533
676
621
8120
656
746
714
870
737
597
628
513
261
247
209
197
256
375
701
520
509
499
494
564
600
477
536
539
566
624
613
567
647
577
728
568
440
449
371
227
255
277
294
348
395
491
631
514
596
632
537
549
623
709
560
725
613
565
681
692
511
451
471
398
181
219
8830
253
461
432
508
675
664
454
577
540
539
640
581
427
377
409
414
248
181
177
189
197
225
461
485
544
2599
464
436
508
567
482
585
553
610
620
599
649
556
590
407
326
182
172
149
206
185
328
486
642
582
592
571
430
489
541
630
476
641
635
700
581
649
470
460
280
269
197
139
151
191
335
503
682
503
561
536
6293
629
576
533
505
554
606
604
601
525
728
431
359
240
239
149
137
229
454
502
688
666
425
428
491
485
547
615
564
597
577
683
569
732
700
736
479
319
299
229
245
215
401
7228
610
516
616
464
622
455
676
531
443
543
611
853
695
709
782
599
675
474
474
359
224
238
278
263
311
503
534
468
580
503
441
577
610
651
723
833
651
668
631
814
537
529
583
407
397
281
177
289
298
306
450
564
611
552
604
402
546
572
510
441
419
402
391
360
432
157
163
138
186
225
467
507
606
620
465
474
464
447
577
621
593
561
681
606
459
519
418
416
299
209
156
221
133
148
347
527
626
438
595
545
632
543
635
585
475
660
666
609
676
628
560
494
297
302
224
161
205
186
324
554
617
621
519
417
590
619
629
540
400
546
588
709
747
655
610
566
352
291
207
197
226
184
337
594
666
627
595
561
663
658
640
642
437
538
611
747
753
618
603
510
444
309
275
230
202
230
455
624
649
649
542
443
620
559
576
598
422
571
580
616
615
581
680
591
560
578
469
416
234
182
212
261
357
520
448
602
538
606
577
716
624
644
809
841
588
543
692
699
631
598
535
340
305
185
220
205
303
370
492
645
554
685
678
544
642
538
507
586
404
445
453
393
301
256
190
200
196
1420
424
527
583
454
458
395
567
463
494
476
448
607
678
651
652
651
400
357
284
186
165
143
145
281
301
501
617
552
462
378
472
502
534
513
451
466
722
563
680
628
639
543
304
275
189
223
142
195
369
581
675
571
515
392
609
468
463
582
583
449
780
549
668
662
662
476
380
246
252
207
168
172
372
529
625
625
513
482
645
526
461
608
611
585
732
755
605
586
589
609
391
338
202
180
182
236
429
451
568
535
594
406
620
498
445
433
509
572
709
591
621
548
561
543
678
623
465
328
289
207
271
299
303
396
487
430
478
585
510
549
592
619
705
695
603
622
646
590
517
643
95
538
391
312
212
228
261
393
403
510
679
674
631
605
528
500
624
566
489
515
454
367
263
170
206
139
184
307
380
535
638
616
511
482
500
564
518
555
622
648
775
623
654
607
437
493
295
318
235
157
205
236
346
565
651
539
416
583
478
509
577
601
552
541
586
586
598
688
469
456
388
245
202
139
159
180
360
605
658
507
428
447
417
438
488
557
468
521
787
773
565
575
637
552
358
246
163
219
188
236
354
492
589
523
522
368
517
445
572
490
547
504
639
661
747
724
795
680
567
489
302
235
244
244
422
546
646
575
608
442
612
533
540
485
484
480
585
3621
746
537
660
687
532
637
412
377
317
225
271
296
430
516
413
590
672
612
570
577
592
503
582
585
622
502
648
641
729
503
476
529
353
156
274
281
295
415
494
604
564
569
586
429
518
699
599
584
406
500
360
431
313
233
228
178
146
284
348
474
614
448
485
435
396
507
565
412
436
585
700
507
501
656
567
480
316
278
207
172
173
248
299
488
589
540
557
516
441
532
429
461
377
535
728
720
563
654
459
384
310
185
234
200
204
175
364
616
650
495
403
464
532
428
477
449
458
464
665
618
609
731
605
567
412
277
285
237
163
209
311
427
575
568
557
479
590
539
549
447
472
632
818
678
608
788
629
564
505
451
373
230
251
255
288
359
378
468
505
499
571
434
610
522
507
446
660
665
576
526
670
655
649
454
427
490
327
212
258
234
335
418
485
423
528
506
435
606
612
543
679
523
580
572
686
544
505
442
634
285
168
155
267
357
334
476
461
479
611
504
578
465
512
456
441
478
402
473
421
339
293
216
171
164
239
343
418
480
622
524
513
462
399
394
456
474
612
526
565
553
516
485
499
367
247
178
174
150
242
341
405
581
559
485
507
501
592
506
518
550
461
625
769
733
619
676
441
323
281
176
205
157
194
322
462
625
522
415
454
482
420
563
443
406
564
603
637
1275
561
650
541
418
260
161
141
154
178
335
458
643
481
518
470
514
516
529
548
397
533
577
645
642
711
676
525
433
272
250
199
186
237
368
415
601
555
510
399
418
402
568
509
545
619
674
682
497
710
604
713
675
528
590
382
228
202
218
316
389
498
617
546
663
6051
472
476
582
525
692
683
654
531
548
629
651
586
452
509
306
236
234
244
282
324
517
579
539
697
700
581
548
440
587
456
553
457
505
308
229
292
149
141
141
185
396
539
666
517
542
519
486
508
588
539
615
659
602
627
691
625
492
531
395
258
201
131
129
168
295
552
563
628
503
421
435
427
625
630
601
689
800
845
784
542
525
455
401
224
186
247
183
237
435
601
591
472
504
383
435
538
459
646
427
453
598
582
638
576
707
508
339
287
152
168
188
177
364
440
498
650
400
474
645
591
646
457
448
670
670
721
704
720
605
483
520
400
296
154
200
243
293
470
569
530
424
483
576
637
612
601
587
494
692
700
610
533
754
745
582
480
526
385
296
308
223
276
357
530
512
702
626
701
646
519
607
640
604
606
718
647
678
802
689
669
459
415
345
233
179
303
341
453
497
499
615
585
478
555
498
704
520
561
467
542
459
411
304
259
209
164
229
207
365
560
595
518
398
495
462
500
508
511
479
524
697
523
692
576
609
379
255
217
181
178
212
221
358
469
573
519
441
479
542
615
394
520
587
490
606
699
579
611
556
394
369
210
239
151
182
268
417
599
677
474
476
485
488
518
549
589
415
610
550
745
783
572
1839
611
353
265
265
178
201
239
356
587
607
594
515
516
509
445
472
523
486
474
575
596
613
649
717
648
401
265
252
264
180
183
350
454
607
646
515
479
443
430
565
525
373
584
711
858
735
694
680
686
621
631
397
338
317
166
180
356
320
497
555
478
604
645
582
612
520
500
752
712
685
695
719
625
730
639
529
334
303
235
225
262
309
455
456
440
503
525
546
521
644
472
466
494
683
514
461
361
332
208
186
161
137
225
339
424
438
537
488
516
464
558
485
502
473
559
784
573
1313
456
451
447
293
248
163
143
178
219
329
522
564
553
412
492
386
574
428
513
417
620
6659
625
773
711
541
479
371
198
236
173
150
165
358
467
548
463
612
468
464
556
509
478
415
571
722
749
731
657
607
583
368
251
242
198
169
214
464
529
567
557
439
547
525
536
462
563
438
431
504
654
626
622
604
580
392
328
364
193
199
190
404
470
645
508
518
364
572
566
634
442
400
597
637
601
538
496
519
521
593
469
393
481
318
212
194
287
376
487
485
496
627
504
568
526
493
484
652
626
536
489
724
523
1357
542
385
348
297
262
154
230
263
271
458
482
427
564
441
484
568
481
610
548
612
513
527
365
238
160
196
4637
171
178
342
451
465
539
454
433
408
379
533
520
489
446
625
494
714
564
489
299
327
216
198
136
144
174
353
465
463
550
514
565
527
496
526
479
564
545
647
728
662
705
498
452
309
219
186
198
192
223
400
435
610
615
406
467
517
515
568
553
512
523
578
624
665
556
605
614
278
301
249
163
246
211
291
443
542
584
473
404
548
518
463
586
412
665
778
692
625
667
551
617
498
330
332
219
245
164
398
487
495
546
449
390
480
437
558
536
417
521
790
730
572
720
591
689
558
617
469
383
202
184
262
313
312
504
411
449
535
500
525
557
645
653
506
759
594
662
653
623
559
603
445
453
318
173
232
254
298
438
441
499
597
8704
726
583
538
576
489
536
545
403
435
369
233
224
205
143
189
230
274
508
554
533
406
538
474
536
469
498
435
671
572
551
733
537
558
403
281
282
229
210
142
215
379
510
684
523
536
535
449
514
467
535
448
603
637
746
540
745
647
382
349
183
184
174
139
234
325
574
532
637
463
520
571
511
651
563
492
509
658
614
666
781
574
555
557
268
264
194
129
226
450
489
542
546
473
476
508
469
453
436
590
495
663
846
789
656
564
638
532
433
349
206
172
279
6080
550
503
472
577
600
543
581
431
583
470
583
663
683
671
690
629
587
596
619
450
285
347
166
181
301
310
550
571
581
528
484
527
538
638
575
690
676
521
519
542
748
670
637
453
406
330
270
189
242
298
439
518
546
608
495
469
624
552
560
523
516
520
523
428
310
257
180
180
136
215
200
424
504
572
563
469
466
497
442
570
491
416
480
489
499
581
569
599
452
233
211
155
162
219
163
365
585
473
574
486
425
507
571
560
551
461
474
658
691
639
696
633
385
284
210
216
281
190
217
297
708
551
446
547
508
527
532
595
525
525
457
593
2117
537
553
548
502
424
277
205
158
147
211
422
485
466
445
430
529
534
449
508
652
485
430
531
550
586
727
574
555
556
361
285
206
255
249
458
546
500
532
558
421
570
468
528
477
416
399
501
526
649
685
618
519
610
601
408
456
231
211
168
291
431
467
567
541
616
500
607
598
447
613
775
688
711
552
650
606
616
532
406
392
376
245
200
242
356
466
588
524
679
688
584
468
476
499
450
481
468
536
381
397
398
245
238
123
145
192
367
519
511
425
426
445
536
417
565
451
556
593
549
712
637
584
518
387
413
264
248
189
122
201
384
467
500
565
528
544
558
430
471
580
472
538
617
683
668
685
626
547
306
205
251
134
182
217
360
453
647
492
428
439
407
402
484
461
456
491
540
661
600
689
599
583
342
268
249
178
139
215
361
438
604
562
471
552
464
566
508
447
426
611
572
626
605
637
566
590
563
349
268
243
252
259
298
507
474
660
394
490
2327
497
440
439
374
453
709
671
668
543
731
608
558
446
472
403
227
278
265
278
346
495
634
470
615
553
571
484
512
577
568
594
487
502
611
555
627
553
418
387
430
200
246
330
241
410
528
425
607
555
637
560
601
437
564
473
533
596
371
316
222
233
5685
133
169
202
268
508
579
394
382
498
383
482
550
486
479
522
532
644
595
606
600
420
254
196
225
153
145
169
395
567
519
493
7673
469
519
429
576
585
430
512
662
702
674
719
465
417
463
231
162
188
139
236
354
479
540
447
554
569
478
484
670
533
485
546
531
569
618
639
635
486
396
314
224
219
198
244
344
488
664
516
591
390
411
501
517
439
507
460
728
679
659
569
508
573
400
405
245
202
155
260
373
412
452
554
472
459
546
510
528
467
555
554
502
459
586
525
559
440
557
342
398
324
246
157
197
246
252
391
351
380
453
467
498
461
410
408
571
531
387
365
414
467
429
312
365
243
212
191
160
183
290
298
378
450
380
406
430
470
465
393
545
433
420
344
384
378
424
327
258
210
212
175
239
272
257
215
362
402
350
350
482
509
477
435
469
451
418
5582
382
358
297
272
211
125
211
256
387
564
585
459
486
487
425
407
555
450
453
452
598
471
676
482
405
321
363
206
238
136
160
231
282
595
697
568
574
393
431
510
576
421
468
463
597
651
652
643
604
415
473
291
238
205
136
283
405
460
620
571
409
489
600
491
421
477
385
529
605
571
590
573
526
619
360
286
225
177
181
201
345
479
499
566
512
530
7382
446
448
464
475
586
712
631
631
620
603
724
528
431
526
461
228
162
238
309
280
512
544
606
545
559
603
442
596
574
597
715
725
467
539
538
511
635
481
433
5374
218
260
187
333
349
531
509
497
468
502
465
569
469
649
504
434
436
360
308
316
183
218
189
196
224
375
392
511
415
452
388
491
572
525
494
480
450
511
603
673
514
522
333
308
273
216
151
173
212
322
602
551
656
438
428
480
509
504
627
501
449
498
524
585
538
597
450
549
261
225
237
198
164
333
425
457
465
469
585
623
555
579
384
447
493
570
476
540
598
559
591
348
252
256
180
138
210
332
472
527
677
458
481
437
629
467
418
345
553
474
647
654
728
525
497
418
338
262
233
249
218
317
446
513
533
522
558
475
493
442
591
416
513
597
607
522
516
532
526
511
434
366
275
216
234
217
222
256
477
466
578
583
440
496
434
542
499
579
558
488
536
675
608
475
637
403
318
224
171
184
201
308
311
519
546
421
522
505
493
453
438
410
410
512
586
523
367
307
237
179
170
164
186
334
394
513
484
547
414
372
370
479
596
442
532
635
557
601
582
481
351
341
193
186
139
121
169
355
422
462
485
414
463
550
510
512
531
423
459
655
696
597
524
494
492
297
252
200
152
158
273
346
420
500
511
429
467
510
441
610
422
403
593
689
650
510
694
527
500
335
245
176
238
211
158
404
471
680
515
453
487
548
619
661
449
356
535
646
537
623
586
554
600
495
358
263
228
202
193
330
445
502
517
546
561
504
495
432
514
354
481
651
678
505
671
489
631
700
494
425
287
316
179
2513
291
385
433
411
491
522
468
581
392
401
494
614
529
492
436
531
464
605
480
440
310
368
189
154
170
212
387
437
373
608
422
593
464
481
388
388
484
495
573
473
459
258
290
144
193
219
170
325
455
463
517
391
434
456
493
437
581
498
479
650
660
473
591
523
392
300
228
171
193
178
251
400
5736
511
541
495
569
541
475
543
526
460
467
584
520
578
598
638
484
370
313
156
190
185
261
3200
482
623
544
468
559
608
437
521
406
481
474
554
681
649
557
614
472
394
323
215
221
168
200
373
395
659
497
468
576
563
550
536
533
443
447
688
691
577
611
593
551
488
326
331
177
243
203
365
413
511
626
530
452
540
565
443
403
427
534
459
579
704
563
540
590
480
494
465
337
279
201
190
237
369
420
634
458
435
483
433
503
419
581
575
554
534
466
654
516
506
414
450
309
286
275
217
206
249
331
407
371
453
462
386
522
347
382
456
410
398
435
523
383
311
409
196
143
208
216
401
354
517
445
539
443
614
441
438
535
426
539
693
513
616
560
591
408
266
181
244
182
196
193
358
528
449
518
402
496
409
523
554
425
472
414
631
702
534
681
510
474
359
274
203
196
175
195
325
389
599
454
394
580
436
522
421
528
370
512
702
466
661
671
600
458
417
340
181
182
177
192
333
458
522
431
480
442
606
465
437
472
350
544
576
584
456
549
560
481
