0.03496752552953137
0.03535296541051826
0.03574504318682408
0.03433858428270186
0.032225562556255624
0.03143966826726855
0.03099128799614938
0.03127437451250975
0.031772580982379416
0.031574342429980425
0.03204291118175925
0.032232576102120734
0.032695688575337015
0.03333999155531846
0.03399448683696572
0.034103445181654556
0.03410655781406656
0.03396734633607357
0.03392182475690651
0.03382135878239137
0.03369765811421778
0.03368994440571773
0.03306185418541854
0.03305992580798427
0.03299169458493127
0.033022848490226825
0.03319906096484311
0.033202883819100325
0.03332263379842235
0.033256130591552795
0.033085159690287455
0.03311021328684878
0.03298092837184866
0.032846754635409654
0.032601014053510534
0.03247404725261473
0.032245582967255826
0.03220493883889685
0.03219291984599475
0.032259111078571975
0.03201869041374038
0.03208122469082439
0.031964454263146626
0.03196648260195643
0.031927764008501815
0.031991785866352436
0.03195493745170592
0.03195279453670588
0.031975493793441105
0.03201215228706638
0.031926534303760086
0.0318219987182829
0.03172673278683015
0.031517897324092464
0.03136099328936791
0.031235635279680853
0.03127492334438452
0.03126105626574804
0.031287668766876685
0.03137714506577944
0.031379776578116
0.03128331990908111
0.031220395953578627
0.031231313712449946
0.031296725712517
0.031278984234555135
0.031263120628091605
0.0313050904306462
0.03133369398486625
0.031363311487884966
0.03143964280258802
0.0315480273560744
0.03158807985669713
0.03155826866314045
0.03165583658319926
0.031638900398998165
0.031714322020437336
0.031736359872356575
0.031853353870848325
0.03182388457282536
0.03183919036908814
0.03182162769908304
0.0319176105779752
0.0319668528096316
0.032099583489922166
0.032141243539770964
0.03227554209674307
0.032237580939283715
0.03229539501634586
0.03232015091498591
0.03241504686687293
0.03251023263971769
0.03253596195790744
0.0325131686324597
0.03240590630491621
0.032416422179579775
0.032443719274466105
0.032558441885739656
0.03259933650178943
0.03262597506901455
0.0326414920947977
0.03274606752735782
0.032837427514318486
0.03295386843032129
0.03299553026329495
0.03305767184181181
0.03305027769795724
0.033106244192170065
0.033174830306946554
0.033261368991576265
0.0333955987594068
0.033437956230948265
0.0335305202520252
0.033603859945906096
0.03368716790246568
0.033744588521930255
0.033774366418310706
0.033817667922992664
0.03382921693434463
0.03387365005477572
0.03390345756360942
0.033938799784870445
0.033979160939381636
0.03398801265128826
0.03404262817017168
0.03408108891494406
0.03414571349185037
0.034201944183049886
0.03427849508581619
0.03437584308569504
0.034494592340021855
0.03459000723711135
0.03461738904419201
0.03462439035123268
0.034645147687060666
0.03466641174429289
0.03467304980864022
0.034698114293255776
0.0347719776656393
0.0348043823795408
0.03485305227723464
0.03490649597331363
0.034909784265808895
0.03490297959162218
0.03493894383085385
0.03498220444991668
0.03504386856383362
0.03510957359731726
0.03516239260289665
0.03523659130666756
0.03537203775992291
0.03543824221158439
0.03546570724157843
0.035500800266181395
0.03560213886570287
0.03568717610045171
0.03577185655767256
0.03578515233481166
0.035842663375086486
0.03586897513718915
0.0359519219274199
0.03594499882990054
0.03596444238677174
0.03600694967964873
0.03600445229829748
0.03601641970069028
0.036011297345950814
0.036002091432123046
0.036002268652584456
0.036023623178941734
0.03610511437799538
0.036153925537602986
0.03617536071564864
0.03617595831935848
0.03618308078403114
0.03617904405825198
0.036205735192281055
0.0362383096165231
0.03624483835298633
0.03622479924544887
0.03627437231443078
0.03633533415027045
0.03634566110732062
0.036338464392321815
0.036320461232322326
0.0363200065931139
0.03634851732138465
0.03638900943753661
0.03639267213518777
0.03643466291489162
0.03644204905027462
0.036435994840454636
0.03646137588399773
0.036463255440005
0.036498177141762116
0.036532522007984077
0.03651572369942321
0.03650533817641015
0.03648393443354463
0.03649619161890926
0.036490527079811076
0.03645798319614891
0.03646141610707753
0.03644297701776971
0.03641379015032593
0.03643820649884358
0.036455108612969
0.0364617325300876
0.03643871030287613
0.03639382097220277
0.03634972754697826
0.03639048750342462
0.03643972715428334
0.036442514756194845
0.03642160569007372
0.036420268970576396
0.036393355243670496
0.036342977277944374
0.0362936202178654
0.036247536123128775
0.03623161703925495
0.03618188043556601
0.036154184542561335
0.036124163385357004
0.03608630561289977
0.03604287618466934
0.03599627572196602
0.035945627555872134
0.035875792974526116
0.03582175889607219
0.03578366762423862
0.03576611267899195
0.03574138216968011
0.03571380360684414
0.03568374845129702
0.035670745205503826
0.03567905101251512
0.035671211471612695
0.035664741945892704
0.03564438086431458
0.03563512603365328
0.035631539824013424
0.03565209607861638
0.035640298753925125
0.03564273870433125
0.03566913121816108
0.03566420120282422
0.03566136977334097
0.035701526409363776
0.03571307812906086
0.03570706731881981
0.03571588850273315
0.035735392915829535
0.03572479320726994
0.03573577504932568
0.035738620887344995
0.03574281203826433
0.035714992201602444
0.03570370115957596
0.03569221672299889
0.03568553190361393
0.03570206997468345
0.03568686567696082
0.03567721216733101
0.03568530953432887
0.03569659539861016
0.03568600485728219
0.03565398007260966
0.03563643349271041
0.035624558932991164
0.03558451208380929
0.03558327171975386
0.035566561233734695
0.03554013052618735
0.03553357040622095
0.03553507050578633
0.03552304179386437
0.035496461466038715
0.035481547528813114
0.035480774480330594
0.03547980219945323
0.035477679982756936
0.035458467953265745
0.035443446122701866
0.03544789774062693
0.03545657144657355
0.03547048900294856
0.035468984454206196
0.03544764127144568
0.03541685607595538
0.03538899329832852
0.035380110540531744
0.03534728519005747
0.03532139047562621
0.03530188818430773
0.03527570002906124
0.03524744267872714
0.03522261015864258
0.035203550807403255
0.03519419365466418
0.035186877478719694
0.03517945130612572
0.03515143249173627
0.03513753654582945
0.03510941330064232
0.03509992802353731
0.035078449411085885
0.03502802668118141
0.03501575119440656
0.03500366495448751
0.034988674519625874
0.03497408719060984
0.03498825843208936
0.034979817003908426
0.03495818179529215
0.03495135472033575
0.03494633527160747
0.0349183517624399
0.034899463294130434
0.034874613057427464
0.03484018286152999
0.03480306327011541
0.03478269877365317
0.03477739002043592
0.034778771867579376
0.03476067592270761
0.034734371672451636
0.034707164425238336
0.034700016029000164
0.03468563380834753
0.03467681432188401
0.03467905195549786
0.03465432780975827
0.03462491814617092
0.034611832678104575
0.0345847411176225
0.03455042472323234
0.03453470475381214
0.034537114874445086
0.034536098664091915
0.03452883243285437
0.034523046284690447
0.03448812424992112
0.03447694396893805
0.03446686000586451
0.03450860621681561
0.03454427785100962
0.034536512750245794
0.0345335732726703
0.03453695844563405
0.034554910385708924
0.03456229250070992
0.034564949195332643
0.03457057682284165
0.03457904284213457
0.034567016609407544
0.034571282227311366
0.03459238278461665
0.03459373376070848
0.03459101038797846
0.03460245959786864
0.0346284987701883
0.034674292693681705
0.03469214734819162
0.03471332881506678
0.03474575317106635
0.03476589789575933
0.03478872914658835
0.034835064381966964
0.03485308645830909
0.03488106896127808
0.034917834636868796
0.03495552291235
0.03495758046668452
0.03498758734108012
0.03500732292724456
0.03502665408445237
0.03504022547944986
0.035045830932021765
0.035078234562802735
0.035100306221530854
0.03511936372776156
0.03513766506062371
0.035168177434343334
0.035185843698713234
0.03521683328628663
0.03522535782276843
0.035268279230043977
0.03529468262300159
0.03531575097576166
0.03531199002497221
0.03533259618131256
0.03533531275312658
0.03534085028294103
0.03534560202473865
0.035385901570734846
0.03541411819829869
0.03543093613709419
0.03543011467233719
0.035428508439242876
0.035440698734346854
0.035453922133627365
0.0354812604867108
0.035482570323219734
0.03549488099992349
0.03550416632368034
0.035507162455893915
0.035533271488627914
0.035551986750070944
0.03556857304415318
0.03561198394729302
0.03562886356152199
0.03563751607082713
0.03564724913228221
0.03566743172376106
0.03569875666614546
0.035707661280370284
0.035736525932125604
0.03575856101739206
0.035777810742750785
0.03578829979774242
0.035805552556461236
0.03582521210508082
0.03585576788877725
0.03587391115767141
0.03587850906128394
0.03587574624469277
0.035883564356435645
0.035905821574510076
0.035948535572970904
0.03597113842030371
0.036008646698915736
0.0360271179732861
0.03601342036638334
0.03601336234439968
0.03601423278708322
0.03604342145554762
0.03605531779502802
0.03607437764108005
0.03607698574729045
0.03608852100720732
0.03609829177983044
0.03611185567049153
0.03612805429160659
0.03615554836605849
0.036153716280107356
0.03615201501814142
0.03613305224451922
0.03614145844304257
0.03614706113164551
0.036153187761014796
0.036118565870868764
0.03611602657540904
0.036104384018402276
0.03609071625139869
0.03607651238385512
0.03607904184416465
0.036066671626549515
0.03607861728376495
0.03606446492403155
0.03606823804808002
0.03604288803202881
0.03602470629091678
0.03601368313546261
0.036011007080053496
0.036009746896839015
0.03600737936368793
0.0359785548024321
0.03596475454490331
0.03595838251250897
0.035958767861835286
0.03596608408189971
0.03599095623848099
0.03600398529829433
0.03600929397710816
0.03601325148896604
0.0360314780505332
0.0360348330448014
0.03601295566466285
0.03601144945671589
0.03600955164145041
0.03600480833355831
0.03600832318407458
0.03600748909281244
0.03599167987664546
0.03597599911782418
0.03596457996386812
0.03596410332694382
0.035973716094181075
0.03596246414041447
0.03595629526255378
0.035961558548115724
0.03595545438883334
0.035947619783693444
0.03593674949582337
0.03593420483875922
0.03594270808403269
0.035947441822032626
0.03594207321665386
0.03594105626778894
0.035951923493713664
0.03594485936779715
0.03593219210871963
0.03592819291402815
0.0359210945864582
0.03591889146727355
0.03590428118342189
0.03589931358056748
0.03588072938049266
0.03587302288267202
0.035875150920128863
0.03588150057112011
0.03587475549207059
0.0358752303970834
0.03586569748766237
0.035857955297098384
0.0358395983040927
0.0358461751263657
0.03583389860744072
0.0358449286227536
0.035842566107402496
0.035844821259627284
0.03584959826431385
0.035858229975063896
0.035873479313654165
0.03589810178077523
0.0358990806772985
0.035911595104155716
0.03594258598574776
0.03595381897975837
0.03596128829297042
0.03595819158077215
0.035971863404105166
0.03600012619362841
0.03604838752505026
0.03606088248703257
0.03607066885078402
0.0360805408812995
0.036085918277616084
0.03608404330169687
0.036101980541535864
0.036122126440614015
0.03613027906415857
0.03614018282480156
0.03614950569437109
0.03617692505699834
0.03619043045633435
0.036193238334758786
0.03619236843841934
0.03620548622209741
