0.379551004468654
0.38023399164030885
0.38019120474304136
0.3792280762057502
0.3794377476785139
0.3779513251437981
0.37681168311310065
0.37743583689993965
0.37693854818494776
0.3760224348922743
0.3756817437134356
0.3754626384593258
0.3754768640733765
0.37539616980858065
0.37517966453698637
0.37492161255139855
0.3749008870477458
0.3749161276155293
0.37486445769096594
0.37454889725355656
0.37450359126967414
0.3744408886137479
0.37431501586501603
0.37446444709111115
0.37446555986560925
0.3742962439760752
0.37402102838322077
0.37385082290335764
0.37350640922355016
0.37338528878068133
0.3732444500932189
0.3732122734455075
0.3731415077705883
0.37303235548974406
0.3728015090428039
0.37276557320530246
0.3728864739326939
0.37297156824394395
0.37295803024599866
0.3728278391526791
0.3727661589691466
0.3727402576459086
0.3725189288939663
0.37232679545694364
0.37226198451452236
0.3722386588528511
0.37217693396585927
0.3721875851690673
0.3720942685083376
0.37214390120938917
0.37215380726523256
0.3721172954662743
0.3720442143946333
0.372073803814316
0.3721199621377424
0.3722299580276974
0.3722841637369199
0.3723387272207624
0.37224044548596313
0.37218293260564794
0.3721152679651019
0.3720078211631533
0.37191346928634306
0.37187084762359895
0.37178242745298545
0.37180016576849634
0.3718075403308229
0.3717809768374037
0.371781380503425
0.37171725978900644
0.37168250093064953
0.37162058037602486
0.37151699401461363
0.3714439918832263
0.3714843270386294
0.37150252213625784
0.37147737825402893
0.37146085162642284
0.3715036212570254
0.3715218330070641
0.3715065852615309
0.37152511215894835
0.3715701462861353
0.37159576340207334
0.37159234162785854
0.3714518348597991
0.37136982595507295
0.37134814786676895
0.37128600403514284
0.37119841951858434
0.37109817027112335
0.37098372407809477
0.37094128632194906
0.37093084563156997
0.37092967221775897
0.3709263555240393
0.3709000829817184
0.37091050057112396
0.3708767162956604
0.37088048194055595
0.37087183503824583
0.3708572057400972
0.3707922029180681
0.3707644223560192
0.370746511791204
0.37067346246752597
0.37062775472971804
0.3706587333472252
0.37061140126712305
0.37057238328065206
0.37059338949970355
0.3705611037626946
0.37058941691440134
0.3705570931745518
0.37056903869277563
0.3706291108151274
0.37056724207587116
0.37048933480113017
0.37049397960114683
0.3704689534059306
0.3704349072049617
0.3704166914557594
0.3704271743174845
0.37040375798838726
0.3704177614450119
0.3703975321073221
0.37039798119329537
0.3704307151778875
0.37042895065075504
0.37040003772637625
0.3703841624432171
0.370385765387264
0.3703717792199938
0.3704288146973613
0.37042647939463447
0.37038106824700956
0.3703148020815099
0.3702921120371674
0.3702595952086768
0.3702477573363434
0.3702321997392612
0.37020933258008115
0.3701742463135234
0.37017386354236914
0.3701364414678077
0.3701171438888592
0.37011348621739215
0.3701014779936258
0.37008035727697686
0.3701243309645873
0.3701562934104802
0.3701632088878483
0.3701375833319655
0.3701472996023138
0.37013042072483865
0.3700921211343004
0.37008991289417187
0.3700572847079759
0.36999273682835826
0.36995243369501296
0.36992849502122715
0.36990936869287755
0.3698983202242733
0.36991580055185724
0.36990463054724226
0.3698581395640898
0.369822743211573
0.3698421747106689
0.3698237791415951
0.3698282913889534
0.36980384052762233
0.3697857605264102
0.36974390359488635
0.369706533144601
0.3697053655183305
0.3697171794657902
0.36970836939214413
0.36965128454027213
0.36965544412192525
0.36965774850816263
0.3696713217001257
0.36967877039984987
0.36966413971688233
0.36965353929551686
0.3696629521315205
0.3696548741140202
0.36962518974400915
0.36961715000592804
0.3695739659186882
0.3695600236027522
0.36953411237800854
0.36952745973050194
0.3695160984162017
0.36949195364631376
0.3694812288823817
0.3694545045638135
0.3694186309815554
0.3694110926861037
0.3694146329418275
0.3693849137875831
0.36937146407804916
0.3693504772247792
0.3693432532416644
0.36934235887458244
0.36929883031041005
0.36930203705545916
0.3693043236760282
0.369298622335792
0.3692985279512105
0.3692973311049577
0.36930432265564705
0.36929580902720943
0.36928430467177326
0.36930204125021626
0.36929776352800403
0.36927851096827424
0.3692582712428732
0.3692639142884803
0.36928101977781796
0.3692886376905282
0.36927796421319525
0.3692535716736437
0.3692481085791431
0.3692306345037499
0.3692712367719178
0.36928020478541185
0.3692795252448884
0.3692960732973945
0.36931211528378
0.3693146075540511
0.3693291459071232
0.3693358980723635
0.369335960261327
0.3693216255904925
0.3693182384285706
0.36930979454407825
0.36929414520318493
0.36929980871231777
0.3692684182755064
0.3692321599249025
0.36921304744991673
0.3691928490119764
0.369202015712918
0.369186770878155
0.36916973614288123
0.3691726468891385
0.3691796939480838
0.36917515396698997
0.36916906468640565
0.3691727724213247
0.3691550544693408
0.36916852726553495
0.36916165625359537
0.3691313686883922
0.3691205961619042
0.36911296620642947
0.3691164156058178
0.36911897113405456
0.3691079905344849
0.3690903275896319
0.36907392745788065
0.3691089239743652
0.3691320055093067
0.36912719330477683
0.36909906316343394
0.3690817765323161
0.36906404955041794
0.36903678907517434
0.3690394429020702
0.36903841799582526
0.36900663265233663
0.3690013038026232
0.3690023164332629
0.36898709062796037
0.36896015860820075
0.36895913849275047
0.3689483514867989
0.3689296087807206
0.3689162023028636
0.3689040772981759
0.3689219713580244
0.3689373341012523
0.36892683138162974
0.3688880691439022
0.36887922401129125
0.36886296531890866
0.3688568605634372
0.3688437736303079
0.36882421737289195
0.3688233938850763
0.3688243252518394
0.3688296137762697
0.36881068904486125
0.3688087697027908
0.3687947833342909
0.3688072830060921
0.36880421663345353
0.3688178999938287
0.3688192031423409
0.3688119382456755
0.3688247098241396
0.36884248861993524
0.36882930769187616
0.3688094309813425
0.36880250108338847
0.3688197082669012
0.3688184681528178
0.36880970046439
0.36879704678152975
0.36877708036717266
0.36876835471421293
0.3687418708522026
0.36872984657275587
0.3687074743776053
0.3687110281352837
0.3687293816601092
0.3687094411683219
0.36868833383332844
0.3686627647951649
0.36864877012597363
0.3686387324180277
0.3686444366043979
0.36864105419494486
0.36863347706605615
0.3686358455649472
0.3686251764284721
0.3686126998670304
0.3686028685897218
0.3686071910500964
0.3686084240149762
0.3686012009282023
0.3685922220948292
0.3685885739646838
0.36859608644987973
0.36860161288376797
0.3685921936708637
0.3685811267907013
0.3685976891420634
0.3685930098638734
0.36857023721031795
0.3685649806554978
0.3685527437784118
0.3685532895473014
0.36858510098407643
0.3685797966913028
0.3685599317761084
0.3685545171486228
0.36854505016936956
0.36854777956994106
0.3685469386343371
0.36855004607205016
0.36854803464443125
0.36854155909095293
0.36854295563252004
0.3685438797424767
0.368537876162421
0.36853070789810644
0.3685349076342152
0.3685215356711784
0.36849222500538625
0.36848144413390455
0.36845824860599224
0.36845032856830756
0.36847120177385057
0.3684680697968344
0.3684495059696565
0.3684448125481171
0.36843292821456153
0.368426765730578
0.3684192791261965
0.36840869262005593
0.36841335286029914
0.3684133826971086
0.3684127701245909
0.36839923645235156
0.3683897560715235
0.3683985157309147
0.368389677542143
0.3683946190143115
0.3683706512657065
0.3683544206308042
0.36834963550461974
0.3683541303917193
0.36834438844363937
0.36832557852088477
0.36832085935930126
0.3683091582850762
0.3682754892344618
0.36825235217117935
0.36822970284327255
0.3682221399849676
0.3682207696627204
0.36820931747407387
0.36820225503257503
0.36818344130141273
