0.2504689532415965
0.2430301368611054
0.2445308322020651
0.25645674767600185
0.2560508049707803
0.2581227751906089
0.258797153513006
0.2594809968590983
0.26006930577238824
0.26557010182387825
0.26871299480416844
0.27248327951169915
0.27391606108738176
0.2759725365582303
0.27745851336298943
0.2785439163552777
0.2800559888770427
0.2805228804276474
0.2825208021694684
0.2830722750669572
0.2826096047721087
0.2840801828485391
0.28434769488224076
0.28339469448566806
0.2832037925836346
0.2850368541447297
0.28486723682558907
0.2855121476144337
0.2847546646740955
0.2848183138098709
0.2841575341772664
0.284246984705525
0.2845813193039768
0.28504606981155445
0.2854466043832942
0.2855097579517913
0.2867442338967668
0.2872507949049269
0.28721504747093357
0.2869809966080564
0.2855658772555963
0.2831253868267768
0.2813936112099551
0.279809489573011
0.2780622156873171
0.2768758380080901
0.2762339348966457
0.27469878213333504
0.2738203773350105
0.27307258250562716
0.2719580308935106
0.2705402369342248
0.269243340799398
0.26815318632871116
0.2668877776708089
0.2661560410947308
0.26631426825130633
0.26589289729335785
0.2652062534036545
0.2645902387658663
0.2638017534223592
0.26266703915038025
0.26159014379485185
0.2606906566822579
0.26013662993321623
0.2596050171543874
0.2589560362774325
0.25876081565715453
0.25871562618430055
0.2583560432576566
0.25879107328654877
0.2598730339616886
0.2608506016904377
0.26160416220506166
0.2620264153739999
0.2625013910293708
0.26317172524069077
0.26376400653649434
0.26415330653662356
0.2641459257792634
0.2642744526194222
0.2644288589381238
0.26475547724243026
0.26500227731307446
0.26521726249539884
0.26549051081598923
0.26593017590223783
0.26607874421865807
0.2658176291816869
0.26572009776818334
0.2659086542779159
0.2664543486221065
0.2667453742167709
0.266789572075715
0.2669202187362895
0.2673683669999393
0.26754837565614664
0.2678148390838679
0.2681431556108425
0.2681690204921889
