0.25914726921891335
0.25623691478251925
0.2569333398752421
0.2574060950125263
0.257391658144926
0.25838849272150655
0.2584836973747224
0.2574385013620362
0.25688343510670947
0.2570542558747532
0.25692855969324674
0.2563183677868378
0.2560152361152557
0.25556771906486664
0.2553063670125848
0.2551243418456725
0.2543212396691802
0.25401072577485584
0.2534969869895292
0.25288578073929135
0.2525805013442441
0.2521281159539089
0.2516553893955915
0.2513050056698781
0.2507910646345121
0.25042381845183315
0.2502026257647006
0.24981930269550282
0.24978050457388554
0.24950448481251233
0.24920484116452285
0.2491796733924633
0.24900285809569897
0.2487210811195806
0.2483887561732081
0.24814123941648913
0.24792565838853473
0.24787328767304614
0.24785793130558526
0.2478531025566497
0.24793614679094422
0.24796041662642815
0.2477060527927926
0.24753829150106219
0.24742648601783196
0.2472630278994258
0.247100991329184
0.24698212812777448
0.2468918655108598
0.24670561314862632
0.24659472404050714
0.24639552525287858
0.24629799027405447
0.246366872444691
0.24635911903533014
0.2462696295952386
0.24617444056859117
0.24604224519201925
0.24591809574982074
0.24600382144917984
0.24591446366943254
0.24594815796017705
0.24603210701866038
0.24608149565909113
0.24601681895371513
0.24588003727690888
0.24579043403722778
0.2457008954796317
0.24563942820330079
0.2455441394354321
0.24545339619515638
0.2453417469663082
0.24530364740407767
0.24530581795928047
0.24529861567019545
0.24514613414932507
0.24510701352967776
0.24510637557342124
0.2451204643634828
0.2451246301947902
0.24513547419479484
0.2450495881602407
0.2450106897244278
0.24494780470224323
0.24496444007688897
0.24495773199262982
0.24492595509325452
0.24491665728321535
0.24492403837892746
0.2448661030994358
0.24481916070625817
0.24483727720914147
0.2447789022933226
0.24465279895573305
0.24457423355676206
0.24457438612972313
0.24448877049877513
0.2444116065051788
0.24440206599300263
0.24440482570822888
