0.25914726921891335
0.25623691478251925
0.2569333398752421
0.2574060950125263
0.2573067595547568
0.25814608288496754
0.257796856643249
0.25675908481049403
0.2562473039159224
0.25631180493112726
0.2561819552777956
0.25572547664313294
0.25558112733418364
0.2553174990756628
0.25505570890962453
0.2549445901698935
0.2540161669931821
0.2539028278405202
0.2533918492170637
0.25263858929895305
0.2521724419982831
0.251665204234416
0.2511470817047537
0.25078062070350104
0.2502678345533287
0.25000818952595294
0.2498632414649569
0.24954137023278689
0.2495329831476766
0.24931175342337952
0.24902390136857228
0.24901143247796234
0.24888111121004952
0.2486019285509855
0.24823559367151604
0.24786791357642568
0.2476164705949438
0.247608127019433
0.24764639568265903
0.24770290921937943
0.24775478458058436
0.24771151832837782
0.24745926251004594
0.24730984711259774
0.2471969051209218
0.2470554574861767
0.24689297486303383
0.24676538980243962
0.2466904467253742
0.24652064653067088
0.2464168424372076
0.2462364267928352
0.24612718170013784
0.24615458637236756
0.24618772251583423
0.246100441315439
0.24611533552603093
0.24595116513563092
0.24575915261148404
0.24578695569391648
0.2456781354840529
0.24572060940056792
0.24580355081589683
0.24584680733110417
0.24575290579425685
0.2456046743363601
0.2454744001486713
0.2454022313850538
0.24534335168509772
0.24527173609350705
0.24517979115973323
0.24505657141014367
0.24498752514171304
0.2449882691571133
0.24497044552998692
0.2448148978222082
0.24477775507380894
0.24473637441591845
0.2446948082391404
0.24465197854905876
0.24465441966752072
0.24456436667948148
0.24452704451686688
0.2444668341869185
0.24444233155639944
0.24444454750138456
0.24440265608762526
0.2443701668452286
0.24438084697260437
0.24433350018825228
0.24428975064073769
0.24431305755996927
0.2442672384597129
0.24414875550499043
0.2440867391290793
0.24409315021259828
0.24403668345810778
0.24394074534452084
0.243933423037129
0.24396412173521337
