0.29108543304604656
0.3035197782732199
0.3065781911070018
0.30865215825277637
0.3100686082541317
0.3111123085391019
0.31162460459865765
0.31142009730682285
0.31165511868184204
0.31206097520764303
0.31237100291445596
0.3125501153935893
0.31233848108398465
0.3121606520832931
0.312102320843941
0.3120261889843076
0.3117945155757964
0.3113491845838548
0.3109958473733987
0.31073118740932015
0.31045067252795666
0.31011758423465297
0.30988489305335193
0.30981272682848354
0.30977213211931565
0.30973803707918984
0.30959596478267065
0.30959311156381786
0.30962602200654327
0.3094527336692113
0.30911401598749305
0.3087490701452123
0.30848240283023454
0.30823380311968224
0.308015187085181
0.3078878886173703
0.30782061634725943
0.307654855402138
0.3075418669950288
0.30757777960201166
0.3077505949493492
0.30780127297409887
0.30778538470545946
0.3077421390492143
0.3077413821522496
0.3077765791529992
0.30783044754865235
0.3079084426788374
0.3079380359703716
0.3079358339525153
0.3078619821971662
0.30781139657219975
0.30771635575000666
0.30769900252159793
0.30770846419820336
0.30780837816701156
0.3078666045872666
0.3079464403277226
0.307979429158862
0.30804203071855213
0.3081396841484435
0.3081063084263976
0.3081197889025982
0.3080833349975891
0.30801538278668983
0.3079568047445184
0.3079945114699496
0.3079881587131966
0.3079182825604679
0.3077946810050702
0.3076872271015093
0.3076183938913888
0.3076141518462749
0.3075741910506407
0.3075697467922074
0.307607796033115
0.30764582687384245
0.30763713680065
0.30762294160313336
0.3076486656457948
0.3076468289668036
0.30764780117983426
0.30766841031212233
0.3077224193272172
0.30772868163314465
0.30778126718967147
0.30784537736151074
0.3079170981728619
0.3079806913310193
0.3080629580396938
0.308151995188484
0.3082062809580685
0.30820110285560254
0.3082190285513291
0.30824111987100455
0.3082622304904964
0.30829382126370297
0.30835363568099255
0.3084290098421418
0.30844691573013705
