0.29899726628007217
0.31029508850639786
0.3144882047995863
0.3124690007924465
0.31241561108723853
0.3126126460280455
0.3131493928498135
0.3134940696464496
0.3134870793225271
0.3138579668711425
0.3144716111325198
0.31499456860961544
0.31563776394572823
0.31625355944135525
0.3163276004007516
0.3163855599788633
0.3165967001098598
0.31701007282200316
0.31699206238259636
0.31675236498673603
0.31657288726280064
0.3165928084639354
0.31669266792784445
0.31671432412422196
0.3166340621067074
0.31636856274069275
0.31603247179647315
0.31577150390075714
0.31570050077613604
0.3157616015839075
0.31564643886657584
0.31565681511929633
0.3157783938966166
0.3158294387257129
0.3158716736187883
0.3157511017657789
0.3156435125207294
0.31545286643825377
0.3153076131046986
0.3152437028287804
0.3151680913570295
0.3150962839519722
0.3149630381386779
0.31488705805551304
0.3148306153185709
0.314727481908657
0.3146716026592937
0.3145815687066446
0.314501813194992
0.31433409985713434
0.31412714318409435
0.31389556816838093
0.3136017899132803
0.31327082881059226
0.31289255505097185
0.31258098513505617
0.31228544752334086
0.312046838534722
0.3118673798544121
0.31174306918019945
0.3115931188267249
0.31138745196551265
0.31118155361234934
0.3111317305366696
0.3110940678830434
0.31104455366882033
0.31092752880393115
0.31072670153038895
0.31054758074980887
0.3103934026816777
0.3102573875682947
0.3102238662775635
0.3101664062410807
0.3101005627782332
0.3101213987648274
0.3101129586644462
0.3100440006685195
0.31001207306351053
0.3100104526083144
0.30996018630577915
0.30997025260928646
0.31002960832502463
0.31012321097389106
0.3102161742942597
0.3103352857689523
0.31045939314095583
0.31055297783709934
0.3105828088243148
0.31056638015738713
0.3105459497482141
0.3104543948302756
0.3103603452168894
0.3103429317607567
0.31033638203163205
0.3103258464578611
0.3102446630615199
0.31016743160053406
0.31014744517012865
0.31012264517968724
0.3101392346253807