0.02775365560555424
0.03449390456287008
0.06090788235988324
0.10499690299218602
0.1446675390607736
0.13799842502990928
0.1444919810321465
0.1563777372516037
0.15021053300298584
0.15233707712562625
0.1525824579674236
0.14167177778139628
0.13433080717797047
0.1287027406020541
0.1243423887103896
0.11883817583299448
0.11463054925682872
0.11202743994837182
0.10974848600451019
0.10733221775350378
0.10563725908197703
0.10522074135978186
0.10436938649733582
0.10196975891736712
0.09958701746171808
0.09667494484611966
0.09469247471336151
0.09251560226402994
0.09038098496270958
0.08891328303626761
0.08735060610962579
0.08610412907425784
0.08450556448715675
0.08298906960329122
0.08154669615213843
0.08033193970675848
0.07981771268453232
0.0790316695005396
0.07782979629816478
0.07670639470910502
0.07609523651191917
0.07577180676694517
0.07562984503026875
0.07493420646906378
0.07469946476139765
0.07418202659141983
0.07329636841436499
0.07263323653910053
0.07192599220642053
0.07243093049947151
0.07308444077196707
0.07235036755724343
0.07163191775189973
0.07110594924501878
0.07053046650671571
0.07004995614365399
0.06953399843330649
0.06900742775577189
0.06850248865558596
0.06821248502042883
0.0692858050718118
0.0703957294035623
0.07021005012621165
0.06979072619532986
0.06942284741732188
0.06884370483817304
0.06833925945482798
0.06764472836206398
0.06741024508741089
0.06787158291645984
0.06754510415768171
0.06703621297920175
0.06631723287585117
0.06570211667965295
0.06542110974623785
0.06531310817726262
