0.1708523592085236
0.14400921658986174
0.16197291474299785
0.16424642464246425
0.16615384615384615
0.15571005713499003
0.14508796788286693
0.14039938556067588
0.14108475331328657
0.1465858585858586
0.1505559212932485
0.15268590899979956
0.1562007516062553
0.15727485593303514
0.15946747128262134
0.1603754891762025
0.162093283061025
0.1637992598844381
0.16463932396902206
0.16389848267297916
0.16455883031225496
0.16571720902808487
0.16341211042589296
0.16274815688820962
0.1627086226917735
0.16055904920828082
0.15995161569034042
0.16090485695276113
0.1599321236078513
0.1618168691339423
0.16085117230412538
0.15997109911476354
0.15946458144815695
0.15917081059004687
0.16006214341199476
0.16035619675134408
0.16111468142922927
0.16028125046161118
0.15999021906419458
0.15954833506164304
0.15932165318957772
0.15840508270347245
0.15894376737224716
0.16026159283794367
0.1609293358872419
0.1605318834775503
0.16010020856996987
0.16210569310041473
0.1615484337553327
0.16099471505793833
0.16142728861724023
0.16108211930129737
0.15992861778066192
0.16101838875440608
0.16037027770828122
0.1609538554744034
0.1598538188157983
0.15977247861219862
0.15990772062158976
0.16018507896447554
0.16088289508332393
0.16202418409525574
0.16316598049574332
0.1638676889788964
0.16370907935162624
0.16384338005959628
0.16440777674971158
0.16409216047601075
0.16377096568642197
0.16315173778521216
0.16234382242920128
0.16182927736846023
0.16179276749561736
0.16252936240540905
0.16331404427298613
0.1638639591454386
0.16403790902226886
0.16370359077853033
0.1641400928267589
0.16485325218423144
0.16472148293847036
0.16509945375820342
0.16508489896055265
0.16550460722390833
0.1653785524478674
0.16506410256410256
0.16474587458745873
0.16452606573211162
0.16460586661159726
0.164916484305008
0.1647079367483821
0.16504957418645888
0.1646570965005477
0.16488408100069266
0.16518082589418853
0.1652118143061466
0.16588075416449258
0.1657767406548134
0.16646691940809588
0.1664435054499135
0.1661993485197905
0.16622470265525163
0.16599901947675713
0.16611243491307034
0.16639140123214052
0.1667410868812738
0.16635557269571924
0.16638825227060522
0.16604700046243748
0.1659720139930035
0.16548912819243305
0.16553675087891423
0.16531939887390124
0.16505940912010275
0.16499980109002665
0.16477091712010095
0.16463985617696486
0.16525337052533706
0.16518800168990283
0.16478505123047307
0.16474622455930868
0.16464731877864497
0.16468253669523794
0.16456635651066281
0.16447966077008433
0.1642524742741037
0.1641040144735058
0.16392664939783258
0.1638889737446559
0.16429550933210157
0.16437783179749577
0.16363460435478283
0.16302776181258236
0.16271183593006194
0.16280343153672863
0.16296679496199423
0.16267311587345715
0.16268686747839706
0.162734165050339
0.16301349037959456
0.16304642845738737
0.16292901522848005
0.16256398684973486
0.16213628280538564
0.16207665378936098
0.1619669845695637
0.16211619337321112
0.16217839775833684
0.16201190853155015
0.16217202919160661
0.16261379301779705
0.16249834982276787
0.16209759661113346
0.1617465280739204
0.16187200497472112
0.161751059011333
0.16162687506643877
0.16162829496162828
0.16154793798662434
0.1614715773931589
0.161326611536755
0.16127850065247099
0.1610652956534741
0.1609974861647608
0.16101230786012308
0.1607152336130885
0.16039136862738584
0.16005391966505533
0.15982770497749804
0.1596074573833874
0.15964990639873597
0.15937871918618965
0.1591128440102221
0.1590859583782721
0.15882802240930685
0.15889113425566093
0.159202534580017
0.15930137266953492
0.15904667328699107
0.15885158742214794
0.1587312136545578
0.15872734554921397
0.15911084559281108
0.15928313282835785
0.15914235777761368
0.15920094007050528
0.15929880943685634
0.15942563804542592
0.1594347281345002
0.15911905684815594
0.15916224262016387
0.15929380649819225
0.15939389654766112
0.15937458977965308
0.15919319109245658
0.1591853398283461
0.15903836960294435
0.1589053667780809
0.15875148748199974
0.15881845094677058
0.15890949461723858
0.15900730704572313
0.1590723173937728
0.15915875770158716
0.15944319057159523
0.15948096082634258
0.15933760026276536
0.15922993037942726
0.15922469097926578
0.1593939943753969
0.15946002168765352
0.15956948169345658
0.15942886858487829
0.15926774214384348
0.15911245179154312
0.15918603846686039
0.15925200344089965
0.15879382118631533
0.15893515560964916
0.1590506562334965
0.15898211955592798
0.158968353237923
0.1589852822465705
0.15893546076641957
0.15905502529373775
0.1591057136591208
0.15916295931221341
0.15902272946966756
0.15882580839861832
0.15876305507867294
0.15880422254924248
0.15867982430717906
0.15867693469403132
0.15869402454929896
0.15899694768889164
0.15875421528272962
0.15864860988299972
0.15853603983629136
0.15824807321512688
0.15822688268612067
0.15833136346902793
0.15850213491159335
0.15856189494772105
0.1588554271910423
0.15899688887251145
0.15888929082045716
0.1587900305438597
0.15882878921137497
0.1587511176803343
0.15871042779776834
0.15862880309858646
0.15878272130237722
0.15913410232099354
0.15933133090180934
0.15955054579126376
0.159787875563123
0.15996466868055187
0.15990920608108108
0.15979248821354083
0.15951607834921966
0.15945050167805658
0.15947135037760687
0.15924840830270717
0.15924443986112544
0.15916859280565684
0.1591103834083777
0.15905533751295514
0.1589303002606547
0.15883035323053535
0.15899396940092417
0.15910005353431658
0.15918642436238295
0.15913678387201277
0.15939129594836723
0.1594364387221661
0.15932187593703653
0.1590553819796092
0.15902521136374143
0.1589917539909004
0.1590123723119085
0.15897828534577646
0.15893319934415825
0.15882396163146434
0.1587338674676018
0.15873991991657313
0.15889600241172225
0.15885863449370008
0.15896400478010217
0.15890927279474643
0.15882341432875532
0.15882839249085534
0.15877244803042906
0.15882404588333424
0.15897734325520474
0.15887286565678352
0.1588445599961142
0.1588073270601305
0.1586958373096682
0.15878403047662795
0.15877728078872416
0.1588331661147195
0.1589062107955044
0.15907263988291578
0.159102909178426
0.1590169040581156
0.15898267514726
0.1588497504282152
0.15877004459539887
0.1587686608304483
0.1587374858647362
0.15863672846528398
0.15861054685509177
0.158526332851893
0.1584384247502044
0.15848389772440405
0.15858321415485715
0.1585767360737794
0.15858086751889405
0.15865324110681323
0.15868499221065152
0.15867124102303898
0.1586540943618956
0.1587723741979061
0.15896029859794775
0.15894926203080006
0.15899424801743964
0.1589910631126467
0.15901036649244069
0.15909995027349577
0.15905922529295935
0.15917195178870494
0.15922486348893541
0.15909517572582405
0.15902993702479565
0.15911154503295094
0.15913695907855782
0.15926195482236238
0.15928461052659867
0.15922514267341853
0.15929478703369795
0.1592622776179823
0.15921310353031223
0.15921855017583855
0.15914958693473413
0.1591450502558543
0.15904690926073128
0.1589664860795569
0.1589154768568861
0.1591582889250203
0.15922801486757351
0.15924179404414604
0.1592296941353545
0.1591705746445811
0.15929962636265335
0.15940599020466995
0.15949616729924834
0.15951375091498485
0.1594538015034732
0.15936069303944952
0.15939427588396982
0.1595446032135539
0.15966483228018213
0.1596013642479427
0.15960117000671964
0.15958541590158867
0.15957177048506183
0.15944132872947012
0.15944091491888265
0.15950734507806905
0.15949548418163823
0.15939633803781167
0.15963632180257004
0.15963959408387607
0.15966968663980896
0.15969431746691154
0.1599744521208971
0.16010391484247988
0.1600813765871942
0.16020841240812947
0.16039880058938083
0.16041963729941391
0.16037023813065945
0.1605253733941923
0.1605433517460985
0.16044079119598614
0.16040951275874324
0.16031719454089335
0.1602481079552816
0.16042547097573664
0.1602934860136938
0.1602115986701174
0.16012187155805827
0.16003945555519092
0.15989578490551
0.1598900664702261
0.16003919558426627
0.1600688691991471
0.16005240571996945
0.16001754143563435
0.1600566030343467
0.1602667392487752
0.160320810850556
0.16029031079045467
0.16016859323573712
0.16015171438806058
0.16013718961960935
0.16010643236449687
0.1600292936233962
0.16000841848334804
0.16008160391799509
0.1602517446013887
0.16021303103981246
0.16021824046525596
0.16012649887995783
0.1601134807707053
0.16014248563124195
0.16026639634631526
0.16027898525329656
0.1603389295346535
0.16028759455642763
0.16012578038324943
0.16003721602804039
0.16012848674842428
0.16020675249344318
0.16018181634404652
0.1602271471739012
0.16030021447692644
0.16029003899163352
0.16026147615682473
0.1602471261721421
0.16024833147893278
0.16017347903327353
0.16012433749949695
0.16009485686883657
0.16006387196745586
0.16007814984542076
0.15994990714876484
0.15994636910168245
0.16000930399553961
0.1600728190872813
0.15997580394320113
0.15996838183224196
0.16007270950914332
0.1599683146046607
0.1600280515658292
0.160073687734629
0.16018947200295688
0.16023717703756485
0.16005700992482524
0.15993036289120338
0.15998423453573318
0.16014349468938835
0.16030700102919396
0.16027901765213717
0.16025698703817565
0.16028635359963136
0.16024087859079233
0.16024275292142812
0.1602693077092078
0.16032932963527763
0.1602704543099492
0.16029924188335934
0.1602554338657875
0.16022080033994426
0.1602826184429847
0.16036453883396395
0.16030350568636717
0.16025204718450348
0.16039208211681596
0.16042123675627326
0.16046337105419892
0.16055247800068864
0.16048031059648396
0.16041617285839
0.1606237860674625
0.16060844818892914
0.1606419039773837
0.16073792729245795
0.16065655989969224
0.16066811127451225
0.16062408231929096
0.16062845328444444
0.16066717352445767
0.16063447303489603
0.16056996593909345
0.1604290717473627
0.16037624027087238
0.16041319225177608
0.16049298443772733
0.16060857760828517
0.16059900313871214
0.16053212235380895
0.16050366765176402
0.16049026030380908
0.16049556142632512
0.1605308808028108
0.16056417805586418
0.1604817323446447
0.16050568583213692
0.1604419789813968
0.16035960575478164
0.16037720390640361
0.16046244630766596
0.160447609634574
0.16059671755048968
0.16064723570260442
0.16061622631448325
0.16059346131284227
0.16060406973885916
0.1605930109269343
0.16055001283655138
0.16058360105042857
0.16071647677799805
0.1608669189739504
0.16080472313159294
0.16095074940801396
0.1610815497489118
0.16103613992084095
0.16097088631178447
0.16104864333710514
0.16106575934006256
0.16097894496686038
0.16093016846884087
0.16100200794252822
0.1610604467018966
0.16111767327353832
0.16122843384940944
0.16118644698313048
0.161188555447994
0.1612008657674023
0.16107131783610315
0.16110959115106613
0.16120100906608034
0.16117647058823528
0.16121251444820275
0.16119385448208595
0.1611617687075304
0.1612203477802178
0.16135487894670897
0.16144043799702923
0.16140213984459253
0.1613240727906101
0.16130929170702255
0.1612443412085574
0.16126248257557085
0.1612635218575873
0.16128426368152396
0.16139132976737974
0.16145130622059478
0.1613780598368087
0.16134867434655453
0.16136588237064634
0.16138870241361503
0.1612844860246569
0.16125348942636875
0.16127572534269746
0.16122497336402064
0.16125545027788518
0.1611553888129617
0.1610926039638585
0.1610609721070237
0.16100613646029527
0.16104410266362623
0.16098344512515034
0.1608730542395823
0.16094546448878488
0.16100971460243163
0.16115990977454356
0.1610874244335169
0.16096178107030096
0.16092415725344522
0.16094770413627277
0.16092005802755918
0.16091140844285579
0.16093727126931098
0.16091223980455296
0.16088457376663368
0.16094523039958625
0.16097376583096407
0.1610162785070078
0.1610023361160406
0.16095291729729094
0.16098722297650064
0.16108012529443022
0.16114788139605163
0.1611021120058423
0.16099444799927612
0.1609536050876833
0.16093061337023165
0.16086107348970974
0.16083273334941733
0.16076032628399173
0.16069889141188157
0.16065718180552202
0.160670942084164
0.16069618140755315
0.16067444328744554
0.16072301098686323
0.16073752244256162
0.16073862000625685
