0.2537240537240537
0.2734727347273473
0.2647450110864745
0.2761049480542349
0.2979038224414303
0.3115147438053593
0.315096308947718
0.3173451764125339
0.3112852892082154
0.30840963698941487
0.3102532463717022
0.31346102258704867
0.3144281553877289
0.30539787010375247
0.3014255925784076
0.29857080297782557
0.29942780208683945
0.29848020028914984
0.30117081957370156
0.30250957308775595
0.3000270929287456
0.30208100117684206
0.30678296168298635
0.3054597021980619
0.30316632660772314
0.304257121421138
0.3055730221942756
0.30540182679144506
0.30778059291019727
0.3065628988054143
0.3069345798174791
0.3094966594173083
0.308950037030707
0.30793861346008583
0.3063918853646756
0.3061214555190459
0.306339302321649
0.30733224707450746
0.3094118212860097
0.30936420881576276
0.30740486749264695
0.3088951352637606
0.3090227856925021
0.3091417301607571
0.3084231404041665
0.3070144738805464
0.30717423910590796
0.30816408737119766
0.30836483029817124
0.30879686779136895
0.30753736907075374
0.3059408669806685
0.3054397535828072
0.3053311644112184
0.3055844347048098
0.3065336580700408
0.30670206141644546
0.30708358827381144
0.3062703763491913
0.3067521447317918
0.3074587579958988
0.3068437057778581
0.3070186353805588
0.3073163619397545
0.30733308452712466
0.30662746539262525
0.3068823731425018
0.30723945902943517
0.3078258048820047
0.3081839092709527
0.3080520753990142
0.30671017532955225
0.3073872585327646
0.3074832674107105
0.30752201758092446
0.30749106843581125
0.307252761439095
0.30768961205489054
0.308521060866967
0.3085567434529771
0.3084857267729395
0.30899809904649383
0.30962374400526715
0.3089466953481324
0.3086187627374926
0.30853817887798785
0.30862786233668
0.3087648755987274
0.30801163350281424
0.3079041924427065
0.3085411849760263
0.3081807081807082
0.30803355153844614
0.3077311046415675
0.3080451211307716
0.30849734033958337
0.308726549357486
0.3092751916636596
0.3093326816185087
0.3098034106911333
0.3100657785639268
0.30903009626670075
0.3095996001421182
0.3103334347175257
0.3096840501125228
0.3086631679333485
0.30876149740058767
0.30852611693911886
0.3082279453177001
0.3076973376400092
0.308847664214413
0.3094746981548835
0.30909200643040946
0.30842456180422995
0.3079499080857579
0.3080488886751212
0.3079119842745802
0.3073739618300159
0.3066293709207778
0.30670819580679654
0.30648451226571183
0.3059231148298864
0.3057195692813125
0.30526641976419316
0.3049861427176139
0.30462671958843
0.3049795304944398
0.3049772704166848
0.30490107071318434
0.3049385364086578
0.304697307242963
0.30393496026549127
0.30390712711789397
0.3035486570587066
0.30331392066966806
0.3034899029241205
0.30347247658712395
0.3030647471033718
0.30312818935818414
0.30354913074836615
0.3032752098902113
0.3032983043897417
0.3034674844818699
0.30366097583007495
0.304023511420382
0.30411464497982765
0.30446829218965277
0.304755209052599
0.30441892268236215
0.30456525419180097
0.30479905175560557
0.305261185060239
0.3052428772074687
0.30498192448899986
0.3050064123308523
0.3047757414089449
0.3051230777119102
0.30546600355072717
0.3057866881637517
0.30569468148096546
0.30589456924301683
0.30563639212808486
0.3057384552854793
0.3060408714922663
0.3060994600354973
0.30641618087491
0.3065066601418408
0.30654225583083666
0.3067862363038915
0.30726259017694896
0.3078021425028691
0.3084599354302312
0.3090635835668202
0.3093237132621078
0.3092808959352527
0.30937362610307434
0.3092044107309601
0.3090475345929009
0.30878936575615795
0.308762409774449
0.3087200216128227
0.30867061852339317
0.3087381070760572
0.3090490751112591
0.309394812294454
0.30932686452437286
0.3093192206236203
0.3090061529041115
0.30855035873455605
0.3081039351919713
0.3079499317929227
0.30766280190433826
0.30706376920339
0.3065755600853646
0.3059977975176056
0.3055269813304538
0.3046544721193445
0.3039670707809438
0.3033917015725529
0.30303002175130495
0.3027378324543823
0.30245221925076354
0.30224990017039616
0.30232134894852264
0.3019375247133254
0.30145110372192635
0.30111705959544327
0.3004750728078082
0.2999754277204918
0.29978049434441467
0.2993264304921427
0.2989280262900604
0.29857287681658284
0.2984014640958254
0.2983617219042357
0.29816767348669077
0.2978157547350024
0.29756242922700993
0.29711028055336614
0.2969845247033878
0.29668690635156586
0.2967726473432375
0.29663956233579963
0.2965275533792349
0.296411593103088
0.2962556012690279
0.29623942944195086
0.2960063381982261
0.29553594342196615
0.29507341332279
0.29468184532656344
0.2945549662835065
0.29465697089409787
0.29460583326063566
0.29441456808256933
0.2944755044964995
0.2942712696958545
0.294036006955003
0.29392694737550434
0.29373580859744486
0.29360529132306173
0.2939921633579474
0.29461562545340697
0.29438018246852177
0.2942663324067973
0.29418056467003084
0.29416711115117733
0.29390635950309135
0.2936223697709021
0.29356232944663396
0.2931346240565375
0.2929037230112974
0.2931298419054464
0.2931282096235746
0.29287095045100764
0.2926118395144944
0.2922685957274768
0.2921082848506205
0.2916650548379933
0.291293747130702
0.2913252720849061
0.290940163677093
0.29086321512301916
0.2906851824521703
0.2906027785362393
0.2903838240114945
0.2899446193186161
0.2896263836680443
0.2895937505028978
0.2896346533088715
0.2895177981785363
0.2892694826970778
0.2889772323137596
0.2886704176907504
0.28838382816242
0.28802314039957966
0.2876266634519432
0.2872859847094597
0.2869570613880522
0.28674754140358083
0.28663282125087197
0.28633735272641153
0.2861003498237771
0.2859564665486556
0.28570163962169587
0.2855238379396306
0.2854011406065855
0.285159921762113
0.28491267258477593
0.28486457327201126
0.28486865171189435
0.284895995459926
0.28483536241793445
0.28480458653273855
0.28467383079822006
0.2845385288655767
0.2844324529134632
0.28452461723922573
0.284297705235339
0.28410363582777376
0.284064097744747
0.2841075344106429
0.2842355716352521
0.28435178236206954
0.2842337000480439
0.2839345428241793
0.2836796304016401
0.28326056540180944
0.28309993016913476
0.28300894098312923
0.28289706750639637
0.2829761473053014
0.2831732374140509
0.2831264927275985
0.2829359822099749
0.28277720061277317
0.28243297272101403
0.2821647915172088
0.28201535333802347
0.281726973970197
0.28151396616841834
0.28163866377133817
0.28177943149606
0.2816674585320152
0.2815245986771898
0.2812730055241704
0.2810796708127024
0.28098628050791713
0.2807506496874172
0.2804115406735494
0.2801869190297692
0.2800671832027097
0.2800101734121216
0.2798298656805095
0.27964768342440194
0.27964542177918345
0.2794578997283262
0.2792323491702926
0.2792663468148853
0.2791008710924929
0.2790357112427237
0.27890080055816746
0.2785370697780878
0.27828004291267056
0.2783219464646953
0.27824747775222924
0.27812142038946164
0.27813855005426685
0.2779462218750609
0.2778083324060975
0.2777765449905692
0.2780167849409682
0.2784090610602407
0.27827316873850794
0.27822301623370405
0.2779137343966773
0.27786487146322586
0.27780315940872885
0.27792706003488415
0.2778775375644532
0.2778115095570521
0.27770281692305326
0.27772481988356074
0.27753681146721143
0.2773383189471955
0.277140912553051
0.27707730164264094
0.27717797161040647
0.2773296883139943
0.2772901391415622
0.2772294779072305
0.2771644908355889
0.27718933680664304
0.27726396057374325
0.2774683986622691
0.27756292340038696
0.2776454694649793
0.27768048544784724
0.27768857054791507
0.2775876343325217
0.27755439076342553
0.27781580126820477
0.2779199527482051
0.2780435199000771
0.2782524935824267
0.2786115394407536
0.2789061214842072
0.2791399247163322
0.27916184048085496
0.27937223355346047
0.27965710799074955
0.2797018158769801
0.27959060106092704
0.2795869354127744
0.279686558733467
0.27968828768929904
0.2798899023724233
0.2800485745210487
0.280128071080379
0.2800186650473811
0.2799147373920924
0.2799260191962659
0.27998632025629583
0.280157386117651
0.2803746076218642
0.2806294231100029
0.28075451871491286
0.2809695846000736
0.2809034435967294
0.28087983249899384
0.28113753140887704
0.28147018101251203
0.2817656028575747
0.2819485310033603
0.281968848799477
0.2820366086828629
0.28218259208375385
0.28239233897974303
0.28267099718427857
0.28282060450353813
0.2828831844091254
0.2829850081790876
0.28312813477505594
0.28321548976138317
0.28333267897728515
0.2833027959478848
0.2832953415569247
0.28313140107918605
0.28309384179008584
0.2831720080080598
0.2832997093569289
0.2835060704767545
0.28375058337936143
0.2837111746186345
0.28362790684458994
0.28363573482783594
0.2836503148603033
0.28358750999987303
0.2834852944695719
0.28355461173400526
0.2836205314040125
0.28368139880515464
0.28364490088008937
0.2837226975318694
0.2838795776691816
0.2838753032690008
