0.2537240537240537
0.2733087330873309
0.27326927814732693
0.28223278746258146
0.2852171530346623
0.2917367417871959
0.296043267862226
0.30107739123283167
0.294578706727629
0.2932138450548737
0.3000411305012045
0.3023016256236923
0.3009526630139691
0.29392568216097625
0.29151027703306526
0.288992396194116
0.29154418639440516
0.29089178038717867
0.293171886987558
0.2949713598531599
0.29544537764532347
0.29557105542638995
0.2960805288131874
0.29460857690590614
0.2926925111463765
0.29310970739853337
0.2939984629357926
0.2940685383424224
0.29686221009549796
0.2952906964580849
0.295218438252494
0.29590705147044416
0.29592662222981825
0.296147681423755
0.294888996225335
0.29521027834280844
0.2952637007727557
0.2962063233430438
0.2960996489203097
0.2953639900623447
0.2946067449976379
0.29483484287392736
0.2960135929943798
0.29737652350345495
0.29695834893687845
0.29628182693742455
0.2965794608370167
0.2967112358528567
0.29688593644612427
0.29724809536278507
0.2964983683496498
0.29592157144740466
0.29541847423553064
0.29517184093032917
0.2955684662340457
0.29675819348524785
0.2967259856454626
0.2972294678989684
0.29657835596492893
0.29699893152418594
0.29810546934777954
0.29780708357169383
0.2977631617930258
0.2982707841250401
0.29837606101493797
0.2979598375408739
0.2979329676347469
0.29748626084730107
0.2979104154840105
0.29792271689801864
0.2979714408285837
0.29678432997522425
0.29656135332328726
0.29660981365312106
0.2968508438346631
0.29721302495932767
0.29669434157125685
0.2973311351635486
0.2979061008499831
0.2980752956156492
0.2980685329591547
0.29806042154212015
0.2980091127421274
0.2972449530230117
0.2969167050161068
0.29690656155473255
0.2972705670798279
0.2975613541291911
0.2966989587038548
0.2962406637287154
0.296126695721564
0.29525293613691406
0.29488652666840165
0.2951986744037127
0.29541146578357796
0.29559653306962946
0.2959172055597132
0.29669851037294487
0.29698143239398667
0.2973169808745712
0.2974861656194916
0.29683469249995437
0.2967499503188626
0.2971212853130088
0.29666329984229084
0.29601273117675625
0.2961150812280122
0.2960329354210807
0.29639262938121164
0.29612793758702133
0.2973729045520308
0.2976821173722175
0.29697737834619964
0.2962861446929774
0.2960393317484191
0.29623394738107833
0.2960077143568632
0.2955247716157366
0.29477390756280636
0.29474739022412305
0.2948637171586782
0.29464587810342463
0.29440337802770344
0.2945066698654032
0.2944605575634981
0.29426861237759383
0.2945432543342165
0.29445146423055885
0.2943851204972644
0.29408910433319513
0.29380424654359355
0.2933922896746605
0.29340768381479465
0.29315097628526116
0.292832000146857
0.29280290088785027
0.29293521269427825
0.2924254463343793
0.2924542849375387
0.29291014562011336
0.2927303959687021
0.29309061721609325
0.2934743718027021
0.29364630783855744
0.29339211188428826
0.2935639469028801
0.29374186290495874
0.2935047434915613
0.29301643119308
0.29319691658512215
0.2932732887920958
0.29338206234543
0.29325221910555777
0.29328491750409164
0.29336513529818337
0.2931545457071519
0.29345860005758484
0.29364435508839587
0.2933261676383193
0.29329138270658944
0.2934654775227964
0.29345777961236663
0.2937061980786982
0.29411920159771066
0.29399885177805546
0.29409329439539905
0.29403682819317933
0.2939802991608902
0.2941764751134703
0.2943106129301272
0.29416658520956196
0.2940170386446827
0.29416264997727753
0.294411179775081
0.29434982083417344
0.2943841248738213
0.29450826924623785
0.29440010571743536
0.29428969600143856
0.2942692375145719
0.29420112920159086
0.2941167668234486
0.29422408923793963
0.2943430245661483
0.29416826419626696
0.2940206775611525
0.29406796209691566
0.29384281617993213
0.2935067571771471
0.29317163899556675
0.29319516944841373
0.29295994378527523
0.29231094821698267
0.2919602270008517
0.29144744984909504
0.2910731594883793
0.2903709567473668
0.28979588009713747
0.28926951075785423
0.2888245322541221
0.28839876977639856
0.2881328517732256
0.2878945555525073
0.2878909484680553
0.28761632241570306
0.2870151598436857
0.28675102155503546
0.2861223409160546
0.285755479174253
0.2855506350932089
0.2853154809556066
0.2850171755112524
0.28484542161570214
0.28475160388459547
0.28467995591354217
0.2843345678694084
0.2837825277485538
0.28341208823955116
0.2830032290051105
0.28281069406831855
0.2827218037114487
0.2822524864911562
0.28181235591287773
0.28143140032976227
0.2811698684901526
0.28086850122769413
0.2808613965809031
0.2804245724565131
0.27995861461617216
0.27943862140565195
0.2790870309223687
0.278675017798149
0.2784083215853066
0.27839610446257923
0.2782581686185012
0.2783992409290232
0.2782509741895239
0.2780343019916363
0.2779322892807321
0.2777666952749878
0.2779417841532369
0.2776880627953757
0.2773417434753945
0.27701246454183875
0.2769519741276802
0.276930697301361
0.2769937321423653
0.27677293688382104
0.276584223220784
0.2765385367108776
0.2762891831087258
0.27588129756847035
0.27561989835207146
0.2755952946218336
0.27540692555645296
0.2752098840594416
0.2748079001008329
0.27476429850488665
0.27444069545034494
0.2741405188880088
0.27404690310151913
0.2736263658445044
0.2733548261177306
0.27300944764207186
0.2727371592465793
0.2725041209525736
0.27214590296452257
0.27191589421241974
0.2719887626758993
0.2720230692237041
0.27185630928827825
0.271648489560953
0.27143041596161815
0.2711408123607754
0.2709068381084734
0.2706073458669696
0.2703377022317771
0.2700393051857487
0.26980910015758713
0.2697726805933759
0.26981310200497777
0.2696642173147472
0.2694289853362438
0.26925071688450813
0.26903898684961347
0.26908429707752546
0.26884704797485237
0.2686552487445224
0.2684904542138179
0.2684508922193864
0.2683716552030411
0.26819851812323847
0.2680337399943865
0.267859989610477
0.26756082071016707
0.2673438906749053
0.26708179015237155
0.26724804392074847
0.26703765051832273
0.26682412783208537
0.26672911287357315
0.2668734478614525
0.26706661850919994
0.2672109242005455
0.26702831345695005
0.26681214501766953
0.2665881229873182
0.2662828534664635
0.2661592423851342
0.2660906782821665
0.2660829909009401
0.266084071980168
0.2660871214141378
0.26592830181992166
0.2655993436689768
0.26543290310084344
0.2651458149272827
0.26487725499116377
0.26480186209128664
0.26461720366538577
0.2644098155113738
0.26426054884522854
0.26403947486788437
0.2639155547159875
0.2637395163391979
0.2634686024967809
0.2632836678709643
0.2633286778661751
0.2631404095238632
0.2628431300920384
0.26257940043218486
0.26243531661573927
0.2623251444791603
0.2621119828829179
0.2619919948182226
0.2620199109874724
0.26182973516846164
0.2616202019536944
0.26168726373548223
0.2615899301635094
0.2616432718960007
0.26160737041314874
0.26124655092555044
0.2609992470515509
0.2610346909777656
0.2610913690619757
0.26105900356112793
0.26109752219966287
0.2609530287169732
0.26086375991480026
0.2608331175955718
0.2606551360198371
0.26052369369889977
0.26042023541984255
0.26030586854582716
0.26006122388738695
0.2600551651057331
0.2600615720380759
0.26019811322379083
0.2601257900511505
0.26003845765291883
0.2598781843422313
0.2598291384210374
0.2596859456696537
0.25952931334346035
0.25946439820373945
0.2594631647912635
0.25947168011233557
0.2596134872415948
0.2596389235531633
0.2595442663427849
0.25948501177225136
0.2594887142291357
0.2594887609717078
0.2596694571772823
0.25991560349093157
0.260141751880106
0.26024897025470967
0.2602515741732838
0.260196584574796
0.2602090461196037
0.26038583325647735
0.2604629320319724
0.2606642104432952
0.26078417207284005
0.2611078285848789
0.2613017237386587
0.2613786500870557
0.2614596292535976
0.2617392420590207
0.26179548827967547
0.2618208593290542
0.26199676343340267
0.2620622796986254
0.2621963107437189
0.2622266547425626
0.2621643711498134
0.2622806731484458
0.26234775294735424
0.26229644977819805
0.26233787851465507
0.26246396664406657
0.26256765108678815
0.26276260978247734
0.2628864075788304
0.2630382132348128
0.26324090145002804
0.26343895940220463
0.26334682726408665
0.2633338307715266
0.2636820902861422
0.2639533540641937
0.26412633425064236
0.26437520805996306
0.2644292843325158
0.2644355604283938
0.26447500440911226
0.2647286426291363
0.26486277598568686
0.264793797518831
0.26497088307871625
0.2650305562511807
0.2651448808475015
0.26538518158987523
0.26549609640264127
0.26553540523328095
0.2655687405111016
0.2654168092537964
0.2654119470626452
0.26551748421598764
0.26561966335875564
0.26567158627773274
0.265782641770105
0.26576332198456737
0.2657514785501897
0.2657813609555519
0.2657607627354735
0.26567704960360294
0.2655723212538659
0.2656849237147805
0.2657039680838094
0.26575592214630356
0.2657920176771164
0.2658663649181117
0.26595176496565054
0.26592593516313134
0.26579072882839166
0.2657228891564902
0.26577096227664165
0.2658677092388207
0.26586701634240817
0.2658616781440421
0.2659051999907238
0.26606286555080516
0.2663113762208016
0.26639942866357963
0.2664046115215019
0.26638386634986555
0.2664523364284666
0.26653931560896776
0.2664294072939161
0.26642350118172003
0.2664021386463159
0.2663912561145005
0.266299091427364
0.266457946292296
0.26664655390286857
0.26682405569881656
0.26693992850922094
0.2669275137095894
0.26694270281900606
0.266971181099682
0.2671116284477679
0.26735733868349937
0.2673735753526413
0.2673253548205354
0.26735091762432006
0.2674280824087109
0.2674071408023179
0.2673157406227351
0.2672663437043546
0.2671986913474839
0.2671650937301304
0.2672335144948352
0.2672313253042748
0.26710886831723074
0.2670201576117918
0.2670176598177419
0.26703665373986424
0.2670749900062926
0.26711795212548406
0.2672004260027454
0.26722766804660975
0.2673906381530972
0.26754346216884556
0.26757981311019174
0.26750785427537394
0.2677086551549148
0.26786927347045925
0.2678666187180162
0.26790418083444023
0.26787118786764297
0.26782751618740164
0.26791666819913224
0.2681087337681803
0.2680519074536065
0.2680813465295373
0.2681654035290011
0.26823674796274244
0.2683553045254477
0.26840761820466036
0.2683882848864222
0.26829916929536446
0.2682656972949191
0.2682402738335619
0.2682530274128597
0.2681782491314496
0.2681669785855463
0.26815075138783234
0.2682940450261942
0.2684344162074147
0.26851553964719904
0.26862257947520196
0.26865728310688036
0.26875258179661266
0.2688975577897357
0.26893036899473466
0.26884299387169286
0.26898487349023975
0.2690581359968944
0.26906340213562885
0.2690644674631463
0.26907155666375704
0.26909666901544527
0.26914709452257135
0.26936539718438446
0.269465988754388
0.26946560414534904
0.2694755375817162
0.26946232203927006
0.2695544523360046
0.26956462263989633
0.26971721288625367
0.2698547040872071
0.2698554243911398
0.26978485242480926
0.2697472945391539
0.26983953035033187
0.2699003690161483
0.2698371937061264
0.26978344260438497
0.26975965902540633
0.2698356197747858
0.2699385175742936
0.2699531002483583
0.2699938550025058
0.2700648557633114
0.2700242150053313
0.2699079001612548
0.26979023586742706
0.2697866454336308
0.2697588823698192
0.26973999708096164
0.26981713896365234
0.26992681238579813
0.2697289325950013
0.26970652876253487
0.26968072319953357
0.26958291122816047
0.2695222951683234
0.2694882922770469
0.2694829230568166
0.2695321302612838
0.2695340224028312
0.2694460829978328
0.269494883189123
0.2695071091366781
0.2694354925771651
0.2693619895452203
0.2693198437578225
0.26930208768644615
0.269285454211556
0.2692188597787972
0.2691425494483639
0.26904960296715913
0.2691197540586957
0.2692302915678653
0.2692914908080722
0.26923857143906044
0.2693544181721656
0.26922756081574795
0.2690664855010076
0.2688953273345356
0.26876822062676353
0.2687925125039067
0.26878500371610803
0.2688124974775933
0.2688227497239036
0.2688047080227604
0.2686596670713211
