0.28784643496842705
0.28486994869202287
0.2811577953212683
0.28108377162136355
0.2806440084997417
0.28047450245973105
0.280368846542248
0.2798987250396796
0.27993858683051975
0.27957152071258384
0.279559185437091
0.27945339248754636
0.2796701152454778
0.27936054643416836
0.2789692914239304
0.2787067846979487
0.2786919785967107
0.27863825828044436
0.27872554018377454
0.27876740587926824
0.2786408229565124
0.27857661196434397
0.27875106864626575
0.27880098421704325
0.27880257317416157
0.27877324620490873
0.278605756257409
0.2787093249858336
0.2786620181149626
0.27870677788575693
0.278793842940134
0.27884742268182305
0.27877068852944914
0.27868133822386604
0.27876936175269856
0.27878111439256575
0.27871140266347444
0.2787441997893727
0.278923078895184
0.27898780305343024
0.27891168612020645
0.27885863178549114
0.2788634414953243
0.27878247529357886
0.27878769666342273
0.2787960728506635
0.27880546968537123
0.2788089320532969
0.27868195520690914
0.27867540465484786
0.27869927105411707
0.27880338088743456
0.2787763464692253
0.27877378931239827
0.27878307428904436
0.27885333936507367
0.2788848254402226
0.2789089897567559
0.2788934705890573
0.2789095683956211
0.2789200640304138
0.2789799488136894
0.2788944301560095
0.27886323066605273
0.2789551475441577
0.27891002641895574
0.27888310026088525
0.2789699473764733
0.2789409287135281
0.2789348129898463
0.27897692303867505
0.2789807305280578
0.27901243589228475
0.2789558176311487
0.2789347388395705
0.2789259603799884
0.27890296068451187
0.27890253497305995
0.27896840223696734
0.27897491334178265
0.2789945086453958
0.2790341754513299
0.27909751873360933
0.2791205973625693
0.27920833253458555
0.2792188011439792
0.27920450551918397
0.279180598053751
0.2791748483440828
0.2791943889690712
0.2791907393181189
0.27916237205995353
0.2791630446375744
0.2791646767274192
0.2791166941473113
0.2790875610271003
0.27910240702531147
0.27912144338567635
0.2791152280863332
0.2791517182394535
0.2791099277852353
0.2791032968321126
0.2790544042643201
0.27901554501532233
0.2789685708532135
0.278941423705766
0.27894728381421935
0.27896976178569083
0.2789476379799874
0.2789685416531932
0.27894610131422737
0.2788956900185002
0.27888349943027463
0.2788527363384874
0.2788106754518216
0.2788003343760881
0.2787572465204079
0.2787408416145792
0.27867068915382276
0.278604560914226
0.27857007546693613
0.2785924553608474
0.2785814819382729
0.2785755517330363
0.27861297562693577
0.2785952707934531
0.2785972453942849
0.2785505534997927
0.278538955613849
0.2785713617929938
0.2785769634320612
0.27859262671588253
0.2786247704184373
0.2786323490439344
0.27862065986905704
0.27858341586048596
0.27853182931492876
0.27856457682286795
0.2785704667644794
0.27858386976402355
0.27857306212158184
0.2785973376054856
0.27859813327702887
0.27861375897628604
0.2785970930648206
0.27860106593040956
0.2786172003368336
0.2786354551215064
0.27863410317621873
0.27865315640420113
0.2786362022899195
0.2786277045136823
0.27861924175250524
0.2785934901297818
0.2786176052506085
0.27862237419921665
0.27864248427854343
0.2786332637448896
0.2786379626417509
0.27870979295071907
0.27869366301835613
0.27869123650327227
0.2786595080759441
0.27863931959681765
0.27862439869921973
0.2786356913442756
0.27864382702775964
0.2786569763885115
0.2786571570630922
0.27864860669467734
0.2786339576910571
0.2786175884894955
0.27860796335341287
0.27862047724780303
0.278621272603885
0.27865535244720435
0.27865716991140194
0.27865958884396747
0.278679634850065
0.2787214408028261
0.27875678991732755
0.27875864199104367
0.278782113595009
0.27875962300943236
0.27875427271464454
0.27875627547967347
0.27875150537112436
0.278704411489234
0.2787091644207022
0.278693881766773
0.2787001869368645
0.27871129822453244
0.2786790852805704
0.2786670009096764
0.2786592696652536
0.27863559407295846
0.27859512202874953
0.27860025902303337
0.2785891217380366
0.2786027960360047
0.2785920368708141
0.2785865945772047
0.2785757151822579
0.2785571625288091
0.2785420498712612
0.27852717971550695
0.27852770132255084
0.2785224667767662
0.27849145621640264
0.278474835565386
0.2784613151473081
0.2784403121252428
0.2784411816699562
0.27844389731946445
0.2784359223425347
0.2784436221093766
0.27846304774444697
0.27847406536710845
0.2784779724613038
0.2784588895114554
0.2784544553972958
0.2784901823896121
0.2784938770238705
0.278515705259999
0.2785032174952549
0.27851736297947893
0.2785414930947531
0.27852769825610457
0.2785091584210238
0.27848981918502735
0.2784925800389287
0.2784999678529416
0.27850945635943236
0.27854240274181125
0.27854833277662433
0.278537993916413
0.27853575242423184
0.2785396669301796
0.2785433752669979
0.27855310201616373
0.27854754366307927
0.27854200245344435
0.2785491716621028
0.27855468932448707
0.27855674457604346
0.27855897816349384
0.27855704112121754
0.27857887010804944
0.27859811959830055
0.2786105835171771
0.27861178926860936
0.2786301340884255
0.278656381353604
0.2786613789470402
0.27865969713690536
0.2786715022198808
0.2786837537811457
0.27867771513972756
0.27867056984153443
0.2786710854409761
0.2786635679192262
0.2786621740553126
0.27864945656182205
0.27864112111712686
0.2786497372838944
0.27864891842702644
0.27866267261903965
0.27864518740661615
0.2786244980087877
0.2786361925526706
0.27863871083755565
0.27863030377391473
0.2786462124913566
0.27864433454138365
0.27863757121942134
0.27865612847042587
0.2786521343489426
0.2786731123960084
0.27867525306861385
0.278680444492419
0.2786644552363345
0.2786577494734062
0.27864703506079863
0.2786426286357494
0.2786524323591696
0.27865923142000576
0.27866049782274643
0.27866218611050425
0.27864034445482627
0.27863730434617484
0.2786435147583898
0.27863527278623457
0.2786328006329561
0.2786410338809294
0.2786345289393938
0.27861118153463416
0.27859029886589687
0.2785959486304587
0.27859835593449694
0.2785884154874379
0.2785962483002155
0.2785820100474271
0.278586943574817
0.2785887293910028
0.27858627737946007
0.2785869436776045
0.27858536084502644
0.2785783029981697
0.2785818218426103
0.2785998073255216
0.2785902115125485
0.27858365112575284
0.2785896089042302
0.27858586699848903
0.2786002995275766
0.27859585975351137
0.2785960319003802
0.27861102218936307
0.2786252481262434
0.2786132734157146
0.2786203949709815
0.2786220932858479
0.2786237063624878
0.2786314886501039
0.27862446961485143
0.27862505573705665
0.27862589889277567
0.2786274644959954
0.2786281921218838
0.2786299622722556
0.2786338703727358
0.278633731557025
0.27862406455373007
0.2786151762787309
0.2786105512989219
0.2786111449055793
0.2786113157254989
0.2786266748815962
0.2786315881654725
0.2786168530518403
0.27861890329494027
0.2786360407340055
0.2786404163837457
0.2786513693173775
0.278651346278584
0.27865379135164986
0.2786454329347239
0.27862738937502335
0.2786213237472239
0.2786054250350736
0.27861326811503295
0.27862160562246213
0.2786364743281383
0.27862806393067635
0.2786086112362622
0.2786085413678973
0.27860684227908916
0.27860378420530935
0.27859349445248904
0.2785904540576368
0.2785891111175073
0.27858453307635034
0.2785734400744183
0.27858095917558423
0.27858900487514976
0.2785906051630285
0.2785929337999925
0.2786103808985921
0.2786183121385492
0.2786195722788491
0.2786079806915109
0.27861354739442323
0.2786076263739073
0.27858494153094654
0.27857772933883407
0.27857982805642667
0.2785753286915026
0.2785633299075151
0.2785622843257739
0.2785497940081112
0.27854186979812384
0.2785477968184088
0.2785490505732309
0.27855449158752543
0.27855083385697493
0.2785426098942159
0.2785374893211612
0.2785418780097857
0.2785429567924463
0.2785438726494583
0.278553026098756
0.278560739403963
0.2785826723070931
0.2785857475110104
0.2785766739391344
0.27858324698559106
0.27858437905524086
0.2785822712877987
0.27857427781765537
0.27858226630571836
0.2785781812032926
0.2785589201722996
0.2785544702358641
0.27855116724091983
0.27855412225110976
0.27855170288777126
0.2785602841018336
0.2785718596226983
0.2785722411035764
0.2785798476083897
0.2785765483031911
0.27857060211717044
0.2785716801036376
0.2785770329804615
0.27857596515529
0.27857553025590515
0.27857046913858224
0.2785621849894123
0.2785672637632289
0.2785581541270158
0.2785533940204539
0.27854944661506054
0.27855680995727167
0.27856730585840733
0.2785666029688729
0.2785701335600032
0.2785741455347745
0.2785648471157971
0.27856369939760794
0.2785687678215246
0.2785734505254332
0.27857151494845434
0.2785847365008422
0.27857990880592876
0.27857108612031395
0.27856743879776613
0.2785692832095376
0.2785613022341734
0.2785494015146243
0.2785486928676884
0.2785418976326495
0.27852896546887534
0.27852679946904596
0.2785226843817835
0.2785237367249142
0.27852085890785383
0.278516908148099
0.27852037019127
0.27851544676541845
0.27851405890685965
0.27850441632734885
0.2784934758211278
0.27848218549779075
0.27849095312311756
0.2784948977481367
0.27849791891824144
0.2785068444988342
0.2785049862504566
0.27849451315668433
0.2784866185781473
0.2784758840058439
0.2784789907093391
0.2784864492714841
0.2784916864469108
0.27849227533672904
0.27848639011486287
0.2784802601264781
0.27847935248093236
0.27848102095070465
0.278481462914415
0.2784815603273101
0.2784986724696983
0.27850308531293416
0.2784939692589431
0.2784971342658439
0.278487003348367
0.27847944425764953
0.2784740061105739
0.2784770250531388
0.2784726562589431
0.2784604978156829
0.27845576892485635
0.27845765568562
0.27845174258783717
0.2784459497447577
0.27844634359084575
0.27844291687700584
0.2784397071140897
0.27844294449722373
0.27844100518287496
0.27843269040583657
0.2784290601212611
0.27843206105219415
0.27843369742552937
0.2784324182465919
0.2784331185452481
0.2784476292946191
0.27845757718200237
0.27845416565275444
0.27846131665825635
0.2784581805406292
0.2784515670081415
0.278440335030369
0.27844221597235097
0.2784453324995998
0.27844588519262314
0.2784491902659812
0.2784461780170858
0.2784354291826351
0.2784460274474417
0.2784501353642104
0.27844235839175113
0.278438618900915
0.27843488785943515
0.27842511530191066
0.27842096721435955
0.27841591280892325
0.2784079199915319
0.2784071964081053
0.2784075896509264
0.2784020808533451
0.2784065470599777
0.2784057683992405
0.27840171402926805
0.27840623122635905
0.2784054310204522
0.2784098254297721
0.2784088186559036
0.2784170213830984
0.2784268102646789
0.27842638337224335
0.27841952671128134
0.2784193459201048
0.2784166568646225
0.2784266365852445
0.27844046870538924
0.2784437360004777
0.27845176486709766
0.2784496944528816
0.27845259182289656
0.27844522373028613
0.27843682002653075
0.27844433982870676
0.27844882693390416
0.27845023939451147
0.27845401231762235
0.2784613308214081
0.27846202906792034
0.27845301615478446
0.2784538486242953
0.2784572472104592
0.2784628781419704
0.27846275537222615
0.2784635867703311
0.2784557045454149
0.27844679809896516
0.27844036966568597
0.2784395342157219
0.27844244509712684
0.27843023158151264
0.27843273917896755
0.27843112662020336
0.27843068966812484
0.27842706736550327
0.278430628065358
0.2784261608795557
0.27842008463120554
0.27841393515068413
0.27842209233889237
0.2784257493439803
0.2784261894343453
0.2784229312064375
0.27841709467448167
0.2784123941162267
0.27840443748378624
0.2784026736212969
0.2783970217855675
0.2783950556749718
0.2783900286242162
0.2783911630742936
0.2783898657757682
0.27839595537783873
0.2783955195283634
0.278382189334925
0.2783789351326141
0.2783806978181386
0.27837976379037654
0.2783783647009947
0.278371710915714
0.278376550426655
0.27837679017263167
0.2783717049512327
0.2783689577549251
0.2783697220211904
0.2783761855502524
0.27838066759684604
0.2783762480352662
0.2783670496445297
0.2783633180140532
0.2783591836050911
0.2783572896828175
0.278355869220135
0.2783603633727363
0.2783661721303124
0.27837553644075835
0.27837364182194463
0.2783787161375062
0.27837916130045404
0.27837834893696833
0.27837277644810116
0.2783737189499914
0.27836245742430443
0.278357094796095
0.2783570437126995
0.27834825669949353
0.2783414110036065
0.2783305156777766
0.27834030017062367
0.27834923265355943
0.2783373997855255
0.2783371509060297
0.27833414647043314
0.27833276016727193
0.2783350112996242
0.2783291468958723
0.2783361467222009
0.2783244810852256
0.27831759478515733
0.27831838638600254
0.2783213567241398
0.2783211309182413
0.278315167709077
0.2783137451351291
0.27831601255972427
0.27830743836846883
0.2783020607313967
0.2783089000382472
0.2783088585185596
0.2783101029287693
0.27830777431382536
0.278299610251523
0.2782982621755421
0.2782940990458244
0.27829615427200655
0.2782984019038989
0.2783033430607898
0.2782988897532496
0.27829299209851605
0.2782914907155847
0.27828978831327794
0.27827657845386294
0.2782725514101977
0.27827027797685455
0.2782695462097601
0.27827943780165
0.27828058598336913
0.27828306514032397
0.2782735853285819
0.2782779809555468
0.2782866058686276
0.27828273540467824
0.2782861262185143
0.2782901128762432
0.2782838105720639
0.27827589853365914
0.27827263885614684
0.27827315868633506
0.2782736504913571
0.278272795427461
0.2782695855961632
0.27826728843430204
0.27826440795957047
0.2782576629999769
0.27825341092139566
0.27825431176895193
0.27825419646168725
0.2782557925977192
0.2782465564957296
0.27824639690013114
0.27824281196387823
0.2782388377273128
0.27824695003951694
0.27825015564680655
0.27825134405165064
0.2782506290552149
0.27825630896912756
0.2782498578164811
0.27824690461561996
0.278242589101416
0.27824807583170796
0.27824161819318455
0.2782417462465447
0.27824438345266533
0.27824877972329715
0.278250876526921
0.27825710876205895
0.27825988645700567
0.27827421442489675
0.278274288791044
0.2782706871107349
0.2782652701936667
0.2782617824396244
0.2782615390828005
0.27825627205533804
0.27826022246641835
0.2782599883218562
0.27825558565008335
0.2782578920805626
0.27825274528073995
0.27825305447575877
0.27824914373706144
0.2782488223493272
0.2782461428526705
0.27825027474571296
0.27824614812346815
0.2782471000299494
0.27824244780653223
0.2782405829223593
0.27824417515237787
0.27824045617819454
0.2782306863473824
0.2782287012082016
0.2782333588282894
0.2782288122884489
0.27822572110177035
0.2782217087174712
0.27822251522227975
0.27822394337603723
0.2782255932059586
0.27822535673114107
0.2782228758368085
0.27821953926403936
0.27821099485353257
0.2782116098411633
0.27821089780593017
0.2782104544431169
0.27821798663609343
0.2782209228783113
0.27822419437803675
0.2782246433634713
0.2782262613091868
0.2782270540812884
0.2782257499039373
0.27822442104739004
0.27822170423411
0.27821560435226267
0.2782225564735443
0.2782247334794651
0.2782281210257846
0.2782272568608511
0.2782288802630966
0.27822908200875973
0.27823155933712124
0.2782263554086777
0.2782256424385015
0.27822524396735937
0.2782245447168855
0.2782271661684528
0.27822236208877194
0.2782286076351255
0.27822586433327656
0.27822902572065555
0.27822464706550326
0.2782184440831272
0.2782190242384462
0.2782176997574524
0.27821255008697515
0.2782097394606327
0.27820984968078044
0.2782133204632647
0.27821483211679376
0.27821424350023144
0.2782113326077366
0.27821114392516516
0.2782100911816106
0.27820439162182514
0.27819682392065254
0.27819090086020937
0.2781898097494707
0.2781944664847895
0.27819271355572484
0.27819790192739335
0.2782030078564616
0.2782073452912313
0.2782111702876071
0.27821428953257765
0.2782136029956932
0.27821948468625596
0.2782271085003817
0.2782236849350527
0.278221095675074
0.2782248065096504
0.27821570469372214
0.2782155182803651
0.27820907161466146
0.2781998795900495
0.27820185851901524
0.27820202398222593
0.27820448405501436
0.2781995638136741
0.27820646975741015
0.2782091291775701
0.2782073108553962
0.2782024908305373
0.27820621908308507
0.2782027298657912
0.2782080082200545
0.278213076990578
0.2782125064921626
0.2782159595223715
0.27821237433255835
0.2782124849021379
0.2782202239003261
0.2782187048751739
0.2782195865888682
0.27822173474849293
0.27822336095472966
0.2782222130924031
0.27822018621582967
0.27821688621046675
0.27821140702398583
0.2782119637018014
0.278210669201
0.278208375916162
0.2782093928010704
0.27820759813354384
0.27820577321525325
0.2782117689838608
0.2782154323362903
0.2782107187846947
0.27820310753781474
0.27820013677252
0.27819201385257825
0.27819320159858324
0.27819575212062864
0.2781981013723908
0.2781955167071127
0.2782007699634931
0.2781994817210074
0.2781985722189358
0.2781892931707595
0.27818920178893514
0.278190561058095
0.27819288053918095
0.27818809744281725
0.2781873818519013
0.27818495272387633
0.2781902069780353
0.2781909790057822
0.27818780362799345
0.2781855880237415
0.2781805148962674
0.2781763044942628
0.27817606151461033
0.27816780441096534
0.2781675918320627
0.27816317930436385
0.27816711574109537
0.27817074626844207
0.27817096053129087
0.27816814270713935
0.2781648928742713
0.2781652150984631
0.27816313181075814
0.2781616631574718
0.2781565774775694
0.278145944988294
0.27814668799788766
0.2781428404882544
0.27813688927201585
0.27813384913434935
0.27813418280170243
0.27813642980878905
0.2781353682836949
0.27813756802443235
0.27813172664520286
0.278133731907622
0.2781343869823021
0.278142635808565
0.2781398919117791
0.2781380453041737
0.2781431902730049
0.27814275176661185
0.2781498383301155
0.27814796076173315
0.2781528516817695
0.27815974692786793
0.27815947981046457
0.27816217085166905
0.2781667185919183
0.278171763737005
0.27816997910985874
0.278165844334072
0.2781705782791549
0.2781671270159005
0.27816967567246914
0.2781729843627961
0.27817486184115126
0.2781767108869392
0.27817400894477046
0.2781747150360629
0.2781800172783745
0.2781775040444656
0.2781805538205969
0.2781764128277044
0.2781763264157412
0.278182063709043
0.27818224347758685
0.2781839292789493
0.2781932641634693
0.27819890061263036
0.2782026450654822
0.2782028104959671
0.2782007258512757
0.27819882159236503
0.2782011776703818
0.27820431311185734
0.27821144365558564
0.27821431074437764
0.2782107025099185
0.278203956589015
0.2782055279847574
0.2782053501279233
0.2782029255379007
0.2782055480857881
0.27820645031275626
0.27820758309428945
0.2782074239398804
0.27820351888635303
0.27820193383303754
0.2782061484608712
0.2782070903200203
0.27820859269868264
0.2782107908255598
0.2782158026651351
0.2782232860823377
0.27822025954445345
0.27822077381801286
0.27822314351391253
0.2782217970004758
0.2782203070468125
0.2782178576477626
0.2782163916203748
0.2782169107951762
0.27822466559501324
0.27822674665360075
0.27822869230089003
0.27822614303687404
0.2782292010099277
0.27822786592806015
0.2782301186125912
0.2782287702414773
0.2782351094430935
0.2782388431571001
0.2782421001319269
0.2782462747054051
0.27824469886066383
0.2782385764426769
0.2782301216299359
0.2782242105144066
0.2782199890156698
0.2782181753512593
0.2782239223573558
0.2782270578107473
0.2782251991514628
0.2782202972185952
0.27821739876665313
0.2782141865596505
0.2782163042662768
0.27821904534030867
0.27821543638859175
0.2782108393421716
0.2782120070319073
0.27821315618581194
0.2782123289743666
0.2782112339963489
0.2782097820865758
0.27820533587572926
0.27821244053768107
0.27821135376397893
0.2782085154134244
0.27820464373459447
0.2782063599184884
0.2782084849456042
0.2782049085100649
0.2782090986586871
0.27820408724197326
0.27820215210754645
0.27820179958693997
0.2781982600053248
0.27819788249710653
0.27818946045784765
0.27818481249033267
0.2781839089118556
0.2781825173058196
0.2781801318665673
0.2781846402982318
0.2781932854100962
0.2781947606940841
0.2781968096546124
0.27819908186503695
0.27819856560172973
0.27820049509665334
0.27820235263208953
0.27820262010982405
0.2782037823960396
0.27820335260194134
0.27820295807371864
0.27820786477167503
0.27821096088262387
0.27821321383806047
0.27821629185521024
0.27821105298722093
0.27821141374129515
0.2782120011057027
0.2782117936043275
0.2782137419939556
0.27821194132399135
0.2782119439575268
0.27821534609685067
0.2782142680106837
0.2782183834283606
0.2782182385539847
0.2782167232565541
0.27821554073526933
0.2782157519900784
0.2782155024269247
0.2782147508707148
0.27821620358528043
0.2782206956034425
0.2782232030620123
0.2782212480275463
0.2782160435738144
0.27821896301307036
0.2782214377047479
0.2782235191506872
0.27822249906313246
0.27821983268402906
0.278220744813108
0.2782192655325454
0.27821854974269933
0.2782207895736306
0.27821930602996225
0.2782173675761009
0.2782187316466698
0.2782252809988001
0.27822767600512577
0.27822989818419147
0.2782288081701899
0.2782352046313307
0.2782388590132251
0.2782354088073204
0.27823136723836855
0.27823104723355463
0.27822933796277194
0.2782314536059226
0.2782303034121209
0.2782315320216525
0.27822774488154206
0.2782268507813603
0.2782235152521266
0.2782233582728903
0.27822325331204345
0.27822242065980746
0.27822461481591715
0.27823042957605626
0.27823629214812284
0.2782398559682094
0.27823840903832947
0.27823931981423156
0.278240209018078
0.2782426766102731
0.27824593253964225
0.2782485373729083
0.2782458193053359
0.27824439433743736
0.27824286958797934
0.2782421632644584
0.27824340238028167
0.27824298941858316
0.27823992724483454
0.27824004937106417
0.27824093179235143
0.27824598424031116
0.2782443604762657
0.27824063167693586
0.2782414750641463
0.27824256579472206
0.2782488153180867
0.27824581231318374
0.27824346469864997
0.2782467716945514
0.2782436760865508
0.2782434665888593
0.2782428184330591
0.27824433346566235
0.27824310186425044
0.2782372321684223
0.2782396394574014
0.2782423472184619
0.2782375655533788
0.2782386423404248
0.278236802681646
0.2782363737912761
0.27823938688227423
0.2782411701411179
0.27823834129104
0.2782386088340656
0.27823894535259325
0.2782417127644292
0.27823908751136184
0.27823847597384266
0.27823924614018425
0.278239008078988
0.2782403710758157
0.2782393828851786
0.27823582059401
0.2782341154220844
0.2782364894254455
0.27823661689888685
0.2782349896703704
0.2782364420982329
0.2782349196002131
0.27823328222407007
0.27823126947440363
0.2782247115524631
0.2782205370062769
0.278221562540517
0.2782198834690633
0.27822004711125825
0.27821574500538343
0.27821660746263427
0.2782148645881183
0.27821580032389
0.27821500673859173
0.27821569288835285
0.27821964253563886
0.27822555395952836
0.27822266147471136
0.278218899037797
0.2782197716843291
0.27822294094458505
0.2782205164736087
0.2782233973051326
0.2782213303259936
0.2782179464744954
0.2782151931827469
0.2782102112018646
0.27821380082351843
0.27821259902449397
0.27821562321377274
0.278215855857868
0.27821591941505436
0.2782153416894365
0.2782142134442147
0.2782150445487736
0.2782137695816693
0.27821385176162367
0.2782170219005693
0.2782218207273759
0.27822166346879323
0.2782182185379568
0.2782192956233771
0.2782182676864774
0.27821794726122684
0.2782206228913039
0.2782206694355037
0.27822050328683834
0.2782196159466971
0.2782207077898799
0.27821632111263056
0.2782123466446559
0.27821141717810804
0.27821521106469443
0.27821786038818425
0.27821930118912724
0.27821666139193035
0.2782143044813615
0.27821401097222087
0.27821478258404636
0.2782173673523768
0.2782168390949564
0.27821875650623723
0.2782234025135726
0.27822287081523833
0.27822319700442805
0.27822470192878646
0.27822391946162733
0.2782193883818139
0.2782185107544563
0.2782134757684369
0.2782116915675369
0.27820883105690647
0.2782105448550136
0.2782102670319605
0.27820647710198043
0.27821000865491635
0.27821248232318635
0.27821149238776766
0.27821087097956354
0.2782081478164539
0.27820862911592625
0.27821174248747893
0.27821374798882254
0.2782113619497122
0.27820775112784585
0.2782044478930647
0.27819951795771236
0.2782024024914949
0.2782014845545984
0.2782018314767585
0.2781992221285913
0.27819816386143575
0.2781959258829335
0.27819717660813736
0.2781984553218509
0.2781994351583114
0.27819846277325305
0.27819822764640095
0.27819895621106855
0.27820374003800297
0.2782047381096261
0.2782040100564248
0.27820145612375324
0.2781960514092888
0.278197825668655
0.2781997332326007
0.27820096823709184
0.27820291128984515
0.27820310119274244
0.27820849249191404
0.2782062314577617
0.2782085274246145
0.2782128323441399
0.2782136358879414
0.27821340820202867
0.2782177056672538
0.2782182664787865
0.27821818588651204
0.2782206491765877
0.2782196203946527
0.27822584801566147
0.2782292502107695
0.2782314462668176
0.2782312503200391
0.2782337184820042
0.2782327307557555
0.2782337174965535
0.27823647735495477
0.2782390137153489
0.2782454775149401
0.27824706712492947
0.2782514710255549
0.2782562610239006
0.2782590767970643
0.27825959855800836
0.2782615960368612
0.2782632496017762
0.2782611371936718
0.2782641228639304
0.27826488362076357
0.2782660456508874
0.2782666463969253
0.2782649305220642
0.2782653194045131
0.27826305960473857
0.2782655754682243
0.27826444213397533
0.27826132266130205
0.27825834647141967
0.27826008337946007
0.2782597686848962
0.2782615398939737
0.27826361794014015
0.2782653260446808
0.27826443150874874
0.2782615999034956
0.2782651173510699
0.2782636734206913
0.2782639477905664
0.2782625044596609
0.27826260527306046
0.2782602862301781
0.2782561004294811
0.2782601861990236
0.27826293563742177
0.27826575024110994
0.2782661567339603
0.2782672866150501
0.2782685967238488
0.2782646769176148
0.27826260798412333
0.27826385543752274
0.2782623115971433
0.27825930723266123
0.27826104954599423
0.2782663038592724
0.278270505350123
0.2782677551691271
0.2782657099295221
0.2782641987759853
0.2782681288573446
0.2782691125051208
0.27826563599248116
0.2782620983838277
0.27826396426170574
0.278267150473282
0.27826876773488785
0.2782694044165644
0.2782695058257474
0.27826887983522103
0.2782691197900601
0.27826951123715465
0.27826529075784473
0.2782642758977067
0.2782664537243123
0.278265074387922
0.27826482860875756
0.2782637308095695
0.27826371735806105
0.27826275340169937
0.27826180166539477
0.2782616504723173
0.27826245496643887
0.2782623389010057
0.27826125028922705
0.27826201956670243
0.27826054861084465
0.27826111824442984
0.2782607891586983
0.27825955193870305
0.2782603919775743
0.27825465085630224
0.27825536263873807
0.27825441456819505
0.27825418140222663
0.2782521294095002
0.2782505346006521
0.2782500706566915
0.27824759525292564
0.2782461717356005
0.2782461457161548
0.2782443946116323
0.27824648570360144
0.27824399660534976
0.2782435886768819
0.27824762275528586
0.2782483036413663
0.2782482942844812
0.2782495126953457
0.2782485185826366
0.27825131622951654
0.2782497614967018
0.27824896282764827
0.27825259931185226
0.27825450628077436
0.2782538633133564
0.27825286590899534
0.27825469856496515
0.2782544260641411
0.2782487423922672
0.2782482956242182
0.27825008758537273
0.2782506327091027
0.27825586020046733
0.27825861827238035
0.2782599219711241
0.2782606648141283
0.2782600595999834
0.27826352700305357
0.2782604036848511
0.2782577488791352
0.2782608593056052
0.2782623870946508
0.2782651783936241
0.27826365033888045
0.2782606685535557
0.2782607371273266
0.27826053374556575
0.2782619961339924
0.27826012940594713
0.27826067089490225
0.27825919167844465
0.27825710431750594
0.2782557149658485
0.2782544695729095
0.2782566113745241
0.27825555570257304
0.2782532663735291
0.27825205605895686
0.2782518585218653
0.27825250622675735
0.2782537564299102
0.2782551852274927
0.27825505358968283
0.27825353589175156
0.27824894365721975
0.27824738333595633
0.27824959121866155
0.2782476159420992
0.27825091836422794
0.27825391540532035
0.27825365903108235
0.2782528012173636
0.2782491747284993
0.2782483609728381
0.2782470067203182
0.2782463308753396
0.2782476792875602
0.2782440284174702
0.2782405357111212
0.27824047598762475
0.27824020794911686
0.2782437138667802
0.2782423783408062
0.2782412935761299
0.2782364749980848
0.27823376190184396
0.2782375452964157
0.2782377934190534
0.2782357849846504
0.27823714572933783
0.27823802086982635
0.27823979852358993
0.278242011989996
0.27824023439032103
0.27823864600016396
0.2782380653664103
0.27823797774831216
0.2782371984106739
0.2782366889706105
0.27823550067921116
0.27823408938791244
0.2782318121461159
0.2782308451701239
0.2782302019832541
0.2782287618554998
0.2782301150887283
0.27823316674002846
0.27823393469212215
0.27823714540999167
0.278235713277033
0.27823102964345814
0.2782316665983417
0.27822966075642847
0.27823359074061726
0.2782358870408438
0.27823687243273953
0.27823821161254836
0.2782395448091478
0.2782430717166663
0.2782370030950364
0.2782402349086454
0.2782393069536649
0.27823911687532066
0.2782386281315692
0.2782392148072066
0.27823903365699104
0.27824051254529253
0.27823827565567416
0.2782419306607358
0.2782419884685118
0.2782404720199211
0.27824190890073
0.27823863025705364
0.27824184219271175
0.2782433331541628
0.2782482350360756
0.2782486027926309
0.27824800098889696
0.2782491364861911
0.2782553249873022
0.2782570079963271
0.27825409691887193
0.2782506294211778
0.2782525760782364
0.27825354435927335
0.27825435593688913
0.27825745632859683
0.27826185875266374
0.27826461005022574
0.27826598926933505
0.2782644482057117
0.2782621704629441
0.27826138234225406
0.2782601420611502
0.2782606873655852
0.2782626427143574
0.2782624419601102
0.2782658127128343
0.27826755629540206
0.27826453326090356
0.27825907590319643
0.2782555822970876
0.27825751732769405
0.2782587229910649
0.27826168721217615
0.27826061225207177
0.2782611021339389
0.2782599673215605
0.27826128661732974
0.2782635080158877
0.2782654850984571
0.27826199579441446
0.27826283417294856
0.27826137996268463
0.2782616077181415
0.2782631868474933
0.2782625483953014
0.27826289082834815
0.27826466213129114
0.27826662160867144
0.27826721578653124
0.27826950629726394
0.27827302508855245
0.2782754468231545
0.2782753178601384
0.2782751895163036
0.27827668902743075
0.2782812823504663
0.27827828551668427
0.2782763698029949
0.2782761492989482
0.27827565540090393
0.27827154554909944
0.2782705368004499
0.27827090970605856
0.278270067838257
0.27826690485484035
0.27826505371967275
0.27826260325044805
0.2782607334975627
0.2782592651760593
0.27825759888617435
0.2782584500802593
0.2782551907522317
0.2782561608627801
0.27825907251059356
0.278258633867608
0.2782566872565611
0.2782557149653447
0.2782566549243741
0.2782552926513593
0.2782522972673535
0.2782523139948718
0.2782500418057531
0.27825018636419685
0.2782526533128111
0.2782529481734658
0.2782534533670887
0.27825245581576075
0.2782508059455288
0.2782500594205903
0.27824818064705414
0.2782481993136382
0.2782498272112545
0.27824888778578194
0.2782491806109416
0.2782502362830391
0.2782537229302766
0.27825426226074434
0.2782522352446376
0.2782499718072177
0.27824753866081775
0.27824839215031716
0.2782463656447194
0.2782445614407284
0.27824431867621824
0.27824196072356727
0.27824267625384025
0.27824270686957986
0.2782398443602389
0.27824109686227705
0.2782432950409832
0.27824686731478043
0.2782460504013402
0.27824789638606723
0.2782466601929802
0.27824807068704394
0.2782514083073466
0.27825241229627473
0.27825330765727063
0.2782520545223701
0.2782541377108705
0.27825404426309097
0.2782549750698086
0.278255808545336
0.27825624502473917
0.2782552468473621
0.2782549103143723
0.27825539312709685
0.27825629144980724
0.2782541740568225
0.27825269217913556
0.27825110326301106
0.2782521122921493
0.27825215177719625
0.27825260588320777
0.27824964367402655
0.27824682115560245
0.27824704747594947
0.2782480184836167
0.27825180249036924
0.2782504601942901
0.2782515370928648
0.2782519683987991
0.27825099130122144
0.2782471183935167
0.2782467031786317
0.2782485167892703
0.278247090649163
0.2782447489406658
0.27824380149648825
0.2782452486860766
0.27824532899939175
0.2782456368771159
0.2782453951456975
0.27824547684618894
0.2782472516925643
0.27824732193488944
0.27824808699384795
0.2782464637355764
0.2782428170571638
0.27824329502016076
0.27824125059094584
0.2782390787539758
0.27823668801315776
0.2782383330288553
0.27823974950040914
0.2782415090099344
0.2782422340630863
0.2782425949277393
0.278244997799521
0.2782452604343966
0.2782460821913539
0.27824798785861254
0.27824987731587175
0.27825155825827924
0.27825224861209785
0.2782506648652475
0.27825022518672493
0.2782508825662523
0.2782495933215765
0.2782506624435509
0.27825117592282805
0.27824599547156076
0.278246145778018
0.278242435540005
0.2782437126350119
0.2782438586579247
0.2782423527008254
0.2782392201729671
0.2782358229882459
0.27823771282557275
0.2782401206335176
0.27824385172522986
0.27824357173310044
0.2782449399182366
0.27824834852573305
0.2782472214078229
0.27825074614491674
0.27825224940971394
0.27824989799154043
0.27824867180946733
0.2782489781551276
0.2782497949708785
0.27825238578882977
0.278252544870587
0.2782526287445996
0.2782514599127445
0.2782536065993641
0.27825492947402286
0.2782563619955499
0.2782534486174822
0.2782530026263698
0.27825156861979344
0.2782516410013495
0.2782524397598938
0.2782531781396021
0.27825258491201704
0.27825086630195517
0.27825055175717334
0.27825090226857074
0.27824843016258516
0.2782434974330721
0.278242458757635
0.2782469053528603
0.27824696554282785
0.2782462365172716
0.27824497249251245
0.27824526599256244
0.27824517684710603
0.2782420163725653
0.2782421654530595
0.27823876034758627
0.2782363235919329
0.27823822749778454
0.2782404760303931
0.2782409800152526
0.2782386998807741
0.27823730802357133
0.2782386541238877
0.2782390697928718
0.2782398981707481
0.27823882127246446
0.2782375643810514
0.27823692493724295
0.2782381343914631
0.2782391596406437
0.27824030336187117
0.2782409875355582
0.2782419040414596
0.2782423362716956
0.2782427001238249
0.2782424458933993
0.27824144459396455
0.27824234197181824
0.2782428175587762
0.27824190262794235
0.27823744563349945
0.27823503860790094
0.278234745744159
0.27823445732381097
0.2782338729480247
0.27823182626346454
0.2782353920194713
0.2782386609298643
0.27823901161934017
0.2782366285894153
0.2782340825477338
0.27823112015314755
0.27823090269425665
0.2782281383320637
0.2782250223206188
0.2782267202356102
0.2782245696475074
0.278222970177707
0.2782209374683541
0.2782214821869637
0.2782229143184265
0.2782227340745697
0.2782222877769566
0.27822125649854806
0.2782220725897821
0.2782225912263211
0.27822388935965975
0.2782227190296806
0.27822410723478364
0.2782249844233323
0.2782243150820732
0.27822359622745796
0.2782231113300987
0.27822402774707133
0.2782230910540914
0.27822538339454717
0.27822703477876387
0.27822417903169905
0.27822625635246434
0.2782273200813474
0.2782266006869289
0.27822670538921074
0.27822679252217813
0.2782287688711747
0.278224944331103
0.2782248440126721
0.2782276019701953
0.27822910191382466
0.27822842636116163
0.27822523055798154
0.2782253405080916
0.27822592453374645
0.27822794085053326
0.27822522227763813
0.2782268304751514
0.2782261843876527
0.2782251748354354
0.27822500511248976
0.27822512930600196
0.2782255961134267
0.2782258336960693
0.27822580499256133
0.2782247408564168
0.278224265894136
0.2782207543722629
0.27821927170531474
0.2782158853766682
0.27821827599254
0.27821776334385556
0.2782159722561506
0.2782131010308678
0.2782120012883391
0.27821365892842603
0.27821312746647553
0.2782105543945814
0.2782100832236157
0.2782058891657241
0.27820796764613565
0.2782083624519778
0.2782094010344336
0.2782097244137569
0.2782090598949034
0.2782066588810187
0.2782044676933684
0.2782055695281657
0.27820349997581617
0.2782001074630475
0.2781980123205861
0.27819875235297203
0.27819844324188364
0.2781982608681932
0.2781961567717489
0.2781976753575285
0.27819739383589337
0.2781962837309727
0.27819720796479136
0.2781958578295276
0.27819483882945156
0.27819555587209094
0.27819619916170135
0.2781954014789562
0.2781955224565012
0.278197539513296
0.278196577049046
0.27819574941316505
0.2781966322834059
0.27819730205308424
0.2782003502782039
0.27820079403791514
0.27819791720647374
0.27819716446705645
0.278195270166653
0.27819491413617153
0.27819355978306703
0.27819400072826383
0.2781937013823801
0.2781940602420689
0.27819555939674323
0.27819466596335246
0.27819078389287627
0.27818854340231364
0.2781889618447859
0.2781890807215734
0.27819050376932747
0.27819015504856665
0.2781917889442941
0.2781902422520809
0.2781950931414785
0.2781945750973605
0.27819220645674303
0.27819251551436774
0.27819112264179413
0.27819002469647425
0.2781938916581551
0.27819344025977594
0.2781926236690414
0.27819242025822666
0.27818905821204665
0.2781872123068365
0.27818907803833903
0.27818506358104766
0.27818591787938474
0.27818585725076783
0.2781841121295251
0.2781841417164862
0.27818637831465726
0.2781860188070268
0.278180949188115
0.278179892625671
0.27817827702734726
0.2781769934211223
0.2781766973574501
0.27817652578584157
0.2781727124456287
0.27817130831764164
0.2781729507969896
0.2781753374863109
0.2781760809813692
0.27817612041816053
0.27817706340440745
0.27818033850846785
0.27817995739714557
0.27818152045816436
0.2781807563603654
0.2781800682021257
0.2781800470335717
0.2781783609016147
0.2781797823783527
0.27817830639325924
0.2781809113621145
0.278180925643547
0.27818207495606917
0.27818249158948477
0.2781833611589769
0.27818268990531575
0.278183327892229
0.27818183300418
0.2781824107516293
0.2781810580097681
0.27817817532591355
0.2781811462863084
0.27818404304917704
0.2781852724369104
0.27818634076261123
0.2781847342491272
0.27818633966648015
0.27818649024595465
0.278189176810718
0.2781896869822974
0.27819019469438533
0.2781899706032839
0.27818917188944403
0.27818992387409996
0.27818895008913425
0.27818775292421816
0.27818470894552594
0.278184395260607
0.2781868016052767
0.27818849488652225
0.27818795862555434
0.27818699523119644
0.2781880435434663
0.27818965092446907
0.27819098870323
0.2781909011083865
0.2781927125092368
0.2781943342795023
0.27819441432353664
0.27819424213112204
0.27819381237970897
0.27819156985721183
0.2781906432564299
0.27819138138055716
0.27818996088018044
0.27819129746808074
0.2781935810539288
0.2781956175465938
0.2781960209777893
0.2781944280598174
0.2781940813570792
0.27819325445456144
0.27819335421265023
0.27819217912072014
0.27819140393602054
0.27819220161599656
0.27819291576468236
0.2781919220850523
0.2781898662683183
0.2781913627190619
0.27819083527455907
0.27818923644464694
0.2781863169727114
0.2781848870876424
0.2781850076188863
0.27818394054060297
0.27818298640275835
0.27818609215835466
0.2781852625410559
0.2781868898901678
0.27818869533427026
0.27819141085538207
0.2781941846074748
0.27819383320721636
0.2781945459399312
0.2781954814521303
0.27819629085795383
0.27819607794503903
0.2781967608137175
0.27819896065982447
0.27819937561152475
0.2781984613683436
0.2781987005334666
0.27820050091920684
0.2782015858196404
0.27820120379251895
0.2782020262149711
0.278205142569446
0.2782084073283938
0.2782104050544525
0.27821106952904673
0.27821212382385796
0.27821127822192376
0.2782099502908987
0.2782135652958196
0.27821357836279764
0.2782147667307797
0.2782148652180732
0.27821765731761894
0.2782205155714192
0.27822329078617625
0.2782256977667988
0.278224891791349
0.27822461785608926
0.27822602578360534
0.27822482399902565
0.27822627651918025
0.27822724028538665
0.2782293266612876
0.2782316323109487
0.27823063834798356
0.27823093098327845