0.36790194419111893
0.37751200460732826
0.3767051031965512
0.3745611049786539
0.3742525552330697
0.37544327342726386
0.37506608366610367
0.37394704886002367
0.37384662918819705
0.3732796790855708
0.3729018589606285
0.3737367350461232
0.3738957988224632
0.3740794405245576
0.3742532153474199
0.3743925484579697
0.3750239180376537
0.37530370886227316
0.3753586597275078
0.3756943828485753
0.37601566637615813
0.3762508307285537
0.37636589486305116
0.37602133647691405
0.37611623150660023
0.3764497325285332
0.3765229085047837
0.37688553073035824
0.37661946528157186
0.3764761583333912
0.3762917637666258
0.3760467743779155
0.3757046362759528
0.37580067585363175
0.3757782688487541
0.3758028153440472
0.37558483472605514
0.3758683700189119
0.376041802834746
0.3758601904269453
0.3757253459284099
0.3758982743746549
0.37615895522220616
0.376361034324653
0.37637212502093653
0.3762253780636866
0.3762019559878291
0.37619123854430464
0.37609098575960587
0.376049150466679
0.3760963281504194
0.37628809691095927
0.3762146649498261
0.3762309870457548
0.3762822423684177
0.37630391858660667
0.3763471293084512
0.37630933780899595
0.37621904828650743
0.3762592111479172
0.3762223048193022
0.37630607084110657
0.3764506369153767
0.3762717975984023
0.3761848804428571
0.37605514996870565
0.37597891433889125
0.3759696486727309
0.37588766503865984
0.37585887189208417
0.37583063888233603
0.37594208697966197
0.37606469648028834
0.3759432273424081
0.37593914717466503
0.37587808643441
0.37575071452859493
0.37581933471353696
0.37588746911497284
0.37590979611448727
0.3758254996979462
0.375671727065463
0.37563119539364326
0.37558390606103453
0.3755465225283443
0.3754977520231406
0.37547864587603785
0.37550851019550496
0.3755407394206588
0.37561658161178074
0.3756368823160823
0.3756082649535861
0.37570498538965796
0.37578875887638863
0.37581008920354314
0.37579523334701503
0.3757712846936435
0.3757850227367057
0.3757240871160271
0.3757004994596631
