0.29108543304604656
0.3036051402977261
0.3067048140458566
0.3087670517021447
0.31011638656277957
0.3111877179256256
0.3117275496214212
0.3115232279410203
0.31170570868778635
0.31209958352073014
0.3124011220192031
0.3125878420066207
0.3123777865173318
0.3122237318696038
0.312161633704452
0.3120867036560734
0.3118939013271375
0.3114668189964199
0.311117555781119
0.3108401681129649
0.3116021562721238
0.313915618331893
0.31614063877540594
0.3183541288626981
0.32039238759204625
0.3223052287437143
0.3241716157406707
0.3259648044539153
0.32768805395737227
0.3291698016054275
0.33040600258025704
0.33154554731149855
0.33273713978958547
0.3338667169078745
0.3349045972210844
0.3358379407095312
0.3367860485363451
0.33769854217636086
0.3385529733870855
0.3394291667782425
0.3404179212516122
0.3413345734656531
0.3421472828460331
0.3428190191153438
0.34336384944236253
0.34389068623322316
0.3443736535211222
0.3448109383592291
0.34529276336685005
0.3458208033215476
0.34632951598767453
0.3468400699957877
0.34725705148679475
0.3476943281819872
0.3481265563917685
0.3486226842008295
0.34908926266798807
0.34956143351348806
0.3500027846342966
0.3504995887217967
0.351018006689725
0.351395464452008
0.351807465914416
0.35220789269902053
0.352528654640677
0.3528095822427754
0.3532048751773601
0.3535400977096098
0.35385328064857546
0.3541409858402626
0.3543914916991665
0.3546203869061117
0.3548513355673728
0.35498770811492797
0.35513355244747885
0.35531644693332093
0.3554736433807339
0.3556224295597391
0.3557447326404888
0.3559046795185537
0.35605256985939904
0.3562194832592495
0.35640716577198844
0.3566026751663947
0.356771498559519
0.3569489666648372
0.35713913164625183
0.3572804979118078
0.3573883999455675
0.35752395053328956
0.3577016504966841
0.3578689184169223
0.35799613346324854
0.35812698299909757
0.35823382646850427
0.3583608172282072
0.3584935346303771
0.3586565179447708
0.35883684345852357
0.35896806140012394
