0.25914726921891335
0.2561402217358998
0.2565291259597978
0.2569342804930424
0.2577327145938378
0.259459924390917
0.2596770524286494
0.25911476962568597
0.25934482556950383
0.25986639077809004
0.2606081586230498
0.2608376026809083
0.26122543064174003
0.2614779117433849
0.26186256201794245
0.2623798271482775
0.2623001580797104
0.26268141029480346
0.2625882493643945
0.26221625270783955
0.26226105813069445
0.26216177384380257
0.26188655925565907
0.2617632910605241
0.2613650929674884
0.26113906746958643
0.2610356049662825
0.2606731870757073
0.2607594491597508
0.2607346395160303
0.26069797555648433
0.2608339035854023
0.2608448395689086
0.2607923763801706
0.26067083145049186
0.26062453983153905
0.26063425115363154
0.26086879731410895
0.26105470525700547
0.26127641410991603
0.2615410724590486
0.2617167678599575
0.2617029729437739
0.26164971517820834
0.26159935256857814
0.26162794149398383
0.26156041808823705
0.26149752333608833
0.2615245650033132
0.2614996760435938
0.2614383043817717
0.2612137167335046
0.26113038086169343
0.2612357775539107
0.2613233299936683
0.26127764588734514
0.2613315888663853
0.2612623220396149
0.26116737124460154
0.2612644612468837
0.26123527490480536
0.26137718405420296
0.26155665116546734
0.26171029624477987
0.2617818352287794
0.2617770364722369
0.26172501211123966
0.26173157584946316
0.26176049168379767
0.2617251253444876
0.26170228690664726
0.2617063321246706
0.26169497262982805
0.26172307147528223
0.2617584775536384
0.2617027293102334
0.26167750687368907
0.2616419032236258
0.2616066120005782
0.261616695636066
0.26165190913863107
0.261608196487317
0.261660996623148
0.26164073258379716
0.2617180747650578
0.2617538084073605
0.26177649106833695
0.26182732014387966
0.2619061198998059
0.26196194647766247
0.2619785379429696
0.2620617045251444
0.2620580475741396
0.26202695038094226
0.2619939858876037
0.26200342322862324
0.2619851900082554
0.26196385429274543
0.2619330103718144
0.26188210887619423
