0.3417655537978223
0.3645704208504973
0.3701448479145342
0.37231081606192723
0.37328980929048233
0.3747084515691914
0.3756765070397469
0.37574342335877925
0.376214613684787
0.3767744592860497
0.3771402422961122
0.3775261927010432
0.3775156767121006
0.3772270835461276
0.37719432755955706
0.3772136790358477
0.3771319687253804
0.3767073618880966
0.37625487056964535
0.3757133536192169
0.3752307159058292
0.3745713707284047
0.3740714595827982
0.37379125937617663
0.37355028441537497
0.3733692766936556
0.3733012687638532
0.37328318965558255
0.3733147406668177
0.3732189660995734
0.3729896665660024
0.3727504335394152
0.37264597416370454
0.3725593026547958
0.3724595803766079
0.37232931753977816
0.3722676841839062
0.37222262717751453
0.37217904322498674
0.37219950192561546
0.3723784218953349
0.37251162812075245
0.372584153184496
0.3725486032852948
0.3724199090795614
0.37230206208263195
0.3721707547217891
0.3720099788762362
0.3719289869462034
0.3719189973421594
0.37190705276672575
0.37190663681598407
0.3718334862070678
0.37180563330095306
0.371781173891956
0.37183088525150865
0.37187580641580575
0.37195048393279195
0.37200743952471305
0.37212920712537667
0.37228987610852493
0.37232145253625737
0.3723986053596078
0.37247161914863963
0.37247508914494726
0.37244817967273686
0.3725448946440775
0.3725904172183862
0.37262504828673865
0.37264268827534036
0.37262660400027803
0.37259583493990567
0.3725786399760647
0.3724738518746098
0.3723850089501119
0.37233943237819844
0.3722741302210084
0.3722061590815245
0.37211722674083025
0.372069445636276
0.3720156645521242
0.37198673165541485
0.37198331518416866
0.37199230236194675
0.3719790178329375
0.3719786374380881
0.371995047164419
0.3719622895352263
0.37190162835923085
0.3718725988712906
0.37189137268986583
0.37190155607913733
0.3718747255207795
0.3718548249050499
0.3718160342087016
0.3718007876868414
0.37179421604240187
0.37182076782071505
0.37186743226911395
0.37186767607573185
