190
216
194
202
236
198
206
193
217
253
222
188
202
203
278
180
193
218
181
284
186
196
215
181
299
215
194
194
232
280
181
216
192
197
287
220
183
211
215
262
200
215
197
197
303
190
198
208
201
275
202
226
197
210
315
181
198
234
186
305
194
199
208
208
313
217
184
203
213
328
181
213
192
212
340
181
230
201
195
331
197
219
182
195
333
210
213
184
210
378
208
185
197
224
320
210
199
211
204
359
209
206
201
211
345
197
225
185
212
366
187
223
179
218
380
181
221
182
195
380
188
234
183
197
401
215
211
186
208
373
232
184
197
206
402
184
210
227
181
388
193
229
186
195
424
199
210
183
216
387
185
201
218
200
420
184
221
208
217
375
196
216
178
211
403
179
199
229
185
407
191
182
209
211
370
219
185
196
210
387
197
221
184
211
438
184
205
188
212
425
184
210
185
211
413
185
206
183
211
394
186
225
201
195
385
201
222
194
217
379
216
198
215
190
419
180
211
212
198
419
182
194
235
186
435
182
206
214
186
394
196
213
210
211
406
222
184
211
228
395
193
224
182
210
447
183
197
209
186
418
214
201
214
221
392
202
210
185
211
406
201
224
190
195
416
184
218
184
197
454
186
210
217
197
446
185
212
191
195
431
185
226
185
234
414
206
216
199
203
403
215
185
213
229
401
211
198
216
217
388
226
197
200
212
455
182
229
187
203
431
187
197
220
212
413
209
184
195
210
404
182
224
186
198
490
190
199
208
202
458
184
196
219
185
473
188
209
218
187
445
186
211
207
187
463
190
211
218
188
437
181
212
213
196
461
186
200
221
183
465
184
199
231
185
495
187
201
233
184
459
184
219
190
198
451
188
211
205
212
415
199
220
203
198
446
197
220
197
204
410
224
189
214
214
432
218
198
224
185
422
186
215
219
199
480
182
197
213
204
465
187
214
225
188
505
189
215
195
229
686
203
213
194
206
600
186
202
210
200
839
184
202
225
192
587
188
208
213
211
653
220
183
215
209
535
215
186
214
223
500
198
203
212
210
748
213
198
218
192
484
191
212
226
183
800
200
226
187
199
536
212
188
211
214
699
181
212
207
184
631
201
201
215
196
674
180
216
214
186
579
181
217
200
556
531
224
208
221
222
479
218
217
223
244
491
218
216
208
213
560
229
206
226
217
544
222
217
220
227
505
233
221
218
217
505
217
216
207
237
527
219
205
219
214
517
230
215
211
198
493
243
213
215
211
508
217
222
221
209
519
206
213
213
223
520
220
217
207
203
511
220
235
213
212
521
217
216
219
212
536
207
207
212
224
515
213
214
213
216
539
208
206
205
211
528
227
220
247
214
501
221
213
208
199
498
231
222
202
221
534
215
218
216
213
506
213
211
210
212
509
232
209
224
201
495
216
219
210
208
509
262
256
235
212
491
213
212
209
215
537
210
208
212
208
478
210
220
202
222
516
213
196
208
210
514
224
200
225
195
485
204
202
201
206
504
220
205
204
196
462
204
199
210
200
509
209
215
212
210
477
205
202
205
1194
496
220
212
200
201
482
208
206
209
199
482
201
194
214
197
527
232
202
210
201
454
213
307
236
229
497
217
219
206
207
479
202
198
196
197
475
200
217
199
199
457
210
189
224
206
460
206
214
209
203
456
212
211
201
204
454
201
208
189
197
473
207
197
200
201
450
205
188
194
192
425
177
173
186
172
402
176
175
172
191
407
191
178
173
185
399
188
174
176
189
389
202
172
178
183
401
173
180
178
176
406
173
190
182
173
405
173
178
177
173
381
185
175
179
213
429
178
187
186
178
424
181
175
173
183
412
178
195
175
171
389
175
175
186
177
402
185
176
175
182
413
186
174
176
178
417
177
191
174
178
404
176
188
179
173
396
193
186
171
173
402
177
188
172
174
402
179
196
174
177
412
174
180
176
180
401
184
173
189
182
416
176
175
181
174
401
176
188
174
191
394
180
175
188
173
421
178
182
186
175
438
175
179
187
173
405
179
185
188
175
422
174
174
189
174
409
176
176
196
173
419
197
179
176
184
385
177
206
177
175
419
177
174
172
174
410
178
172
194
174
393
206
174
170
174
405
172
173
195
177
402
173
191
175
183
393
174
191
175
173
405
176
175
203
176
414
169
180
175
187
406
191
176
174
200
409
183
174
175
173
403
175
188
175
176
422
175
186
177
173
405
174
187
173
175
432
177
173
189
177
404
176
172
183
177
431
173
179
183
175
414
177
181
188
176
422
179
172
188
172
421
177
172
181
182
416
189
193
172
180
420
186
179
173
185
402
180
187
182
181
474
191
176
176
179
402
185
181
193
177
401
179
188
176
178
411
177
192
173
193
402
172
188
173
176
407
188
177
173
185
407
193
178
182
191
419
175
175
193
176
420
176
178
185
174
404
175
179
188
177
426
178
176
195
175
404
172
174
196
173
443
177
179
175
191
401
180
201
177
175
421
188
175
174
192
402
175
194
176
183
417
180
194
177
182
401
173
185
175
175
410
175
173
192
188
400
184
180
178
173
412
175
174
189
190
427
175
176
173
185
400
189
176
179
178
420
182
179
174
173
409
177
191
178
177
428
176
184
174
174
421
175
192
174
172
418
180
188
174
177
406
181
174
181
183
415
190
178
180
176
410
175
179
186
178
411
197
178
176
188
407
181
175
192
180
414
178
191
174
186
396
198
179
178
176
415
175
193
193
177
427
176
176
175
180
415
171
175
188
194
406
177
189
188
211
412
191
215
176
192
456
175
192
209
182
432
204
174
204
202
431
190
205
176
205
440
181
193
201
174
462
177
202
215
179
441
177
202
215
176
425
197
206
211
174
459
176
199
200
176
454
174
218
204
203
415
192
178
192
201
474
177
190
225
179
430
221
180
174
371
435
179
188
220
195
433
192
188
189
204
434
177
218
178
188
471
177
193
215
179
451
181
187
202
199
440
200
180
189
211
418
214
179
188
204
449
191
203
179
202
423
194
205
177
201
453
210
175
188
207
412
211
193
207
202
417
224
178
201
203
429
204
178
205
198
411
190
203
213
179
436
188
191
214
175
453
179
203
217
190
417
220
175
198
203
423
174
205
205
175
448
212
179
206
203
429
176
195
208
176
447
205
175
204
210
416
190
205
177
190
476
178
204
199
179
430
211
180
206
205
444
197
206
215
176
427
205
181
194
202
426
211
215
180
174
460
180
189
189
218
397
212
195
173
210
448
180
191
188
193
453
176
204
220
174
434
208
182
207
199
418
205
193
176
219
443
175
194
203
182
475
177
188
205
593
540
234
264
233
207
438
175
176
193
196
406
189
182
179
179
421
177
176
196
182
422
179
178
175
184
404
178
190
175
178
442
178
180
183
180
421
178
176
184
179
473
175
189
212
180
438
181
192
207
210
449
182
192
206
202
425
175
206
214
181
445
192
205
208
189
434
176
201
178
207
427
199
191
205
202
434
194
195
208
177
453
175
204
205
184
452
184
207
201
192
443
192
204
187
216
431
178
208
194
205
435
205
177
199
201
462
177
206
187
191
436
178
210
191
200
438
199
209
210
192
435
199
177
213
183
457
193
203
194
197
434
199
201
198
200
446
195
202
194
217
429
189
215
176
211
422
220
192
197
180
447
181
210
234
178
444
191
205
215
213
403
223
179
199
205
452
180
207
219
178
440
221
175
207
191
435
182
216
197
189
457
176
192
216
186
433
210
177
208
232
434
202
182
192
205
435
198
207
179
219
436
179
201
180
197
452
179
222
179
191
1166
177
205
196
205
436
198
213
181
215
423
207
196
210
204
441
181
210
202
194
464
177
208
206
181
452
178
210
192
205
442
227
181
196
207
465
179
196
207
197
464
194
192
193
214
419
192
204
192
200
465
176
191
219
184
448
181
192
209
233
419
211
183
188
205
447
197
217
178
221
438
199
205
179
206
426
192
201
192
205
465
190
212
179
206
437
184
175
205
213
444
212
191
207
181
431
180
207
212
213
470
182
197
209
215
427
179
205
202
191
474
178
205
212
187
443
177
208
198
183
467
179
208
197
183
462
180
213
211
180
478
177
204
200
205
438
193
207
199
192
443
207
180
208
207
437
178
205
202
199
457
180
208
193
200
447
194
205
219
179
469
197
195
219
178
447
183
205
208
192
474
180
210
183
203
427
196
207
197
207
452
194
210
181
205
480
179
194
214
198
443
234
182
192
191
454
181
205
208
178
464
227
180
210
213
432
198
209
178
208
467
182
188
205
195
460
181
199
207
203
445
209
182
222
215
428
205
177
212
201
415
240
181
209
203
422
215
180
212
197
427
226
193
213
213
424
207
185
208
195
471
194
212
180
208
444
197
211
180
212
466
205
184
210
202
440
219
185
207
204
456
197
211
195
180
455
196
203
205
198
458
201
185
217
217
422
200
196
214
181
457
190
212
208
209
439
201
198
209
204
457
180
239
182
198
467
183
198
209
213
439
197
230
182
208
474
181
195
213
184
468
185
191
217
223
426
203
189
196
218
441
204
215
180
208
448
186
201
183
196
560
179
209
224
198
459
184
207
215
197
488
181
206
184
213
453
181
206
197
210
466
212
184
194
209
442
183
198
219
212
454
202
209
201
196
500
187
219
242
186
490
190
207
214
225
431
211
221
181
208
482
185
197
215
210
458
221
209
211
216
417
205
211
181
212
456
185
197
234
184
474
186
208
228
183
454
188
212
228
186
463
183
202
221
194
474
189
212
234
185
466
184
210
205
206
469
181
215
189
215
460
179
216
198
218
421
211
199
213
222
439
214
188
202
214
426
210
256
181
225
451
204
210
184
213
473
183
193
196
225
450
200
223
186
209
449
208
184
221
209
437
219
198
217
187
452
196
228
193
194
464
189
203
211
207
448
215
201
198
208
439
218
201
211
221
438
203
191
214
217
462
184
218
222
200
469
183
198
212
214
421
192
229
180
210
469
188
197
213
189
498
195
198
210
207
431
213
218
184
214
475
178
194
221
183
446
224
181
208
215
426
237
222
182
207
458
182
205
183
196
479
203
211
210
204
461
182
208
213
199
475
181
223
212
183
491
184
197
211
207
434
210
207
193
212
475
182
195
211
184
480
188
185
227
213
427
194
216
196
193
464
183
194
223
200
467
191
200
219
186
454
183
206
206
209
445
215
201
200
224
427
213
198
206
209
439
224
185
200
207
454
185
226
199
196
461
182
213
183
212
456
183
222
183
212
464
184
209
187
209
457
184
223
196
196
1021
239
209
223
220
586
184
213
184
183
454
178
182
185
196
435
198
184
181
182
440
183
185
200
182
468
194
199
216
183
471
186
203
212
212
444
266
189
211
203
426
212
198
211
208
422
222
199
212
208
442
221
186
212
195
472
208
195
211
200
479
184
225
186
192
445
243
181
198
209
476
184
210
200
200
475
192
197
196
219
456
193
221
184
212
457
202
213
198
197
444
203
180
211
224
433
211
180
212
208
446
187
221
200
180
459
201
207
186
209
461
202
180
211
206
456
201
197
231
185
485
182
194
208
196
485
194
207
197
219
452
194
195
208
208
473
183
217
185
212
448
209
185
210
204
482
197
211
183
197
459
180
215
198
212
494
194
215
187
212
499
190
203
208
187
492
216
186
212
212
452
188
235
185
185
491
188
214
225
185
451
210
198
199
229
440
221
180
204
208
418
195
177
203
205
439
202
194
205
209
427
200
179
204
197
442
204
196
187
218
444
178
206
216
177
459
191
213
173
186
473
175
205
208
181
470
177
206
212
176
460
179
207
203
227
431
187
208
177
202
485
179
187
205
194
460
175
203
188
218
430
215
176
190
207
448
180
204
191
203
458
180
214
178
206
456
205
204
192
206
450
213
175
205
216
430
208
179
190
212
442
210
180
191
211
451
203
182
201
214
430
232
178
208
209
451
223
196
202
199
477
184
211
212
197
452
201
196
230
204
445
187
211
209
184
477
187
245
198
210
444
198
210
210
195
473
185
211
221
183
480
181
196
216
225
439
212
205
205
212
458
201
224
186
182
478
179
207
235
220
446
215
182
207
214
434
207
182
215
210
453
200
212
182
214
453
202
212
183
1136
458
183
200
201
212
453
199
222
193
217
442
230
183
210
210
450
191
208
206
178
513
185
214
222
186
469
199
196
222
207
476
183
218
179
200
461
186
218
214
216
423
220
196
220
187
450
201
230
187
212
456
183
219
200
197
481
192
187
212
220
432
214
198
216
182
488
198
207
187
210
455
220
181
218
214
436
213
219
212
209
459
204
198
215
215
449
213
195
210
215
468
181
227
180
212
480
189
210
204
184
479
219
186
213
218
419
204
210
186
210
472
201
228
187
202
457
188
217
221
206
492
186
215
224
201
492
188
218
187
213
470
188
216
189
214
466
200
230
203
220
442
216
203
220
187
486
204
224
189
200
457
226
198
199
215
496
190
213
218
201
491
205
220
200
203
478
186
215
220
215
465
189
229
204
204
506
185
215
220
208
443
218
191
215
215
481
210
233
187
216
485
189
231
187
206
500
191
222
190
199
500
185
231
181
202
494
193
232
189
202
464
185
222
199
216
462
202
184
214
223
436
186
213
220
198
494
186
199
223
191
474
218
211
223
186
504
187
230
187
197
487
209
192
219
209
453
189
200
226
189
512
232
218
208
227
450
194
215
237
199
488
193
218
205
222
463
205
214
204
233
447
206
236
209
209
532
185
201
740
210
572
227
209
206
218
467
203
186
188
187
452
191
198
193
205
472
188
203
219
199
441
216
187
215
286
434
203
219
184
215
474
189
214
187
227
491
