94646.36018068966,136657
94634.92999814401,136657
94624.56289843835,136657
94614.80775328357,136657
94606.09480761286,136657
94597.13573491515,136656
94589.55237612319,136656
94583.14633518997,136657
94576.68210126959,136657
94570.6448654415,136657
94570.89123109478,136657
94564.66435205778,136657
94558.47459626093,136656
94552.10640049212,136655
94547.91744563438,136656
94543.51451889113,136656
94538.95931411721,136656
94534.8881706833,136656
94531.11839770802,136656
94527.53688958802,136656
94530.52738745046,136656
94526.22058402307,136656
94521.67077968824,136655
94517.70339140686,136655
94514.81549432279,136656
94510.9158883019,136656
94507.64083974042,136656
94504.99872110767,136657
94502.11712357085,136657
94499.00259454676,136657
94503.4953435483,136657
94500.08107552255,136657
94496.43482091137,136657
94493.21462209157,136657
94490.13179596038,136657
94486.50062728283,136657
94483.11265453292,136657
94481.59376484099,136658
94478.17095567184,136658
94475.4345622917,136658
94480.90552826608,136658
94477.52202285841,136658
94473.77506321383,136658
94469.98483174056,136657
94467.78944016097,136658
94464.0527267058,136658
94461.19172125102,136658
94458.06847016166,136658
94455.9433638751,136658
94453.3488149968,136658
94459.17936764489,136658
94455.24511711545,136658
94451.78327372114,136658
94448.81635875691,136658
94446.0343594289,136658
94442.74310898746,136659
94440.54794772495,136659
94437.19737354659,136659
94434.053984001,136659
94431.12092078029,136659
94437.0448250189,136659
94433.86142303736,136659
94430.40644418515,136659
94426.40486070052,136658
94422.98023671245,136658
94419.97087830561,136657
94416.71091079178,136657
94414.99252582467,136658
94411.74017347659,136658
94409.55903110442,136658
94414.70209204014,136658
94411.38983858027,136658
94408.6477387431,136659
94405.57798759404,136659
94402.64722994837,136659
94400.65542424007,136660
94396.51665562557,136659
94392.96161473464,136659
94390.91131997498,136659
94387.9050055788,136659
94394.02150718789,136659
94389.76560372049,136659
94386.71764212911,136659
94383.54729410233,136659
94380.30298010145,136659
94378.40050287415,136660
94375.02975199086,136660
94372.75533719487,136660
94369.80269581196,136660
94366.96687082475,136660
94372.42441268907,136659
94368.70980595573,136659
94365.79226969767,136660
94362.00815504708,136658
94358.25371317336,136658
94355.22804010613,136658
94352.19960974403,136658
94350.42652196466,136659
94346.72164475224,136659
94344.89283998881,136659
94350.43637293245,136659
94346.96543185423,136659
94344.24376938607,136660
94340.76099209227,136660
94338.34620870644,136660
94334.35562816415,136660
94331.46467788826,136660
94328.61257246952,136660
94325.81052236688,136660
94322.89127969615,136660
94328.4245264394,136660
94326.1475185991,136660
94322.53792359064,136660
94318.71923788394,136659
94314.09265040696,136658
94311.78617724663,136659
94309.02840401362,136659
94305.80136331983,136659
94303.58821329156,136659
94300.20807954803,136659
94307.29807244401,136660
94302.59965353101,136659
94300.33206044004,136660
94298.00577696721,136660
94294.24282564496,136660
94290.33430954703,136660
94288.0557497828,136660
94285.64032484486,136660
94282.70350911128,136660
94279.84555676636,136660
94285.77549865872,136660
94282.26067734261,136660
94279.64751253651,136661
94275.61279623143,136661
94273.63630475107,136661
94269.73423741534,136660
94265.74927759488,136660
94262.6778561595,136659
94260.47889318014,136659
94257.0236720391,136659
94262.99372504209,136659
94259.49716746827,136659
94256.54423080485,136659
94253.58453115277,136658
94248.69205307508,136657
94247.21132166788,136658
94242.37826656082,136658
94241.40867686878,136658
94237.59647551093,136658
94234.91988106573,136658
94241.86155398685,136659
94237.47115664657,136659
94235.5428380103,136659
94231.82946301345,136659
94228.9045993883,136659
94225.1945324919,136659
94222.04588754046,136659
94218.98781659036,136659
94217.1327236359,136659
94213.84677900786,136659
94220.163774283,136659
94216.87396738828,136659
94212.37883159405,136659
94210.21602101365,136660
94208.24200223773,136660
94204.30677922566,136660
94201.81196326984,136660
94198.68866194144,136660
94195.93636350143,136660
94192.81667982535,136660
94198.83815391354,136661
94195.52844703411,136661
94192.66402971931,136661
94189.28214248763,136661
94186.7066964498,136661
94183.53904051543,136661
94179.76143505846,136660
94176.822755412,136659
94173.91605847325,136659
94170.45039181631,136659
94176.45442399199,136660
94172.86355382329,136660
94170.40539127751,136660
94166.49582644737,136660
94163.01466396866,136659
94160.22546013161,136659
94157.54017023437,136659
94153.72367143274,136659
94151.80930722327,136660
94150.67899181692,136660
94155.20480533803,136660
94151.73382887615,136660
94147.17291345884,136660
94145.99483859933,136661
94142.80221858222,136661
94139.95437817722,136661
94137.4143870029,136661
94134.39993463254,136661
94133.55602658633,136662
94130.02009199395,136662
94135.63180594349,136662
94130.87467597489,136662
94128.01074132799,136662
94124.82882260944,136662
94121.2279774929,136662
94118.31524603124,136662
94115.9649615338,136662
94113.50467183515,136662
94109.91234094754,136662
94107.90130797193,136662
94114.00843577253,136663
94109.75919434821,136662
94107.50385812028,136662
94102.47495527013,136662
94100.69112757422,136662
94097.15787732507,136662
94094.39976457131,136662
94090.37631753914,136662
94089.02519832629,136663
94087.29358269768,136663
94092.0933928755,136663
94090.03008739634,136663
94085.30009931378,136663
94081.45434170893,136663
94079.7996290137,136663
94074.18444278398,136662
94072.97838896049,136661
94067.14219313292,136659
94065.24288982959,136660
94061.12445399983,136659
94067.63352584599,136659
94064.48028089777,136659
94060.54578401538,136659
94057.95391700561,136659
94054.36897354895,136659
94052.60231906394,136660
94048.32926263117,136660
94046.64212190775,136660
94044.5880406609,136660
94040.67228800122,136660
94047.9977224276,136660
94045.19720305176,136661
94041.16249465258,136661
94037.02651625675,136661
94034.80378415882,136661
94030.81366609658,136661
94029.0562494994,136662
94025.91485554556,136662
94023.65197570724,136662
94021.02989173027,136662
94026.6010197564,136662
94024.08639792839,136662
94018.95057105266,136662
94016.56325371479,136662
94013.62570243022,136662
94011.6263034247,136662
94007.5716254312,136662
94003.04351311407,136662
94001.24607096876,136663
93998.25104848159,136663
94005.6312344449,136663
94003.56110161271,136663
93999.15186342358,136663
93996.3402218803,136663
93992.50411379432,136663
93988.27807853695,136662
93986.14758741368,136663
93985.87097554131,136663
93982.79083892715,136663
93979.34150196503,136663
93983.81130948704,136663
93981.89121147804,136663
93976.05151362668,136663
93973.81065764072,136663
93970.52679532328,136663
93967.71481227508,136663
93966.6935803968,136664
93964.24872842431,136664
93959.43144588043,136664
93957.58511998339,136663
93962.1522446864,136662
93957.60307466822,136661
93955.18410696338,136661
93952.08883855407,136662
93949.5295120093,136662
93946.48273398782,136662
93942.56704524785,136661
93939.53628810869,136661
93938.56697891251,136662
93933.67943140825,136661
93939.06806864872,136661
93935.10405344304,136661
93933.84295145856,136661
93929.76171392859,136661
93927.53223106654,136661
93922.67818663815,136661
93921.50419456263,136662
93918.77614473134,136662
93914.00399898492,136662
93912.59166182776,136662
93918.74034955297,136662
93914.72714596608,136662
93911.3279751969,136662
93909.73645241001,136662
93905.71852400478,136662
93901.11112199418,136662
93900.27536322044,136663
93895.98804003261,136663
93892.85500818833,136662
93890.52120792677,136661
93896.71382494477,136661
93893.81326236353,136661
93890.21009245787,136661
93886.01450379957,136662
93883.23675960948,136662
93881.46141967682,136662
93878.64656996782,136662
93875.85332861662,136662
93872.61983944944,136662
93869.6027953799,136662
93874.09267723166,136661
93870.06499968692,136661
93868.34232841231,136661
93865.26271733065,136662
93862.82259823827,136662
93859.1468371941,136662
93855.39109206486,136662
93853.96295755038,136662
93850.436881251,136661
93847.03145622519,136661
93852.07452253043,136661
93849.419557067,136661
93846.90238892935,136661
93842.72377599079,136661
93840.22890812221,136661
93835.8013095284,136661
93834.8071423111,136662
93832.89768828255,136662
93829.75565465984,136662
93825.22944626333,136662
93831.07998491832,136662
93830.17738641515,136663
93825.93513191225,136663
93823.1502889246,136663
93820.52078456692,136664
93817.41605308237,136664
93814.78559081774,136664
93811.98194108889,136664
93807.55049627216,136664
93804.37323962414,136664
93811.71696192615,136664
93807.13252218271,136664
93805.908723673,136664
93800.70319019344,136664
93798.69325396778,136665
93795.25248815441,136665
93792.9274667789,136665
93791.21881358845,136665
93787.25133680097,136665
93784.39999387262,136665
93788.90251810798,136664
93790.46105371295,136665
93785.96134779099,136665
93780.72710327372,136665
93778.64733842477,136665
93774.85625152764,136665
93773.44010306553,136666
93770.04964075914,136666
93766.76723729029,136665
93764.31124209917,136665
93771.7107780244,136665
93767.53982790599,136666
93764.55930367754,136666
93760.35954570457,136666
93757.18071632124,136666
93754.59763491958,136666
93750.28902814357,136666
93750.50218279939,136666
93746.31571188562,136665
93742.92800953519,136665
93747.48199690804,136665
93743.9799512307,136665
93738.93797000876,136665
93736.77495025194,136664
93734.25448995418,136665
93732.5915288695,136665
93728.43246940397,136664
93727.25743893252,136664
93720.82060061037,136664
93720.8851248832,136665
93727.66026313682,136665
93723.85194402501,136666
93718.9580988211,136666
93716.4829392916,136666
93715.20009904809,136665
93708.9496562204,136665
93707.57640884486,136665
93705.50109527892,136665
93702.85366333943,136665
93700.67178436105,136664
93704.07139219121,136664
93702.088201266,136665
93697.72100340867,136665
93694.70040910666,136665
93693.33818577293,136665
93688.22775336448,136665
93683.99268059416,136665
93681.38721638176,136665
93678.99725267921,136665
93677.89997036618,136666
93682.49441686661,136665
93679.95905239756,136665
93676.04646437115,136665
93671.55630566848,136665
93672.24350744438,136666
93667.1472913506,136666
93663.78695067644,136666
93662.80261295772,136666
93660.64815172792,136666
93655.54423357549,136667
93660.92655702897,136667
93660.98007332333,136667
93656.12169464465,136666
93651.47219459405,136666
93648.74391614755,136666
93645.08854726204,136666
93644.40635937823,136666
93642.24322282575,136666
93638.0425623844,136666
93634.62596572348,136666
93640.11213762118,136666
93637.65889962245,136666
93635.24285767312,136666
93631.00922044145,136666
93627.83605661057,136666
93625.51411704524,136666
93624.04224376606,136666
93618.9201753215,136666
93616.97506631658,136666
93613.81361463678,136667
93621.0192624416,136667
93618.29544366844,136667
93613.80890042029,136667
93610.09943789111,136667
93607.22386274875,136667
93603.79125104182,136667
93601.40051040996,136667
93598.28697981978,136667
93596.28143807652,136667
93593.5262644066,136668
93599.85866352713,136668
93596.08955226422,136668
93591.20138584223,136668
93588.78288022238,136668
93586.41183925146,136668
93582.54682337055,136668
93581.59088820522,136668
93577.75657177583,136669
93575.72074050349,136669
93573.11959327206,136669
93578.97231708,136668
93574.82666949891,136668
93570.95602835648,136669
93568.2276632725,136669
93567.18599938066,136669
93563.37538413121,136669
93556.88083181961,136668
93557.30119109215,136669
93552.09625380642,136669
93553.13253536464,136669
93556.84375556196,136669
93553.8267474942,136669
93550.49221628603,136669
93547.64755898126,136669
93545.98065570339,136669
93542.08465077684,136669
93538.92897194377,136669
93535.3979260145,136669
93530.05323281005,136669
93528.23689453644,136670
93537.39256617468,136670
93532.28920879439,136670
93529.45430127995,136670
93525.69487615087,136670
93524.02371689356,136670
93520.78053807766,136670
93516.53160260583,136670
93514.53821093595,136671
93511.68997811123,136671
93510.51693692192,136671
93517.17560977061,136671
93512.24181981798,136671
93508.92221782719,136671
93504.89883214813,136671
93503.06764226843,136671
93500.66544937826,136670
93497.5679770961,136670
93497.6041059163,136671
93490.014614661,136671
93488.64657201416,136671
93493.64304807287,136671
93489.72760968999,136671
93487.53868181742,136671
93484.52204249027,136670
93482.53380756389,136671
93478.72145062957,136671
93475.40477863503,136671
93471.35697117109,136671
93469.80477297092,136671
93467.18618846503,136672
93474.08614096261,136672
93469.2335581056,136672
93464.03574803779,136671
93460.58879462723,136671
93462.57046919496,136672
93455.19153385426,136672
93455.88418063079,136672
93450.65901452272,136672
93447.37443693842,136672
93446.47568502133,136672
93449.4668719699,136670
93448.23001547332,136670
93444.08741978175,136670
93439.48419412637,136670
93436.28839351317,136670
93433.6838653581,136670
93431.27658492599,136670
93430.66520009648,136671
93427.04234243474,136671
93421.80281283843,136671
93429.82347582196,136671
93425.45104080999,136671
93424.11058797517,136671
93421.11887125728,136671
93415.0718495751,136671
93414.2639365112,136672
93412.09396198842,136672
93407.11728451676,136672
93408.4367897799,136672
93401.39086891802,136672
93408.13238364599,136672
93402.4675521316,136672
93401.99106341651,136671
93400.03540677334,136671
93394.07543282182,136671
93391.8748979515,136671
93388.56389873612,136670
93383.55455188826,136670
93383.45876405465,136670
93380.98732076725,136670
93388.38930889135,136670
93382.85213901027,136670
93380.64997434232,136671
93376.12071130681,136670
93371.2756676549,136670
93368.80246861272,136669
93367.43356911717,136669
93364.46889689869,136669
93361.93369810523,136668
93359.75630505833,136668
93363.59628128342,136668
93361.61977866673,136668
93357.23619547507,136669
93353.58264337997,136669
93350.83725125299,136669
93347.73463344618,136669
93346.68923930978,136669
93342.431870272,136669
93339.21111027402,136669
93335.88693462904,136669
93342.80784946553,136669
93341.29269301558,136668
93335.42131717716,136668
93331.30423663641,136668
93330.11158481985,136668
93326.0675242823,136669
93320.81243398954,136669
93319.98650592919,136669
93316.76542393188,136669
93314.02129549043,136669
93323.10083992798,136669
93316.6393751689,136669
93315.81302612988,136670
93311.14580629871,136670
93307.75162726897,136670
93305.82529247408,136670
93303.30959379891,136670
93301.08386402357,136670
93298.1578804582,136670
93293.17386694356,136669
93297.85834055918,136669
93295.99596113079,136668
93290.79932530341,136669
93290.51358354042,136669
93284.91499466833,136669
93285.51438127199,136669
93281.01390896882,136669
93280.23853277626,136669
93276.05154274825,136669
93272.30148754208,136669
93278.38431607476,136670
93276.60218167823,136669
93271.56288795143,136668
93269.66946546939,136668
93264.04102624045,136668
93261.47546772774,136668
93258.2111631537,136668
93252.44231108563,136667
93253.11650596907,136666
93249.84384411761,136666
93256.7269298666,136666
93251.41917877932,136666
93248.81909811232,136667
93246.05322086443,136666
93242.89596422728,136666
93236.58640780854,136666
93235.72385730727,136666
93232.93082903985,136666
93230.53430595167,136666
93226.35617720676,136666
93235.13833467712,136666
93228.78468517642,136666
93229.48310314355,136666
93225.63478800163,136666
93221.33150448378,136666
93217.40345716247,136666
93214.63979666083,136666
93210.73595105931,136665
93207.53702233241,136665
93204.19323228793,136665
93212.75701909146,136666
93209.33624442354,136666
93205.12741583666,136666
93204.94317871728,136666
93198.67748674103,136666
93194.10013166994,136666
93194.9599891632,136666
93191.07568865582,136666
93187.98031819759,136666
93188.72324172058,136666
93194.27261795895,136667
93185.86064925455,136666
93183.10338152929,136666
93180.54854573762,136666
93175.32237136453,136666
93174.77348526032,136666
93168.9919971267,136666
93167.64828435505,136666
93165.6277245941,136666
93163.83871391625,136665
93170.77857590585,136665
93167.88534911476,136665
93161.32390653188,136665
93158.73234966649,136666
93156.68265381755,136665
93154.11975726455,136664
93149.57538439696,136664
93148.69041420447,136664
93143.4600392566,136665
93142.4345570418,136665
93148.91321993065,136666
93147.92089346505,136666
93138.87669035805,136666
93138.82831440835,136666
93137.44655708548,136666
93131.89792181432,136665
93128.6111882356,136665
93127.19255862445,136665
93120.7652304564,136665
93121.07391711154,136665
93127.64574644888,136666
93124.01682865227,136665
93121.57193800529,136665
93117.98367951221,136665
93113.71016236955,136665
93108.7590222132,136665
93105.13755346251,136665
93107.16050407744,136665
93104.00510187449,136665
93098.44576700455,136665
93106.84217962982,136664
93100.16427162204,136664
93098.20076647977,136664
93094.25933200217,136665
93090.9336125143,136665
93088.00153085121,136664
93082.37015174705,136664
93083.87745758968,136664
93080.98436672527,136665
93080.55640378258,136665
93084.3215816949,136665
93080.96039039217,136665
93077.5402894723,136664
93073.00795373076,136664
93073.01330050986,136664
93063.06269141717,136663
93064.61917862733,136663
93061.6537244789,136663
93061.29084352471,136663
93057.51424295704,136663
93065.09684858988,136664
93058.81443518144,136663
93053.51746709777,136663
93052.93414778326,136663
93051.291231241,136663
93045.79187709175,136664
93043.96229992382,136662
93039.68815365068,136662
93036.09246624657,136663
93035.41910023328,136663
93037.38709569533,136663
93038.7405317762,136663
93033.62041922947,136663
93029.33866679591,136663
93030.30659901229,136663
93022.32908298356,136663
93021.65160162558,136663
93020.14403613852,136663
93015.58520459264,136664
93011.0551210222,136664
93018.01705559329,136663
93016.07859408655,136663
93012.11029194173,136663
93009.67191240512,136663
93009.60150005265,136663
93004.86007276434,136662
92997.4091054717,136662
92996.46997163117,136662
92992.63648663416,136662
92988.67211816619,136662
92995.81604555201,136662
92994.58464559141,136663
92990.44375749692,136663
92986.94415651316,136663
92990.22865054481,136663
92980.82244264244,136663
92978.21272887594,136663
92975.39706126062,136663
92973.4667907348,136663
92972.19790784923,136663
92975.9484738063,136663
92973.35604047358,136663
92967.27050041487,136663
92965.51135931049,136663
92959.2684697572,136663
92960.51703816043,136663
92956.37666456182,136663
92956.08849502179,136663
92957.23724378271,136664
92951.66654931945,136664
92954.97911872326,136664
92953.43652105743,136664
92947.27188723898,136664
92943.85903604535,136663
92940.71383484153,136663
92939.91092309356,136663
92932.53378270913,136664
92931.6144055399,136664
92930.57424451078,136664
92927.75200826758,136664
92931.32170721523,136664
92934.74204216532,136664
92929.46626851299,136664
92924.48929225716,136664
92920.04055668469,136663
92913.29269061267,136660
92910.82373129364,136661
92910.39290645852,136661
92907.33719180044,136661
92902.38602194306,136661
92909.7861492683,136661
92903.9008758741,136661
92901.78805877795,136661
92901.72991182466,136662
92897.16625726713,136662
92897.6548640856,136662
92891.51004913497,136662
92889.36113726413,136662
92888.13047523503,136663
92886.27398084066,136663
92889.56747304501,136663
92883.18742345841,136663
92885.23279609997,136663
92880.62263110583,136664
92879.08212798825,136664
92873.98463788355,136664
92875.15598790493,136664
92869.8843173743,136664
92869.26047333526,136663
92863.81757719161,136663
92868.89847300544,136663
92867.19949165244,136663
92863.98809969406,136663
92859.92126247162,136663
92857.33429557162,136663
92851.92985401259,136663
92851.52043572598,136664
92849.56057752368,136663
92845.33300691654,136663
92840.4946943276,136663
92848.90550369496,136662
92842.36664042372,136662
92841.90487246879,136662
92838.08217137631,136663
92836.45528942203,136662
92832.49243966202,136662
92828.03661658504,136662
92824.15598120629,136662
92825.54309268181,136662
92817.72362441281,136662
92826.33347704742,136662
92823.78771678598,136662
92819.97371063821,136661
92816.24310697122,136660
92811.79895746458,136661
92812.5674634766,136661
92807.25803584872,136661
92802.80370668284,136661
92803.50050388428,136661
92801.9416501391,136661
92807.67461692028,136661
92801.63173418456,136662
92800.97266460203,136662
92799.58204210704,136662
92790.20952225623,136662
92791.49885805022,136662
92786.6175106069,136663
92782.78402925974,136662
92782.51414189312,136662
92777.03785961604,136662
92784.51618190334,136662
92779.06448498827,136662
92778.26850567255,136661
92772.89021385391,136661
92767.63661572628,136661
92767.26650600568,136660
92762.89944182127,136660
92759.60740921213,136659
92757.60028811026,136659
92756.3597616718,136659
92762.90246218351,136659
92758.62834945893,136659
92753.79649318954,136659
92750.24946225701,136659
92747.516222837,136659
92746.43005690296,136659
92742.16950164516,136659
92736.77816797297,136659
92737.48749597205,136659
92733.30239864827,136659
92737.3556339971,136659
92734.86269015499,136660
92735.85669497737,136660
92729.3261064164,136660
92728.25199853547,136660
92725.69526869444,136660
92723.27830736167,136660
92718.61019871412,136660
92717.65634573021,136660
92713.41237297375,136660
92719.88893630482,136660
92716.44416658569,136660
92715.56659411815,136660
92708.98784706129,136660
92707.01387705162,136660
92700.6525191163,136659
92702.74937182239,136659
92697.7735506904,136659
92696.6966338262,136659
92688.77437276008,136660
92695.49310438294,136660
92697.22860090541,136659
92691.67275759591,136659
92685.55471414767,136659
92682.14190560629,136660
92685.0491997096,136660
92678.29295361286,136660
92677.57784370852,136660
92673.33360593057,136660
92673.11301701362,136661
92677.46557642389,136661
92669.79887130497,136661
92668.83991547886,136661
92669.05541201259,136661
92664.30791242889,136661
92661.52880974613,136661
92663.90516015177,136661
92653.77276982671,136661
92653.97555019303,136661
92649.30705863493,136661
92658.83471085105,136661
92658.84320906832,136662
92652.63790503626,136662
92646.79943135894,136662
92645.80281381535,136661
92640.74433460354,136660
92637.01090710323,136660
92635.35746139674,136659
92631.67114383761,136659
92633.80191842369,136660
92636.51059026885,136659
92631.8316005415,136658
92628.56689084311,136658
92622.6688500748,136658
92622.19481963296,136658
92615.96529929062,136657
92617.81866999263,136657
92611.2987757081,136657
92604.34759510678,136657
92604.75904033797,136658
92610.72054118352,136658
92607.40449161685,136658
92609.50906145164,136658
92605.19817254475,136658
92593.15755940595,136657
92594.92703310165,136657
92588.48447704977,136657
92591.07792346402,136657
92582.9836640023,136656
92583.96259579905,136656
92592.3458286353,136656
92582.6125304653,136656
92582.28110580315,136657
92581.18552134468,136657
92574.99729361293,136657
92575.6476544275,136657
92574.38005235871,136657
92568.76085388492,136658
92565.47953665626,136658
92564.1382244057,136659
92572.04209466133,136659
92567.12601015545,136659
92560.9789627438,136659
92556.99015381951,136659
92558.3493876689,136659
92553.58276584235,136658
92552.8908406433,136658
92549.49080316111,136658
92545.48469981909,136658
92541.06951955239,136659
92550.10603189096,136659
92544.37700791248,136659
92542.74049798971,136659
92538.06538511651,136659
92537.83832821451,136659
92531.62423338665,136659
92530.1276401635,136659
92529.90247515065,136660
92525.09391043671,136660
92520.98916507124,136660
92526.26169035265,136660
92526.29317320413,136659
92522.03686254194,136660
92515.7727734704,136660
92513.13540222403,136660
92510.25807150966,136660
92509.13704568839,136660
92509.29191726293,136661
92506.51621806348,136661
92504.34046001699,136661
92510.16553975537,136660
92500.63440941338,136660
92502.01351266932,136660
92499.96720483758,136660
92498.72787280088,136660
92492.820288875,136660
92491.45570641958,136660
92491.45725156848,136660
92481.31896741451,136660
92477.01060762361,136661
92492.03551164603,136660
92482.34970549287,136660
92479.53697822487,136660
92477.72006586098,136659
92472.78102781036,136660
92472.16517138421,136659
92466.45013353281,136659
92465.17199980615,136660
92462.69661483192,136658
92458.32259042951,136658
92461.37152712789,136658
92460.73973578912,136658
92457.39057141727,136658
92459.38995201058,136657
92449.34581526584,136657
92447.75270256192,136657
92445.44280423758,136656
92439.17845291014,136657
92439.73549456966,136657
92435.64281656382,136657
92439.69225197617,136657
92439.1751496742,136656
92437.09174673549,136656
92432.94663007851,136656
92429.6693116023,136656
92428.49905054999,136656
92423.02933912937,136656
92419.6434451423,136656
92419.83054455684,136656
92419.51344738928,136657
92423.56702700107,136657
92416.17524399841,136657
92413.45753671252,136657
92410.24731287846,136657
92402.46124579279,136657
92404.66851034366,136658
92401.68026733075,136658
92399.42467714725,136658
92396.797576621,136658
92393.9110182209,136658
92400.56154494574,136658
92401.13208548567,136658
92391.27544924173,136658
92390.59787686275,136658
92388.77260507544,136658
92383.8435192672,136657
92382.18585687617,136657
92385.26421136623,136658
92378.28271209059,136658
92372.32756664496,136658
92380.26785740846,136658
92380.20251441999,136658
92371.16745898584,136658
92371.74828647732,136658
92365.82601803803,136658
92364.59025194032,136659
92364.37233234654,136659
92360.50903283141,136658
92353.32111533327,136657
92356.22117985312,136657
92362.53484642913,136657
92354.67812989415,136657
92348.46898141767,136657
92350.36385083338,136657
92345.26047619969,136657
92343.92658669273,136658
92346.10873788768,136657
92336.36286770712,136656
92333.30304378971,136656
92334.31147459624,136656
92340.99231240395,136656
92329.153413048,136656
92333.22198435006,136657
92330.85040425531,136657
92325.238474079,136656
92319.77432513724,136656
92321.04295279908,136656
92313.20355471178,136655
92309.97600610301,136655
92306.86882074887,136655
92312.0729188474,136655
92313.37723614716,136655
92305.19579835788,136656
92307.49841278115,136655
92303.69531879503,136655
92297.45404370806,136655
92294.46998029051,136655
92291.02626264127,136655
92294.37332708346,136655
92290.1690712025,136655
92291.21413131451,136655
92288.84451869664,136655
92286.10794285855,136655
92283.6563654727,136655
92281.04192579817,136655
92281.85844922777,136656
92272.87471963583,136656
92273.83148390196,136656
92276.42715602832,136656
92267.25232417636,136656
92274.24191793472,136655
92273.17562587594,136655
92266.92879416388,136656
92265.0575087779,136656
92257.25146164034,136656
92257.47901575723,136655
92254.78998916254,136655
92250.69120736311,136655
92249.61857387323,136655
92243.97205522077,136655
92249.5613708669,136655
92243.65366776148,136653
92244.30299171501,136654
92244.57012978458,136654
92237.2844782921,136654
92236.36727232933,136654
92232.6848987228,136654
92229.88527995147,136654
92224.9950659397,136654
92227.85734816446,136654
92226.63829044774,136655
92231.1670787761,136655
92225.81048491897,136655
92219.80783114207,136655
92220.37715756224,136655
92211.89957223053,136656
92216.89447021483,136656
92208.87989026296,136656
92205.91604664054,136656
92203.67698704975,136655
92209.26348742568,136656
92207.4652967561,136656
92199.41974785409,136656
92202.13485942605,136656
92196.52727879805,136656
92195.04707147233,136656
92188.88294392134,136656
92189.39393490176,136656
92184.0053144106,136656
92182.5846454528,136656
92190.65685705667,136656
92188.94538650617,136656
92180.6387496013,136656
92181.42988599715,136657
92173.78707919535,136657
92177.36035742813,136657
92176.2382185131,136657
92169.91157984018,136656
92167.79138838046,136656
92161.8267668302,136656
92170.39447404997,136657
92166.99288672369,136657
92158.31229143502,136657
92162.68847344407,136657
92153.81767664943,136657
92152.77492346319,136657
92150.15356275385,136657
92149.65485034866,136657
92146.73659156842,136657
92136.77956446704,136657
92152.7965703688,136658
92144.73042291193,136658
92145.79825776302,136658
92144.60681510123,136658
92135.07331709807,136658
92135.11040727717,136658
92128.63842360569,136658
92129.59482253765,136658
92125.48582384668,136659
92121.10213187317,136659
92127.39051065654,136659
92126.86802552846,136659
92121.87559289085,136658
92115.64721723131,136659
92115.72873229996,136659
92109.31443130499,136659
92109.12014407298,136659
92107.17341234344,136659
92101.591240459,136660
92099.93105729451,136660
92107.85876490746,136660
92105.54500568393,136660
92098.47549313545,136660
92104.77412697203,136660
92100.5320933918,136660
92091.02006326325,136660
92092.34583267487,136660
92087.88498021082,136660
92085.69364021702,136659
92081.13968842644,136659
92088.61285145665,136660
92084.93701042543,136660
92079.93258643504,136660
92076.73709210259,136660
92077.39852199028,136660
92068.59473395662,136660
92063.66350390027,136660
92065.31714255601,136660
92064.82246317455,136661
92061.28958330434,136661
92063.33216060724,136660
92058.83426512551,136660
92058.1107188822,136660
92053.02502468001,136659
92053.72857860872,136659
92046.25370786522,136659
92042.11727153265,136658
92039.87325667107,136658
92039.85480650823,136659
92035.16439338717,136659
92047.34651788093,136659
92041.78047843887,136659
92039.33237914395,136659
92038.20932076414,136659
92031.56376654549,136659
92028.00488941195,136659
92027.93106696021,136659
92023.75098017261,136658
92022.57627895275,136658
92021.94523536164,136658
92025.12051303983,136658
92020.63266062959,136658
92016.90360027314,136658
92016.63587721963,136658
92013.08866829406,136658
92008.93766134088,136658
92001.46261650865,136659
92000.69990709229,136659
92005.71988790185,136660
91999.84383176472,136660
92004.3489597248,136660
91997.12988246085,136659
91996.383104543,136659
91996.22698449482,136659
91990.32096038396,136659
91990.1808920418,136658
91979.60610420964,136658
91980.59512969166,136658
91985.53609837816,136659
91975.75054459105,136659
91982.69560348238,136659
91980.95123136372,136659
91975.44882818883,136658
91971.32185056615,136658
91971.3016300527,136658
91963.58944160838,136658
91965.25578961823,136659
91963.99700307679,136659
91956.37500567349,136659
91957.53511112135,136659
91959.80615878686,136659
91956.291209455,136660
91955.27315818431,136660
91953.72749356774,136660
91949.69808054704,136659
91952.85117714781,136659
91943.491159058,136660
91940.94912532726,136660
91942.07947380611,136660
91930.66399121242,136659
91943.43545998487,136659
91935.7282375402,136659
91933.51003579535,136658
91930.42433709209,136658
91928.41072896309,136658
91929.68309835935,136657
91919.75613218664,136657
91915.57629822228,136657
91918.44603769285,136658
91912.25982795752,136658
91919.47180977889,136658
91910.71195943996,136658
91913.8401274358,136658
91909.79908170301,136659
91905.44019603066,136658
91901.21637850857,136658
91903.5944746102,136659
91903.01512195394,136659
91897.50739503308,136659
91887.46084859881,136659
91899.97598107146,136659
91896.30854857701,136659
91891.79584739286,136659
91882.77913421279,136658
91881.68133779659,136658
91887.26940894905,136658
91874.94602811226,136659
91877.12840799674,136658
91873.50046032012,136658
91871.50335688896,136658
91881.82496373412,136658
91876.9940666425,136658
91874.49635364096,136658
91862.17650372119,136659
91866.31061538025,136659
91866.79559063869,136659
91859.52238132762,136659
91858.87518793314,136659
91858.149107092,136660
91852.83817098211,136660
91855.51819946294,136659
91851.6642018056,136659
91848.17092738202,136659
91842.43308966975,136660
91842.31868137,136660
91839.36492969026,136660
91837.81865363626,136660
91837.3844777172,136660
91836.76693233546,136660
91828.41625756626,136660
91843.67065341397,136660
91835.60292379533,136659
91831.75399051473,136659
91830.53853567317,136659
91819.74644883191,136659
91825.25751772079,136659
91819.16451406386,136660
91813.69327835283,136660
91813.4724676278,136660
91814.37720966389,136660
91818.55278381963,136660
91814.49382432339,136660
91809.94536013696,136659
91811.70842982786,136660
91812.87334207092,136660
91805.9935388648,136660
91803.09941233225,136660
91789.43149685423,136660
91792.59623956015,136660
91795.51036259491,136660
91795.54772036741,136658
91789.4250136411,136658
91787.35115442326,136657
91782.32397106734,136657
91783.13455217164,136658
91777.0599043606,136658
91777.06688724089,136658
91771.96500579003,136658
91775.21160642302,136658
91772.12457848238,136658
91770.27416143876,136657
91770.34241024351,136657
91766.07177742636,136657
91763.57689187257,136656
91757.13636848379,136656
91756.36333673153,136656
91752.75716384345,136657
91749.52291921548,136657
91748.69845525181,136657
91748.27452457095,136657
91746.1003757012,136657
91749.5286602669,136658
91746.6453962916,136658
91747.81609379746,136658
91741.31231102752,136658
91737.7487097377,136658
91733.19077463789,136657
91729.24083915618,136657
91724.9202674312,136657
91725.32104866536,136657
91727.08495976741,136657
91732.43335928088,136657
91718.24259250546,136657
91720.79574120231,136657
91709.42115804326,136658
91714.10045392206,136658
91710.4569611199,136658
91707.9409276603,136657
91704.26116789713,136656
91704.067731075,136656
91708.42268029011,136656
91704.91128540889,136657
91705.35197576234,136657
91700.46126153259,136657
91694.45349641552,136657
91697.97960287555,136656
91693.01385819659,136656
91687.9464313279,136656
91685.0745982335,136656
91677.06812748239,136656
91687.21798363919,136656
91687.58018080975,136657
91679.08728166381,136657
91682.56290094604,136657
91675.75319812946,136656
91675.63150403355,136656
91669.88648358118,136656
91667.80284808685,136655
91660.99401368065,136654
91658.88794959067,136655
91669.18946816558,136655
91669.10420641754,136655
91661.1236254124,136655
91655.14269136818,136655
91653.36045324555,136656
91655.73367080934,136656
91652.76986319677,136656
91642.73992430889,136656
91642.33206928415,136656
91639.80792773161,136657
91643.88100844971,136657
91642.70716035999,136657
91639.6683239492,136657
91639.90924294366,136657
91636.62771973993,136657
91635.96662614083,136657
91631.00046884755,136657
91622.05105796308,136657
91620.64482240877,136657
91622.55262419413,136657
91624.45779136808,136655
91618.24955972571,136655
91616.90417088773,136655
91617.23623864549,136655
91614.53028274003,136654
91610.73906057654,136654
91608.88043486522,136654
91600.92309141785,136654
91598.66318409274,136654
91597.56831014939,136655
91605.82401121536,136655
91602.29356729225,136655
91601.37584567259,136655
91589.50996267555,136655
91590.51325363504,136655
91591.12370663404,136655
91587.16825923433,136655
91583.24090327667,136655
91579.085301606,136655
91583.08496796725,136656
91583.89071254102,136656
91586.2047808045,136656
91582.14435048887,136655
91573.69424199912,136655
91568.36824555139,136655
91577.00710273605,136655
91563.99327292532,136654
91561.66862195879,136655
91560.75022813781,136655
91564.07350203075,136655
91571.67252148877,136655
91566.19030928744,136655
91565.23620966972,136656
91557.08308496533,136656
91551.91257569198,136656
91543.68215758748,136656
91546.78401988663,136656
91546.36879061638,136657
91539.50983486195,136657
91533.49343962852,136657
91544.10408948407,136657
91542.07690877815,136657
91542.93742111752,136657
91537.62606578744,136657
91536.54971697321,136657
91530.38932733668,136657
91525.93283620122,136656
91519.41331429925,136656
91519.81060061562,136656
91512.42682855211,136657
91521.59428099847,136657
91517.15908652432,136657
91515.37009815812,136657
91511.6294082654,136657
91508.96919587004,136657
91504.81864126712,136657
91500.46703671622,136657
91502.83017302207,136658
91500.48523089344,136658
91500.12065809997,136657
84220.72777047913,125778
84218.08538500566,125778
84209.98775270474,125777
84210.35383882857,125777
84207.0677682121,125777
84200.18496226335,125776
84197.97501097331,125776
84197.8523174344,125777
84194.17071815113,125777
84190.91772360246,125777
84193.4633954137,125777
84190.8501900357,125777
84185.78207529745,125777
84187.84808757204,125777
84185.91064518868,125777
84177.32943984435,125777
84177.0194020875,125777
84171.7782484741,125777
84170.66350694315,125777
84164.39281228946,125778
84174.27076107645,125778
84167.27501389448,125778
84168.04043148264,125778
84157.9788617203,125778
84161.46685247305,125779
84160.82758897325,125779
84149.92344678074,125779
84152.71435688673,125780
84155.90190801908,125779
84150.23148600364,125779
84156.11373980468,125779
84148.56882293284,125779
84149.86277627615,125779
84137.7761167995,125779
84143.28290124591,125779
84138.02705709504,125778
84132.47194160684,125778
84130.61124838989,125779
84129.82959957999,125779
84124.11735293774,125779
84132.27444679732,125779
84128.56375488582,125778
84124.19730135394,125778
84119.6710406288,125778
84117.97652364043,125778
84113.40753456223,125778
84113.31280439826,125778
84110.23349140811,125778
84112.37195441777,125778
84106.18679099689,125778
84114.53285285358,125778
84106.99002764125,125778
84105.02929341627,125778
84098.7142378376,125778
84100.37265674864,125778
84094.41282377651,125779
84094.41631171429,125779
84094.28634574993,125779
84090.31203988809,125779
84080.37179832961,125779
84094.08100332419,125779
84084.94018796373,125779
84087.02163082418,125779
84080.85515469167,125779
84078.88175568801,125779
84084.0757652491,125779
84070.39905684225,125779
84074.83859381986,125779
84070.32915409883,125779
84054.99042841242,125778
84074.46844691217,125776
84060.20099344496,125776
84061.92550513227,125777
84057.44165858671,125777
84056.54091032078,125776
84057.53294172665,125777
84047.88408290068,125777
84049.3845505387,125777
84048.89180103331,125776
84046.66176405923,125776
84038.52808411862,125776
84044.78548689274,125776
84046.66158469889,125776
84042.11001516659,125776
84033.70536532773,125776
84030.58301085736,125777
84022.60266054617,125776
84024.918929601,125776
84023.22770324144,125775
84012.97409796705,125775
84026.95748237547,125775
84022.33444782771,125774
84018.49132583241,125773
84017.90468075928,125773
84011.06700092378,125773
84008.70304135095,125773
84009.21085568206,125773
84008.33244688474,125773
84004.36847206739,125773
83994.95242257966,125772
84007.06155682511,125772
84000.50310317875,125772
84001.1117018167,125773
83993.62739426909,125773
83989.37868340853,125773
83990.32123435909,125773
83986.91408909511,125773
83987.3780437238,125773
83981.77369035607,125773
83976.9471370865,125773
83988.01632466422,125773
83984.26050648029,125773
83979.39555773912,125773
83973.99157457867,125773
83978.99683509774,125773
83964.2672464878,125774
83962.1149695293,125774
83965.6842202024,125774
83951.51376493831,125774
83960.78421568891,125774
83965.42397821926,125775
83955.27425417853,125775
83961.68397855762,125776
83955.80714414212,125776
83950.29367869985,125776
83951.20287558221,125776
83949.3707284192,125776
83945.1138446726,125776
83938.29388451434,125776
83943.07989736654,125776
83943.6244452127,125776
83945.25637467718,125776
83935.15360095167,125777
83939.53580208271,125776
83936.20459752747,125776
83929.57924153782,125776
83923.22400989331,125776
83920.14898937811,125776
83922.7632484542,125776
83920.04226919079,125774
83919.11557992037,125773
83915.01486972117,125773
83915.91482087735,125773
83910.3060162021,125773
83915.75987019656,125773
83912.4638506369,125774
83902.99372986816,125773
83907.97276208803,125772
83899.66654774874,125772
83898.30019014828,125772
83900.8533358674,125773
83899.85126668417,125773
83890.06630297023,125773
83893.67295919264,125773
83891.6140381155,125773
83888.5130031883,125773
83882.77506384582,125773
83880.5824684175,125773
83879.37552461417,125773
83873.8964032962,125773
83880.18055567918,125773
83873.99480985496,125773
83870.22662738446,125773
83868.94608495916,125774
83873.95311536369,125774
83861.74303659274,125774
83861.35138676711,125774
83858.12383258193,125774
83863.22859399441,125773
83855.34202691424,125773
83858.68427861694,125774
83859.77094339591,125774
83860.03062704757,125774
83854.63384885242,125773
83851.77128345512,125773
83846.74861456193,125773
83842.80681894375,125773
83843.82527571618,125773
83832.91963971932,125773
83843.91378556652,125773
83846.0593754793,125774
83835.74852232488,125774
83829.2301973906,125774
83827.80764269333,125774
83830.76109251067,125774
83823.56780859256,125773
83817.69519119276,125772
83814.58756375864,125772
83818.26372600043,125773
83814.42979654948,125773
83819.73685171666,125773
83822.52130822066,125773
83814.86253340925,125773
83813.35869935271,125774
83808.6309375136,125774
83807.58353222828,125774
83798.78829078509,125774
83801.18245911278,125774
83794.17338539867,125775
83790.6853052426,125775
83796.92854154567,125775
83797.29812855487,125775
83795.95588177071,125775
83790.97533443778,125775
83786.27649390748,125774
83784.92320597573,125774
83781.60373722338,125774
83779.82278392746,125774
83775.94604597181,125774
83775.09201286203,125773
83781.53053151091,125774
83777.32251791433,125774
83763.99296074094,125773
83770.01514165186,125773
83765.49717800436,125773
83760.1080214826,125773
83757.53365558186,125773
83757.2709014124,125773
83763.28167155314,125774
83751.20516745168,125774
83761.295440938,125774
83752.79632637656,125774
83753.80297979685,125774
83752.21408876227,125774
83748.25570718323,125774
83748.77205577744,125773
83737.82181372611,125773
83734.65077379097,125773
83737.30565967567,125774
83732.92704560694,125774
83738.47065651018,125774
83729.40411049596,125774
83729.99333482327,125774
83725.69513308354,125774
83726.21829580335,125774
83716.63040259386,125775
83721.4183216954,125775
83720.1819223596,125775
83712.09552978836,125775
83711.50339703377,125775
83722.61738311737,125775
83714.70068112543,125776
83716.00594921288,125776
83717.04280699776,125776
83704.57730910319,125776
83706.54533076397,125775
83697.63776743744,125775
83699.50168189635,125775
83692.506215573,125774
83688.28619653314,125774
83695.38616243222,125774
83690.20010140375,125774
83690.08096896576,125774
83682.3118450869,125774
83681.24123315552,125773
83678.14216749524,125773
83678.15684170097,125773
83677.42938622074,125773
83669.86506442995,125774
83675.22494120647,125774
83674.08055665878,125772
83670.29345831138,125772
83670.65541336889,125772
83660.47754603316,125772
83660.63049880008,125772
83657.29209951627,125772
83655.54792316523,125773
83653.67106697998,125773
83656.61071850394,125773
83650.60710489174,125772
83653.39843522903,125772
83650.85647680322,125772
83644.78337863206,125772
83645.88182777238,125772
83645.53040966735,125771
83640.4265622874,125771
83635.66502166496,125772
83634.73733755105,125772
83632.3268941707,125772
83637.2454970199,125772
83634.35666731696,125772
83630.77632184762,125772
83636.30554668725,125772
83623.31779010956,125772
83622.20330788179,125772
83622.18003421665,125772
83609.53069404342,125772
83617.49930819223,125772
83612.94863353705,125773
83606.3037768047,125773
83613.032130411,125772
83615.97281717583,125772
83605.92503703933,125772
83604.86222024554,125773
83600.88967680332,125773
83604.07777576815,125773
83600.28443328531,125774
83605.37936988226,125774
83588.59869345983,125774
83590.7647585591,125774
83594.29972921775,125774
83593.88623976789,125774
83585.17459371252,125774
83588.43619314508,125774
83588.61293401597,125774
83587.42789444771,125774
83586.22566159182,125775
83577.36516705893,125775
83566.8315438515,125774
83564.82766278605,125774
83571.28551980987,125774
83573.79325314029,125774
83565.68590851146,125774
83567.73690765047,125774
83558.08586205369,125773
83551.66865747109,125773
83552.24478533355,125773
83551.04938395093,125773
83544.67327982407,125773
83554.84467442351,125773
83552.99166152212,125773
83556.90785400281,125773
83541.67250609414,125773
83544.85660113386,125774
83540.25258939007,125774
83544.4448579155,125774
83534.18788580231,125774
83529.04191702935,125773
83522.7859310465,125773
83529.13112557592,125773
83535.72514359425,125773
83532.6373276379,125773
83522.71513644647,125773
83519.57059160294,125773
83525.53535271077,125773
83518.19469830654,125773
83514.96333873643,125774
83512.7906969625,125773
83513.49417922154,125772
83502.34282618105,125772
83509.02439958489,125772
83518.2079004707,125771
83501.13148918672,125770
83494.36661309384,125770
83498.98699389334,125771
83492.45478023031,125771
83494.94030433388,125771
83490.78097863357,125771
83488.08155983056,125771
83486.51029969884,125771
83490.10554720297,125771
83488.32310932103,125771
83481.94291598666,125771
83482.47673052271,125770
83480.65170905138,125771
83471.0323881612,125771
83467.15737074013,125771
83473.99398448708,125771
83468.03199984679,125771
83460.73364686016,125771
83475.23722632104,125771
83460.26662874453,125771
83456.68814300542,125771
83467.18597341588,125771
83459.34886253445,125771
83456.78965396505,125771
83452.18656771646,125772
83449.88794837473,125772
83444.49971307155,125771
83442.7100814224,125770
83451.58388530067,125770
83449.56280911587,125771
83444.1404267422,125771
83433.03659999146,125771
83434.65031287567,125771
83435.2330455208,125770
83427.30756773072,125770
83429.25419462826,125769
83424.2693508076,125769
83423.07484153632,125769
83427.64964637639,125769
83428.026583127,125769
83422.16533399421,125769
83416.02088997823,125769
83422.22287999734,125770
83411.15444944633,125770
83410.5767795687,125770
83410.74510688923,125770
83398.18076467952,125769
83402.80966152035,125770
83412.23095076624,125770
83406.93826479264,125771
83396.50661572766,125771
83402.79090712323,125771
83398.2088393423,125771
83391.96528817211,125771
83391.32381140805,125771
83384.32231014715,125771
83383.3524620092,125771
83388.8084406552,125771
83382.6535285776,125771
83386.55208827843,125772
83385.95172116514,125772
83380.4268087504,125772
83376.06300557675,125772
83369.78032784675,125772
83365.38071028834,125772
83373.49020188072,125772
83369.44625493232,125772
83359.56913842674,125772
83369.06665443433,125772
83363.10327840399,125772
83361.12486489763,125772
83359.9000860501,125772
83363.91193387023,125773
83348.3734603545,125773
83344.7415597498,125773
83348.55615364597,125772
83340.01194423015,125772
83342.46190538257,125773
83353.01132251733,125773
83344.16072498013,125773
83352.55815285149,125773
83335.56941771728,125773
83341.01410113813,125773
83338.47799681433,125773
83327.07132530941,125772
83330.68705625042,125772
83327.61955910242,125772
