24057
20357
25472
32377
26346
21370
21259
21802
21674
96724
25820
16569
19154
18718
19804
18807
19926
18793
19388
20058
18870
19428
18725
18983
19641
18739
19327
17816
20755
21448
18497
19280
18535
18937
19789
17685
18440
19661
18402
18984
17807
18603
18013
19194
18509
19396
17602
17737
18241
19080
18875
17579
18121
18950
18799
19375
19323
18503
19018
18429
17606
18373
18654
18180
17726
17002
18561
19340
20456
17965
17180
18552
17557
17931
18449
26564
18480
26399
19330
23716
18602
18381
17653
18165
17121
17629
17662
18233
18994
91576
18472
19968
18096
18284
18828
18219
18928
18834
19068
20028
18351
20253
19502
20282
19177
19384
18437
18469
19837
23553
19317
18272
18536
19078
18417
19023
18410
18143
19037
24414
18513
17854
19196
19227
17774
17998
19261
19184
18480
19276
18215
19065
18895
17455
17920
17431
18131
17960
17424
92287
19064
18375
24773
19209
18804
19014
19547
19305
19082
19025
19579
18106
18352
18884
19397
18619
17829
18982
19728
19948
19993
18960
19450
19060
19004
18442
26780
18753
19224
19358
18984
18644
19089
18526
17638
17274
23578
18168
19405
23393
18564
17486
19744
17308
18682
17932
18168
18844
18253
19180
17463
17824
19027
18898
15734
17589
17359
18964
18278
18460
18397
18456
19541
17202
18197
18103
17467
17276
18496
20357
17326
16827
17273
18155
17707
17501
17690
19511
17787
18733
17157
18334
22628
18118
18711
17225
17257
22780
17594
19163
18636
18184
16692
22369
17871
16945
22480
18132
17407
18634
17884
18015
17560
18491
17140
17825
17302
16886
16909
19298
18535
17807
17343
18803
17246
21150
17115
17734
17753
20225
17435
17187
18161
17102
18013
17425
16002
16978
17626
20163
19084
17621
18247
17038
17411
17307
17456
17788
17753
17846
17421
17667
18118
17382
17118
18206
17066
18354
17472
17708
17974
18088
17444
19124
17024
16809
17763
18329
18460
17603
17270
17554
17428
17642
17833
17748
17441
16773
17159
18634
16564
17042
16593
17378
16485
16752
18228
16897
17264
19714
18180
22168
18633
16442
17204
16651
17048
17570
18178
18593
17355
17334
17335
16712
16436
18002
17623
17231
21157
18503
17373
16943
17816
16872
18257
17129
16778
17596
16571
17177
17499
18546
17008
17063
16720
17480
17004
18845
16866
17897
17470
17909
17438
17266
17839
18714
17421
17951
17471
18179
21686
18796
17889
15381
17078
16976
16686
16916
17275
18262
18302
16840
16765
16593
24299
16948
17852
17551
17284
17927
18048
16524
16341
18522
17383
17109
16454
19247
17794
19365
17722
16987
17502
17484
16967
17371
17811
17453
17568
18447
17046
18234
17813
17838
17177
16499
17580
22995
17620
22386
17801
17236
17582
16992
17648
16986
17979
17028
17591
18983
17381
18309
17497
18466
19030
17599
17556
16866
16664
17706
17163
17086
19023
17817
17312
17484
17131
16898
22611
24685
17613
17325
17962
23583
17321
16400
17785
16846
16971
18059
16777
19149
17605
16986
17060
17444
17255
16664
16744
17835
16984
18159
16620
25094
17606
17080
17381
17013
16840
18429
17996
17105
18750
16593
17829
17314
16836
18285
18377
24797
17646
17523
17056
17475
17560
16228
17004
16300
16960
21785
17806
16828
17950
17514
16777
17732
16850
18047
17210
19467
18589
16918
17761
22501
16512
17503
16919
16712
16677
18604
17226
17339
16161
16972
16804
18063
17809
18005
18082
17720
17246
18231
17467
18102
17310
16863
18735
17042
17296
18346
17023
17092
16994
16911
17052
17020
16689
18189
17047
18896
17769
18125
17442
17234
16673
17981
16937
17119
18053
18502
16943
17905
16310
17293
17760
17553
18164
17992
16625
19293
17645
17173
17308
17837
17287
16704
16818
17756
17649
18287
18987
17025
17228
17054
16662
16469
17333
18147
17192
16943
22366
17468
17274
17134
17586
17867
16883
16855
17592
18936
16815
17414
16775
17442
17244
16461
17533
17549
17546
18549
16115
18047
17123
16983
17222
17276
17350
18302
16499
18682
18038
17779
17220
16625
17062
17164
17195
17439
16000
17691
18141
17510
17723
16798
18237
16303
16887
16969
17035
18475
17883
17619
17361
16753
17005
17606
17515
17411
17511
18212
17243
18058
17475
17053
17180
16755
16172
16764
17405
17484
17611
18161
17510
17725
17555
17495
17504
17119
17786
19432
17690
18700
17177
17554
17397
17338
16638
16852
18059
16952
17044
17335
17150
20172
23455
18178
18234
24098
18043
17790
17197
17412
17086
18011
16711
17471
16890
17807
17535
17946
18661
18344
16879
16697
17505
18157
17877
17562
17744
18786
17483
17770
17005
17512
17156
17708
17024
16673
16902
17726
16548
17143
16608
17107
17448
17386
17828
17109
16569
18082
17350
18138
18220
16735
16616
17345
17975
16163
17461
19186
18274
16779
17581
18457
17146
16864
18180
17089
17814
18858
17669
17652
17054
16990
17507
18057
16903
16941
16631
18244
18036
17324
18173
16764
17657
19373
16713
17711
18106
18278
17506
17392
17804
16800
17375
16925
17193
18373
16971
18496
16859
18502
17957
18250
16019
16862
17420
17408
17279
18431
17374
17382
17753
17506
17293
17533
16603
16847
17090
18643
17071
17236
18132
16073
18083
18609
16291
16662
17376
18314
18001
16482
17326
16511
17639
16879
16358
17097
16956
18083
17732
17452
18049
16600
16701
17005
16076
17691
17768
18903
17920
17825
16968
15970
17471
16357
17942
17585
16770
18771
18804
17506
16806
17752
16805
15834
16900
17236
17228
18568
16629
17634
17572
17668
17860
18288
16320
16903
17482
18281
16669
17610
18470
17323
17502
18101
17455
17186
16934
17875
17665
16553
16056
18070
16769
17138
17772
17542
18483
18931
16842
16869
17087
16409
17262
17808
17515
17040
17854
18082
16775
17394
16529
17428
18558
17216
17437
17054
17291
18665
17382
15570
17372
16606
17044
23500
17800
17562
15850
18969
18065
17715
18121
17983
17759
18083
17917
16694
17008
18626
17713
17569
16709
17056
17118
18073
17541
17130
16728
19553
16576
17009
17448
17208
17120
16593
17161
17946
17671
19842
16811
17223
16712
16881
17876
17104
16840
17653
17351
18555
17705
16761
16744
17080
16459
17098
16953
17102
16447
18226
16763
17162
17018
17386
16828
17358
16873
16954
17364
18874
18091
17591
16723
16309
17267
16742
17292
17204
16573
18717
16993
18225
16934
17258
17427
17296
17675
17457
17815
18692
17246
16273
18042
16273
17567
18344
17348
17266
17539
19489
17786
16513
17091
17372
18339
16901
17724
17531
16770
19277
18122
16854
17512
16484
17477
17600
17890
17021
17202
19550
16924
24864
16619
16868
17103
17128
17759
17267
17107
19309
17030
16959
17825
16516
16755
16246
17090
17223
17233
19550
17993
17211
16097
16794
17566
17569
16935
16583
16833
19299
17401
17585
17846
16915
17264
17187
17383
15928
16657
19896
18023
16827
17852
17936
16967
16946
16920
17760
17600
19203
17714
17721
16827
16950
16791
16534
18236
19180
16450
17716
17506
16984
17212
16952
16745
16483
17480
17227
16772
18100
16964
16532
17245
16665
18369
17473
16105
17237
18029
19217
17389
17583
16448
17524
16965
17853
16987
16814
16874
19597
17209
17175
17507
18619
17065
17030
17033
17216
17318
18462
16248
16550
24554
17061
16988
17481
16307
17300
17325
18721
17955
17086
17015
17706
17222
17613
16132
17252
16642
18992
17618
17430
24081
17576
17067
17193
18064
16561
17090
19435
17185
16937
17635
16834
17054
17816
16876
18157
18611
20481
17172
16928
17237
17361
17719
17269
17233
17306
17175
18611
16657
18312
17629
16583
17455
16356
17189
17862
17677
18962
24764
17319
17350
17474
17569
16339
17336
16877
18078
18886
16672
16563
17735
16808
16435
17150
17532
16624
17174
18292
17579
17129
17075
17603
16656
17458
16884
17021
18117
19143
17590
17369
24184
16542
16763
17419
17424
16743
17563
18207
18208
17730
17243
17276
16457
16856
16445
17502
17416
18854
16981
17660
16386
17057
18395
17550
17327
17398
17287
20309
17400
17205
16992
16719
17706
16638
16108
17740
17010
18001
24086
16921
23763
16787
17767
16183
17535
17084
18919
19124
17791
17619
17062
17984
16973
16559
16796
17208
16776
18823
17301
15604
18134
18248
17410
16883
17214
17701
17078
19004
16914
18486
18051
18060
16748
18384
17459
16599
17538
19216
17253
17740
17825
17129
17670
16319
17363
17192
17466
18054
17050
17507
17342
17030
16990
17655
16953
17997
17008
19536
17154
18241
17795
16474
16285
16731
24563
17313
17682
19870
18408
17267
17784
17678
16347
17390
17324
17820
16285
18877
17838
17184
19017
16129
17002
16825
17303
17542
17386
18519
16687
17866
17532
16346
17423
17256
19011
17059
17987
24545
17126
17663
17899
17964
17305
18023
16313
17469
17287
20092
18002
17231
17636
17493
17170
17046
17460
17016
17418
19782
17116
17134
16634
18034
16656
17017
17570
17511
17271
19706
18052
18211
17794
18338
17358
16915
16606
17391
16246
25179
16603
17617
16952
17612
18086
17560
16547
17170
28761
20182
17280
18005
16976
16988
16682
17130
17455
18774
18417
19805
17801
18532
17760
17383
17086
18106
18018
17504
17816
19356
17471
17929
17172
16904
16664
16961
16868
17060
17987
19568
18111
16603
17266
17110
16350
17426
17628
18107
17712
18858
15731
15485
16376
14477
15662
15722
15984
16453
15994
25094
15868
15750
15981
16025
17109
15951
16358
18084
15975
17670
15514
15956
16035
15634
15687
15999
17273
15151
16318
19011
16095
16375
15727
15635
15922
15702
15786
16454
16670
18190
15452
15386
15829
16374
15847
15341
16520
15582
15295
17831
16403
15675
15603
16131
16305
24177
15794
15831
15669
18346
16780
17201
15718
16016
15797
17142
15959
16448
15900
17807
16408
16426
16937
15484
15592
14631
15547
15863
15648
17670
16241
16571
17644
15755
16289
16107
17132
16269
16596
43163
14842
16784
15724
15901
16224
15950
15494
16155
15075
17577
15883
15978
15916
16132
15647
16363
15589
15898
16026
17795
16018
15672
15861
15565
16046
16142
16238
16387
15671
17893
16740
15752
15212
16248
15646
16629
15211
16029
16466
18431
15587
15494
16317
16443
15059
15783
15921
15270
16310
17949
14837
16719
16323
16431
15793
15930
15500
15929
16562
17663
16264
15699
15321
16127
15280
15843
16456
15583
16278
17371
15809
16587
15478
16948
15398
17208
16163
16446
15247
17638
16180
16016
15823
16548
17112
16338
15636
15099
15146
17709
16665
15260
16057
15449
16737
15820
16092
14982
15793
18471
16194
16471
15906
15717
15698
16102
14991
15596
15752
18669
15722
15430
16097
15681
16449
15283
16321
16043
15328
18040
16960
16706
16013
15303
15606
16802
16142
16583
15518
18428
15659
15373
16558
16086
16818
17076
15175
15429
15997
17484
15743
15445
15156
16754
16501
15793
15009
15160
15552
17493
16225
16662
16050
15127
15077
15185
16222
16834
14933
18015
16715
16581
16303
16362
15774
15567
15996
15395
15732
17230
16787
16575
17253
16166
15303
15388
16189
15588
15644
18141
16324
17197
17163
15836
16062
16084
15688
16124
15053
17679
15317
16527
15636
16805
15920
16343
16209
16444
15653
17194
15999
16017
16092
15912
16205
21893
15526
15784
16619
17905
16531
16381
16436
15996
15719
15796
16044
16333
16419
19327
15600
15336
16057
16166
15870
15828
16583
16284
16366
17834
15645
15700
15375
16571
15548
15853
15897
14801
15652
18497
16590
15767
16178
16100
15945
16402
15690
15438
15682
18293
15890
16123
16973
16429
15677
16160
15852
16650
16354
17876
16904
16738
15792
16231
16058
16306
15547
15804
16418
17582
16852
23638
16343
15913
15645
15469
15965
16278
15935
18605
15623
15492
16562
16165
16238
15989
15650
15041
17346
16937
16450
15557
15733
15994
15382
16258
16356
15501
16091
18206
16468
15460
16023
15741
16397
16230
16311
15728
16120
17485
17184
16078
15674
16303
16304
16684
16221
15678
16263
58178
16250
16128
15874
15319
15031
15557
15691
15522
15692
18618
15923
15645
16090
14893
15591
15936
16163
14911
16062
