0.2650625718136694
0.2651503611333985
0.2639042457968762
0.2598945282937419
0.2573587713842067
0.2564005967217115
0.2548484001084461
0.2530705296747042
0.25148879025933224
0.2501837476983609
0.24929962541743111
0.2478001428034052
0.24700247852898985
0.24569656326314626
0.24472801848125506
0.24394448799868643
0.24335782799300978
0.24254373621241634
0.24214487493656808
0.24188688784222284
0.2417443408885919
0.24154622039275706
0.2412116403886502
0.24096841454125456
0.2408261895966844
0.24061832593390844
0.2405537012425824
0.24051969721413644
0.2404678705643087
0.2404582183101774
0.24059550142103864
0.2409650252883836
0.24159050714348965
0.2423064997095048
0.24281701346957377
0.24318617937076042
0.24363932927392326
0.24413772821562146
0.24462407666703276
0.24508302870696128
0.24550035899201994
0.24579645109496254
0.24616017377459737
0.24665800735799356
0.2470493579870585
0.24758714808360327
0.24783846921837335
0.24822198113417007
0.24838943459483553
0.24869766658176332
0.24883687232654603
0.24903420259215583
0.24917014014123579
0.249315165492298
0.24940225007903224
0.24947533174461795
0.24946852032640845
0.24950156240279414
0.2494977073488157
0.2495750812077066
0.2495398076888571
0.24956070199019553
0.2495390053720082
0.24954040223520427
0.2496149409945459
0.2498564668468678
0.2501845115533115
0.2504654752402768
0.25062962913217723
0.2507975261749503
0.25093456282802173
0.25107035030105734
0.25110705871409966
0.25115442489743667
0.2511475064175282
0.25122110954717763
0.25126913539285406
0.25125194653640104
0.251158778220303
0.2511861122681237
0.2511063629379674
0.2510932595426982
0.25093134243680887
0.25090675953058694
0.2507642481760015
0.2507130474104457
0.2505682812068392
0.2504688343209993
0.2503696208385276
0.25030484647402984
0.2502411623584578
0.25022381762077606
0.2501940728810297
0.2501968509093308
0.2501440910849453
0.25005049995217826
0.25010940123242453
0.25028106058603355
0.2503839475666297
0.25046516730815466
