0.25914726921891335
0.25623691478251925
0.2569333398752421
0.2574060950125263
0.257391658144926
0.25838849272150655
0.2584836973747224
0.2574385013620362
0.25688343510670947
0.2570542558747532
0.25692855969324674
0.2563183677868378
0.2560152361152557
0.25556771906486664
0.2553063670125848
0.2551243418456725
0.2543212396691802
0.25401072577485584
0.2534969869895292
0.25288578073929135
0.2525805013442441
0.2521281159539089
0.2516553893955915
0.2513050056698781
0.2507910646345121
0.25042381845183315
0.2502026257647006
0.24981930269550282
0.24978050457388554
0.24950448481251233
0.24920484116452285
0.2491796733924633
0.24945254628886618
0.24988039255270786
0.25015863667907
0.2503542226645791
0.2506020808485873
0.25107959272544417
0.25153211915707524
0.25180264051633905
0.2521107943721401
0.25226581919611796
0.25214279598539174
0.252058283150062
0.2520043077914059
0.2519091792484658
0.2517755100719506
0.2516653989078598
0.25166331808535686
0.25151842543021236
0.25137705147853306
0.2511620148806255
0.2510533518618288
0.2511645186822564
0.25116769956904356
0.2510360025118567
0.2508868249646448
0.2507188223690075
0.2505361567625422
0.2505828501088749
0.2504622441050219
0.2504445800478199
0.2504940790452403
0.25052237742153805
0.25057929372968735
0.25074048356357975
0.2508429472941229
0.25099824307671603
0.2511384975264676
0.25121243944882
0.2512837257105905
0.25129488943424244
0.25133887609126876
0.251409584746441
0.2514482035414372
0.2513353346531676
0.2513239425995542
0.25133718574217967
0.2513494996678386
0.25135726952300347
0.25136412419938137
0.2512763875531964
0.25127270867473667
0.2512345508994515
0.25123537358084236
0.2512214368480109
0.25116271155455533
0.25112856252710203
0.25110798212359536
0.2510310623135565
0.25093227614852914
0.2509069156245856
0.2507989850439391
0.25063119135925926
0.250500837209572
0.25043704113353743
0.2504629798562266
0.25055200147207946
0.25062977148633137
0.2507376229682158
