0.2537240537240537
0.2734727347273473
0.2647450110864745
0.2761049480542349
0.2979038224414303
0.3115147438053593
0.315096308947718
0.3173451764125339
0.3112852892082154
0.30840963698941487
0.3102532463717022
0.307162401416385
0.3040920084900538
0.29799350975821565
0.29453168219924253
0.29216927425454836
0.29538875799394143
0.29572975069642793
0.29932953067147006
0.30184499509478147
0.29973208103796023
0.298028071988289
0.2971776516086563
0.2964783739068778
0.294339907806242
0.29574771896706115
0.29661147208831135
0.2962992885836756
0.2984256913315576
0.29747902675788196
0.29806754487140574
0.2982503575697016
0.296811561176627
0.2966635347003445
0.2955330149018766
0.2959335176202646
0.29748220294560274
0.2994124327260159
0.3016624184421039
0.301770340161565
0.2999862844602935
0.2995077261708235
0.29926661729040505
0.29969210686871267
0.2991858416898986
0.2981375222127267
0.29857311618152615
0.29982718070661
0.3002099797655862
0.3004002543672614
0.29917745266991774
0.2988170999173049
0.2996790463090325
0.30060337567346185
0.3013510911788356
0.302461103882383
0.3025551950534745
0.30269324488240534
0.3019023201342069
0.3024969138684011
0.30353910976443343
0.3036321119240458
0.30329550953495493
0.30294229142973783
0.30302682322318875
0.3023869429602616
0.3028225619320766
0.3034537623789537
0.30423413438578467
0.30466700414746134
0.30476540680622316
0.30331062940805775
0.30328199627103924
0.3036589155098716
0.303760594536823
0.30411955624228454
0.3044158820064709
0.30568736609880615
0.30674561051745963
0.3070365453147928
0.3072987831527615
0.30777724763138165
0.3077697723310813
0.3072006741622868
0.30686856733796447
0.3071737451179983
0.3072106979498926
0.3072411628185865
0.30653163991937454
0.3064269408754543
0.3069452117392698
0.3066359055309332
0.3066589260571604
0.30653621954198274
0.30666431524699705
0.30698492105042047
0.307229801904835
0.30779379459226763
0.307866323263086
0.30835178878280883
0.3086285998562821
0.3076326175663924
0.30789297779704805
0.30822464351528817
0.3074973862810767
0.30654754591356137
0.30665298859967893
0.3065290912327241
0.3065701818761058
0.30601525375002114
0.3067216328993012
0.30694257607714837
0.3063267108894485
0.30568362890814066
0.30515851837476216
0.3051651622764123
0.30503075675933433
0.30467485120220217
0.30428536454508043
0.30426500136880874
0.3040072943719617
0.303392112335462
0.30300061977536924
0.30295633224876173
0.302849295236962
0.30261706972786606
0.3030228507019162
0.30306014262268893
0.3029988615566412
0.3030252765742449
0.30259721217109153
0.3022911297931365
0.30262136691217234
0.30270807614239015
0.302487849875401
0.30266992834333245
0.30270463373715173
0.3022351509927769
0.30221544796972977
0.30257744503294265
0.3023649168127441
0.3025096078764957
0.30262281305905336
0.3029271461078205
0.3032546059573087
0.3033493269528549
0.30367196288852655
0.3039215932440293
0.3035609924390741
0.30357763657157955
0.30342180059798457
0.3035483358390476
0.3033793547290323
0.3031723627648495
0.3032756822839883
0.30306884355685754
0.30341919783544147
0.30367888257909775
0.30403265064510726
0.30394777069570705
0.3040985466446683
0.30406781863560095
0.3044788592222868
0.30479124430400295
0.30481089985328275
0.3050503694255163
0.30503857432555176
0.30509177878751026
0.30540151440220675
0.30589040746688806
0.30653213573287863
0.30716422100569035
0.3076165018839973
0.30791841439595274
0.30796430125327645
0.3081074426964079
0.307945400942159
0.3077817074061323
0.30748221689680094
0.3074625428560621
0.3074273559515627
0.3072170698444764
0.30718226064486454
0.30753534558445095
0.30788928701668455
0.307829455042776
0.3078960346065884
0.3076313788233435
0.30725360944924174
0.30681402871019126
0.3066667962763148
0.3064205338464861
0.30572598514072064
0.30529955754611954
0.30481467729189876
0.3044452653614087
0.3035330261136713
0.3027912951346891
0.30217396036432725
0.301692765138506
0.30134813542311256
0.30101856702171004
0.30078552943220577
0.3008587140824863
0.3005249034859749
0.3000453563779778
0.29971811956154587
0.2990828744730916
0.2985899064181018
0.2984015863334895
0.2979540729402174
0.2976187766132869
0.29746150427439805
0.2973346170192466
0.29722215027956916
0.2970104749383448
0.2965658224491716
0.2961831541127089
0.29576048296650365
0.29566843551303573
0.2953767856692953
0.29491944855492297
0.2944984034245226
0.29424462617274133
0.29403600229860405
0.2938905449757609
0.2939605765535961
0.2937749451241185
0.2934310158058669
0.2929916433341671
0.2926487404229565
0.2920954887358381
0.2918618697548711
0.2917550273739753
0.29163382899138984
0.2917820606575295
0.29161740256147245
0.29136940266504485
0.29130258114442037
0.2911378637573808
0.29101814849891816
0.29074811049000737
0.2904838631671923
0.2901538484938362
0.2900396113092939
0.289982123056731
0.29001625185619234
0.28974683197035106
0.28953472486145576
0.28949601557648585
0.28914269662090736
0.28881476736394895
0.28872069799222116
0.28868629757060865
0.2885401128792454
0.2883617326095202
0.2880759688019656
0.2881078917151494
0.28785731853794005
0.28752637375445705
0.28757188657382726
0.2872096289529529
0.2869535976898784
0.2866222044185823
0.28638199855775626
0.2860561844512798
0.28556697449153307
0.2852743337510009
0.2852487131562673
0.285268175144698
0.2852057989270205
0.2850920450437546
0.2849202304177738
0.28475869991581637
0.2846194841904299
0.2842724598325413
0.2838877615032404
0.28352229629481335
0.28320688684535406
0.28301078403441704
0.28293095139067687
0.2826139869616414
0.2823779276710389
0.28221930460569716
0.28195070937450506
0.2817657220568236
0.28155186269630433
0.28131501484673405
0.281117037778762
0.2810666973703569
0.2811063726708866
0.2810055925071839
0.28089199529817943
0.28082754443413904
0.28068849442149324
0.28057837687662285
0.28047691318006657
0.2806031218423144
0.28038934693193873
0.28023800543694444
0.28021872605629605
0.28027491662213705
0.28041562342493453
0.2805444202416617
0.2804388413517968
0.2801521056981041
0.27990953379291456
0.27950272904835605
0.2793542745893685
0.2792753874658705
0.2791755381009465
0.279110017259863
0.27918041950859146
0.27915704331149743
0.279024688959154
0.2788857389375077
0.27857135891749996
0.2784020499301072
0.2783175284265445
0.27809481857577006
0.27786772055722153
0.2777219063856585
0.27757048878476587
0.27741351971744715
0.27721034280072815
0.277007655707456
0.27681604116920855
0.27671418258855285
0.276465249474331
0.27616275039855825
0.2759509841824814
0.27584216416312407
0.2756712502715076
0.2754051147647789
0.275263102533867
0.27528605255750027
0.2751323974252438
0.2748874732743311
0.2749124237069618
0.2747779541417348
0.27474796915987304
0.27471490621593925
0.27440052337620907
0.27413792793618447
0.27421299805231686
0.2741700746267323
0.2741562585175803
0.27420575921159446
0.27402471576165605
0.2738980464465674
0.27387741516222597
0.27381615941303633
0.27377556434624095
0.27367408268855675
0.27361949089237486
0.27335371814439186
0.2733768628612094
0.2733636186263185
0.2735567229531371
0.27359868406367455
0.273520553269671
0.27344797733757487
0.27346877612773923
0.27326666428926827
0.2730636292356126
0.2730549095705424
0.2730452269431518
0.2731323453580109
0.27328096968235066
0.27323066025836995
0.2731602964917805
0.2730946316207491
0.2730604730395934
0.27302550576040485
0.27309720306115554
0.2732750415489242
0.27341521037349636
0.2735010031738557
0.2735201303371446
0.27343017799313274
0.2734078605623772
0.27351477819360914
0.2735136583185268
0.273666098483934
0.2738601282069806
0.27423056784501354
0.27456171872379775
0.2748102376867556
0.27484266237036825
0.2750898178919459
0.2753609992744448
0.2755033985611102
0.2756799856571976
0.27572861223663836
0.27580703459088496
0.2758469781604728
0.27602776726930794
0.27616820325517616
0.2762524803316093
0.2761469038116561
0.27605850013640165
0.27609353067697356
0.2762320587554194
0.2764344578914115
0.2766663767226869
0.2769303369212947
0.27704782860240623
0.2772559337977669
0.27720432349772356
0.2771695465323282
0.277429366679749
0.27774132626504
0.2779613892218436
0.2781866575904007
0.27818745820917085
0.27818587797997085
0.27834110670940915
0.27854793090651564
0.2788059807162169
0.2790065906512517
0.2790782406245275
0.27919026300489574
0.2793935064043281
0.27970656440439073
0.279784324246509
0.2797514648515419
0.2797908353704162
0.27963249340489404
0.27959330374442326
0.27969945343410957
0.27984124321247345
0.2799594872389094
0.2801025891339439
0.2800576409090974
0.27996942743206055
0.27998735682525916
0.2799995474722791
0.2799354928826301
0.2798365379607224
0.2799062920032191
0.27995751234202004
0.2800154913252773
0.28004196083190697
0.2802191852510651
0.28041477630159184
0.2804085800706369
0.2802846244983334
0.28024784849901857
0.2802635363807652
0.2804395501779047
0.2805153058498066
0.28040943947478875
0.2804382730448709
0.280560353569382
0.2806911322709932
0.28079477557834936
0.28083143688162493
0.28079966646832866
0.28086954531563224
0.2810116617566654
0.28098962626957225
0.2809757115399277
0.2808708337170458
0.28081035692834666
0.2808088781513331
0.2809609623945292
0.2812031667017317
0.28134557059465853
0.28137326592698875
0.28127804533006223
0.28141439664978174
0.2815577628269832
0.28166472665420356
0.281847110923386
0.28186819548353775
0.28185543911029065
0.2819487032006415
0.28202787376269944
0.282036794082399
0.2819800231462708
0.2818882889549202
0.2817866798967744
0.2816824216186342
0.28171622116768097
0.2817542129624321
0.2816748228586976
0.2816701114904858
0.2816271799371707
0.28156850257588334
0.2815905190296583
0.2816509547342815
0.2816749744737447
0.2816610453726786
0.2817199701305475
0.2817599322930125
0.281786777191022
0.2817590593021102
0.2819269962864116
0.2820816291656915
0.28208240494612574
0.28199437852344356
0.28201501897373216
0.28212918228285666
0.2822178822796713
0.2823647159729793
0.28233195224436114
0.28236317834984076
0.2824794230799639
0.28266901681154777
0.28281061644126054
0.2828699219727721
0.2828621390014228
0.28280235444602225
0.28278319322882295
0.2827475497871023
0.28278676452098445
0.2828035982546529
0.28276955337749105
0.28277468841482944
0.28289886276005555
0.2830035850710195
0.2830610329305347
0.2831527575464376
0.28319979624539693
0.283327625429711
0.2835454159956491
0.2836397444600376
0.28365297188374355
0.28384998931298244
0.28384808096069125
0.28378288122557216
0.28378087403706453
0.28378745251599996
0.283800717129538
0.28382524982705837
0.2839847888057783
0.284104153650912
0.28414957525561035
0.28415677131155154
0.2841259543775222
0.28414961301662023
0.2841136793963789
0.2840817469013801
0.2841657779458681
0.28424292511384774
0.2841627259343751
0.2841302597084281
0.2842593626086437
0.2843564837791575
0.2843024986547952
0.2842630623478531
0.28423026082362646
0.28430103490384434
0.28446144049319766
0.28450593844588495
0.28457827871175073
0.284700939171794
0.28473303150386586
0.28466597920597186
0.28454532716827796
0.2845154121224336
0.284479447341198
0.2844403182849223
0.2844821712406573
0.2845479328025509
0.28442527662890954
0.2843481643473798
0.2842719764531592
0.28416304823454175
0.28407422943228855
0.2840155850507293
0.2840025101556534
0.2839933625098252
0.2839747750191319
0.2839382012874195
0.2839579585957167
0.283976362481918
0.28393142495556134
0.28384609556978974
0.2838737578544502
0.28390366421775826
0.2838453609670088
0.2837838668417299
0.28371496669237334
0.2836695360328821
0.28378493208886696
0.2838721492329017
0.2838315161716359
0.28377633658807255
0.28388322919709863
0.28373490386454797
0.2836185961957299
0.2834774690866054
0.28337093165841376
0.28334532586992617
0.2833154524789084
0.28328257474861307
0.28328989141068994
0.283254897228591
0.28317739206897863
