0.37072858596697394
0.37108805826503577
0.3715831113076843
0.3739201696063907
0.3744074937418846
0.3738201496195022
0.37425895639673035
0.3740819858781547
0.37352289898303237
0.37360746352424373
0.3730264031735834
0.37291813327563983
0.37262771079338697
0.3725591270385547
0.3728073966808057
0.373015074719765
0.3731245361716971
0.37301385529424896
0.3727643428650927
0.37240049802693914
0.3723904818724577
0.37263802066559454
0.3724765321005362
0.37224715375916706
0.3719591520161197
0.3719118581495522
0.3722194317050222
0.37228283325397127
0.3723954371384987
0.3723576114854829
0.37253950432587324
0.3726192356408931
0.3725621760988325
0.372379092672238
0.37227022322670905
0.37236964089775854
0.37227417494204257
0.3722391017889141
0.3721442732436007
0.37206006069649233
0.3722156111426611
0.37219950073207797
0.3720157071392947
0.37206839455113766
0.3720604372131633
0.3720599034720232
0.3719808558583921
0.3717574622226574
0.37158784906878617
0.3715690900452978
0.37143821953899825
0.37128887853998244
0.37133501461803564
0.3713105963660018
0.371231917422139
0.37129349534942757
0.371136581475122
0.37102064575303445
0.3709343148981504
0.37093487745325804
0.3708748677806578
0.37076613895474225
0.3707732807795107
0.37069879660196137
0.37058417886593864
0.37059014172136806
0.370550532677733
0.37046939924989986
0.37037846171556443
0.3703696932865213
0.370357079856404
0.37034252973000215
0.3703161659441417
0.37031502139751366
0.3702635123905036
0.370277805159104
0.37021622595090037
0.37013604554373225
0.37013370261666523
0.37024518572448817
0.37024536776718275
0.37023798504398314
0.37026421089095973
0.3702531175220399
0.37017916995028743
0.3700621712469273
0.3700049936741781
0.3699708720131063
0.37000474121881494
0.3700125817686575
0.3700175598447503
0.37000768191091704
0.3699538121250715
0.3699318593074524
0.36995291653250056
0.3699350860080707
0.36994491345712555
0.36994850510886423
0.37004666193687985
0.37006650756768134
0.370074208661285
0.3700532551254963
0.3700281590251999
0.36996900481885764
0.36997159271797514
0.36995586020887766
0.36999375067886214
0.3699896411657907
0.3700014167312076
0.3699064038040127
0.3698597468420628
0.36981406881606693
0.3698288171364174
0.3698069665867731
0.3697665458525248
0.36977116699370605
0.36978353293457883
0.3697473423737395
0.36975788372792
0.36973685934320066
0.36969754025000223
0.3696455301453983
0.36958594629239366
0.3695662578560547
0.3695846736663531
0.3695451136048466
0.3694749548851985
0.369407272247082
0.3693806931746229
0.3693446515993208
0.36929090546150084
0.3692728611158883
0.36924718628573705
0.3692018825240026
0.36925660770508684
0.3692590340736557
0.3692432407287988
0.3692139628274325
0.36919425055482075
0.36916288990833535
0.3691749372043411
0.3691548722866862
0.3691339876952303
0.3691536402449419
0.3691956407625462
0.36918037324929637
0.3691673338340389
0.3691401415793104
0.3691560054182485
0.3691322920620383
0.36912904820313636
0.3690944873788832
0.3690955070959714
0.369095478140591
0.3690985595228217
0.36907180446865767
0.36908338914717287
0.3690761472294227
0.36906616570981615
0.3690500177807286
0.36903161124023137
0.36899952658172946
0.3689745016484752
0.3689695170343736
0.3689908887765492
0.36903496454411316
0.3690175505910538
0.36902772523944577
0.36902944702522544
0.3690559678618405
0.36909299434405546
0.36911217616761466
0.3690885934826397
0.3691187959772816
0.36911850685041153
0.36909900249992467
0.3690968484286979
0.3691148085591814
0.36914518348981934
0.3691097202286734
0.36904119438579985
0.3690291771311023
0.3690322108657342
0.3690530463745774
0.3690315366243225
0.3689906663697906
0.3689837159785339
0.3689650370331411
0.3689542950990639
0.36892967145763605
0.36890543618956817
0.3688691514969683
0.3688517303423287
0.3688607632011561
0.36887458959518205
0.3688835620714599
0.36885877441671416
0.368864423184682
0.36886483821502525
0.36888071829111957
0.3688748928619049
0.3688834237681774
0.36888053295416284
0.36886356188195035
0.36884146402046025
0.3688323672036902
0.36882066197297486
0.3688204511836188
0.3688115019579359
0.36878888805345494
0.3688006047154788
0.3688142923273588
0.3688099794968794
0.3688118050441023
0.3688245933954545
0.3688423700878064
0.3688594689583789
0.36885896659452516
0.36883518355827233
0.3688276964890826
0.3688157836914757
0.3688125679933212
0.36883185825852094
0.3688404382057957
0.36888080113855654
0.36888465776437035
0.3688529822972694
0.36882783778775124
0.36883994073550264
0.3688403663089427
0.3688523039151158
0.3688573518653106
0.36887312568477726
0.3688801925350175
0.3688431890553586
0.3688276868426379
0.36882666406454095
0.3688299303279461
0.36883378879621076
0.36885415971992236
0.3688464756862405
0.36886800921590635
0.36884430526358
0.3688311324371824
0.368799520419973
0.3687981707551236
0.3688078692890738
0.3688045022808346
0.368810046950073
0.3688048576078918
0.3688156450846091
0.36882127640810647
0.3688122327171848
0.3687931477501562
0.3687730926199677
0.36875772856999967
0.36875218543722676
0.36874600826592785
0.3687447676134163
0.3687459614917699
0.36874753310596864
0.368757182588878
0.3687339160037609
0.36871434559241256
0.3687167350449463
0.3687245142659581
0.3687328123852887
0.36871247741099256
0.36869198943718384
0.36869816257307536
0.3686789264167629
0.36866123679971313
0.36867682475539193
0.36866077759112614
0.36863815861713434
0.36862990118748606
0.3686038462088884
0.36857509482471396
0.3685878709567323
0.36860347537356064
0.368579019378929
0.3685514814655648
0.368532008736447
0.36855780210279987
0.36855413257464925
0.36854355945751094
0.36851620160398746
0.3685080180864711
0.36853046819141455
0.3685258360879128
0.36853034332624374
0.36854877308890216
0.3685453248093261
0.3685689827217668
0.36856896806784184
0.3685686635990921
0.36858294398379204
0.3685703117102377
0.3685405930199773
0.36853008325688125
0.3685242028478708
0.3685322571695601
0.3685355765636006
0.3685232512372095
0.3685247109759566
0.3685173148717199
0.3685133061657518
0.36849656780753626
0.3685027748007597
0.36849529300707207
0.3684895935534807
0.3684755305649897
0.3684713090815163
0.36846297611196166
0.3684756296291809
0.36848261248415237
0.3684603365032721
0.3684433735247933
0.3684324103263305
0.36842383421440444
0.36839723280488046
0.3683788577291141
0.3683705507825059
0.3683887479427833
0.3683889453522001
0.3683946104448597
0.36838598726034044
0.36838090139754864
0.36838936335411865
0.3683965999394958
0.3683876194876682
0.3683732127773404
0.36836858402697314
0.3683610140671273
0.36836659563134
0.3683548737562088
0.3683278524859419
0.3683295250637491
0.3683422192832435
0.36833246279377424
0.36833190671536986
0.3683337301623846
0.3683343994787882
0.36833355296909737
0.3683434833124467
0.3683546787787276
0.3683576290799805
0.3683417150534875
0.36834568613929586
0.3683701695557373
0.36836565776929003
0.36835015341164923
0.3683276098817139
0.36832323336873257
0.3683298091234744
0.36832209965555485
0.36832727592209197
0.36833241295896174
0.36832446560869175
0.3683402450280414
0.36835261101781064
0.3683574699307173
0.3683616712480492
0.36833475356648365
0.36833257624086735
0.3683264134392095
0.36832702448891275
0.36832969432786355
0.368335998476289
0.36832812166051127
0.3683222315027204
0.3683292430934092
0.3683217787934124
0.3683262531833976
0.36832255795436164
0.36833012485168404
0.368330481271324
0.3683153045259567
0.36831885025305866
0.36832348408414795
0.3683248147451829
0.3683292486344241
0.36833474519253667
0.3683475771208792
0.3683397159571689
0.36834040921390554
0.3683428109301188
0.3683550643389987
0.36836698858977585
0.36838306367242796
0.3683997180860903
0.3684152771036673
0.3684044833114338
0.36840013520760156
0.3683993684528837
0.36842328314185185
0.36845283527334166
0.36846821150770975
0.36846730012212403
0.36846378981655
0.36845840218662695
0.3684665682741102
0.3684725610671122
0.3684776027810239
0.36845564153458843
0.3684387246759997
0.36842248973588504
0.36841018855378505
0.36840123931397184
0.36838590857668385
0.36837777038307795
0.36836850197128707
0.36836485321891843
0.3683753682080852
0.36838677904190964
0.36838596117218375
0.36838077939654057
0.3683875501706513
0.3683869201656109
0.3683918894790692
0.3683871158974753
0.3683779878034232
0.3683721467451977
0.36836154673581567
0.3683482256452467
0.3683283796163696
0.3683206339957364
0.3683212778975846
0.36831810816015303
0.36832113613513595
0.3683236912545739
0.36831116605761555
0.36831757810283655
0.36831935688316214
0.3683084103882408
0.3683001970609537
0.36829969039123156
0.36828787341556857
0.3682832265151732
0.3682936791720278
0.36829492631306465
0.3682825471206974
0.3682749128257633
0.368251790935489
0.36826071962218
0.36826136057548703
0.3682389128643518
0.3682315471338512
0.36822537339128664
0.36822648681233733
0.3682292337748906
0.3682385067265319
0.3682441509260415
0.36825241826172694
0.3682590694662544
0.3682617730078879
0.3682564643460341
0.36826340946593317
0.3682554679061734
0.3682531736196036
0.36824918026772296
0.3682603409877303
0.3682598455113809
0.36825247570947284
0.3682496842492276
0.3682529194612984
0.36826708808888936
0.36828195726443813
0.3682909256065043
0.36827762195642655
0.3682752391799037
0.3682800196261915
0.3682801052034278
0.3682696719531512
0.3682600817595025
0.36826153500467695
0.3682580411936998
0.36824539234288134
0.36824194450170683
0.36824069142027854
0.3682477329780067
0.3682435745565706
0.3682476713471715
0.3682638626451242
0.3682691086433397
0.368255801201986
0.3682398961374348
0.3682404206697649
0.36823490180672935
0.36822789711176346
0.36821447904832455
0.36820649551446033
0.3682172938376948
0.36821966404502576
0.36822174970623606
0.368225936727534
0.36822895574661363
0.3682203741817306
0.36821655056342784
0.36822216396129664
0.3682266327489002
0.3682334068825465
0.3682344370403727
0.3682262147728285
0.36821656111416473
0.3682195776190216
0.36821354159794556
0.36819975776885405
0.3681990245168099
0.36819615576906317
0.36818161443450237
0.36816735770545683
0.3681723205220926
0.3681656698240462
0.3681708397067506
0.36816986075130415
0.3681618805871283
0.36816540846495943
0.3681686538051272
0.36815375763670155
0.36815110842358045
0.36814650836860435
0.36813026402636445
0.36813733636257134
0.36813638500549034
0.3681420869546645
0.3681360270746427
0.36813596852899505
0.3681318043382486
0.36811915887590485
0.36810953922711714
0.36810470689314667
0.3680994450084847
0.36810667964742855
0.3680934520724002
0.3680934041708073
0.36810666635448974
0.36809126243915974
0.368084967163734
0.3681006082125513
0.36810761025370686
0.3681109868158077
0.36810478838940003
0.36811022210052147
0.36810132483608404
0.3680933687021167
0.3680839745866586
0.3680796227725552
0.36808353094920004
0.368076571592117
0.36806083186152555
0.36805109893865223
0.36806005056237345
0.3680607124664144
0.36806674341568907
0.3680666104162326
0.3680592364896344
0.3680504706467709
0.3680404121219816
0.3680312926172878
0.36802629587640634
0.36802305405559826
0.3680188407162041
0.3680103592207745
0.3680084399617898
0.36799839067927603
0.36800300356945437
0.368000627496706
0.3680106764473547
0.36801239906967115
0.36800873453282723
0.3680160909583885
0.36800558099946157
0.3679833846111868
0.3679759201480984
0.3679695364932256
0.3679610040975911
0.36794622370500496
0.36793551202785746
0.3679458909977613
0.3679389451873013
0.36793591541390785
0.3679280378987241
0.3679301505880163
0.36793053245086627
0.3679349904605109
0.3679327260089602
0.3679376501396476
0.3679443113914411
0.3679496876032019
0.3679389604749802
0.36792648589845683
0.367928716170737
0.3679241673010791
0.36791507196395445
0.3679065763179866
0.36790023231495317
0.36789902724775986
0.3678984752454932
0.36790342608726745
0.3679124867982622
0.36790768198135926
0.36790220376373
0.3678964060703091
0.36788967792782035
0.36789538184839504
0.36788774863625423
0.36787536937387944
0.3678776342143296
0.36787487743464997
0.3678751658578619
0.3678701795397526
0.3678708985610825
0.36786440024360645
0.3678739288069915
0.36788198763605434
0.3678824611047009
0.3678904646692919
0.3678862936474552
0.3678870676854795
0.36789718800235405
0.36789549055093834
0.3678954695953731
0.36788882881063983
0.36787909195573976
0.3678767038884156
0.3678680705209562
0.36785842739770563
0.3678615890831303
0.36786593057418704
0.36786928324732976
0.36786639220683626
0.3678554193385919
0.3678432602295546
0.36784696054216653
0.36785392656023586
0.3678456859419563
0.3678369439290109
0.3678331345389084
0.367839312960511
0.36782480542778145
0.36781907908933176
0.36781398369257967
0.36781523467330957
0.36782059729454647
0.3678213498221023
0.3678307894018073
0.3678308767460958
0.36782361173280437
0.36782376868549416
0.36782501428267633
0.36782675400832304
0.3678322980708635
0.36784187332894747
0.36785482089308447
0.3678579593980791
0.36785250689109716
0.3678383406483355
0.367832542476855
0.3678215406381995
0.36782524173345243
0.36783076141544874
0.3678312539210525
0.3678261989202886
0.3678242220916755
0.3678252674777706
0.3678236090111242
0.3678191332346588
0.3678244280020564
0.3678215236166572
0.3678135228059565
0.3678100265591279
0.367796432654735
0.36778510694605937
0.36778201445668707
0.3677854870169784
0.36779300462404746
0.3677979684766457
0.36779555077500314
0.36779684008398394
0.3677879286959507
0.36778803633610635
0.36779507766912567
0.3677983063990277
0.3677983400096054
0.36780556644208584
0.36780470556298855
0.36779308797681604
0.36778836001289367
0.36779355344135517
0.36779175687434223
0.3677947365385318
0.3677966670788094
0.36779802901108694
0.36779843198541945
0.36778809672682045
0.3677739650354164
0.3677725738674458
0.3677799339168692
0.3677821440343052
0.3677690843614343
0.367766115551561
0.367764280428144
0.367767145139001
0.367768159450468
0.3677619556898922
0.36776816042355925
0.36776327245763024
0.36775476642272975
0.3677557557589685
0.367757967498341
0.3677547700223302
0.3677530512656215
0.3677526300603305
0.3677548291520427
0.3677454733416951
0.3677417465251197
0.36774362253712867
0.36774439229667655
0.36774625485121604
0.3677457480624582
0.3677428767758144
0.36774507217705804
0.36774318542115203
0.3677442292070248
0.36774359666795686
0.3677477747003643
0.3677507246938769
0.3677352432279696
0.3677277693032064
0.3677189109174255
0.3677205301765744
0.36772642254955273
0.3677170741056574
0.36770980284328286
0.36770934717052556
0.3677080446763093
0.36770348584120943
0.36770411862395885
0.3677046582150488
0.367698613466642
0.36769640281203453
0.3676883828554769
0.3676879320574443
0.3676958395594918
0.3677025311705688
0.36770226741432055
0.3676973034333296
0.3676992517552472
0.3676961171744524
0.3676971198072743
0.367698322144107
0.36769202549181157
0.3676862674440764
0.36768868284173384
0.3676917651121567
0.3676891984309189
0.3676857128400875
0.3676803189830515
0.3676788603247021
0.367679576180753
0.36767593063130966
0.3676757828079552
0.36766966184366734
0.3676671481893844
0.36765799062233917
0.367659710801297
0.36766048553757513
0.3676604900180145
0.36766688653608465
0.3676677128737945
0.3676657918055481
0.3676596609119296
0.36765997904575665
0.3676635471115236
0.3676561344422293
0.36765312181247534
0.36764875400240443
0.3676463721933771
0.3676400412024389
0.367647636619499
0.3676522161720754
0.3676547079218304
0.3676552674106616
0.36766263566826385
0.36766179931455867
0.3676621321371507
0.36766629119610117
0.3676714819186403
0.36767832171818027
0.3676779860104354
0.3676809278776382
0.3676867422118214
0.3676876406421922
0.3676901324446883
0.3676979664139867
0.367699801678003
0.3677010064515707
0.3677010309747187
0.367705311806024
0.36770065984878525
0.367696877256237
0.3676955382498644
0.3676939849788569
0.36769584026024843
0.3676950303801105
0.36769260559884015
0.3676914857254371
0.36767924478608033
0.36767276874071986
0.36766828313117195
0.36767180949394085
0.3676701947417023
0.36766907031626805
0.36767123896831705
0.36766789055648147
0.3676650162732231
0.36766489305432565
0.36766356695588565
0.36766087441077927
0.3676642774804709
0.36766033800057296
0.3676685970676022
0.36767546304901855
0.36766936189536237
0.367661791214343
0.36765954164436015
0.36765368556433303
0.36764741139725404
0.3676373326340696
0.36763108625031393
0.36763583671743727
0.36763145647427165
0.3676187353492739
0.36761749494738477
0.36761780488440204
0.367616193477413
0.36761244686943567
0.3676059339401641
0.3676020513997376
0.3676007472657125
0.3676015167833971
0.36759317538245834
0.36759194178156135
0.36759522236405606
0.3676002657856628
0.36759347036294043
0.3675891881953565
0.3675910762707173
0.36758858600632677
0.36759252652633084
0.367594166131352
0.3676026445593348
0.3675948095941799
0.36759506125593483
0.3675948382225338
0.3676033053401151
0.3676064099756014
0.36760617303870585
0.3676028688759563
0.3676037804924583
0.367599656371284
0.36759533610326917
0.3675997060033715
0.36760040081628914
0.36759759484891535
0.3675921315474359
0.3675832358394905
0.3675794835241282
0.36757210376719285
0.3675757153206862
0.367572784479182
0.3675744206304837
0.36757950533272166
0.3675810322447327
0.36757921117114156
0.36757720284629647
0.3675786212341233
0.36757758259156664
0.36757945899037214
0.3675789034516716
0.3675756703490784
0.3675818584761117
0.36757775961096734
0.36757293162501764
0.36756554087454496
0.36756386213361875
0.36756483466899914
0.3675720412697508
0.3675778359959866
0.36758508211615043
0.367590933843612
0.3675930556429203
0.36759687747912717
0.3676019656178603
0.3676076641463879
0.3676103983642797
0.36761221306694064
0.36760871430901004
0.36760816970510307
0.36760162129168356
0.3675975466526672
0.367599361370352
0.36759769504156686
0.3675947376621034
0.36759131503421877
0.36759842050961594
0.3675990230196222
0.36760998966685077
0.3676122173558781
0.36761411488362483
0.3676162299149385
0.3676238158016595
0.3676294036161825
0.3676330135346325
0.36762931233797014
0.36762520809158894
0.3676235358603833
0.36762140776537383
0.36761793724184366
0.3676156234063701
0.36761530334648235
0.36761988154734004
0.36762456824204875
0.36762715568354637
0.36762540018218487
0.36762823947823214
0.36762745177397443
0.3676203714353473
0.36761827202649855
0.3676141125592079
0.36761832585166637
0.3676258553345931
0.36763399770937016
0.3676391493472133
0.3676350994314044
0.3676325370914937
0.3676370525025989
0.36763625220389
0.36763329533329203
0.3676275545349268
0.36762663932929274
0.36762523262329105
0.36763022091192865
0.36763113615353915
0.3676315357747739
0.3676319855693898
0.36762937669838236
0.3676298295203131
0.3676276463670858
0.36763618300371587
0.36763640075343124
0.3676422579212812
0.36764518726051626
0.367644852830858
0.36764115105548906
0.3676383721177465
0.36764031683440657
0.3676433682491943
0.36764586611282224
0.36764724011415273
0.3676500023285586
0.3676500455581637
0.36764675721417195
0.3676413291156955
0.3676399542618686
0.3676410883588794
0.36764019120380687
0.36763918701860676
0.36763803665046313
0.36763476093240044
0.36763508048166477
0.367640305873482
0.3676434919908477
0.3676386414098246
0.3676408266539828
0.3676463572037432
0.36764868668551337
0.3676474380040327
0.3676495976701823
0.3676429161374696
0.3676370775577981
0.3676410102358087
0.3676425855561731
0.36764653338500786
0.36764771736872953
0.36764962726866196
0.36765200854096736
0.3676495905433997
0.36764760856245904
0.3676410541117632
0.3676395063467874
0.3676342461626227
0.3676299015563588
0.36762963217879785
0.3676310762215241
0.3676288084928294
0.3676301081815808
0.3676269819626429
0.36762301558406346
