3524
1871
1576
2295
11329
578
570
718
1111
11547
1578
1728
1960
1600
1912
1818
2142
1948
2186
1530
1649
1459
2068
1456
1137
651
529
446
412
634
864
1422
1596
1838
1791
1514
1598
1542
1771
1672
1388
1469
1906
1869
1779
1711
1490
1241
932
761
484
421
458
579
1324
1782
2056
2058
1975
1967
2070
1722
1992
1890
1928
1831
2132
2321
2278
2429
2217
1684
994
779
689
471
521
664
1110
2277
2044
2123
1754
1745
1794
1869
1929
1794
1518
1706
2094
2490
2189
2195
2125
1630
1214
790
610
629
486
599
1271
2016
2305
2123
1757
1824
1841
2081
2146
1905
1539
1752
2721
2358
2722
2408
2209
2407
1416
1024
800
569
686
615
1192
1926
2196
2027
1696
1943
1894
1899
2179
1714
1573
2166
2352
2617
2414
2354
2195
2302
2262
1716
1677
1307
852
751
631
869
1106
1612
1919
1848
2132
2093
1904
2050
1929
1973
2357
2445
2214
2197
2342
2330
2433
2464
1693
1554
1059
599
800
675
866
1169
1379
1827
1766
1952
2136
1899
1969
1669
1839
1628
1560
1535
1156
1042
765
528
595
417
443
522
1106
1799
1889
1868
1614
1388
1720
1564
1730
1728
1512
2126
2226
1997
1982
1806
2030
1315
884
589
461
906
421
567
1157
1768
2340
1882
1684
1635
1676
1838
1887
1986
1540
1933
2519
2373
2275
2146
1997
1718
1122
719
546
465
708
583
1170
1788
2128
2135
1732
1735
1725
1656
1983
1872
1556
1758
2126
2421
2395
2281
2066
1768
1437
814
632
501
469
792
1117
1955
2089
1834
1951
1744
1799
1826
1795
2147
1491
1653
2177
2224
2305
2144
2461
2047
1644
1379
814
671
681
662
1479
1732
2051
2010
1953
2063
1825
1868
1876
1802
1731
1738
2031
2232
2214
2526
2232
2268
2030
1892
1863
1344
937
622
673
1125
1289
1450
1694
2934
2242
2070
1963
1907
1824
1969
1944
2452
1986
2013
2327
2034
1999
1938
1580
1504
1000
595
643
691
1123
1194
1557
1919
2382
2348
2003
2023
1854
1863
2356
2046
1847
1886
2015
1811
1257
914
768
802
867
546
766
968
1360
1770
1715
1852
1940
1737
2174
1948
1809
1981
2197
2342
1806
1684
1578
1336
1241
677
555
428
463
990
867
1332
1532
1631
1887
1533
1556
1579
1667
1877
1472
1702
2107
3063
2494
1987
1782
1548
1025
931
555
450
475
605
1330
1751
1989
1890
2008
1879
1700
1721
1765
1899
1714
1752
2112
2260
2243
2601
2234
1694
1127
832
869
510
459
575
1069
2046
2083
1953
2175
1837
2226
1816
1926
1819
1596
2159
2539
2373
2507
2372
2691
2063
1456
999
743
877
544
642
1120
1705
2411
1967
1891
2012
2063
2239
1947
1839
1553
1925
2608
2471
2352
2294
2285
2583
2118
1721
1402
1146
1155
474
666
746
1079
1724
1587
1843
1981
2049
2303
1735
1443
1638
2016
12586
1823
1926
1851
2286
2124
1979
1248
1223
854
841
557
675
986
1209
2238
1894
1989
1928
2003
2083
1642
1727
1954
1820
1688
1388
1351
1141
1262
945
519
438
409
606
1421
1711
2060
1917
1722
2192
1695
1669
1761
2035
2163
2089
2348
2377
2217
2421
1865
1422
1028
707
780
419
387
623
1302
2210
2184
2233
1823
1721
2121
1801
1964
1759
1627
2341
2195
2282
2259
2197
2319
1691
984
734
560
1125
472
661
1139
1875
2378
1926
1717
1514
1765
2214
1851
1836
1381
1778
2411
2381
2273
2298
2226
1886
1269
879
650
592
829
586
1175
1928
2142
2413
1861
1724
1864
1902
2549
1814
1555
1898
2187
2641
2322
2478
2484
2109
1856
1144
794
628
580
1349
1101
1582
1942
1864
2132
1777
1808
1862
1878
2095
1608
1867
2247
2569
2819
2289
2307
2319
2235
2592
1527
1266
900
607
1027
751
1087
1557
1794
2016
1891
2057
1958
1905
2113
1955
2396
2547
2194
2466
2429
2504
2368
2149
2474
1431
958
643
614
1166
993
1214
1641
1792
2332
2288
1873
1421
1219
1761
1333
1469
1276
1144
1582
963
792
579
483
886
410
580
1028
1461
3536
1564
1648
1635
1488
1929
1575
1716
1472
2034
2671
2058
2053
2136
1765
1757
1083
591
542
438
812
551
1059
1804
1867
2286
1663
1586
1750
1648
2236
1750
1256
1549
1706
2307
1976
2137
1866
1486
1525
1710
594
522
533
1126
1313
1854
2572
1896
2215
1697
1765
1818
1851
2279
1340
1800
2004
2195
3024
2447
2031
1963
1184
1273
663
538
549
596
1582
1777
1896
1654
1560
1805
1478
1208
1439
1417
1494
1335
1671
1876
1726
1912
1758
1505
1287
971
1261
593
529
612
1043
2102
1825
1931
1664
1624
2104
1885
1792
1442
1295
2070
1921
2187
2531
2169
2820
2222
2120
1842
1313
1658
941
598
686
796
1671
1412
1875
1759
1962
2597
2028
2003
1689
1969
2712
2183
2162
2228
2204
2972
2135
1926
279
1775
1876
833
627
765
893
1664
1545
2651
1842
1868
12399
1693
1415
1371
1774
2130
1470
1780
1142
1247
1466
648
510
448
480
1022
1006
1638
1923
2023
2029
1437
1465
1459
1739
2054
1558
1719
2083
2136
2505
1757
1840
1502
911
1069
515
487
432
663
1782
1786
2010
2070
1799
2017
1781
1602
1848
1707
1838
1705
1974
2133
2395
2737
2022
1574
1099
781
1005
490
424
598
1127
2195
1989
2243
1759
1618
2292
1764
1792
1623
1495
2402
2181
2196
2240
2371
2599
1811
1382
894
657
981
496
571
1029
1793
2488
1920
1683
1698
2042
2188
1983
1705
2527
1705
2818
2451
2393
3315
2371
2525
1601
1153
911
714
1142
638
1193
1862
2014
2356
1603
1757
1777
1571
2320
1679
1383
1812
2303
2856
2368
2362
2360
2372
2732
1889
1578
1353
961
1043
664
857
1196
1609
2272
1881
2168
1949
2013
2249
1730
1935
1967
2502
2830
2287
2351
2416
2188
2421
1634
1379
912
668
1317
774
896
1074
1421
2046
1913
1983
1957
1891
2265
1862
1982
1732
1631
1941
1386
1122
923
693
957
767
458
592
977
1985
1774
1751
1583
1516
2220
1490
1565
1514
1525
2131
2023
2250
1901
1802
2018
1390
932
702
503
1069
454
553
1095
1575
2311
1697
1373
1373
1451
1788
1690
1461
1393
2009
2711
2503
2207
2435
2251
2406
1434
981
710
606
958
657
1127
1738
2114
2338
1803
1719
1806
1843
2342
1702
1450
1731
2273
2914
2338
2579
2135
1774
1604
814
586
494
472
1078
1086
1595
2126
1974
2267
1728
1967
1880
1733
2193
1410
1718
2169
2403
2834
2436
2212
2275
1617
1596
952
670
581
628
1555
1697
1945
2134
1776
2280
1776
1783
1875
1742
1790
1568
2234
2022
2178
2539
2178
2163
2044
1640
1782
982
805
578
673
1396
1167
1399
1658
1670
2683
1961
1717
1872
1875
2456
2225
2225
2224
2415
2569
2588
2191
2186
1793
1973
1095
655
639
719
1394
1253
1493
1882
1829
2535
1825
1785
1702
1758
2331
1774
1747
1552
1513
1639
922
651
499
422
916
608
1065
1650
1887
2319
1494
1541
1624
1862
2083
1671
1463
1733
2066
2565
2022
2112
1842
1312
1498
738
550
486
436
994
1058
1729
1992
1949
2143
1475
1657
1637
1784
2037
1517
1732
2071
1917
2627
2308
1855
1619
1074
1227
588
463
457
597
1868
1530
1879
1846
1671
2069
1611
1725
1810
1750
2041
1670
2147
2298
2333
2453
2164
1553
1157
798
1100
499
481
593
1066
2131
1966
1812
1696
1596
2145
1619
1752
1626
1259
2157
1858
2133
2197
1983
2344
1874
1814
1111
823
1065
531
576
1072
1660
2505
1723
1748
1856
1644
2250
1647
1673
1463
1826
2514
2187
2039
2141
2288
2732
2111
1893
1590
1228
1616
633
722
816
1029
1915
1606
1859
2059
2041
2496
1943
1803
1859
2215
2978
2250
2177
2448
2487
2779
2008
2724
943
598
1133
883
1037
1312
1577
2287
1966
1836
1563
1552
1957
1611
1724
1629
1528
2207
1374
1116
873
601
897
448
456
585
1108
2319
1933
1816
1643
1548
2128
1656
1699
1706
1728
2405
1944
1964
1822
1775
2181
1240
1080
664
569
959
418
588
1106
1801
2480
1692
2109
1468
1859
2771
1884
1703
1358
1593
2422
2287
2363
2158
2081
2077
1082
766
636
518
1010
549
1233
1844
2066
2504
1646
1657
1733
1740
2130
1983
1267
1592
1915
2700
2289
2072
2125
1764
1856
937
628
506
563
1216
1129
1731
2095
1947
2345
1402
1624
1812
1673
2095
1405
1706
1884
1992
2694
2294
2185
2078
1957
1883
965
870
644
607
1353
1160
1521
1744
1997
2191
1969
1912
1707
1611
2046
1745
2242
2175
1549
2257
1764
1996
1848
1625
1843
1172
820
708
653
1473
911
1347
1583
1633
2188
1971
1831
1830
1750
2586
2099
2112
1851
1833
2618
1947
2039
1652
1462
1585
883
533
619
676
1338
1077
1333
1453
1527
2224
1569
1593
1617
1645
2079
1520
1581
1561
1453
1832
905
597
468
429
1015
566
987
1477
1875
2106
1686
1560
1707
1561
3112
1571
1409
1748
2026
2410
1965
1851
1521
1455
2585
815
662
482
455
1087
1011
1669
1935
1847
2054
1388
1639
1676
1660
2241
1501
1703
2332
2341
2420
2000
1840
1526
1094
2400
760
612
497
540
1416
1610
1939
1798
1792
2258
1668
1888
1784
1864
2251
1696
2015
2095
2242
2664
2066
1804
1268
779
1120
632
526
748
1156
2102
1722
1960
1802
1795
2427
1686
1790
1720
1598
2328
2033
2221
1892
2140
2548
1921
1412
1177
782
1092
566
555
1134
1646
2149
1830
1645
1515
1781
2390
1680
1753
1278
1979
2770
2009
1905
2009
2270
2427
2058
1800
1627
1168
1374
599
729
680
1160
2353
1497
1699
1918
1707
2236
1680
1435
1942
1951
2446
2127
2198
2306
2305
2630
1922
1862
1305
5479
1039
626
705
866
1105
2200
1817
1983
1597
1846
2329
1637
1453
1843
1672
7462
1379
1556
1231
922
1368
492
444
496
538
1470
1612
1806
1758
1801
2155
1547
1577
1702
1527
1958
1799
1926
1961
1921
2354
1512
1101
962
673
1026
387
413
562
975
2993
1699
1770
1419
1478
2256
1707
1629
1703
1550
2195
2235
1785
1890
2024
2437
1451
1142
869
599
1159
438
560
1092
1974
2572
1616
1566
1589
1682
2042
1833
1684
1369
1701
2611
2278
1970
2015
2036
2322
1189
884
577
544
947
609
1202
1817
1815
3613
1639
1529
1593
1581
2297
1748
1394
1750
2351
2997
2073
2145
1892
1900
2091
1150
810
593
618
1617
1115
1572
1887
1940
2338
1738
1587
1621
1753
2113
1439
1841
1959
1896
2826
2016
2329
2270
1756
2432
1489
1105
860
658
1197
783
1321
2041
1718
2236
1978
1913
1759
2165
2356
1669
1953
2241
1933
2360
2388
2305
1884
1653
2164
1336
1067
686
690
1308
895
1210
1741
1811
2655
1662
1624
1865
1648
2279
1864
1893
1702
1498
2036
1164
999
591
490
1006
491
579
1040
1691
2550
2016
1683
1744
1764
1826
1556
1548
1296
1903
2387
2187
1540
1580
1558
1575
1077
610
595
450
998
525
1293
1615
1919
2353
1382
1660
1611
1342
2330
1508
1254
1794
2199
3762
2025
2156
1726
1313
7895
697
660
477
481
1176
1050
1681
1787
1827
3059
1756
1707
1618
1719
2421
1237
1725
1770
1880
2551
2018
2217
1703
1237
1385
572
526
488
540
1554
1823
1632
1777
1590
2181
1833
1619
1819
1634
2000
2022
1904
2124
2303
2891
1858
1901
1816
1132
1355
610
534
615
1156
2189
1905
1774
1676
1630
2239
1688
1810
1493
1409
1943
2042
2029
2351
1996
2797
1874
1636
1591
1524
5152
848
637
611
833
1669
1257
1620
1915
1902
2530
1666
1744
1606
1803
2295
2178
2061
1948
2099
2486
1909
1784
1471
1479
1888
594
545
822
826
2212
1643
1522
1655
1686
2251
1483
1697
1589
1632
2051
1517
1500
1450
1355
1342
591
502
466
421
1061
883
1815
1687
1587
2043
1332
1411
1343
1809
2038
1597
1671
1986
1905
2240
1845
1596
1198
1007
1260
554
410
421
608
1583
1702
2031
2751
1624
2041
1756
1564
1672
1600
1940
1716
1889
2137
1912
2617
1908
1579
931
704
1085
455
484
501
1128
2126
1617
1762
1378
1424
2086
1756
1560
1572
1139
2103
1637
1923
2001
2344
2777
1653
1422
889
668
2465
504
566
1079
1560
2373
1658
1748
1548
1531
2371
1602
1695
1333
1748
2674
1795
2101
2406
1864
2316
