0.3114178340975184
0.3072457536013756
0.3134910032255934
0.31584244331111533
0.31326596430871434
0.3152023321142326
0.3119589193550374
0.31369597935927807
0.31118496294537673
0.3167060847129646
0.3143410019377637
0.3111158890560125
0.31070259299075315
0.30831430436855434
0.312190926682434
0.30939610966876
0.3035906256718998
0.3048842811054878
0.3074607621454265
0.3044506557729516
0.3065728660502076
0.29993549774252487
0.30896581380348354
0.3072736185766493
0.30853579875295717
0.3091800412813272
0.3046716821328737
0.31326643233333445
0.3068157385511366
0.3044484889924741
0.29929047516663027
0.29520533218662665
0.30121551150906456
0.29935483870805807
0.3025806423307162
0.30365591680906995
0.3047319630044221
0.3008586338307517
0.305806451614522
0.3103225806451617
0.31678278226580586
0.30752688172043086
0.30752688172042997
0.3068649978494625
0.30946236559139373
0.30946236559140355
0.310967741935484
0.30862045372988683
0.3053761761723417
0.30473071467046603
0.3053763440860219
0.3038745798193551
0.30258064516111854
0.30967758787622585
0.30945634546236533
0.31268817204318305
0.3120151397849469
0.31247311827956953
0.30838709677339604
0.3131182795735891
0.31207134984549095
0.3027298155298727
0.31133089658155294
0.3063835567198456
0.3027205641797472
0.3078907761771662
0.31111588905691523
0.30450345816855084
0.30022509014240234
0.2978507633248653
0.3010692486881716
0.3077564908180601
0.30473118279569905
0.30602150537634465
0.3083870967733995
0.3150532953156267
0.30731182795699014
0.30667027874408515
0.3079591564937625
0.3086021505376333
0.30663851482378457
0.3088172043010134
0.30989247311447293
0.31164077419354846
0.31204301075286067
0.3109729818557936
0.31520103203981786
0.31455629027508153
0.31305095678428596
0.31520150006070513
0.31434100193489567
0.30961083637927317
0.3061606845841326
0.3126209400349773
0.3074607611266404
0.3115446057363371
0.31300451515802924
0.3164918572281947
0.3141238276293264
0.3113773382067975
