0.2504689532415965
0.24268969771745835
0.24787938623555061
0.2591534671407721
0.25895220462181995
0.2625390413136584
0.26382650988832446
0.26348278904753414
0.2651986590664295
0.2707121896284746
0.27107316292573325
0.2724000870687933
0.27327852257857443
0.2763444055810835
0.276388859327369
0.2767255816834695
0.2788586914730229
0.27957054986312696
0.2820071660670229
0.28262507320006963
0.28229763117527895
0.28345000614067406
0.2834215022396579
0.283200907065215
0.28307796099640703
0.2846339531499838
0.2845399712979462
0.28555641598300097
0.2854448451245177
0.2856465643007183
0.2855930974233394
0.2858053903525818
0.2861274396529802
0.28654020372878336
0.2869704894502941
0.2870131287752111
0.28785935678201224
0.28840613903451856
0.288475505639595
0.28803973097121405
0.2863546109379538
0.2841611942814504
0.28262952392709917
0.28124836912006196
0.2798191649963357
0.27941946341856805
0.2789564937789784
0.277581044915015
0.27676815243299274
0.27607151492226595
0.2749282734633205
0.27350960568450366
0.27234819165120216
0.2713394829903717
0.27014007262558937
0.2694329671090152
0.26964378383398063
0.2695176972757044
0.2691476047358354
0.26841745497384223
0.2676903560636592
0.2666604214307501
0.2657812476852195
0.2651022013979685
0.26465512612136977
0.2643039004569093
0.26387789189894423
0.26389857985995213
0.2638059722040744
0.26358507426305616
0.26391840284618157
0.2644559841954333
0.2652198756271501
0.26550774581285663
0.26589242453325673
0.2662914407521415
0.26689179102972205
0.26740580558575566
0.2677037613686155
0.2676315767905663
0.2676390161569766
0.2676715194648415
0.26812880264468913
0.26838682862900826
0.26838234010958395
0.26856703033482576
0.26892977905277066
0.26902286356366206
0.2688577886431016
0.26877755669202064
0.2690329733873385
0.26960516339494495
0.2699958885222296
0.27010919179148846
0.2701391723976257
0.2705488746616911
0.2706602813750126
0.27078734083985695
0.2710418910088024
0.2713335794174424
