0.23335344502643227
0.2328302023418664
0.23180089568304474
0.23055081173926997
0.22949548200998895
0.22831033396000025
0.22743503816257504
0.2267208700990679
0.22656026770486873
0.22696105344487305
0.22711963787969244
0.22657142390964918
0.22612077204520878
0.22669714118513032
0.22642888046073886
0.22602320578830631
0.22586875848679708
0.22560714998146716
0.22577034871515078
0.2257153267990613
0.22518469702909247
0.22496477747492427
0.2247637846629584
0.2242404529688655
0.22385021668185784
0.2236555581212631
0.22370609500967423
0.22350738293847539
0.22378422024452266
0.22401710142052933
0.224059198386882
0.2237075363780757
0.2239001224198488
0.22404572872228504
0.2241412738130125
0.22403956820898113
0.2240436358520169
0.22413796822180151
0.22405012147522255
0.22408351899438392
0.22397249296733288
0.2240685664447889
0.22399267796980388
0.22373312832510492
0.22355164406183933
0.2234512731563441
0.22351967645412066
0.223463196388757
0.22346863349539461
0.22345889243772885
0.2235793085931933
0.2236932489660841
0.22371031807336458
0.22371067070842163
0.2238028985034524
0.22382621229197905
0.22406103180830286
0.224161171859183
0.2240392971918187
0.2240026681820945
0.22405002488389048
0.2240044458174529
0.22396301148721023
0.22398385306004692
0.22400341068232596
0.22407978572725007
0.22399719089077832
0.2239072219872083
0.22388936196747347
0.22400599883369826
0.22403430295892263
0.22406533418765034
0.22399791512033268
0.22395613663363376
0.22397651141445368
0.22395133557377406
0.22392377049881382
0.2238045105571875
0.22385917885575507
0.2238602314589004
0.22389293519575398
0.22401654710008437
0.2239754311129786
0.22391926148780242
0.2239236034684045
0.2238286501656641
0.22381623863008884
0.22367065198727779
0.2236441784012607
0.223572556391859
0.2234275983080065
0.22333859766929884
0.22340067326316695
0.2234535824407451
0.22351948911272343
0.22354471964684536
0.22355609030389953
0.22356310807582047
0.22356347658489834
0.22348755453170385
0.22351297182167612
0.22351562054768281
0.2235411454899171
0.2236019703244246
0.22359889599242605
0.22355608959342724
0.22356336757627068
0.22359180108300195
0.22360974841597286
0.2236669727603665
0.2236428940189142
0.22351864477565075
0.2234647798330113
0.2234732569103659
0.22349431561529015
0.2234751207559847
0.22348107986445903
0.223520263975555
0.22343209146443838
0.2232772355096966
0.22323601331705062
0.22321300886362955
0.22320094569080326
0.22310768156323396
0.2230623643102
0.2230585217836696
0.22310354397473353
0.22314457069368082
0.2230837185932541
0.22312165107702334
0.22320096203028347
0.22316162979568482
0.22315134058086297
0.22318907791715534
0.22318478563197663
0.22313119739170262
0.22315134426916258
0.22316836745825055
0.22311232226546118
0.22309931824189436
0.2230686412234991
0.22305139623426093
0.22302958039380286
0.22300418209261202
0.22302999832978573
0.2230457148764217
0.22303529161966276
0.22305082782472657
0.22311361204197713
0.22308301367355945
0.2230544650503944
0.22307413467204046
0.22310464441467062
0.22310487087204028
0.22310289482202314
0.22306779085241915
0.2229828623003976
0.22294156882912156
0.22284806730420162
0.2228667759688963
0.2228429112249319
0.22278897969208247
0.22275202138334937
0.22272601578705872
0.2227084868683171
0.22271877622632438
0.22276945347712365
0.22276680538134228
0.22277920123752862
0.22280041826233515
0.22276205662690093
0.22275192553141024
0.22273784895434018
0.22270373446569725
0.2227130953576049
0.22275331832363204
0.22276334530985534
0.22276964021560788
0.222772344605028
0.22277405243512458
0.22273708854009253
0.22273267910200006
0.2227149324646139
0.2227323756862069
0.2227526924975405
0.22275529462358892
0.22273107462637368
0.222699814901615
0.222661008456338
0.222677424875436
0.22270314381848288
0.2226759883985052
0.22265221082169537
0.22266903847158687
0.22266026697701619
0.22265719491348238
0.22266634625732676
0.22265824168673617
0.22265893391430971
0.22263148528611046
0.22266883252461542
0.22266998118322603
0.22266580219798174
0.22261507840961545
0.22259881719072808
0.22258930890820988
0.22264299734700596
0.22266364884298018
0.22262493120578852
0.22259749528274342
0.22257542513728848
0.2225739690764825
0.22255972928586704
0.22257662992069163
0.22260837625529212
0.22260676796856396
0.2225647366996407
0.22259004835868307
0.2225960250382801
0.22257874384446602
0.2225308332240178
0.2225286369702074
0.22251797736232296
0.22253819924824925
0.2225542100063134
0.222575343371689
0.2225481971875833
0.2225509188411127
0.22254209894766722
0.2225374668070634
0.22255570910775568
0.22256095327608663
0.22253527900709688
0.2225065120071689
0.2225336501921458
0.2225524555164545
0.22255135551829544
0.22256178789181594
0.22255906061588127
0.2225717439877329
0.22254128041629445
0.22250816795806302
0.2225017844420873
0.2224973905467722
0.22250402047497816
0.22249115480603276
0.22250196659313073
0.22245156560587556
0.2224465082021477
0.2224667699650361
0.22248770065813314
0.22249463220640814
0.2224567871736529
0.2224298352559423
0.22242453516853805
0.22243703393373968
0.222487854050632
0.2224907687449044
0.222493064438686
0.22247590358160899
0.22246765886296024
0.2224534267610643
0.22241879549261007
0.22243699279800178
0.2224014677091068
0.22239438543669984
0.22241071927785613
0.22243629194167736
0.22249277223029826
0.2224874049478535
0.2224491538399646
0.2223978607526843
0.22237681588994673
0.22236418617879583
0.22239129253947496
0.222405675822785
0.22237962668063688
0.22237365039280113
0.22236361823790318
0.22236697941029715
0.22237834545814555
0.22237428056963182
0.2223842980224824
0.22237069167665052
0.22235483380355348
0.22233495912432222
0.22233114676410376
0.22237330256461652
0.22237216991706615
0.22237373329940668
0.2223684958971534
0.22233368344318363
0.22233079707763986
0.22231854254136632
0.2223409732620729
0.2223561051242514
0.22236131012151136
0.22237029960550803
0.22235636825754151
0.22232335925562235
0.22231487500672203
0.2223134489140361
0.2223169489171566
0.22232316220539625
0.22233094859401087
0.22232349565428997
0.22232705286042878
0.22232945784283487
0.22233914131200797
0.2223565435977591
0.2223776482670737
0.22236494558683614
0.22236043668086733
0.2223644303123
0.22235037831706267
0.2223434715798732
0.22236272466962476
0.22237372944526623
0.22235442618872728
0.22234106665810427
0.22233808246482908
0.22232783307373932
0.22231401052895144
0.22230948999047456
0.22229098522388066
0.22227489858472024
0.2222777477372323
0.22227326918894932
0.22225758165599627
0.22224287204752208
0.22223645716359983
0.22223684472286825
0.2222380963784663
0.22225350013653733
0.2222571856991188
0.222250925603651
0.22226143067899365
0.22226722132587018
0.2222701342459947
0.22227475040625494
0.22229783889535878
0.22229250226723174
0.22228175496688624
0.22227690033444877
0.22225478057460102
0.22226310723325376
0.22228769831281198
0.22227099724252608
0.22226120599913798
0.22226884859230586
0.22227744054762133
0.22227936545230675
0.22226464794116377
0.2222586571327545
0.22223910237022526
0.2222121425893773
0.22221729213818084
0.2222268866644076
0.22223723589610775
0.2222326754190092
0.22222912155579094
0.2222233905586654
0.2222251616377127
0.2222521428927302
0.22225109825653014
0.22226781709697016
0.22226610644738903
0.22226261973959796
0.2222675522220697
0.22226985549118972
0.22225405393982564
0.22223875887641314
0.2222253519642399
0.22222244159912966
0.22220506535643128
0.22220595829885811
0.22219896071742165
0.22219686820633014
0.22219979900635436
0.22220482384895254
0.22218682001265014
0.22218598564110928
0.22217607092775118
0.22218215346629605
0.2221968600270243
0.22218194805572974
0.22218893128622133
0.22217892232268768
0.22216610217479277
0.22217611449691047
0.22219623609540734
0.22220033057991626
0.2221877547636371
0.2221826132894217
0.2221685008645187
0.22215393714356663
0.22215427093429907
0.2221694341638294
0.22217668373639624
0.2221773148663691
0.22215857720716212
0.2221585069144176
0.22215602184824954
0.22216189886579418
0.22213119489617053
0.22211111126333208
0.22212636284910844
0.22215109504275882
0.22215225881788705
0.2221258151966244
0.22210215901396563
0.2221059340470108
0.22209227879478616
0.22208905728415668
0.22207284148741588
0.22206781215784424
0.22206904160865715
0.22206313722495014
0.22206635710327224
0.22206660574439194
0.22208550366224794
0.22209260526966534
0.22209032730624761
0.22210988047428534
0.2221174253954436
0.22212864634618798
0.22213806986180937
0.22213987852898912
0.2221425321109883
0.2221255183703672
0.22211896150616872
0.22212213308252798
0.2221150157462737
0.2221238322548342
0.22214512835448957
0.22215613769684459
0.22216300541634096
0.22215605004463584
0.22215161119214996
0.22216321646892925
0.22214617985430918
0.2221387765451352
0.22214628929698504
0.22216991581044546
0.22217989272511032
0.22218523139757546
0.22218917157245313
0.22218393526575062
0.22216629830721457
0.2221606189755333
0.22217457463214613
0.22218271909473772
0.22218945232257442
0.22218920063787664
0.2221882500389844
0.22219796052270152
0.2221952196823609
0.222189029855984
0.2221831402652283
0.2221782740244802
0.22217541701446972
0.22216813539565025
0.22215840127922262
0.2221576109076353
0.22215303602670738
0.22215456200536543
0.2221683418411923
0.22216104194768477
0.22215602723404265
0.22217760104828158
0.22217617625607344
0.2221770769897303
0.22217911306533575
0.22218386936379592
0.22218129226392244
0.22217742102104882
0.2221721755915714
0.22217635144318482
0.2221656552780074
0.2221442919790456
0.22213647419653426
0.22214710684467434
0.22215858222841298
0.22215837803169572
0.22214979830846796
0.22215609078478377
0.22215889296800212
0.22216295408286976
0.22213823602810961
0.22212369092136847
0.22209248875121673
0.222081339358992
0.22207738846140818
0.22206821678588853
0.222074371723206
0.22207770509441999
0.22208396920634216
0.2220738460429056
0.22205888466379978
0.22206365595256589
0.2220590743652047
0.22206245739383607
0.22206362021453266
0.22207133327600861
0.2220807858308141
0.22208724989370612
0.22208896854116258
0.2220876790316715
0.22208458709361936
0.22208875605247966
0.22207214056464805
0.22208954879742057
0.22207745644436414
0.22209034333048566
0.22211147604234488
0.22212454915416677
0.22210367374713316
0.22210242712523298
0.22211105587361898
0.22210476782744779
0.22210148530273943
0.222108557267232
0.22211501110901338
0.22212585851912592
0.22213815516615582
0.2221416897341927
0.22214378751736552
0.22214691730100344
0.22213816403496886
0.2221356669824172
0.22214244404432765
0.22214286134029715
0.22214240213038056
0.22216070552355427
0.22215198090245405
0.22215626565257302
0.22215816968910512
0.22215769885763148
0.22215528307328675
0.2221605480257144
0.22215520706434608
0.22216433804242453
0.22216605959345995
0.2221701983168691
0.22217209912572203
0.22217158323200933
0.2221636604287934
0.22214962687363923
0.22213565411993436
0.22213982005934518
0.22215124483059948
0.22214571360758703
0.22212054134590808
0.22210336048126914
0.2220991202488763
0.22210426061226177
0.22210013302807885
0.22207954396613264
0.22207327313897587
0.22207082495788474
0.22207171158791794
0.22208312970433444
0.22211949670503012
0.22212308192012029
0.2221117835665058
0.2221225354747403
0.2221302403896684
0.22212570464999878
0.22211889346669403
0.22212417441089488
0.22211810266812715
0.22212814023615823
0.22210588946461535
0.22209317351829505
0.22208407744354733
0.22206825765448834
0.22206953099709748
0.22207130262938304
0.22207347513264544
0.22208369681270837
0.22208547087069236
0.22207850129373743
0.22206581816260537
0.22206837776419916
0.2220734730857241
0.22206526848490052
0.22205592011173253
0.22206371441167858
0.22206936359509735
0.2220679112738203
0.22205584898604303
0.22206360747992845
0.22207648988102854
0.2220790047677762
0.22207867934127126
0.22207320282851584
0.22206085919182886
0.22204479021694729
0.22205240004667448
0.2220627434685696
0.22206234689685572
0.22205271215075828
0.22204501975555274
0.2220353989725658
0.22204070779916443
0.22205070469560634
0.2220564556864776
0.22205596077368184
0.22206685426864495
0.2220574562361604
0.22206020800757897
0.2220671085290215
0.2220527484642854
0.22205390050713822
0.2220514579513134
0.22205327795324722
0.2220531280759105
0.22205204056069183
0.222048792228095
0.222046258258418
0.22204425089955915
0.22204555471179635
0.22204613925163336
0.22205766135111907
0.22205554979819367
0.22203670056520228
0.22201489328258203
0.22201478424473148
0.22201762585733942
0.22201106598527637
0.22201067906151106
0.22200927767067222
0.22200167983732438
0.22199765698765697
0.22199426882942142
0.22200550806908376
0.22201847067531982
0.2220113381961015
0.22201360554792515
0.22200524147677997
0.2219932896082562
0.22198261098361752
0.2219810459947502
0.22198341762647392
0.22197726477594473
0.22197866222448584
0.2219734941431286
0.22197438841852352
0.22196935847261
0.2219653996312277
0.22195816540071586
0.2219607016448079
0.22196796418300116
0.2219680638299492
0.22196315510922998
0.22195768311226904
0.22194151699594103
0.22194694361347223
0.22194517981819692
0.22194975892191635
0.22194795119808733
0.22194529599682203
0.22194681987965206
0.221948113886932
0.22194423275661987
0.22194340403113064
0.22194335150688282
0.2219430954037406
0.2219383972230343
0.22193467723232946
0.2219335979150295
0.2219376764340665
0.22193984815356166
0.22192922683362054
0.22192952078561262
0.22192995444288133
0.2219271234681468
0.2219316669710586
0.22193738730966628
0.22194003568517606
0.2219422070713511
0.22195050701396965
0.2219529040685845
0.22196134830493056
0.2219608898264345
0.22196158554735987
0.22196332655582146
0.22195932436800977
0.22195492412952325
0.22195557075288913
0.22196967963561626
0.22197653293326122
0.2219816375830082
0.22197312851383982
0.22197230366556084
0.22197096586999343
0.2219777969096634
0.22197785890004093
0.22198375646284754
0.22198231040704722
0.22198581894902344
0.22198705393397564
0.22199097248263475
0.22199141700009561
0.22198947183098405
0.22200082876181826
0.22201682482014376
0.22201527613822694
0.22201185961475461
0.22201559666468673
0.2220247154517992
0.22202155457005923
0.22200758019120295
0.22200833709614332
0.2220017084880993
0.2220015870484479
0.22199946570320256
0.2220006211641475
0.22199946842749158
0.2220059126072119
0.22200901356808794
0.22201736417227302
0.22202749021215806
0.22202934758978118
0.22202347627715166
0.2220286629323057
0.22204339019728922
0.22204916818257694
0.2220503485972321
0.22204348542362098
0.22204621317075293
0.22205114389987404
0.22204944169943613
0.22205490439229517
0.22204881031346552
0.22204645794020358
0.22205158348764792
0.22205684485137464
0.22205688564473836
0.22205386682209388
0.22205436657687289
0.22206055271749914
0.22206109379711791
0.22205892687209933
0.2220693803122022
0.2220722333031016
0.22206112155199006
0.22207041203182568
0.2220767059068332
0.22208570343402648
0.22207549020009398
0.22208061936637305
0.22208615882422256
0.2220909048798226
0.22208442153521724
0.22207866804834273
0.22207860639954802
0.22207131718428869
0.22206649770759887
0.22206689673344937
0.22207440563688816
0.22208323352253734
0.22209641683556838
0.22210216661784396
0.22209981405750095
0.22210215291600977
0.22209811860500184
0.22210136440671902
0.22210815902557451
0.2221140227455463
0.22212023496597313
0.22212385245299485
0.22212702188265043
0.22213481537469484
0.2221353551179909
0.22213112058156648
0.22212370344180365
0.22212791142350077
0.22213137686293485
0.22212437950289343
0.22211959641408882
0.22211992960922397
0.2221138527081911
0.22211878852210692
0.22211936708515956
0.22212440124732516
0.2221288941458908
0.22213086440689736
0.22213870498396018
0.2221394162153656
0.22212804150064566
0.2221128291829109
0.22211839265471653
0.2221126962206002
0.22210898592929224
0.2220973368997207
0.22209559695122005
0.2220913327097141
0.22208249618665
0.2220711576455796
0.22207710645030698
0.22208253040228362
0.22207625003966983
0.22207878783493004
0.22208311279717102
0.22208185973593772
0.22208658412883758
0.2220900197135568
0.22209424220313054
0.2221033557804584
0.22210821610125198
0.22211002609185093
0.22209746323944624
0.2221042110137961
0.222102522901924
0.22210408109549626
0.22210852174357953
0.2221111750340911
0.2221127981515058
0.22211576284690393
0.22211527817668203
0.22211131826629163
0.22210996327417099
0.22211526731418854
0.22211766542440986
0.22210306582114217
0.22209219669858618
0.2220940199939678
0.22209436152176837
0.22209340374435965
0.22208129020901407
0.22207610460959762
0.22207126084986004
0.2220739170354923
0.22207330382654092
0.22207850552784875
0.22207148687759057
0.2220769483137881
0.22206898402750347
0.2220499701502818
0.22204837522825158
0.22206174512098464
0.22205800811211707
0.22205160076168015
0.22205188295866068
0.2220528560513467
0.22204581299825402
0.22205092786388736
0.2220495212102512
0.22203700805482252
0.22203579543136237
0.22203099220250344
0.22203394018160832
0.22202936938482523
0.22203277331168586
0.2220290422198057
0.22201284477242098
0.22200292465599408
0.22198921330887655
0.22199957660171643
0.2220076797700611
0.22201801437281338
0.2220225659374773
0.2220329634457613
0.22203459917661644
0.22203055785520903
0.2220373014912682
0.22203887557854574
0.22204269880816202
0.22204078754920054
0.22203795098592927
0.2220406793982052
0.22204292644891693
0.22204299444912812
0.22204209079772588
0.22205317085492843
0.22205353082994378
0.22204740048455204
0.2220508564062389
0.22204583516555237
0.22204572185944604
0.2220490534280592
0.22204576228278636
0.2220537765470911
0.22205767097750642
0.2220520604817284
0.22205066705478954
0.22205102581546024
0.2220456791421808
0.22204510872560462
0.22204923592982428
0.22204383846191372
0.22204115477364378
0.22203992931416108
0.2220334859248083
0.2220335015015924
0.22203126842002935
0.222029950616667
0.22202054534061852
0.22201694373231734
0.22201573638406993
0.22201685487721945
0.22201768435790764
0.22202910705220597
0.22202662855766614
0.22201962976019313
0.22201993756452681
0.22202036532598213
0.2220275685049452
0.22202022042592665
0.22201808806119924
0.22201446736495864
0.2220180480931725
0.22203024671454744
0.22203310908645407
0.22203213763191282
0.22203119038779923
0.22203204013157513
0.2220239789313504
0.2220202443436184
0.2220219630908759
0.22201661660486124
0.22201849095327017
0.22201348373316834
0.2220066654710102
0.22200582293436447
0.22201867841471676
0.22201955569951795
0.22202518811859284
0.22202692305051333
0.22202654922309736
0.22201953809894306
0.22201548403629007
0.22201361124696067
0.22200768242313632
0.22200263675568807
0.22200318015891726
0.2220032869580884
0.22199927807484415
0.22199892095856585
0.22200069424271174
0.22199422571883196
0.22199364687463666
0.22198445583129808
0.2219801152905711
0.22198556803350092
0.22198350772875414
0.22198197924655597
0.22197894258037737
0.22197336292739364
0.2219734014448527
0.221977982433698
0.2219786101955278
0.2219763180810954
0.22197095064778866
0.22197509016006994
0.2219830124603814
0.22198105471698043
0.22198219872248856
0.2219800783891652
0.22198159880019122
0.22197858992412775
0.22197457182823052
0.22196995976679665
0.22196997954541903
0.22196269927970064
0.2219598505454055
0.22196679145432496
0.22197759205593565
0.22197747076948082
0.221968826285576
0.22196347041328598
0.22196882316458605
0.2219682765698213
0.22198380037044643
0.22199372470307072
0.22199904225974562
0.22199846599427528
0.22199762571530862
0.22199320147229049
0.2219902936107274
0.2219963000682297
0.22200498741383337
0.2220057586596013
0.22200554716222087
0.2220051353143802
0.22200861633959978
0.22200681595857963
0.22200758356846292
0.2220092368822081
0.22200111167583556
0.22199682437193005
0.2219968806090058
0.2219958392243153
0.22199545790932212
0.22198844110427338
0.22198489371769628
0.22199416590308094
0.2219948634058073
