187925
4631
3125
2964
2738
3318
6100
4359
3298
3507
5635
4024
12552
5422
4129
4154
4237
10993
4038
3784
4040
4049
3702
7679
5634
3859
4047
3894
4845
3377
11195
8053
4208
4147
8597
5395
4975
4702
4666
6399
4934
6386
4119
4660
9536
8140
11152
4246
5692
4422
12396
5988
3779
6033
4394
9728
4110
4201
4248
9713
9617
5604
6003
10838
5126
5534
8837
4799
6034
5172
5241
6445
7580
5082
9616
5090
13329
5155
5492
5834
5225
7319
5905
4740
5617
7814
7812
5757
8204
10957
6831
5857
16635
6828
21079
12434
21739
11464
13763
13840
22109
