0.23772229626338912
0.23606635597449055
0.2349555046403561
0.23738357115746916
0.23401699716216945
0.23266895783442557
0.23018781998946528
0.22758832377687013
0.22521366314951802
0.22531522596492085
0.2256052826030182
0.22563990151695656
0.22533751804728921
0.2247060927886472
0.22371799574000467
0.2230752921313263
0.22361684121878841
0.224057853207905
0.22435307012285607
0.22538365963155163
0.2257295700354536
0.22590909012479776
0.22565371289816305
0.2253084625231418
0.2253313631102932
0.22473986456733455
0.22494048972742114
0.22529218273467633
0.22528600030960594
0.2254543972239657
0.22508964842312304
0.22482702897219728
0.22466021177643752
0.22478492382873932
0.22465925882070298
0.22471195092929994
0.22484844622326872
0.2247816851803993
0.224793192008469
0.2249683217763052
0.22505629800941443
0.22520142553823214
0.22500322218491783
0.2249350024367714
0.22489138772960823
0.224823020104683
0.2250332797974444
0.22489719823176593
0.22483361795969448
0.2247436882771667
0.22483094853509297
0.2249631669122538
0.22476622766139814
0.22454934382763722
0.22434008373929631
0.2243682631184182
0.2243843179596791
0.22436483740865637
0.22451713939467197
0.2244002586727156
0.22428067359247827
0.22408826421825778
0.22407611151626347
0.22393444012097788
0.2238045147087012
0.22371503035280327
0.223633033510701
0.22353628417380325
0.22351527707106672
0.22351480114670147
0.22341590798981834
0.22335960780110783
0.22347399069181748
0.22347318478233502
0.22348792373739562
0.22334633240482824
0.2232349847125577
0.22325304109968333
0.22310772925811798
0.22293661049639474
0.22299196629644777
0.22294078006972223
0.2230229517983819
0.222980841424063
0.2230430051476049
0.22314185769837772
0.2231764455144105
0.22301264230673368
0.2231318013387044
0.22312873406643594
0.22321018192512232
0.2233901565672337
0.2234231301721277
0.22344364998047767
0.2234606212221768
0.223512589530434
0.22345848748660238
0.2233224212112508
0.22333633106679648
0.22334466634771327
