0.28784643496842705
0.28503416293726896
0.28141836246719026
0.2813915528406865
0.2811442487938982
0.28106948441372853
0.281199875056012
0.2809079634528463
0.28093292491464633
0.2806335210250113
0.2807287649466205
0.28055304184683255
0.281014602459201
0.28098250945692105
0.2806676060749994
0.28057676189042374
0.28072593122894157
0.2808838999816206
0.2811625913909405
0.28146446808338577
0.28152777935157147
0.28167125914346736
0.28199708599058276
0.28231400757623903
0.2826314397330797
0.28284466398974706
0.28286981074793544
0.283223208015636
0.2834356580391877
0.28379819874998624
0.2842695051527865
0.2846519146328549
0.28503580733082207
0.2853986846248661
0.28585185131249624
0.28629878527843905
0.2868391489429914
0.2874976061125549
0.28823388358023655
0.28910575799097343
0.2900757202013922
0.2916975983198403
0.2957389658041713
0.30182428137939166
0.3075440605324282
0.31305492052562195
0.31871973679196036
0.32402927584004887
0.3293323986091215
0.3340374595047391
0.33845013692917936
0.34293196257478264
0.3472211118750936
0.3512166472832683
0.3554125388141896
0.3595054062472824
0.36322458850969497
0.36684104277623325
0.3705101783122914
0.3739252926589689
0.3769401138122864
0.3801677883393411
0.38323786995112924
0.3860839494846084
0.38890910894018055
0.391724312775484
0.3943916826960996
0.396975244039592
0.39960551865508653
0.4020214405520686
0.4044221405548616
0.406719687397037
0.4089606458837811
0.4111425533892022
0.4133468668667638
0.4154104700593959
0.4176714746865273
0.4198124275075574
0.4214907566106829
0.4231796157081744
0.4250049618831674
0.42689269768465965
0.42873424032439467
0.43055597479191643
0.4322438705424981
0.4338122669395699
0.4354102678241234
0.4370121603658199
0.4385114712781069
0.44001565917950436
0.4413897670071482
0.4426756683272505
0.443947348359151
0.44518192395074124
0.44651372133416356
0.44788120372559637
0.4492040610661634
0.45045331126256866
0.45161095455818734
0.452614123734535
0.45335594448630007
0.45410258214204996
0.4552185200436578
0.45640093034884005
0.4575158625335188
0.4587278355353916
0.4597587590670291
0.46071569503317295
0.4617365568163103
0.4626854673651648
0.46355315497520944
0.4644002409889173
0.46531160192895754
0.4661770200639126
0.4670162290522008
0.4678278088414745
0.4686059289787513
0.4693234378456858
0.47016616363229735
0.471047260401426
0.47181611191700473
0.47253431120452083
0.47330472336184826
0.4740787434750435
0.47484944104195614
0.4756697141277169
0.476455303590302
0.47716519801167184
0.47782417055270726
0.47851092517590116
0.4792982567443115
0.48008587570258976
0.4808355041833919
0.4815021765720052
0.4821678500668435
0.4827761043720119
0.4833293686791679
0.4839431974482549
0.48449208056747145
0.48508289451637726
0.48567602004705884
0.48630818128809367
0.4868751744615309
0.4874774823103052
0.4880541330338452
0.4886132451381423
0.4892483563662624
0.4898261221348693
0.4903678135110732
0.49086751590778505
0.49143752027433946
0.4919269439599095
0.49239242539538547
0.4928896140102153
0.4934495565704629
0.49354436611169544
0.4934985030084316
0.49340678094617685
0.49289151679587506
0.49292728677334835
0.4933655143309459
0.493797267719935
0.49365008723458775
0.49359720292726933
0.49358254573680366
0.493444028097197
0.4931978197642812
0.4930311099526094
0.49342775167017244
0.4933393817543665
0.49335308861113825
0.49345614164506724
0.49296610029760646
0.4928464150575033
0.4932235754746482
0.49355322178962346
0.49336827811792316
0.49271429704139746
0.49216807582579164
0.49161889293694994
0.49105876610449306
0.49050596419660103
0.4904075270882855
0.49075364144420874
0.4906233870196663
0.49004560133047137
0.4899418409210459
0.4902856616618407
0.49018336789812816
0.49007346041317623
0.4898611269523381
0.48936897639426785
0.4888920451291432
0.4883052688812408
0.4877586976028033
0.4871461375404281
0.4869802786984882
0.486908418544317
0.4863572245552118
0.48581489932117883
0.48572825344763415
0.48603784648544057
0.48584240919962274
0.4853796051300322
0.48495258070441816
0.4844921112110677
0.48399005198781014
0.4833669060477129
0.4832044710621086
0.4830498126891135
0.4825455321259559
0.48202360921215687
0.4815475761524849
0.4811127685824389
0.4805367793403128
0.48001709907528806
0.4795510512131978
0.4790225913915389
0.47893608379581054
0.47885556251993255
0.47874662914457516
0.47870197947453763
0.4781690930047275
0.477633698427494
0.4771200323329617
0.47665986807843436
0.47620374739759885
0.4758189556582309
0.4753393491782051
0.4748429660339454
0.4743571678021447
0.4738361957871718
0.4734252927361061
0.4730953537988694
0.4726427644136253
0.4722511719437788
0.4718218692385747
0.4713355891640175
0.4709110367047204
0.4704717846425657
0.4700012090253144
0.4697052269379025
0.4694194805812156
0.46903067568451584
0.46867668837119486
0.46854594002652794
0.4683455790654916
0.46790110973186605
0.4674329675996784
0.4669289201992223
0.4664756378701882
0.4660348594084095
0.46556787647696124
0.4650932493039295
0.4646718410804283
0.46425502382971984
0.46376373911167107
0.463296109654492
0.46291110501648547
0.4625163617717671
0.4621250286039343
0.4617473021947487
0.4613083351033163
0.4608759396228118
0.46048447916569935
0.4600872539128973
0.45968548071802895
0.459207933667814
0.4587383339906026
0.458301502410399
0.4578831491472447
0.4574626565584855
0.45706564727913784
0.4566499509738948
0.45619177228485186
0.4557415943684757
0.45529513621620427
0.45493485479690565
0.4545261532356795
0.4540854990805159
0.45368784532754675
0.45326293315543364
0.45285034786106604
0.45242097949413995
0.45200450702664297
0.4515837907318432
0.45114908205557386
0.45073961175816946
0.4502990557476251
0.44986796994003087
0.4494977097881846
0.4491580033095575
0.44880685472672827
0.44841944095496344
0.44804637816674214
0.4479784476654656
0.4478192977075237
0.44743302786687483
0.4470674836962306
0.44669804805023927
0.4462988936123399
0.4458856328204033
0.44550677201190764
0.4451195854638993
0.4447190688211464
0.44432469318306955
0.44391613737726626
0.4435356292895562
0.4431457006824556
0.4427759159421669
0.44240621510897843
0.44198093341312783
0.4415783388314069
0.4412028825674403
0.4408213762014396
0.44043459787508765
0.4400511692229114
0.4396984594634721
0.43933084083412843
0.43893237173376515
0.438540749477036
0.4381444839684729
0.43777158303025876
0.43741453711514167
0.43705190385938825
0.4367210672266916
0.4363660186281859
0.4360594213550382
0.4357544832722738
0.43538329936586484
0.43501114546239106
0.43465025790882306
0.43427126716232545
0.43389470490388293
0.43355170566087203
0.43321696411972777
0.432866300672192
0.4325275664674363
0.43217956441182254
0.4318748175416262
0.4316223718248471
0.43134247209475135
0.4316129180985981
0.4318227118051793
0.43143668761256637
0.43109626157411624
0.4307479407010068
0.43042867484852454
0.43012660897310295
0.42977132356935616
0.42940517717444776
0.42906038277956243
0.4287272308032525
0.42837330817750985
0.42802038435494927
0.42769232925062184
0.42734785948882187
0.42700506269821736
0.4266596899317592
0.42631706468708036
0.4260036563428253
0.42568705599030093
0.4253350333439874
0.4250072907461262
0.42468103751781777
0.4243742904480083
0.42407851387491424
0.4237757266737742
0.42345739150664763
0.42313109829834206
0.42279161078450667
0.4224541963703329
0.42212451360252606
0.42177489227534826
0.4214662632156603
0.42119846225811547
0.42091172914279307
0.4205814558430256
0.4202835509237484
0.4199571101377981
0.4196281551841622
0.4193110727751314
0.419006285174738
0.4186955831488178
0.41836679141065547
0.4180336273393755
0.417706904670245
0.41742935717255725
0.4171386779588328
0.41683144183817794
0.4165710278793848
0.4162885940446881
0.4159879375144004
0.41568573126735875
0.41539944873743506
0.4151342691583898
0.41485097541491245
0.41455753147266255
0.4142503610397441
0.4139326686646064
0.4136102830983042
0.4133016283676293
0.41300621934405307
0.41271351528105815
0.41240885710236025
0.4120943724113927
0.4118284964942929
0.41157238573664195
0.4112617394519513
0.410965205345858
0.4106712570502738
0.4103846250562479
0.4100919315577702
0.409798635556366
0.4094997026203721
0.40920901219098627
0.4089281172619853
0.40863337557692736
0.4083421801893809
0.4080583191852978
0.40779399303908087
0.40750542420203173
0.4072088712275313
0.40692931680794125
0.4066406112458216
0.4063640541407698
0.4060865532885045
0.40578436522288047
0.4054994010261244
0.4052207457907974
0.4049468813043905
0.40466155991964947
0.40440107673062486
0.4041275594857545
0.40382979665062135
0.40353362694476186
0.40327822239180855
0.40301803288085414
0.4027347704145899
0.4024596480471451
0.4021896997517399
0.40191802742774174
0.4016491574502727
0.4013877476224705
0.4011238833120331
0.40085307119959596
0.40059076793667814
0.40033127725297313
0.4000551646680589
0.39978328561478127
0.3995230220463908
0.3992758109860767
0.39938387001849956
0.3994903798321366
0.39922533577725466
0.3989648689351232
0.3987155320413427
0.39846997594836603
0.39857434466184843
0.39866986562177587
0.39839874925401086
0.3981402130476651
0.3978841428433701
0.39763424767298283
0.3974006652823061
0.3971628915626723
0.3969032542952559
0.39664452028095465
0.3963978631871385
0.3961611308932354
0.3959244234186793
0.39568557684139766
0.395435595827793
0.39519988454820454
0.3949643112108281
0.39470892438257327
0.39444935361811495
0.39419554860033157
0.3939644910370218
0.39373383494397574
0.393495746753503
0.39325479996803764
0.3930110962085904
0.3927616576084312
0.3925073519067941
0.39227494819843717
0.39203539962767137
0.3917931315068651
0.39155677500668806
0.39130998563313624
0.3910624143942098
0.39081592679249566
0.3905825238778481
0.3903460565891907
0.39012018468199783
0.389915531905285
0.3897244933641019
0.38950737403849417
0.38928318173243825
0.38906035916345244
0.3888250615200055
0.38858336693079687
0.38834231622327076
0.3881193228177584
0.3878853861978123
0.3876553610358883
0.387428009572464
0.3871966142919825
0.38695376060766773
0.3867474778868237
0.3865422221313271
0.3863295348056056
0.38609846853160507
0.3858941657020667
0.3856918755338929
0.38547086081918513
0.3852438884376477
0.38502055387018297
0.38480544673749356
0.38459388603463895
0.38436597656233684
0.38415615758620497
0.38394266136762184
0.38372554877944165
0.38350963156088536
0.3833018641564934
0.38342503809699624
0.3835456500009391
0.38334055206659257
0.3831270821083912
0.3829148711662341
0.3826945542240102
0.38247739787765084
0.3822668650993749
0.3820596460971598
0.3818546609816008
0.3816379692825311
0.38143408371119947
0.38122307291320745
0.3810199259606836
0.38080876116208223
0.38059810320990684
0.38039335279301373
0.38021819152490605
0.3800423749392091
0.3798421041387845
0.3796508190716916
0.3794464989437334
0.3792402797789277
0.379027235992106
0.3788202867832958
0.37861483782301536
0.37841213742420793
0.3782197759484279
0.37801491541136306
0.3778588457561844
0.3776902799374915
0.37749243869071675
0.3772948449880901
0.3770895267018241
0.376899575872226
0.3767017009617599
0.3765040599920031
0.37631166308924296
0.37611636754251304
0.3759176507007984
0.37571898180762286
0.375518209762787
0.37532635084373084
0.37513823069418833
0.3749385455846234
0.37474456993548566
0.37455351050059404
0.3743671515779565
0.37417200873493256
0.3739820831514772
0.37379137515848815
0.3736021072530042
0.3734083136065033
0.37322409121142586
0.37304537264024007
0.372863755291842
0.3726763665213395
0.3724763082460494
0.37228652591367173
0.3721046230721162
0.371922502855695
0.3717453470624323
0.37155651838714404
0.37137695141257665
0.37119523740757016
0.3710107000068294
0.3708229770536136
0.370641326700387
0.37046671467916925
0.3702909392499461
0.3701059866587246
0.3699203355336617
0.36973969973113396
0.36955875764087076
0.36938402307483187
0.3692120520399723
0.3690339947726019
0.36885394822612405
0.36868429451089596
0.368509662435045
0.368332170520029
0.36815808720268733
0.36798080495163316
0.3678048376078945
0.36764080055476944
0.3674661422342722
0.3672978144144905
0.3671342468115902
0.3669574154161014
0.3667891908577136
0.3666204730889142
0.36645818292882004
0.366294170810073
0.3661185048481749
0.36595153195481245
0.3657815171899556
0.36562208010205893
0.36546666233518454
0.3652952283884047
0.36513831914861133
0.3649678360059141
0.3648031816118099
0.36464664579939293
0.36449483057306425
0.364332035004465
0.36415868639489096
0.3639973701169064
0.363840855097771
0.36366930637590716
0.36350241486225515
0.3633408129671795
0.3631762347472138
0.36301642620432795
0.36286518455953126
0.36271131652322913
0.3625551504617653
0.36239672647967863
0.36224176978646805
0.3620899397509509
0.3619400981125908
0.3617851348899337
0.3616288340869733
0.3614959079215984
0.36136844259668754
0.36120586047093894
0.36104562068929713
0.3608879863124011
0.3607382809631872
0.36059754350300266
0.3604392925637569
0.3602892962604508
0.36013374477072596
0.3599844843858691
0.36014775867389676
0.36031445194314154
0.3601651089262028
0.36002139009735307
0.35986785179550096
0.35971710494853737
0.3595730399241383
0.3594280450261135
0.3592814859739162
0.35913596433475625
0.3589934917618468
0.35884783997466735
0.3586984210083031
0.3585534156013291
0.35840796539630715
0.3582720112064547
0.358136025371108
0.3579947861357738
0.3578465899785669
0.35770591168937604
0.3575645204574128
0.3574196108258971
0.35728814389213415
0.3571595156508553
0.3570228989961415
0.3568945565525996
0.35676740425152237
0.35662434584965147
0.3564820491312546
0.35634395165961213
0.35621234451796396
0.3560702751413659
0.3559334305112609
0.355798665795
0.35566707559617083
0.3557125064390041
0.3557608858211709
0.3556254488174072
0.35550021230975376
0.35536537922431977
0.35523174363933274
0.3550912647676889
0.35495736286207785
0.3548221381375797
0.35468408903560544
0.35455030453588937
0.3544181506808196
0.3542797976455818
0.35420317313833705
0.3544121747738339
0.3545685491940432
0.3544318302799086
0.35430886273908263
0.3541807215407399
0.35405145621907896
0.3539208000777488
0.3537925503068859
0.35365905518837165
0.35353052876574853
0.35340293580672627
0.3532755078855735
0.3531450977189121
0.3530248494492288
0.35290319879478477
0.3527784261350737
0.35265654144199393
0.35253177772931144
0.3524054594261064
0.35228282994700383
0.35216418052971743
0.3520410556542338
0.3519202973316231
0.351798533433069
0.35167572721878343
0.3515601879393157
0.3514353395049108
0.35132261226438743
0.35121514706181645
0.35110211656166046
0.35097895135487306
0.3508535253388184
0.35073842279652034
0.3506179126880833
0.3504950212106588
0.3503767111268424
0.3502550476472145
0.3501275678613717
0.3500186935553961
0.3498996982623808
0.34978167270400623
0.34966194138992074
0.3495400977321008
0.3494231747257816
0.3493107932136505
0.34918643499465085
0.3490691007444299
0.34894983323342116
0.3488342192516621
0.34872207306866476
0.34860793948203533
0.3485038236983131
0.3483905068712512
0.3482825558661553
0.3481665422486359
0.34804567500885947
0.3479315097520399
0.34781477419401824
0.3476917741311295
0.34757096701614965
0.3474586374943278
0.347350910101727
0.34723343551094493
0.34711824365632
0.347009778069485
0.34689657997157636
0.34678070043039155
0.3466657435564375
0.346552655987174
0.34644478406506185
0.34633426549797164
0.34622732394260297
0.3461142266452045
0.3460127840285209
0.34591400464847305
0.3458096744959651
0.3457073735804611
0.3456023571622686
0.3454952773172931
0.3453906387640389
0.34528855575522044
0.34518101639358073
0.34507539277293775
0.34497170820456413
0.3448560229878995
0.3447513680111959
0.3446417915358397
0.3445343033022331
0.3444402537126017
0.3443554783267832
0.34426642656279993
0.3441632622760701
0.34406565421457086
0.3439649628616597
0.3438671196819327
0.34376355244813706
0.343664406965457
0.34356637909712934
0.3434741972802821
0.34337659760620987
0.3432703221897752
0.3431775216600395
0.3430736814519498
0.34297125624871183
0.34288667513684434
0.3427991053229075
0.3427046217998693
0.3426060143101934
0.3425107565858621
0.3424124832994294
0.3423094705781565
0.34221036615313594
0.3421071587421161
0.3420168351459517
0.3419215337109098
0.34182524445587453
0.34172849043056175
0.34162765256835376
0.3415293698263304
0.3414392917441596
0.34134794958417547
0.3412536955388672
0.3411584382254622
0.34105953803993566
0.3409605375346112
0.3408685383099914
0.34077451613718773
0.34068336193532683
0.34059158129156253
0.3405038150878281
0.34041170791774045
0.34032514305094996
0.3402265797530475
0.3401290638098591
0.34003513042568906
0.33994756294241324
0.3398561558871907
0.339766216697113
0.3396711245026335
0.33958691464328417
0.33949140754058577
0.3393992524434998
0.3393110872059403
0.33922006426049406
0.3391292271439455
0.3390400623684824
0.3389471812039572
0.33885872234407943
0.3387598981963146
0.3386691388472661
0.3385841656190251
0.33849916528949564
0.3384120833216395
0.3383252126563414
0.3382378287106179
0.3381478907208323
0.3380633008537955
0.337969151579024
0.3378773289294311
0.3378123385161616
0.33774594165196287
0.3376610960095618
0.33757265343984133
0.3374842721424376
0.33740302034976294
0.33731347444297527
0.3372261650474323
0.3371325038018935
0.3370455890576473
0.3369584815271703
0.33687670740229997
0.33678941057984824
0.3366998926920711
0.3366166331918103
0.3365324431418812
0.3364572597260656
0.336380031914775
0.33635906379792146
0.33633071537327425
0.3362506705811996
0.3361719159689302
0.3360923838685481
0.33600490982276404
0.3359214187023526
0.33583978166328515
0.33575775886877185
0.33566895827046744
0.3355885562580632
0.33550727872887093
0.33565629292037175
0.33580524732859995
0.3357215765530473
0.33564556735347006
0.335566120826014
0.33548075813025274
0.33539917251328055
0.33531900072836396
0.33523712418485796
0.33516083076792846
0.3350835161091496
0.3350054688442427
0.3349333893549994
0.3348567930220951
0.33477700612826145
0.33470007857809553
0.3346220915363244
0.3345380538575817
0.33445802724665996
0.33437814693385687
0.33430200883862543
0.33421908581906457
0.3341361248635908
0.33405387834296413
0.33397428841730414
0.33389134775214574
0.3338096226822229
0.3337380094189935
0.33366791268008267
0.3335978740426453
0.333523567752926
0.33344330126201066
0.33336760555661876
0.33329315984482544
0.33322133468472837
0.3331459733445973
0.33307487263299757
0.33300315194616587
0.33293114167429333
0.3328526472738911
0.33278620388878927
0.3327206121994263
0.33264994328418884
0.332575962223786
0.3324979386143994
0.33242131321897556
0.3323441938424207
0.33227386017823085
0.3321995474120685
0.3321286066235349
0.33205044124186206
0.33197445531156194
0.33189939547863806
0.3318276902503852
0.3317498288208661
0.3316787242272146
0.3316072501650252
0.33154041587849653
0.3314718939769523
0.3314002597151508
0.3313257521690823
0.3312513596688831
0.33117900361360103
0.3311120587193596
0.3310404595724761
0.3309738654196296
0.33090492053374476
0.33082964389323083
0.33075849286891396
0.3306901819818156
0.33062063198526526
0.3305538636975293
0.3304852948586352
0.33041415742717156
0.33034349526653656
0.3302826251669337
0.33022567550672755
0.3301512484149134
0.33007640191280324
0.3300078886558904
0.32994072359994164
0.32987650033284677
0.32980080221845215
0.32972958305214434
0.3296603926046039
0.32959718294416585
0.3295326860606993
0.32945903850287384
0.3293956195562238
0.32932943402606724
0.3292597455054107
0.3293743096907734
0.32948206087877774
0.32941284743258
0.3293409196874342
0.329272363009338
0.3292082792135864
0.32914495352736306
0.329078114335473
0.32901444617851355
0.3289519066045709
0.3288826953738895
0.32881392414667193
0.3289581250349981
0.32909845338619464
0.3290286819044264
0.3289678859165422
0.328909200530856
0.3288453445995633
0.3287769728002674
0.3287078087491513
0.3286410715019087
0.3285766692894266
0.328510695331129
0.32844650227943467
0.3283835741663873
0.32831810180594084
0.3282497796691008
0.3281832023262833
0.328118560543976
0.32805463634502385
0.3279908249593438
0.3279346676805898
0.3278755856331257
0.3278145002789928
0.3277505795130039
0.32768491236211506
0.327620036734568
0.3275569269246805
0.32749332279210014
0.327431856859936
0.32757738535043374
0.3277148507621608
0.32765132553958176
0.32758719840955913
0.3275260207542033
0.3274651535013529
0.32740249281969164
0.3273428123894543
0.3272950992572255
0.3272569795789302
0.327203661774498
0.3271417556542896
0.3270808031087926
0.3270185703075334
0.32695590510339057
0.32689243438013155
0.3268386875285841
0.32678372831483693
0.32672488550289813
0.32686414646682527
0.3269940563419166
0.3269315359007445
0.3268689387150438
0.32680349564052597
0.3267459248500436
0.32668222477094605
0.32662018013187316
0.3265568111071442
0.32650407343964644
0.32644187303290995
0.32658144798227856
0.32671734764973376
0.32665368409700213
0.32659510240918543
0.32653543419415826
0.32647516563175777
0.3264178469613818
0.3263669575105946
0.32631542935524277
0.32625511712116967
0.3261931377078409
0.3261335476094674
0.3260762220513051
0.3260212836089057
0.3259669084697887
0.32590988649928887
0.32585143229748875
0.3257930263118791
0.32573354933862014
0.325676658255677
0.3256163804652122
0.3255555302728128
0.3254987435706099
0.32543992327603993
0.32538481591480506
0.3253225841957901
0.32526218669003315
0.32520460501196596
0.32514114401924593
0.32508581902086864
0.3250252983646153
0.3249644782388639
0.32490932841587006
0.3248513424466575
0.32479832675872033
0.32474561838171884
0.32469100655760863
0.32463321831671543
0.32457045949295005
0.3245123573383298
0.32445849480102473
0.32439430850768414
0.3243364071255826
0.32428042687696673
0.32422179577694016
0.3241732370614952
0.32412509873747636
0.3240706257545709
0.32401375617225336
0.3239559967029491
0.3238996285383946
0.3238427910290515
0.3237875268441093
0.32373372051820704
0.3236775803470951
0.3236239215667898
0.32357082949600985
0.3235135905180973
0.3234552158148972
0.3234032469149215
0.3233459862280205
0.32328834854905886
0.32323348487681747
0.3231767186806302
0.32312132294102086
0.3230648986240607
0.3230083564065824
0.32315000203800676
0.32328560763377095
0.3232291038382027
0.3231742696789081
0.32311349368753733
0.3230597649225786
0.32300550893762164
0.3229503926946343
0.3228956652757011
0.3228429910183556
0.3227894601162447
0.3227381273509432
0.32268049034740226
0.3226229584226134
0.3225709492541655
0.3225184767394514
0.3224637499769125
0.32241413300861654
0.32236054759274235
0.3223068710566436
0.32225095767455914
0.32219502569402214
0.32214730245194584
0.32209634463709785
0.3220472610701057
0.3219993110244877
0.3219476189352957
0.32189265733101935
0.32184067862479077
0.3217905899035244
0.32174132244010106
0.3216936378768586
0.3216474268518024
0.3215987120193563
0.321551537878376
0.32150209896419896
0.3214528454626391
0.32140332232448265
0.3213477086235701
0.3212988431077506
0.3212482995997233
0.3211964373574503
0.3211443484049506
0.3210925227371276
0.3210387492180026
0.3209888200819587
0.3209394851389549
0.32089891984055513
0.3208538089009986
0.32080755221748863
0.3207568453903056
0.3207069956521591
0.32066028975653027
0.3206101711992671
0.3205704044656191
0.3206001626141116
0.32062130654255294
0.3205751759606828
0.3205263422844753
0.32047563198254936
0.3204267458806274
0.32055764145724724
0.32068455248717265
0.32063349768058313
0.32058146075877153
0.3205314866360474
0.32048060714997895
0.32043545313523275
0.32038668065848946
0.3203356164618217
0.3202872025382097
0.3202373434771007
0.3201888615738259
0.32014030945727845
0.3200913979162994
0.3200433357483906
0.3199970453634835
0.31995002391256533
0.31991242189604246
0.3198706697242332
0.31982178204547473
0.31977011801280236
0.31972285988024307
0.319675896755573
0.3196289246729445
0.31957948994280655
0.3195332570323338
0.31948407073282703
0.3194351483579517
0.31939546521581014
0.3195239123834937
0.31964517418696725
0.3195994051804567
0.3195571350746364
0.3195125887360278
0.3194681298709807
0.3194259437663165
0.31938194932490926
0.31933370696806873
0.31928961267270617
0.31924209541026727
0.31919781772089956
0.31915692461108486
0.3191096364899286
0.31906756976749034
0.3190193765078929
0.3189774640552202
0.3189357770984028
0.3188900886316161
0.31884280085214384
0.3188012153838384
0.31875554922317534
0.3187112172167502
0.3186694065785342
0.3187996894416112
0.3189328907079955
0.3188886599896267
0.3188443772246723
0.31879911933256266
0.31876037790217626
0.3187159693517432
0.3186704299300113
0.31862292084027916
0.3185783441850084
0.3185418831039348
0.3185013419140437
0.31846467862697614
0.3184256830567428
0.3183827040197651
0.3183398355019818
0.3182970847583861
0.3182531299038587
0.31820792675004844
0.3181680473787631
0.31812702256200054
0.31808871887812834
0.3180446684496761
0.31800198546786645
0.3181330489382444
0.3182583329383514
0.31821362769594064
0.31816942683108507
0.3181262437530343
0.31808173009749985
0.31804260437977305
0.3180082941029911
0.3179694370068924
0.31792687806593894
0.31788259053027634
0.3178399011543409
0.3177968083349843
0.31775346775536684
0.31770957157618734
0.31766625969883977
0.31762243060742534
0.3175781689296264
0.3175324051720228
0.31748703606444456
0.31744640813756936
0.31740409136434655
0.317362394773023
0.3173202090840304
0.31727859797677954
0.3172355444078907
0.3171910788898443
0.317147398319057
0.31710776533095786
0.3170630949090769
0.3170182857712773
0.31697778872951493
0.31694281850267236
0.3169066417954197
0.3168649373208636
0.3168237560879737
0.31678163840883083
0.316743527751446
0.31670336033746294
0.316661533836988
0.3166165955840864
0.31657889927322946
0.3165443894466816
0.3165091202700309
0.31646944636821533
0.3164305172610806
0.3163895591186943
0.31635007920318303
0.31630919553568654
0.3162638418566317
0.3162216170305873
0.31618629234480355
0.31614584453077316
0.31610831604184075
0.31607209728835256
0.3160327997097938
0.3159926541467247
0.3159509747802337
0.3159100176524394
0.3158721210853328
0.3158329602720443
0.315791322741183
0.31575140581547034
0.3157096287119786
0.3156708564487775
0.3156304088073594
0.31558741892105807
0.3155501703186431
0.31550724030400507
0.31546771445372507
0.31542746769939684
0.3153885484836258
0.3153467058815552
0.31530404180199834
0.3152639430508578
0.31522313605581365
0.31518710347407997
0.3151513037971906
0.3151110132990923
0.31507455691656544
0.3150329046173162
0.3149918937440246
0.3149562654618991
0.3149180554101666
0.31487870537994217
0.3148415925429262
0.31480258633054164
0.314765796191143
0.3147294665554457
0.31469647953463925
0.3146709287938032
0.31463933595950677
0.3146033991833974
0.3145635660162113
0.3145262379973002
0.3144884131234669
0.31444928954493534
0.3144103056818538
0.3143756442321892
0.3143382574251231
0.3143087098396843
0.314276246865082
0.3142398042727087
0.3142040833254838
0.31416667169486734
0.31413403969913506
0.31425503548838063
0.3143792708284602
0.31434495045653765
0.3143084017109304
0.314274934121729
0.31423752043443304
0.3141990162317985
0.314164222434242
0.3141288619225324
0.3140952763497159
0.31405446218662264
0.31401993623882973
0.31398351617815273
0.31395574937804754
0.31392512882156276
0.3138858107667833
0.31384874344476327
0.3138112525335416
0.3137742552539459
0.3137401019602696
0.313708034714438
0.3136722426905679
0.31363667498268044
0.31360465859090925
0.3135678539224132
0.31353119475293345
0.3134949507154081
0.31346444532082346
0.31343286880705784
0.31339605343461324
0.31336214150649483
0.3133281149680061
0.3132932829721918
0.3132583577530704
0.313219459508026
0.31318155402446923
0.31314520035352483
0.3131088839586484
0.31307396400556564
0.3130352856060603
0.31300080564167243
0.31296603768348913
0.31293126610481287
0.3128981887011749
0.312860958656527
0.3128248799308965
0.3127866798024956
0.31274951938032614
0.3127157371538474
0.3126805176774617
0.3126441726584055
0.3126084085594743
0.3125724626213264
0.31253710304455673
0.31250562064064047
0.31247156797003867
0.31243929407955134
0.3124043519461383
0.31236977475852973
0.31233669665583746
0.3123007862335978
0.3122635450593608
0.312231264788021
0.312197150625583
0.31216480477562497
0.31212942866192944
0.31209718773939726
0.3120679774377948
0.31203666881379205
0.3120057104861096
0.3119737585312874
0.3119376030600536
0.31190397509361645
0.311876708768264
0.3118441660631986
0.311816414765915
0.31178919858027304
0.3117574051458968
0.31172228331486523
0.31169093776882345
0.3116591046366427
0.31162035684757095
0.31158934231412827
0.31155448324944707
0.31151967642786016
0.3114887187964152
0.3114593023624732
0.3114275646175598
0.3113947968040847
0.3113593513494072
0.311328516689917
0.3112963449377389
0.31126255708128736
0.3112319750483909
0.3111958285276454
0.3111646437540039
0.3111322789752605
0.3111052388992539
0.3110729070629534
0.311042441904168
0.31101336374306987
0.31098499366871246
0.3109578664962416
0.3109254790941059
0.3108909770038151
0.3108610259681679
0.31082963619689696
0.3107995887796823
0.31077193284314897
0.3107435844937782
0.31071343085943426
0.3106808594396232
0.31064656785595085
0.31061413101577934
0.3105829002478807
0.31055090515506684
0.3105210227399062
0.31048958729045867
0.31045610520633016
0.3104282836408387
0.31039839951989057
0.31036677041234095
0.31033244543233596
0.31030028292164763
0.3102711414280988
0.3102427197955246
0.3102173604219293
0.31018668762898527
0.31015841915768316
0.3101273494669005
0.3101005692153789
0.31007537151581027
0.31004538868833686
0.3100101149100772
0.3099806607876544
0.3099485193954195
0.3099202004756599
0.3098917550497569
0.3098613777379358
0.3098337299863515
0.309803248999162
0.3097740245921674
0.30974350437219655
0.3097149198322597
0.30968849741193744
0.30966287947495985
0.3096322040791529
0.3096026723368608
0.30957363099587415
0.30955042728205306
0.30952339830603354
0.30949396379391003
0.30946239453324326
0.30943414853464074
0.3094044741415631
0.3093755646356974
0.3093483598996389
0.30932033333813763
0.30928997941477515
0.30926484765841405
0.30923469632713413
0.30920768877836685
0.30918250551173787
0.30915469340643875
0.3091265958231736
0.30909469682920804
0.3090674810094585
0.3090411592888387
0.3090119345756355
0.30898226566100545
0.30895583250282915
0.3089312149713114
0.30904009185979725
0.30914650166550134
0.3091172093242626
0.3090866931718402
0.3090571954139129
0.3090284772932878
0.30899944550097025
0.3089715371985164
0.30894357159194974
0.30891450719154867
0.3088887886848424
0.30886479220125745
0.3089795387942416
0.3090908668807135
0.30906033252890613
0.3090313053729919
0.30900280762984406
0.30897570012889597
0.30894691733890445
0.30906038652535806
0.30917014039256546
0.30913698636075215
0.3091105533775531
0.3090818634324871
0.30905527257813353
0.3090262262185394
0.30899554036608295
0.30896763294702845
0.30894044959682504
0.30891116980227595
0.30888526949801975
0.30886136730595665
0.3088353234340096
0.3088058342102922
0.30878180533195376
0.30875451162211537
0.3087288159773484
0.3088433878173943
0.3089543592044016
0.30892727195809044
0.30890311805403087
0.3088834052305847
0.308858200219998
0.30882999411850315
0.30880230753998816
0.3087733614319643
0.30874428939618503
0.3087161820544007
0.30868699231506025
0.30866101599432494
0.3086366318313319
0.3086156800230016
0.3086016873870348
0.3085782644145585
0.3085495884269223
0.30852279691231166
0.3084940207135655
0.30846694383451784
0.30843826271275354
0.30840986873380805
0.30838937355295815
0.30837056214752606
0.30834903428943516
0.3083218627958785
0.3082936204588717
0.30826301049802424
0.308234421284299
0.3082067386735883
0.30817877317060954
0.3081488006539563
0.30811943934663943
0.30809162403926377
0.30806144216052267
0.30803212509384736
0.30800467042042895
0.30797665823642206
0.3079516788342834
0.3079265626617658
0.30790101786403784
0.307871992196948
0.30783950385650977
0.30781302163699686
0.3077853472521146
0.30775813894863435
0.30773115886346286
0.3077066488609
0.30768149537182443
0.30765666803447284
0.30763219528518276
0.3076065442083296
0.30758525593778335
0.3075601944892083
0.3075335550394829
0.3075094539615946
0.30748735073628686
0.3074657100914298
0.3075748142023713
0.30767787900242594
0.3076498967013868
0.30762360422950635
0.3075948235265931
0.30756842434243403
0.30754263090924816
0.30751566520292534
0.3074901601171804
0.30746008978466305
0.30743126674563254
0.30740273352935726
0.3073745413979602
0.30734796117479096
0.30731862934112597
0.3072947035719063
0.3072708990071607
0.3072511956675819
0.3072269753659092
0.30720230099932805
0.30718322978066787
0.3071605219720631
0.30713737608141023
0.30711256266670733
0.3070858919372977
0.3070577479022345
0.307031440542239
0.30700618469091423
0.3069841307811136
0.30696027015833394
0.30693485396056625
0.30690734470634107
0.30701659212297006
0.3071210523542595
0.30709601543749454
0.30706862218620223
0.30704268048919103
0.3070181280545334
0.30699242471622307
0.30696743152859857
0.30694450838202614
0.3069189143241645
0.30689309003862764
0.30686832607216613
0.30684291928232765
0.30681489702532766
0.30678612211765866
0.30676055139351993
0.30674085907127924
0.3067184127085896
0.3066948694841139
0.30667131153749677
0.30664647782594306
0.3066233411174992
0.30659777123356835
0.3065724307210515
0.3065451333304596
0.30652134272981624
0.30649895079527045
0.30647517091302584
0.3064530329557256
0.30642495371175116
0.30652309186462
0.3066222049323981
0.3065962230070132
0.3065731923734001
0.3065535174835132
0.30653581817586223
0.3065112963803331
0.30648761588962153
0.30646341452107734
0.3064399294476401
0.30641852566944827
0.3063967825947826
0.3063734860886137
0.30634974125750947
0.3063252745017022
0.3062994757058147
0.3062755863420113
0.3062515193073466
0.30622653806972144
0.3061983138217251
0.3061740962698962
0.30614970123545987
0.30612470027998206
0.3060973071428458
0.306198743211644
0.3063002737181894
0.30627641731691324
0.306252578448449
0.30622668688794846
0.30620417117419907
0.3061806400834955
0.306157134474361
0.3061324930264452
0.30610680188255884
0.3060846499585799
0.30606048860153595
0.3060363568135009
0.30600979154057206
0.3059865271731807
0.30596427742705007
0.3059394510259826
0.30591490315196057
0.3058907431836923
0.30586755718715436
0.3058449015979676
0.30582264609425547
0.305800042278116
0.30578100364971644
0.30576210736867543
0.30574016042640006
0.3057205905486495
0.3056986118686309
0.30567661252989076
0.30565375372697184
0.3056326661178769
0.3056111580082329
0.3055853954043912
0.30556225136999976
0.30554026874196477
0.30551716692633557
0.30549275180641905
0.305595284395497
0.30569382068190437
0.30566569661468984
0.3056447866173718
0.30562903947809206
0.3056109421341313
0.3055892721542944
0.3055636996587786
0.3055385596089672
0.30551451087346143
0.30549199893963247
0.30546807899958967
0.3054465735745468
0.30542191997878837
0.3053971428805271
0.30537363372579274
0.3053540954639666
0.3053332455302565
0.3053112198710966
0.30528992949590616
0.3052666643636142
0.3052448018164291
0.3052227711411703
0.30520034122551604
0.30517960506492564
0.3052822130530976
0.30538159734049664
0.3053565054656404
0.30533131912470934
0.30531078382141835
0.30529236896455053
0.3052703902562717
0.3052472898656148
0.3052240341417378
0.30520123267470767
0.3051825701036151
0.3051605702912185
0.30514080447598974
0.305118019772887
0.30509478109789706
0.30507186657732416
0.30504833130087466
0.3050263287426793
0.30500343438141075
0.30497842829941435
0.30495364048794055
0.3049328785135915
0.304911696862389
0.3048888795976626
0.30486589418340226
0.3048464465313454
0.3048254934754476
0.30481490617478185
0.30480366149241095
0.3047790227712158
0.3047556905458458
0.3047339813287731
0.3047116992006132
0.3046880107646321
0.30466589315156506
0.30464569259511215
0.3046205466673683
0.3045975609103183
0.3045768182939477
0.3045545767301061
0.3045344928436155
0.3045123267001306
0.3044874719253348
0.3044635668132176
0.3044414776488724
0.30442180451466905
0.30440148493351843
0.3043812124951784
0.3043600734816792
0.3043386473270941
0.30431758772965595
0.30429442544672125
0.3042712188228472
0.3042471461097866
0.3042249850548893
0.3042056522539989
0.30418708247858395
0.3041660833165065
0.304147631328887
0.30412517610635803
0.30410822606523
0.30408720982048537
0.3041841358280724
0.304281665578129
0.30425612973506316
0.3042318011889793
0.3042132945695964
0.3041904861011473
0.30416878989834834
0.3041525423203586
0.3041369570588528
0.3041140465454165
0.3040958219826838
0.30407275852848387
0.3040511153569482
0.3040311288566866
0.30401333902772076
0.30399656358216814
0.30397906729021207
0.3039579761812
0.30393425587371103
0.3039121725027197
0.30388827002975843
0.3038654237215412
0.30384333132197167
0.30382301938130296
0.3038009947299537
0.30378128262798065
0.3037620311696475
0.3037424473310133
0.30372312477051505
0.3037012495911885
0.30367993655574793
0.30366225531988644
0.3036415021538101
0.3036205176343876
0.30371645784761486
0.30381124693293526
0.3037901948177348
0.3037702471709781
0.3037518061000525
0.30373253238743214
0.3037167828356019
0.30369850272291143
0.3036810605049539
0.3036607810688903
0.30363927657382633
0.30361809629331954
0.3035972965995443
0.3035757122074501
0.30355747709039566
0.30353656244035576
0.30351257731148307
0.30349504989478643
0.3034760559214504
0.30345541728878395
0.3034366072994427
0.30341600942502533
0.3033994009865217
0.3033788281006461
0.30336264000796986
0.303459013378106
0.30355207015023256
0.3035320995777609
0.30351157300564763
0.30349394535545765
0.30347406509638447
0.30345334566512505
0.3034311842751593
0.30341228085293387
0.30339379831834395
0.3033749459010166
0.3033546743888136
0.3033339284031836
0.3033146488013704
0.30329565078238135
0.30327658467004526
0.3032569458731609
0.30323895303894677
0.30321967852194776
0.30320117160282384
0.303182106329055
0.3031615476645658
0.30313929983457477
0.30311954608307
0.30310006432879266
0.3030784564581756
0.3030596673354354
0.3030414652684499
0.3030226213486118
0.3030061545413018
0.302990071505997
0.3029705205762505
0.3029499605527691
0.30293008234950586
0.30291063449407934
0.30289241666849104
0.3028739576627988
0.3028542345756783
0.30283442866563065
0.30292423255454176
0.3030161975479747
0.3029934997582544
0.3029707838149883
0.3029482462007677
0.30292909914350563
0.3029111517854291
0.3028922680998056
0.30287485151098054
0.3028610998711391
0.3028413964285199
0.3028220483730953
0.30280395099270835
0.30278800158229835
0.30277044529230424
0.3027510646096667
0.30273296385349874
0.3027144920231128
0.30269373175470726
0.30267324858499906
0.3026546274406026
0.30263901209001026
0.3026221366885201
0.30260265052758356
0.3025913649042625
0.3025772870738162
0.3025581796429647
0.3025394754378828
0.3025243673549621
0.30250862641515974
0.3024914624715646
0.3024735257161894
0.302455639847266
0.3024387203217496
0.30242070605026666
0.3025158946340199
0.3026095388805533
0.30259003994558914
0.3025721716696806
0.3025528500911777
0.30253741900625025
0.30252195389624953
0.30250433921961456
0.30248708366882243
0.3024688626186188
0.3024529975385409
0.3024370221805881
0.30241730929080396
0.30239977659820316
0.30238151564569354
0.3023645034374186
0.30234794678983934
0.3023292449495763
0.30231151634841474
0.30231151634841474