12473
210
241
242
334
350
343
439
457
539
459
556
550
571
572
596
739
676
686
815
798
795
851
906
898
929
1073
1009
1088
1184
1070
1064
1134
1163
1233
1310
1296
1452
1398
1366
1541
1494
1499
1521
1598
1604
1784
1788
1660
1769
1719
1831
1792
1909
1903
1873
1939
1996
2307
2097
2198
2484
2311
2345
2288
2182
2186
2229
2338
2318
2436
2591
2666
2475
2595
2590
2593
2598
2811
3055
3591
3254
2801
3654
2977
2955
2940
3140
3217
3016
3108
3007
3113
3117
3076
3061
3102
3286
3204
3244
3333
3416
3299
3430
3377
3406
3448
3587
3508
3621
3690
3692
3708
3722
3775
3849
3824
4413
4123
4011
4161
