0.3786757904229122
0.3797276787809412
0.37590477111627774
0.37491091107898705
0.37370300295335657
0.3738873283869254
0.37365629467188266
0.37358562319223776
0.37482297152382604
0.37493732342726954
0.3752980348495198
0.37500445989013576
0.37426283882438977
0.3741515367071723
0.3746394553693881
0.37414230371441753
0.37412665414885254
0.37406885549581886
0.3739441737659446
0.3740192402435001
0.3743001015650879
0.37411071553745456
0.3743065022914171
0.37436781987997414
0.3746470931093357
0.37466782468054083
0.3744577886094164
0.37435024777951276
0.37432112507922505
0.37427756532823764
0.3742250907581472
0.37440274618922037
0.3743956536776983
0.3742386576112797
0.37406211600556744
0.3739873061021342
0.3738208861774852
0.37353122929701327
0.3735226025495134
0.37352986968189233
0.37332660784179317
0.37314320332524187
0.3730931784553557
0.3731696941878831
0.37300774452733265
0.3728620071290352
0.3728783037249042
0.3729798152713769
0.3730280202698025
0.373002364460898
0.3730179706119556
0.3728776046163027
0.37286561470574076
0.3727956044976249
0.3726968734883152
0.37265861416252627
0.3726669198840141
0.37286753847937304
0.37290781655145105
0.3729554053008718
0.37285564853186026
0.37281480728277705
0.3727906360382639
0.37262561236008973
0.37250650984725375
0.3724414731806855
0.3724158429054783
0.37245146743281415
0.37236569175662027
0.37231560100288547
0.3722974733704202
0.3722917551677157
0.3722416028731207
0.37222299140971243
0.3722129834341802
0.37214715146250094
0.37213474420736087
0.37203525663242026
0.37195877960922413
0.3719289250152337
0.37202909086650415
0.3719598252096235
0.37182997595796174
0.37170985189493694
0.3716756358959128
0.37175198294408357
0.371668521562338
0.37152403017344543
0.3714885665662419
0.3714159837816935
0.37137855004568104
0.3712419140775585
0.3712239615209322
0.37127189125361215
0.37133392010181737
0.3712602761904521
0.37112834552801394
0.3710089491617328
0.3710010635744294
0.37101177134008057
0.3709812849384272
0.37091302578401586
0.3708195748635859
0.3707998916205075
0.3707543757464061
0.3707369010587083
0.37066769406502603
0.370624189928166
0.3706315642824401
0.3706445459203599
0.3707021069735408
0.37073001832678204
0.37071272328728005
0.3707014276565444
0.370763035280158
0.37077718694612843
0.37086010751421655
0.37087400288632955
0.3708209147160276
0.37082813747514304
0.37079997076758037
0.3707667551998876
0.3707119403596575
0.3706451928735875
0.3706577821160064
0.37061315769077025
0.37069199205602776
0.370669210094709
0.37060184065292767
0.370619338419108
0.37065035603683205
0.37062202127322885
0.370594396658923
0.3705192840894388
0.3703900359662404
0.3703608100333324
0.3703643607181358
0.37037782268190744
0.370378605751212
0.37035752068988465
0.3703577566134164
0.3703489359118563
0.3702873416503081
0.3701921800829709
0.37017712139756076
0.3701197525792594
0.37007301056376884
0.3701021191025142
0.37007369685569597
0.37004045892610765
0.3700623515735531
0.3700249692770964
0.3700002672902806
0.3699946240795015
0.3699500585686446
0.369940813541452
0.3698957615177755
0.36979143375453855
0.3698014465007831
0.3697841941060328
0.369725292730264
0.36971350656803803
0.36973807752473137
0.3697152325330575
0.3696568606949575
0.3695716050169396
0.36957551894727464
0.3696046959530029
0.36960213497263167
0.3695983155769283
0.36953155363802653
0.36952961393056666
0.36955520734267855
0.369565690907975
0.36955377982261206
0.36957945102193174
0.36954944077787855
0.3695483830803669
0.3695084253763571
0.3695607186673266
0.3695404345245847
0.3695015411337665
0.3694641255546709
0.36950237768432587
0.36949470653996574
0.36946484892893927
0.36950928266979616
0.3694987036876493
0.3694807287369235
0.3694768452639068
0.369480834639038
0.36946574847439073
0.3694710599614086
0.3694646550861567
0.36948875052691604
0.3694496202667745
0.3694193743262246
0.36945427169963263
0.36944055139512344
0.36938169304820123
0.3693231111670295
0.3692681286301449
0.36922038591111433
0.36915672002769057
0.36912855809456696
0.3691042432509503
0.3691102464258043
0.3691159488799383
0.36916981152287504
0.36917418168372435
0.369165048989911
0.3691907063506845
0.3692113512852606
0.36923177966838566
0.36923753775495033
0.36920007828053314
0.36917490876305453
0.36913552860572213
0.3691496553056364
0.36916179514169556
0.3691138749073985
0.3691122145799484
0.36912142657304503
0.3691316668119917
0.36914497437871946
0.3691439828916527
0.3691609896050746
0.3691490420353256
0.3691007748285714
0.3690845952833966
0.36907174215312727
0.36903656842304217
0.36905221027705754
0.36905040805027844
0.36906348277345785
0.36904234296650673
0.36901800447538413
0.3689835250695446
0.3689436368196009
0.36893053663854636
0.368924072814766
0.36888577752774726
0.36887058875057777
0.3688890224632779
0.3688646864531952
0.36884608551713655
0.36880390893149245
0.3687795625097269
0.36877360229145845
0.36874731415724477
0.368724961164343
0.3687437746261772
0.36871769469099847
0.36865407404887995
0.36866981047954756
0.36870906165093303
0.36867773517420505
0.36866676213801075
0.36864742220931357
0.36861990222178037
0.36861079798818375
0.36861860504934313
0.36862333118764545
0.3685877923157732
0.3685662005789657
0.36852433562219394
0.3685107551117902
0.36849428828090647
0.3684903291555965
0.3685415840753149
0.36853061784590424
0.36851730246381414
0.3684800017789754
0.36848629582169695
0.3685075053267851
0.36852039275767795
0.36849561699653566
0.3685074135461225
0.368524903304416
0.36853036098515934
0.36854695982139385
0.36854197124212096
0.36854445373792255
0.3685373566018503
0.3685247620068206
0.36853029882836136
0.36853638558104784
0.36853999612104993
0.36856537455148797
0.3685804560504859
0.36859802951185633
0.3685743524539899
0.36855219998960453
0.3685472404554569
0.36853402393699497
0.36855253220241485
0.36854782745872416
0.3685364767373541
0.3685392442304595
0.36854899380054296
0.36854819805443556
0.3685415130715393
0.36852413530771355
0.3685022009021948
0.36847949246758727
0.36846625075029066
0.36844981516017317
0.36841230175069345
0.3684174797774608
0.3684262767480416
0.3684083999803399
0.3684050477310929
0.36837909112671724
0.36837303859669274
0.36836777414836
0.36835137396347284
0.36835692481221793
0.3683531971745099
0.368385096794256
0.36839018921987876
0.36839641353438146
0.36839063541166983
0.36838174156694453
0.3683698332912069
0.3683558001038337
0.3683876664618599
0.36838819990199584
0.3683826841656447
0.36838526034929797
0.36838228543108437
0.36836420921530033
0.36835079668010506
0.3683395733128205
0.368334255176494
0.36835613116137156
0.3683661237166323
0.3683492277001931
0.368324082837667
0.36833351127298897
0.36831455552832393
0.36828007852016204
0.3682821807751585
0.3682805082100582
0.3682721183005231
0.3682557675001604
0.3682315905993169
0.36825231544138415
0.36825636956410374
0.36825780443669187
0.36826303569380703
0.3682400854919853
0.3682375563428187
0.3682333928871015
0.36822536009207024
0.3682239178550178
0.36820610476558463
0.36819786723667447
0.36821462102289726
0.3682412987045754
0.36825855862876106
0.3682638633464809
0.3682703003849591
0.36826554520542193
0.3682680939158921
0.3682953024786743
0.36830998060445974
0.3682978356499033
0.36829753297591067
0.36829869175151536
0.368304949583
0.368308807177985
0.36827326462012633
0.36825854550350484
0.3682521719024564
0.3682289589277407
0.3681944223861563
0.368150524825378
0.36815077062515034
0.3681433826576132
0.368135821206513
0.36815266025624255
0.36816583338354497
0.36818275236637427
0.36817493593311296
0.36818216866562237
0.3681630880540217
0.3681700324175235
0.36820285601079955
0.3682209707783574
0.36820408615618283
0.3681922252501989
0.3681859846861675
0.36818117181403204
0.3681703439796804
0.36818186113731693
0.368172952795213
0.36814128686148895
0.3681424849655067
0.3681269886650615
0.36810113865209104
0.3680783160650442
0.36806121110187257
0.36805513082191166
0.3680474364173164
0.3680471961166254
0.3680437202090416
0.3680446032300585
0.3680391630763951
0.3680348742256145
0.36800129388981445
0.367994538808839
0.36800911272010245
0.36801285139308326
0.36802293562891547
0.3680119664143887
0.368009486814153
0.36800711582705165
0.36801719499764746
0.36801396027399974
0.3680171019353364
0.36801744014711346
0.36802831808870157
0.36802311665500675
0.368032422924126
0.36804391759530675
0.36804244625202037
0.3680417228788008
0.3680328945183361
0.36802548325290657
0.3680048332105365
0.3680044916244841
0.36800160007892485
0.3680094123044916
0.368000878842524
0.36797595813532863
0.3679707212595175
0.36794644594318004
0.3679329375068211
0.367909745976172
0.3679140660389432
0.36791491136879617
0.3679045191904721
0.3678938879915812
0.3678858012272345
0.3678952655009215
0.3678717101963556
0.36787298395939455
0.3678637986534748
0.36785736618870235
0.3678485633553029
0.3678469315791151
0.36783418538799717
0.3678140104257237
0.3678213437033632
0.3678185963717679
0.3678060278009144
0.3678203561959054
0.36782743371522025
0.36782077269554314
0.367793909617765
0.3677796018586975
0.3677638018078138
0.3677604179781503
0.36775334949080957
0.3677529404792252
0.36775938227663124
0.36776593362690246
0.367756444215423
0.36777069943603774
0.3677772143775251
0.3677893187554106
0.36779731560402246
0.36778982690273754
0.36778905456292205
0.36779075632017916
0.3677955914024722
0.367788248280223
0.367783459756121
0.36778658156503014
0.3677804010133255
0.36779078966437334
0.3678023385172966
0.3678104037069083
0.3678142791281645
0.36781245404356877
0.3678122970203223
0.36779935032396005
0.3678066521969706
0.36781326549670523
0.3678273715507601
0.36783230614950496
0.36783943738388625
0.3678707631718766
0.36788542477798486
0.3678914441624954
0.3679216560933686
0.3679329010081843
0.367938588915308
0.3679394646405237
0.3679103973956157
0.3678997886609383
0.3679059010095108
0.3679049104483825
0.367905606251538
0.3678971870447312
0.3678678681145997
0.36784816956212546
0.36784220058502787
0.3678465080126205
0.36785365577465723
0.36785664782087896
0.3678594593088705
0.36786457784778337
0.3678652027802195
0.3678769452552859
0.3678747995576508
0.3678641026670972
0.36785620929250085
0.36785927910142013
0.367870061866738
0.36786126172906297
0.3678571884447247
0.36785545496334837
0.36785739876277307
0.3678642708553057
0.3678645995189329
0.3678645343281561
0.36786693840986817
0.3678898840356798
0.3678802004544031
0.3678759608599771
0.3678988224213767
0.3678957341480139
0.36787766992437987
0.36789354545089387
0.36788019400167016
0.3678749591604807
0.3678726754142117
0.3678708548655333
0.3678646242744083
0.3678587424684859
0.36785977944356935
0.3678440172895717
0.3678445520696265
0.36785342175136104
0.3678619577154804
0.3678533396867469
0.3678523251600458
0.3678512356870977
0.3678561609141715
0.36786487614340807
0.36787800085575756
0.367871957924209
0.36786899693675135
0.3678708570778185
0.36787589479317817
0.36788293067065153
0.36789831334362266
0.36788289449864364
0.36788498794951313
0.3678869143279962
0.3678861975316988
0.3678747524685409
0.3678779804618165
0.3678810813459758
0.36787359797553176
0.36787360238192035
0.36787294919700164
0.3678650239311309
0.36786044919399463
0.3678571754094976
0.3678655957651785
0.3678786094872806
0.367893222002767
0.3679092768506354
0.36792656320279105
0.3679536343115371
0.3679592357569765
0.36793155236759617
0.367926330840788
0.3679360337079586
0.3679350331458527
0.36793301480153917
0.36793098099378546
0.36793262537782634
0.3679308241821963
0.3679402299569687
0.36795108269930726
0.36795094217369256
0.3679510306519201
0.367958505980696
0.3679598062512298
0.36797407503614343
0.3679636834367815
0.3679670999398551
0.3679647898673133
0.3679574379354467
0.36795525797613726
0.367970703064113
0.3679612855718528
0.3679514942574188
0.36794723496320614
0.36794570427255746
0.36795473058720674
0.3679716335494849
0.3679782596166874
0.3679678418066812
0.36796261343606884
0.3679544254990657
0.367949818629781
0.3679424150084895
0.36794546858635396
0.36793822490407757
0.36792885319717233
0.3679276130142021
0.36791667393331984
0.36789897956882117
0.367879622151259
0.3678748394846959
0.3678673528833281
0.3678557945144804
0.3678611532251587
0.3678708441563417
0.3678807658870726
0.3678955513347695
0.36789894652709854
0.36789888369444723
0.3678991017073397
0.36789183152774974
0.36789572252181635
0.3679081002182532
0.36791592429436143
0.367918124934177
0.3679031009966804
0.36789165867212814
0.3678929756483276
0.3678956589432619
0.36789626183987667
0.36789247972576383
0.36789999933677997
0.3678862762513356
0.3678930719825556
0.36789532216095916
0.367874839385588
0.36786519615509833
0.36786414645683
0.36787350721605677
0.36788750126682024
0.3678841686278091
0.3678768399075039
0.36788992537489884
0.36789251856625893
0.36788365547865026
0.3678832665848198
0.367883421240803
0.3678879997173663
0.36789107191848813
0.36789322730794205
0.3679030719558432
0.3678996285305382
0.3679069009133986
0.3679217877819284
0.3679204512322408
0.36791901408452327
0.36792040500335155
0.3679164310958801
0.36791879647007936
0.36794518970649465
0.3679506692725209
0.36795480932147756
0.36796848757203116
0.36796533098740963
0.367968558711962
0.3679707498153653
0.3679574952626975
0.3679427801788042
0.367947623592848
0.36795124602284063
0.3679394127330004
0.3679410344629298
0.3679334304919025
0.3679139045346965
0.36790078249193786
0.36791224570110537
0.36790932388032277
0.36791655593721484
0.36792205279457924
0.36791231264924656
0.3679055911897244
0.3678910639480455
0.367882440645936
0.3678904301736794
0.36789765406942976
0.3678978760878791
0.36789173773164513
0.36788565217535385
0.36789368491627367
0.3678926582276378
0.3678993508695473
0.3678956348681831
0.36790148827792657
0.3678847105117345
0.3678775365567669
0.36786652498523337
0.3678722144879992
0.36787158858433594
0.36787083586672464
0.3678685621953739
0.3678658750211849
0.3678617086152029
0.36786242808135283
0.3678742136056332
0.36787708689437476
0.3678605543424217
0.36785835309162895
0.3678524793907677
0.36784785331490366
0.36784557857627725
0.36783656026513395
0.36783268706260136
0.367839702045035
0.36785005066755316
0.36785624630544184
0.36784892441954226
0.36784501160770244
0.3678477186327995
0.3678650918970299
0.36786740304677507
0.3678649935134137
0.36786446610365936
0.3678590350946298
0.367861725266655
0.3678631978688456
0.3678608412626064
0.3678646092981344
0.3678669465870705
0.3678681515593793
0.36787817021382163
0.3678743744349838
0.3678764581350135
0.3678789370718413
0.3678767935226614
0.367874596316871
0.36786636764137354
0.36787635256097545
0.3678834907632577
0.3678923186698377
0.3678846892049084
0.3678863544626268
0.3678887563452708
0.36788585356141196
0.36788760523731895
0.36789098478486815
0.36789200115542114
0.3678931990556852
0.36788956481212576
0.3678860087684531
0.36790014109728386
0.3679078022234018
0.36791098425306495
0.3678994940365388
0.36789684957506397
0.3679094801558308
0.3679140372589209
0.3679165327585147
0.3679088831758039
0.3679091433665532
0.367917660246274
0.36791590583028355
0.36792073898058236
0.36792553103237563
0.3679381152374526
0.36795387784945255
0.36795312880888936
0.3679520532427171
0.3679622734543042
0.36796407435464684
0.3679665248745587
0.36795902454414775
0.36795623189212884
0.3679555525682517
0.3679521851442336
0.3679507584397539
0.36795044838714314
0.36795019688203423
0.36794722625655546
0.3679488795912018
0.3679514551809046
0.36795590399397565
0.36796460665910247
0.36795911172169893
0.3679527210655987
0.3679514724930975
0.3679438974616776
0.3679405816283199
0.367945966698138
0.3679441997218254
0.3679330090107794
0.36793635463213176
0.3679436175428147
0.3679358359416465
0.3679348126731252
0.3679301538693841
0.36792855577575095
0.36792252193525743
0.36791243754204467
0.36791154194335146
0.36791108007219037
0.3679123946965231
0.3679028456862527
0.3678890864790277
0.36789229766753906
0.3679017276382182
0.36790581515669246
0.36791658992682047
0.3679164278337481
0.3678990797271863
0.3678902240515774
0.3678912092097477
0.3678878652729927
0.3678908125852155
0.3678879357144421
0.3678930752292013
0.3679028752552992
0.36790520917347885
0.3678943821396423
0.3678911525700047
0.3678988059422153
0.3679030934429603
0.36790423196194166
0.36790124860244594
0.36790045076913064
0.36789918971586644
0.3678984371605509
0.3678970488799921
0.3678959653755499
0.3678969347742229
0.3678913467394903
0.3678951340972911
0.3678990013207828
0.3679045295750921
0.3678944391389544
0.3678898292767434
0.3678883272616363
0.36788829419829644
0.3678907727972456
0.3678989648576251
0.3678943452027733
0.3678915193739131
0.3678887376779841
0.36788006971420445
0.3678905642037953
0.3678897196115608
0.3678914461550934
0.3678981201101699
0.3678998112790802
0.3679023749124524
0.36790604403118976
0.36789885355895946
0.36790071153330883
0.36790092537289865
0.36789774407031595
0.36789462074663354
0.3678918514326016
0.3678965595338605
0.3679046695914289
0.36790292896929855
0.36790117032874586
0.36788945953785135
0.36788353346384706
0.36787401655226204
0.36787747993977393
0.3678752055629317
0.3678774227482402
0.36788709370711875
0.3678929318522007
0.3679042353490185
0.36789945817615527
0.3679133490542959
0.36791824539565177
0.367915290788422
0.36791327569182164
0.3679260071890504
0.36792691191857013
0.3679359520825197
0.3679354797399127
0.3679477144663797
0.3679536046527355
0.36795035603117754
0.36796431755919456
0.3679698794971232
0.36797480626683415
0.3679674079143712
0.36798219239246877
0.3679832039986787
0.36798011691980664
0.36799244637817263
0.3679998185912938
0.3679976548136343
0.36799347294677154
0.3679861311154981
0.36798612067472863
0.3679924683516054
0.36798618561960983
0.3679876794104618
0.36799581696873895
0.3680016313146973
0.36799653100859675
0.3679946528718037
0.36799413579858953
0.36800677527303094
0.36800831875786394
0.3680026370028312
0.3680009825025852
0.3679941399190841
0.3679950310647876
0.36798769834689277
0.3679951564928617
0.36799950587778774
0.3679989021783354
0.3679979338770026
0.3680006130942541
0.3679969564414872
0.36799843529346843
0.36799856790054375
0.36799721545061626
0.3680105077003074
0.3680147551622796
0.36802322174745083
0.36802380511898203
0.36802197023905275
0.3680283281019658
0.3680264349591265
0.3680397540332182
0.3680366837467212
0.36804106214652466
0.36803403955223285
0.3680278715469614
0.3680297912223173
0.36803408923172903
0.36804044452025564
0.36803679142648643
0.36803215504447373
0.368046124277042
0.36805039663968453
0.3680507330829685
0.36805313641162724
0.36804595161763587
0.36805432793080506
0.36804759305350215
0.3680429085649974
0.3680361959801284
0.3680275377587201
0.36803126397374886
0.3680324093129719
0.3680277131423894
0.3680264535631208
0.3680178057414578
0.3680126530819598
0.368005620568136
0.3680047401209025
0.3680010927150517
0.3679990539308478
0.3679952033636761
0.36799662845786624
0.36800037787984846
0.36800222279048284
0.3680053517247989
0.3680116463779943
0.3680088664342249
0.3679968218001735
0.36799711525434636
0.36799860750888147
0.367998073270799
0.3679964311568557
0.36798886626558625
0.36798047913744625
0.36797324175633356
0.3679673944480371
0.36797044738071866
0.36796547193272744
0.36796821057731216
0.36797000026325066
0.3679663922988752
0.3679604467617193
0.3679549712220275
0.3679585320862143
0.367956863916451
0.36795352787955743
0.367946689123396
0.36794347308644515
0.3679520840889828
0.36795010797094935
0.3679476408762769
0.3679553953247317
0.3679578656322305
0.36795613505651625
0.3679503676758522
0.3679475529153329
0.36794580051897213
0.3679504834469365
0.36794124515897025
0.36793732133374263
0.3679322578281591
0.3679305548758749
0.3679333004402475
0.36793380055304237
0.3679372812104739
0.3679416380485873
0.36794532544973146
0.36794682254715766
0.36795258994573954
0.36795958123355255
0.36796057740547666
0.36795286390885634
0.3679558723454324
0.3679641191514355
0.3679679560019695
0.3679673010392374
0.3679744066281567
0.3679802833660245
0.36797632353132215
0.3679700983237807
0.3679611222470829
0.36796495979823096
0.36796368861871737
0.3679678238869826
0.36796707941689427
0.3679669363340471
0.3679683104993634
0.3679637862276855
0.36796050839533656
0.36795489863800296
0.36795481740618097
0.3679613697315813
0.36796430862748264
0.3679716471466905
0.36797529934502415
0.3679829895402803
0.36797953975170156
0.3679791391096945
0.3679882880740788
0.36799702233980497
0.3680017485116822
0.3680085059772096
0.3680154036629755
0.3680027241824431
0.36799707216686295
0.36799493305472925
0.367985361580697
0.3679851762800351
0.3679925056958912
0.3679872870263104
0.3679820404524698
0.36797681598351095
0.36798403880917496
0.36798569569865147
0.36798615708730703
0.3679816193218892
0.3679852431152881
0.3679883545189434
0.36798702154831253
0.36798446457313466
0.367983951604091
0.3679771172973325
0.36797328492245607
0.36796287512601816
0.36796295223040193
0.3679605296235034
0.3679525341579958
0.3679510720765779
0.3679545313917824
0.3679577603745925
0.36796693303740585
0.367960988887226
0.3679567258702641
0.36795276760405204
0.3679474115641786
0.36794064426864626
0.36794037886455744
0.36794434424137157
0.36793821151026956
0.36794285698401547
0.36794466586553837
0.3679419303587765
0.3679429091139089
0.36794219225221403
0.3679400405607534
0.36793701368763576
0.3679304057074617
0.36793329870493663
0.3679329744074961
0.367934192990584
0.3679358019261441
0.36793743738107737
0.3679319085408801
0.3679268631455042
0.3679267425439644
0.3679276518973163
0.36792521284313123
0.36792434788747
0.36792308394539985
0.3679139167354294
0.3679073753935303
0.36789841612077545
0.36789265554633105
0.36789035677301224
0.367889222736598
0.3678806255898276
0.36787657654852246
0.36788025686825393
0.3678816749774798
0.36788071469592454
0.3678720940295081
0.3678779294547283
0.3678802436698858
0.36787264028816186
0.3678764402101133
0.3678761337050947
0.36787368489707156
0.3678698547616018
0.36786791183646106
0.3678640499017952
0.36786294305898426
0.3678704721275331
0.3678684771241539
0.36785523822001753
0.3678490616650142
0.3678475088233144
0.36783962444661045
0.3678387310104047
0.3678393291346615
0.3678376452082563
0.3678344897597729
0.36784347071614043
0.3678537718191476
0.36785667093553676
0.36785480747890287
0.36786258149217793
0.36786637855237947
0.36786502644874775
0.3678654943926245
0.3678681995547825
0.3678697582589355
0.36786246915160026
0.3678621002756112
0.36786395550786793
0.3678661540503796
0.36786605008431217
0.3678733557652635
0.3678714079337408
0.3678713419999045
0.3678661765642941
0.3678684437297818
0.3678716135924242
0.36787279750786295
0.3678703941246419
0.3678768069854738
0.36787392554743065
0.3678704065406274
0.36786838581617887
0.3678608496196646
0.36786240532537867
0.3678562754202533
0.36785729177683296
0.3678501576494025
0.3678542931604864
0.3678583087167309
0.36786877138325663
0.3678764299523978
0.36787879174943056
0.367877275715387
0.3678761689674583
0.3678768523272694
0.3678758953022823
0.36787432656675073
0.3678789163609676
0.36787850006714984
0.36787551062186113
0.36786969820775234
0.36786140066471607
0.36785459848245183
0.36784558529036016
0.3678430253352644
0.36784187875201735
0.36784207502180016
0.3678396954625581
0.36784221344809626
0.367845133231789
0.36783554711036426
0.36782391082400273
0.36781956510824715
0.3678245044801041
0.36782477265108543
0.3678279333451973
0.3678218446459639
0.36782922636503146
0.3678304274588233
0.3678367528862794
0.3678419897183825
0.36784201634163893
0.3678502592404025
0.36785453713570787
0.36786230292676936
0.36786241332756037
0.3678515707529146
0.3678413862292692
0.36784141492214556
0.3678349008780399
0.36783981445503855
0.36783995077564985
0.36783370692758843
0.36783488445290624
0.36782819559900776
0.3678228987973578
0.3678175173753239
0.36780880935846805
0.36780223588173305
0.3678047177057742
0.3678127916038181
0.3678169019472767
0.36781745123017884
0.36781426893429564
0.36781058654292514
0.36780748655896095
0.3678093430345664
0.3678106128212585
0.36780758487228427
0.36780910552821
0.36780780337931174
0.36781252929579483
0.36781889440588433
0.36782644141328313
0.3678213359327001
0.36782288251851997
0.36782117191839225
0.36781831815043214
0.3678174142728063
0.3678133055710353
0.3678003014573695
0.3677977051512634
0.36779823395220734
0.36779583323563597
0.36780126539515073
0.3678014609583841
0.36779644476278495
0.36779862065090574
0.367797935892272
0.36779329493020085
0.36779017279599124
0.3677916613985146
0.3677840594144418
0.36778093136037465
0.36778019147480856
0.3677741403340562
0.367779922834125
0.3677797714471126
0.36777641197784966
0.36777527120897036
0.3677784788890527
0.36777754214202285
0.36777680930883305
0.3677764787133522
0.3677809843994235
0.36778243111816444
0.36778262742388895
0.36778394292998506
0.36778594950635346
0.367797234572411
0.3677980008548208
0.3677939273121107
0.36778954616909915
0.36778524677172864
0.36777946248588916
0.36777911190391044
0.3677792315315136
0.3677793735550937
0.3677755625110046
0.3677800526176099
0.36777836617508836
0.3677712995755342
0.3677746363961232
0.3677727432887454
0.36777210664024806
0.3677736579426904
0.36777934723512656
0.3677724417250729
0.36776511060598954
0.3677657714878521
0.36777054595755987
0.3677720729411588
0.36777161372411615
0.3677715292838177
0.36777262033775304
0.36777546216546103
0.36777249901235326
0.3677708449772291
0.36777239451646926
0.3677710596734423
0.3677812126977112
0.36777862175048265
0.3677838916623265
0.36778844077556083
0.36779252095572634
0.367793426396715
0.3677870373171242
0.3677829182066987
0.36778869634729394
0.367784943333311
0.3677820988287795
0.3677832967277932
0.3677801540077189
0.36777850220261543
0.3677742978775747
0.36777512106647464
0.36777449583026167
0.36777659233345134
0.36777142690100245
0.36776919796730295
0.36776548764005157
0.3677650991726864
0.3677652153021746
0.3677632587105752
0.3677593108705808
0.36776141477511237
0.36776069387177857
0.367759659371286
0.3677567718534158
0.36774820917390105
0.3677503097700823
0.3677489621662418
0.3677443116118351
0.3677388638977063
0.36773728066577904
0.3677409913342002
0.3677448585513123
0.36774974934116655
0.36775296099015503
0.36775475562731214
0.3677588136933054
0.36775898232357296
0.36776215666961276
0.36775741561071956
0.3677542717069162
0.3677533461939757
0.3677558913521198
0.36774866726753064
0.3677504312316326
0.36774773532333943
0.367747276301174
0.36775205792625854
0.3677495756170564
0.3677514315750358
0.36775876318895095
0.36776004622103314
0.3677633492435324
0.3677599265271549
0.3677608135622048
0.36775865376531874
0.36775392432313125
0.36775197861149783
0.36775512164072355
0.3677595527445045
0.3677623222170761
0.3677576104070751
0.36775621049566565
0.3677487182192233
0.36775539686562275
0.3677531175674428
0.36774954213385863
0.3677508848627619
0.3677506587972017
0.36774940324421673
0.3677411753915873
0.3677337866020408
0.3677325209430907
0.36773196280896026
0.36772510964864424
0.3677269139415561
0.3677296289068757
0.36772741911931467
0.3677255662835461
0.3677223430671317
0.3677258271605323
0.36772875471544003
0.3677284398935265
0.3677279995669326
0.36772577254475863
0.36772635974078577
0.36772866192598735
0.3677265417556654
0.3677271359782835
0.3677218876342326
0.36772105538561906
0.36772073446950954
0.3677134725513478
0.36771435574428607
0.3677228120840366
0.3677259500705506
0.36772680398915153
0.36773262778474686
0.3677393567914969
0.36774511891414635
0.3677414371826022
0.367742368131849
0.36774691164114975
0.3677487036749456
0.3677503232510204
0.36774618566377537
0.3677480392489286
0.3677499007414593
0.36774703325440095
0.3677498485098414
0.367757651978936
0.3677607532764732
0.3677552386162652
0.3677522692732079
0.367749242672434
0.3677445240939594
0.3677482640967828
0.367751880478825
0.36775218388221265
0.3677501058816501
0.36775232779971057
0.36775151197689515
0.3677440309933625
0.36774204551070727
0.3677403386169743
0.3677416991808104
0.367741898908569
0.36773287700715085
0.3677429808116979
0.36774737822080733
0.36775283302453204
0.3677527556658552
0.36775587934601156
0.3677533285207175
0.36776181712063694
0.3677595009078445
0.3677578003138308
0.3677612651366877
0.3677626522562882
0.36776485029785555
0.36776074216806653
0.3677591528172799
0.3677661818676216
0.3677678090481023
0.3677715910531022
0.3677698029874555
0.3677683290796174
0.3677707437961286
0.3677807427072325
0.3677769258279648
0.3677813957870729
0.3677844748492411
0.3677823374267664
0.3677792743804947
0.36778137177056847
0.3677835276555461
0.36778579144279705
0.3677880516825737
0.36778918968504426
0.3677918834551819
0.36778875730801247
0.3677964814258835
0.36780378458325397
0.36780686103145493
0.36780427083264866
0.3678085144362232
0.36781054260539064
0.3678025196511218
0.36780027437879026
0.3678002762575007
0.3678080278931398
0.36781626442716486
0.36781464868073344
0.36782014363673854
0.367816148731368
0.3678216376405784
0.3678256391409242
0.36782123937424516
0.3678189032533231
0.3678204970338308
0.36782456710233563
0.3678294327230051
0.3678341994441032
0.36783662890556246
0.36783809823230573
0.36784420098814785
0.3678438838817556
0.3678455538859344
0.3678449807993073
0.3678456875777712
0.3678513504653578
0.36785029710726846
0.367844283636238
0.36784778320553446
0.3678442438867142
0.3678476754502019
0.36784775330797076
0.3678535888167596
0.36786036349166
0.3678687135200594
0.36787074913221673
0.36786734282716727
0.3678626265042842
0.36786642806660247
0.3678684432288465
0.36786144058926734
0.36785851853968593
0.36785970310314775
0.3678645611705562
0.3678709754570205
0.36787035315408956
0.3678632917373895
0.3678646306101894
0.3678633309509465
0.36786995550011287
0.3678719611319867
0.36787494549068395
0.36788149800206427
0.3678780983038302
0.3678771052600281
0.3678762059878666
0.3678820236505472
0.36787964496371106
0.3678747402385439
0.3678719933390672
0.3678719330824539
0.3678739171524042
0.3678715186788478
0.36787472299228297
0.36787015490787145
0.36787363021219033
0.367878366112496
0.3678787535751966
0.3678776344955785
0.3678795880997055
0.367881481408613
0.36788784187689944
0.36789155364022835
0.3678956838406114
0.36789229019275127
0.3678903695278519
0.3678997347928789
0.367902988609638
0.3678935477613148
0.36789344522256273
0.36789323759333387
0.3678907343125853
0.3678978991495541
0.36789513388457795
0.36789558180900234
0.3678979414547411
0.3678965198825231
0.36790217242570916
0.3679017093287642
0.36790136043008065
0.3679036516778195
0.3679028699775608
0.3679063561169097
0.3679082423977819
0.36790435282783424
0.3678996097529698
0.36790254135297007
0.3678997157266243
0.3678958368952486
0.3678952520156643
0.3679008564317993
0.3679065697692105
0.3679126655898064
0.36791126064961177
0.3679088230153336
0.3679133088595982
0.36791614983286053
0.3679128913551333
0.36791198429985383
0.3679153048608741
0.3679140502895823
0.3679179933273598
0.36792391525628526
0.36792584918939636
0.36792069667582
0.3679141202428701
0.36791902311186714
0.36791668279402545
0.3679151662482609
0.3679149859288451
0.36791302028922596
0.36791442467707375
0.3679124317347309
0.36791124079222565
0.36790876466278466
0.36790813833570585
0.36790726536444235
0.367904794566835
0.3678995026522733
0.3679029163321572
0.3679061568848772
0.367903268902844
0.3678997549078605
0.3678983304611015
0.3678970157053466
0.3678947798633086
0.36789772515755065
0.36790543292843153
0.3679099236416024
0.3679113890571944
0.3679143014190817
0.36791703198138176
0.36792067784342947
0.36792148390649404
0.367918453899426
0.3679199040409013
0.3679229875008234
0.3679263637286022
0.3679274870296665
0.3679274134037812
0.36793309985697253
0.367934252423665
0.3679313167856614
0.36793531587793404
0.3679368570330647
0.36793621278828714
0.36793712690415475
0.36794333988947653
0.36794794196610914
0.3679477621854776
0.36794546104140957
0.36794218506807025
0.3679445341756828
0.3679512905768153
0.36795056495705275
0.3679504532263458
0.36795356015786235
0.3679532045398175
0.3679550194691512
0.36795090022655014
0.3679521175418632
0.3679494383693002
0.3679555458055028
0.36796035756711154
0.3679595102268035
0.36795501352455684
0.36795488825044004
0.36795070247517864
0.36794706924936477
0.3679473541463077
0.3679416291075539
0.36794253158699364
0.36794174820377185
0.3679383331735567
0.3679374418874611
0.36793229932317084
0.3679304124523551
0.3679326963076172
0.36793562132160496
0.36793924326698435
0.36794380863444226
0.36794055927929387
0.3679379681495593
0.36793928106806284
0.3679378988142535
0.36793481226405594
0.3679354380355882
0.3679378887150676
0.3679405654053526
0.36793887052290253
0.367937120527302
0.3679347203532956
0.36792764509749887
0.3679310745976405
0.3679296857489725
0.3679272578295877
0.36792588354700256
0.3679301158981135
0.36793443644489043
0.36793814270125513
0.36793760723286545
0.36793886356995853
0.3679285921068495
0.3679284886690766
0.3679326348333126
0.3679419869492045
0.3679494456485755
0.3679448814846179
0.3679439760905965
0.36794240274942097
0.36794822193679155
0.3679508778347252
0.36795105386196497
0.36795835326757176
0.3679576967733146
0.36795667777128416
0.36795618565458615
0.3679536502598562
0.36794987078230956
0.3679497888927751
0.36794972022039746
0.3679478976568868
0.36794849669911045
0.36794857355650423
0.3679468696187803
0.36794687126788517
0.36794472902712827
0.36794331477300674
0.36794036107053085
0.3679419150259085
0.36793724311077597
0.36793459666571326
0.36793978239763386
0.36794494823723156
0.3679452415380773
0.36794246480573634
0.3679460752230033
0.36794789285562823
0.36794624254316044
0.36794245164063855
0.36794429079581514
0.3679458505383589
0.3679410892160478
0.367942751004711
0.36794472533026173
0.3679462486376007
0.3679445055402812
0.3679372430377195
0.3679365064758401
0.3679347181522706
0.36793476695120597
0.3679323107342528
0.36793188147823114
0.36792836447260846
0.3679326598235033
0.3679277908008237
0.3679300030813328
0.36793144310661247
0.3679288706994374
0.3679249761393729
0.36792168023297744
0.3679183388181922
0.3679100476346661
0.367913883443026
0.36792032499622546
0.36792325694482203
0.3679208930675189
0.3679270958576014
0.3679295233441678
0.3679272002311744
0.36792119726162337
0.3679187910902395
0.3679215648667379
0.36792399310349166
0.3679299736862229
0.36792642202001974
0.3679236652839926
0.36792529872048285
0.3679253886100373
0.36792406740901273
0.3679297532398621
0.3679270453138544
0.36791902697837503
0.36791775857273756
0.36792366645006963
0.3679253503837971
0.367919862572319
0.3679202760526393
0.3679193111899989
0.36791773994165994
0.36792143349755574
0.3679208220032403
0.36791889413473716
0.3679202851313949
0.3679165919236038
0.3679125851452556
0.36791154529716386
0.3679127723803855
0.3679174674914165
0.3679258227365102
0.3679303606231231
0.36792562605541074
0.36792860939483046
0.36793004229846954
0.36792677886206826
0.36792844507270706
0.3679285293410971
0.36792794301899706
0.36793222704363143
0.36793099388124084
0.367930350543516
0.3679290334504333
0.3679319070543075
0.36793027792856436
0.3679318185662763
0.36792746251071007
0.3679245548019265
0.36792412792512896
0.3679207940204853
0.3679215361158291
0.36792258671545125
0.3679282510184656
0.3679320108248448
0.3679414624783121
0.36793768772590835
0.36794294597766974
0.36794276818310523
0.3679432181014825
0.3679409932006115
0.3679416831428131
0.36794529608847276
0.3679428116315575
0.3679425562665252
0.3679446111370507
0.3679392103694381
0.3679363847763833
0.3679370016627368
0.36793649823229924
0.36793430022405993
0.36793588042951403
0.3679328368063792
0.3679345277694703
0.36793633209002263
0.3679321474217862
0.36793103438508024
0.3679304461171927
0.3679274726314989
0.3679251197797246
0.36792601946194387
0.3679232373225464
0.3679272874641749
0.36792574518866333
0.36792744051867377
0.36792986819499723
0.3679304589502292
0.36793940685378496
0.36793968023101387
0.367942006215667
0.3679413762519238
0.36793849758601205
0.36793628422519414
0.36793433679420956
0.3679334430245144
0.3679351233564301
0.3679361488144349
0.36793667537059627
0.36793277408201974
0.36793552028158866
0.3679369963260838
0.36793585168660214
0.36793250299480884
0.3679342423373825
0.3679405014527093
0.3679421605399898
0.3679385113769255
0.36793892785194027
0.367938667439612
0.36793885718794067
0.3679410765188696
0.36793979972699664
0.36793907971317674
0.36794171144659665
0.3679437165191663
0.36794644574522284
0.3679518502601336
0.3679508343961899
0.3679512313061977
0.3679497252783187
0.36794515498442165
0.36794448919604184
0.3679472416001134
0.3679477859369367
0.367946796731789
0.3679461481702489
0.3679404821981551
0.36794198031781883
0.3679428090128688
0.367941019969895
0.36793821869170484
0.36793879155226034
0.3679358375371338
0.36793701728178435
0.36793995235779703
0.36793788550879425
0.36793754019348124
0.3679411744900391
0.3679387851047924
0.3679370615557413
0.3679399649917165
0.36794067338077585
0.3679431264915216
0.36794121228421905
0.36793420583513187
0.36792989572240176
0.3679258052181201
0.3679235871614915
0.3679253748088573
0.367923892314594
0.36792598162497014
0.36792985316008864
0.36793360206995307
0.36793341445890276
0.36793418109764503
0.36793047241272003
0.36793145248169806
0.36793113375857983
0.3679285307165473
0.3679328624487523
0.3679368975550051
0.3679364697876016
0.36793003656949735
0.3679285013231391
0.36793008923738363
0.36793106254280983
0.36792815692584074
0.3679283315302864
0.367923798484306
0.3679238905008911
0.367922509966869
0.36792311573668074
0.36792376171359176
0.3679282594446694
0.3679336495190154
0.3679357122208579
0.3679342420340852
0.36793198433096885
0.36792780143752757
0.36792678081519903
0.3679249869503779
0.3679224859567175
0.3679219427507997
0.3679198554134127
0.36791745716500773
0.3679116306297258
0.36791263325365703
0.3679129067762585
0.3679102269510657
0.367915349945344
0.3679194752198898
0.3679208676895365
0.3679247828888865
0.3679260911914455
0.36792443082937065
0.3679229165308048
0.3679251485368719
0.3679279876062808
0.36792888148498193
0.367928420429244
0.3679260932627129
0.36792108546950547
0.367920586612415
0.36791848000839195
0.3679182557689559
0.3679191742837455
0.36791811840268623
0.3679185274625888
0.36791264653259564
0.36790658950713484
0.3679019396791346
0.36790336563176085
0.3679059693429007
0.36790209248020944
0.3678986633365592
0.36789450331666684
0.3678938889490206
0.3678880822617221
0.36788663413715983
0.36788514048264354
0.36788384602047763
0.36788777041469545
0.367889409922149
0.36788861258829264
0.3678904215342514
0.3678887797805568
0.36788588438066017
0.36788109936821195
0.3678768512894339
0.36788007549216983
0.3678831914473737
0.3678815385483049
0.3678844031671861
0.36788408709041037
0.36788485415579386
0.36788554836494564
0.36788531105093303
0.3678895721930747
0.3678940061411416
0.36789526123691874
0.3678942691973331
0.3678969265003057
0.36789887383989484
0.36790375117652235
0.3679046815723859
0.3679045753604533
0.3679064141083347
0.36790425019919976
0.3679008584706251
0.36790449717867957
0.367902199347009
0.3679013091322249
0.36789953832280814
0.3679045431753624
