0.03496752552953137
0.03535296541051826
0.035573319750981575
0.0342823431224583
0.032225562556255624
0.031556322053413
0.03099128799614938
0.031119521494462198
0.0315608399416722
0.031384894670200184
0.0318715021999286
0.032076069333202985
0.03258844242955613
0.03331401068911637
0.0339324212957542
0.03401914830047715
0.03395785198679135
0.03382528533131019
0.0337648475880863
0.03376336618292835
0.03367718894990737
0.03362065454316372
0.03295225922592259
0.0329450317020519
0.03288148960366612
0.03290309676130132
0.03304791598281376
0.032976485538232264
0.03300917263631429
0.03290620999502714
0.032708068399192096
0.03275761396097899
0.032605859628995024
0.032467622833923696
0.032235803013702526
0.03210143805608853
0.03183603795646308
0.03170248867067757
0.03168839055999384
0.03170502969640778
0.03148292874219757
0.03153055590083644
0.03142672769651435
0.03144365085133676
0.031414259053929014
0.03147749450051325
0.03143212358629894
0.031422260402518644
0.03144074799403931
0.03149968081409679
0.03141490588196228
0.03130152235090341
0.031226160373719624
0.031013315666974534
0.0308953413341202
0.030774592207789706
0.030813379531587873
0.03082924861848673
0.030856899536107457
0.03094010903109642
0.03093504732937368
0.030845388883855854
0.03078143571929937
0.030780382957213578
0.03081585129903598
0.030801774891769003
0.030802989626088684
0.030855651462510358
0.03089338426959217
0.03092612253295206
0.03098923010487277
0.031082998790155306
0.03108954199456889
0.03104108640259008
0.031085617199280633
0.031018089471215118
0.031077555990893208
0.031077601146557735
0.031173503262137452
0.031121815855403776
0.03111370739844837
0.03108315655401582
0.031154154777400404
0.031169522329033514
0.031235375143065305
0.031242462048695505
0.031332709727524194
0.03125870886237464
0.031291386506397297
0.031286339453996684
0.03133343685615628
0.031388783187681686
0.03139354878101988
0.03136143394200618
0.031235746431786036
0.031227875169456614
0.031226169193181653
0.03129999611843431
0.03130401120883252
0.0313240539293265
0.03132267608986623
0.03136205283796038
0.03144046986422953
0.03152346104175635
0.03154542960733878
0.03156834852241942
0.03155086497547643
0.03158556719667948
0.031610834695732754
0.03166827322429121
0.03177677392427705
0.03178693269887167
0.031863798379837986
0.031924449908653826
0.031970153988249435
0.031998666749372344
0.03200064141879771
0.032024961575269975
0.032024631871367705
0.03206407659990556
0.03208621594834082
0.03211741891109463
0.032137772408208476
0.03213916456473307
0.03219248363745102
0.03222602370674874
0.0322742535215939
0.03231686912828695
0.032376895764937186
0.03245963239463545
0.032571871413151994
0.03266968636871965
0.03267539372822193
0.03264618022007954
0.0326677370769651
0.032685454457570894
0.03266053861330115
0.032675576216647566
0.03271525491600938
0.032742907449668575
0.03276377794720091
0.0327944981801403
0.032804621728224924
0.03279767112306348
0.03284488181247931
0.03288708874227622
0.03295863442270704
0.03303332365099539
0.033096549654965494
0.03317007598201892
0.033283360867691465
0.03333001721723489
0.033357025366425305
0.03338009475355505
0.033441441518152794
0.0335173517004436
0.0335792478552013
0.03358942359341848
0.0336107404689774
0.03361705631637629
0.03370119723064975
0.03370305767515647
0.03372668510343358
0.033765392755759585
0.03376519905872345
0.03375860537399389
0.033754596540735156
0.03376420624798589
0.033767009714185676
0.033786660747782235
0.03385490123347894
0.033894673919206614
0.033907950265357895
0.03391147868897836
0.03392644243046093
0.03391770407810012
0.03393443657739323
0.03394345022114141
0.033931148561576384
0.03392795294972351
0.03395738408238788
0.03401471065249215
0.0340305878264361
0.03400962883085111
0.03397178660115074
0.03395741443031122
0.033974140386812755
0.03397673987133465
0.033961628912456764
0.033985283546520924
0.033976494887590296
0.03395686293134312
0.03397753936075834
0.03398823084555908
0.034007646287742006
0.034021944600581014
0.03399656421336772
0.03399404293748845
0.033991432920000744
0.03400704083256369
0.03399132169219508
0.03395427443052492
0.03395575667628496
0.033935262688453954
0.03389266325155157
0.033915697281123314
0.033928584626388585
0.03392017239502355
0.033882227154626056
0.033818373438747794
0.0337720861633297
0.03378102736932956
0.033806318669222395
0.033815410408636906
0.033786322038002796
0.03376759511309533
0.03373901092531974
0.03369521905038845
0.03365185763565606
0.03360395328799719
0.033585807968551956
0.03353969854608241
0.03352492136545688
0.03350000890106109
0.03346046711462138
0.03341773026008117
0.03336692736143193
0.03332586997128386
0.03327122161231646
0.033224821921412226
0.03318348140116749
0.03316799704649182
0.03313639832864657
0.03311200591430725
0.03308277795034144
0.03308348735487688
0.03309643616105668
0.033092965174557086
0.033087899733369563
0.033077782715421826
0.03307557106834468
0.03307577372745633
0.03308951281477867
0.03309096636537203
0.03310354041510892
0.033127636939397256
0.0331172582516075
0.03311639636690942
0.03315819048901859
0.03316934704775497
0.033166361047153814
0.03317139207345201
0.033193649922936434
0.033182160683086215
0.03318529137719221
0.033181752075661965
0.03316083553085327
0.03312349605388903
0.03309730920067854
0.033063886343061996
0.03304447095944375
0.033033304879248056
0.033010527812156666
0.032983103076392406
0.03298298750007841
0.03299099498999354
0.03296324397898572
0.03292404430284931
0.03290324994075282
0.03287210619289283
0.03283045036160945
0.03282671082199032
0.032803877855236925
0.032781916773527965
0.03277117646190848
0.032774089957385046
0.032748619270856136
0.032714401915995076
0.03268485324684212
0.032672249730600046
0.032649301738572535
0.03263565064987567
0.032592953455720226
0.032576377088123255
0.03255801519059635
0.032552893556442204
0.03254787553180293
0.032533799796420654
0.03250421811544386
0.032478470048847165
0.03245633475355169
0.03244617321322918
0.032414977497749776
0.03240057409397977
0.03238530300029288
0.03236082548111603
0.03232994496982511
0.032309327951445595
0.0322936471343974
0.03228277464034368
0.03226816266301731
0.03225798417083014
0.032230136821661697
0.032216291099872486
0.03219216473599069
0.03218405789119848
0.032168502148374314
0.03211953837693387
0.03210951065524724
0.03210606501591858
0.03209132130604365
0.032079267630152966
0.03209378658862828
0.03208818901153739
0.03206963583178937
0.0320691009290084
0.03207427958156551
0.0320476601079935
0.03203112264703802
0.0320076376276766
0.03198041539469202
0.031946520169439434
0.031932075479394875
0.031923044576710725
0.03191422909805597
0.03189365877558317
0.03187177292394738
0.0318515765627276
0.03185006473250065
0.03183060261334769
0.031816741319251225
0.03181598604458133
0.03179214858504722
0.031760829332788225
0.031752893046645934
0.03173021492590193
0.0316995731582744
0.031681839060361705
0.03168977103501209
0.031693444806345165
0.031681241144938976
0.03167111594817077
0.03163685211586247
0.03163069692018601
0.03161764929069413
0.03165513950663611
0.03168054074294943
0.0316689033881562
0.03165505271168036
0.03165311393795914
0.03166082392280066
0.03165829660509547
0.03165358203976429
0.03164865123525212
0.03164217149840746
0.03161971568436264
0.031602498564970986
0.031611873717676056
0.03160095184570462
0.03159064308832272
0.03160116751957329
0.031624099664920184
0.031654470377769195
0.03166779312652019
0.03168503871685829
0.031715207836110294
0.03173454713730607
0.0317605777372853
0.03178724834119191
0.03180962005055592
0.03182840328602973
0.03186732330001667
0.03190884192988651
0.03190791417629325
0.031937084506556926
0.03196198542535519
0.031978710267429954
0.0319818981890668
0.031985268928932095
0.0320181074116063
0.032025357425542876
0.03204777941894461
0.03205614443797321
0.03207351931289921
0.032087129484818844
0.032117728174105714
0.03212027457291023
0.03216406131168374
0.03218345778905476
0.03220963046997779
0.03221181898318436
0.03222334274779107
0.03222382580555447
0.032222955932661765
0.03222009453132002
0.03224216651887401
0.032266319281743616
0.03228340067511977
0.03228199914711197
0.032271924688025144
0.03227645765372039
0.0322916708633316
0.03232175128580162
0.03232780536386173
0.03233718210777655
0.03233382898165969
0.032333232481918536
0.03234584673149156
0.03236048938015629
0.03237356894004034
0.0324069740073479
0.03241387278872369
0.0324183002765695
0.03242707170986145
0.03244533127176482
0.03246857316394
0.03247151076775691
0.03250215943776193
0.03253217192687011
0.03272025338814724
0.032898245327484234
0.0330794334262494
0.03324543022100355
0.03328975503318827
0.033304370365630255
0.033314342098834715
0.03330795339683497
0.03331640342981666
0.03333586969724653
0.033375926450660835
0.033390773089721354
0.033428978163592415
0.03345084173388747
0.03344955405837532
0.03346741407670464
0.03347200013488078
0.033502829251997365
0.03351381812706225
0.03354075345386277
0.03354070048823295
0.033547664851596964
0.0335604179901468
0.033575533254517544
0.03359508544765362
0.03362547264420869
0.033629222765550235
0.033635001624383085
0.033619086788938976
0.03363524816443565
0.0336358704696867
0.03363994902450551
0.033603966083166084
0.03360121146766015
0.03359099452060465
0.033581874114081006
0.033575061984358334
0.03357373194653678
0.03356489193938112
0.03357345415684147
0.03355924040269585
0.03355437485249426
0.033536641038537575
0.0335205077345022
0.03351771995523471
0.03351779559967583
0.03352061354145646
0.03351038837289764
0.03348569737659221
0.03347413537871357
0.033472957219293865
0.03347822339093609
0.033484504955022226
0.03350949894989499
0.03352404024366277
0.033533594889622376
0.03354060329518708
0.03356063879822
0.03356181685023023
0.033543509072104356
0.033545052438900935
0.03354502485282093
0.03354434292212116
0.03354850248786047
0.0335472096707922
0.033532659320663356
0.03352132903891654
0.03350625171220013
0.033502103318791505
0.03351180380742163
0.033505539419684795
0.03349902311332051
0.03350120110644859
0.0334966971594002
0.03349018684232584
0.03347658101175805
0.033471738763469414
0.03347940251665373
0.033479084460913806
0.03347371056657056
0.03347196179077367
0.03348269573797489
0.03347082252292046
0.03345911435452186
0.033455256973650246
0.033451431329735805
0.03345257263842289
0.03344073589036614
0.03343728746265276
0.03342661124316958
0.03342011533934518
0.033430960148429924
0.0334470528834163
0.03344500689418202
0.0334595617460634
0.03351905303148522
0.0335929751515037
0.033672001672398755
0.033831428930798796
0.033821873794885
0.03383529816909719
0.03383285927443285
0.03383883464025465
0.03385075862811272
0.03386628911435414
0.0338859938109711
0.033914333239043824
0.033916142383469114
0.033930844539895026
0.0339615240835826
0.033976591411658874
0.033988752530562126
0.033990500674810305
0.03400763152848329
0.03403783106351703
0.03408854931912718
0.03410103682238261
0.03410981617528984
0.034123250040020724
0.03412969323287469
0.034126877575402226
0.03414168487096946
0.03416644536307995
0.03417533555312471
0.03418469830768176
0.0341917578534713
0.03421779686939823
0.0342267785509954
0.03422734747688716
0.03422377862778188
0.03423870853715023
0.034255349290953606
0.03428999675085455
0.034316507446082535
0.03436147442705526
0.03438002505161312
0.03438630009174991
0.03439274181940831
0.034396310991752665
0.034393518732299816
0.034407880624823965
0.03442618748128341
0.03444697840335526
0.034454597299729973
0.03445110534969384
0.03444504556446825
0.03444928002509413
0.034460722306750645
0.034468940735233
0.03447548586618384
0.03448739194843535
0.03451106741240942
0.03452060305691829
0.034541338971787364
0.03455598665922086
0.03456492619343428
0.034570476103197585
0.034585528192319914
0.03459662293857267
0.03459294664488494
0.0345941295439863
0.034596685715083134
0.03459825654015044
0.034623729452865314
0.03465324653362936
0.034664847099309386
0.03467029261040275
0.03468231576604509
0.03468409948690126
0.03470545129733231
0.03470070447391942
0.0346952742747068
0.034693030262573955
0.0346977032445184
0.034703084984475975
0.034709976123597136
0.03468378113362331
0.034638036465986025
0.034594779563091024
0.03454847153888321
0.03449692510426613
0.03444695465167165
0.0343956286783179
0.034339267789157454
0.03428703917045526
0.03423521248810292
0.03418132406868897
0.0341272139705642
0.034072733940060676
0.03401808282959455
0.03396486702369024
0.03391022225527921
0.03385557329879534
0.0339150753366381
0.03404001777360437
0.03406819683928034
0.034096896351944427
0.03411539153915392
0.034153453750239544
0.034183011794984994
0.03421006844949307
0.034228618630959134
0.03424688768695567
0.03427340329703732
0.03429126220454257
0.03431517226613386
0.03433724715259029
0.03437428425932839
0.03441680006741282
0.034444156596363996
0.03445576262763921
0.03446812201304178
0.03446924865132512
0.034455210089620956
0.034449168319243384
0.03445167410358057
0.034446689427911285
0.03442772821643058
0.03440777523033304
0.0343968081589925
0.034373952738188385
0.034362082316594135
0.0343431242299008
0.03431398345896036
0.03428507927715849
0.03427228792217634
0.0342639762692148
0.034231501096365066
0.03419843975515705
0.034162033160221525
0.03412955271225055
0.03410220445602001
0.03406947412069416
0.03403602098140848
0.03399853985324164
0.033964839344573984
0.03393557444173748
0.033892481076952675
0.03385858430344817
0.03382500698509439
0.033790212259714625
0.03375567496467969
0.03371095899737988
0.03367333065376473
0.03363569729326677
0.03358910891149405
0.03354386372414474
0.033579615489143115
0.0336824220776166
0.033899306616513025
0.034097181915693886
0.03421084456442493
0.03432226143677157
0.03442355637826197
0.034533204647748214
0.0345895788013908
0.03464131891934922
0.03469960707479805
0.03473953071357281
0.03477639364280246
0.034818108717662374
0.03486825557613623
0.03490197042936613
0.03492480674004377
0.034969116791636765
0.034999532976390677
0.03503266326379086
0.035054119743760735
0.035091133525736014
0.035139469147031824
0.035192991879118264
0.0352170211261935
0.035249221905139315
0.03528212951467063
0.035308820186481016
0.035332456121571446
0.03537561514663948
0.035415394805069327
0.035467014783372636
0.035508823975129215
0.03555904179557982
0.035595954568712625
0.0356415679380885
0.0356643651492274
0.03568418906682965
0.03568540591977228
0.03568317231728786
0.035686488903667435
0.03570194561482656
0.03572059787969646
0.035735614222321355
0.03573663410460649
0.03575511455486291
0.03575712322661845
0.03576639144984861
0.03576611230576722
0.03578644770137391
0.035807371917064866
0.03581695312761142
0.03581924050573823
0.035833815605165645
0.035831040271295876
0.03582183914097981
0.03581037170657116
0.035807455534236934
0.03580656115300971
0.03579778280987341
0.03579391364885539
0.035790328599190575
0.035788808422627036
0.03579060859102726
0.03579485569668354
0.035805629037690745
0.03580736489484937
0.035806240969163586
0.035813130501185536
0.03581159447394327
0.035801779812849197
0.03579926456667047
0.0358053494574812
0.03581881213872695
0.03583199232052601
0.035836356618430154
0.03583455691023648
0.03583629872505947
0.03584417485149198
0.03584624403597423
0.035858494941725584
0.035859769756367815
0.035853237451593696
0.03586429178005992
0.035874423029122804
0.03587696134002826
0.03589159360056493
0.03590081322908937
0.03591198988018191
0.03592783558683942
0.03595477280303169
0.03597139076820787
0.03598663108039614
0.03598734440331739
0.03599415972728478
0.036018585797604544
0.036036643213506435
0.03603870388418017
0.03604927538962946
0.0360591261317642
0.03607365102071354
0.03608150330932326
0.036094682653507446
0.03610803303069749
0.03611357070808879
0.03612090109726191
0.036123790048242066
0.03613139214805936
0.036144003135799185
0.036144423048268454
0.03613910627252716
0.03613283791977036
0.03613043055330386
0.03612165419182406
0.036116457431056626
0.03610962202017171
0.03610814589678014
0.03609348270492228
0.03607976352216908
0.036068341926891054
0.036064747376088814
0.03605261674625918
0.0360440232995004
0.03603738473550851
0.03604249218398164
0.03603248839580803
0.03603049757131924
0.03603019049740231
0.036029903899802165
0.036029617306761394
0.036029330718279885
0.036030180446343346
0.036030380844919156
0.036030723097262726
0.03603268860603003
0.03603418757912326
0.0360353618810843
0.03603523758554591
0.03603495097092343
0.036034664360860225
0.03603437775535619
0.0360340911544112
0.03603378408702919
0.036034592754564256
0.03605397022625802
0.03608139338923204
0.036082109028655114
0.036089639580947096
0.03608920617751787
0.03608586612152647
0.03607968206281586
0.0360823902058413
0.03608324395644064
0.036086665116195966
0.03607673006170854
0.03608225487369004
0.03608324748270894
0.03609261779796053
0.03609980062946344
0.03610649022929959
0.03612247009774169
0.03612427240556365
0.03611670346926464
0.0361267597922371
0.03612180927298984
0.03612919612085011
0.03612484744546842
0.03613722718756972
0.03614133510618715
0.03613974022300987
0.03613278348451178
0.03613111092349098
0.036136393890299594
0.036140684864074145
0.036141634952951994
0.03613416245179415
0.03613009725025947
0.03612505631345697
0.03611814902049748
0.036131168781179564
0.036132925944175526
0.03615687725227079
0.036184553649479215
0.03621292010664799
0.03624907679995051
0.03627668381261528
0.03630013281780005
0.03632655505521343
0.03636034555956419
0.03638764140735514
0.036418898340816915
0.036446949011408575
0.0364776842430961
0.036499151391406054
0.03652767801773769
0.036568378270886846
0.036596213978109575
0.03662228307532028
0.0366471251955373
0.03667385345496977
0.0366829274789472
0.03670159107179971
0.03671655378494572
0.036731523216047376
0.036742330588391055
0.03675640010053197
0.036760245496755106
0.03678711328745017
0.03679677136905408
0.03681516028573013
0.036824820762486055
0.03684899490473584
0.03686454345677185
0.0368809773051372
0.036899084199129996
0.03692042408589889
0.03693529750857432
0.036938873348281366
0.03694887116563954
0.036964709480027697
0.036964462975158915
0.03697088032699689
0.036979906857778626
0.03698826209811591
0.03699566242828327
0.03701390603989804
0.03702976925009345
0.03703590615468377
0.037040718685561524
0.03705990132428822
0.03706559574665981
0.037076068918232376
0.03708747012890856
0.0370985064426244
0.037103289807019546
0.037105253206750746
0.03710966544041138
0.03710621768718107
0.03710455755207752
0.03710542371389843
0.03710684219152354
0.03710856337300738
0.03711066952700222
0.037110343098725775
0.03711155549482018
0.03711474501332513
0.0371098502981221
0.037097527049121164
0.037088415167891305
0.037086032614920356
0.03708418723418397
0.037087876659011226
0.03708400681596871
0.037082245293416555
0.037086686568922916
0.03708274841252789
0.037084269846900525
0.03708206050932619
0.03708672185923474
0.03707910545144336
0.03707900128221495
0.03707290537065484
0.03707287079600134
0.037068579813004904
0.037068034331489794
0.03706391054204555
0.037070132825244635
0.037066105109360405
0.03705932792826837
0.03705562974707102
0.037052314948684544
0.03705595694554414
0.03705778384976956
0.037064427853772064
0.037065420545714586
0.03706496938769038
0.03705825156155009
0.037059626399252615
0.03705733723568457
0.037061457738161406
0.037065632176420255
0.037078710460824255
0.03707576212458589
0.03708562849746659
0.03708808877876902
0.0371001932733079
0.03710451333914632
0.03712421792547796
0.03711895462958257
0.03711103652309583
0.037112473573468564
0.037112285880965115
0.037110433843418784
0.03710675672338028
0.03711008030889631
0.03710446946276276
0.037102800768217724
0.037101659027835715
0.037099852202912696
0.037095740209205225
0.037095238036599455
0.03708256885118212
0.037070072890042924
0.03706163820341741
0.03706045987872834
0.03705470141704874
0.037048283549034604
0.037040164068306757
0.0370301395890217
0.03702258534448858
0.03701225565825586
0.037004160881796595
0.037001004274046685
0.03699174639761332
0.03698594507768705
0.036982247377850046
0.036977226267237824
0.036964643405687767
0.03695932488842813
0.03695188168485865
0.036943670208840554
0.036944944003613235
0.036943011813297025
0.036939393564899406
0.03692420439153899
0.03692363418244714
0.036921376188341515
0.03692170762990162
0.03691509318469377
0.03691510058042088
0.036907322674821504
0.036901244987435314
0.03688943340018807
0.03689033837396303
0.03688633903092222
0.03687867274710482
0.036874347531168
0.03687320444758822
0.03686296729539403
0.036867393290369116
0.03686627211021274
0.03686587852564671
0.03686133727129043
0.03685652333477407
0.03684985347809607
0.03684594047913685
0.036842407558374576
0.036836413941572874
0.03683384461593993
0.036833799004288306
0.03683328042603057
0.036825101074850354
0.03681365117075606
0.03681213483229089
0.036797481559435644
0.03679056749128142
0.03678794975438295
0.03678356338809245
0.036774686687739616
0.03676733928444985
0.03675774712305629
0.03676008826050632
0.036753725599203195
0.03674793926941272
0.036740543595000064
0.036736124488895315
0.03673643009290023
0.03673567311005188
0.03673233545487849
0.03672386262492313
0.03671329894829956
0.03672014671206473
0.03672435623429329
0.036721781837966955
0.03671293852612748
0.036704417176894426
0.036701268584262994
0.03669780369336452
0.03669801802734421
0.03669319740573134
0.03668747339303257
0.036683338776414
0.0366774774462068
0.03667188111520015
0.03667300147135179
0.0366656110596412
0.03666188146791965
0.03666306231534245
0.03666303616785622
0.03665616939774156
0.036651030623506914
0.03664624903520668
0.03664376129319716
0.03664383307992629
0.036637448912147166
0.03663621054557432
0.036638628616464254
0.03664121792852501
0.03662993299918173
0.03662967388301769
0.036624603986236945
0.03662595189903019
0.03662393160073414
0.03662871629651345
0.03663050128353641
0.036631513256178756
0.036628200282180334
0.03662767464564416
0.03663472245089789
0.03663770505448363
0.03664131945738953
0.03664211213371057
0.036640797441917485
0.036636196528018236
0.03662746916115326
0.03662339060034349
0.03662777876999135
0.03663461110637647
0.03664214151200038
0.036643092890833645
0.03663714030732405
0.036632842962859125
0.036628693364163585
0.0366172224574023
0.03661651407427812
0.03661783713944997
0.036615290953319155
0.036615777519701645
0.036613404249926415
0.03661300368530105
0.036611999122453096
0.036603400247908834
0.0366058419810415
0.03660735969369771
0.0366153367310488
0.03662596413625516
0.036634261095574536
0.03664017136806639
0.03664166836935353
0.03663679452417005
0.03664196511898543
0.03664764589923684
0.036649147817844674
0.036646042296831015
0.03664151523775149
0.0366333394424068
0.03663449741343272
0.036639492153241936
0.03664085082457747
0.036644437386053656
0.03665002459042843
0.036652288527158405
0.03664943666157135
0.036641404240863706
0.036640186673406024
0.036640961984623334
0.03664067472130249
0.03664581110216663
0.03664885708626573
0.036648303105223864
0.03665039311219985
0.036649831444875616
0.03665318108731488
0.03666414150584134
0.03667009556191775
0.03667667542927928
0.03668650217377588
0.036704180189513214
0.0367652220703957
0.03681821712820817
0.03681600729176986
0.036812716824998
0.036808874883296
0.03680207209128292
0.036800152221944916
0.03679323487740483
0.03679446662388706
0.03678824706600119
0.03679526451060985
0.03679644041118382
0.03679465560629204
0.036790354689245304
0.036789149469187266
0.03679251357234744
0.03679066272253894
0.03679001995033078
0.03679307381164313
0.03679322256891226
0.03679497252889098
0.03679811296459558
0.036809090313598476
0.03681683897386036
0.036816879599826616
0.036819294173932225
0.03681701428276362
0.036813817648846836
0.03681434096463686
0.03682604316212426
0.03683131844740444
0.03683604030721384
0.036840262101272246
0.036841359607688584
0.036841774260525775
0.036830227773964316
0.03683064712928457
0.03682686303389353
0.03682219235402293
0.03682305779788699
0.03682073007593337
0.03681578638636907
0.036813977960041606
0.03681167669752473
0.03680685576335812
0.03680677473420034
0.03680816634418166
0.03679959777308218
0.03679053823153356
0.03679006124361058
0.03678191699414618
0.03678169123207812
0.0367807860307681
0.036780594666819086
0.03677464628965014
0.03677633496876954
0.03677805178342703
0.03677258305046637
0.036768387764567874
0.03677020568952963
0.03676790369147633
0.03676238152825274
0.03676140170588891
0.03676732383294522
0.03676782151197199
0.03676679569713912
0.03676764369632947
0.03676833558566577
0.036766561084480176
0.03677145953652382
0.03677547759568164
0.036775753262147444
0.03677404903276718
0.03677121761582403
0.0367706537304523
0.036770629399798686
0.03676552571174928
0.03676095204077455
0.036757329596571624
0.036757665075957686
0.036756230727188775
0.03675860493837478
0.03675894967563668
0.03675424001703032
0.036752486733975694
0.036751042437287954
0.036744772184217164
0.03674086058384393
0.036744087140142476
0.036741469214141176
0.036744043298530565
0.03673139878406997
0.036720366677410604
0.036724780853624135
0.03673069800118232
0.036795843860841435
0.03686369186043548
0.036867190500763036
0.03686967890312321
0.03690105544239184
0.036931624004036274
0.03693369942357354
0.03693661102261444
0.03693640868128126
0.03692324395242568
0.036912606051252496
0.03690346676439317
0.036895170447569486
0.03688959210224308
0.03688631894729627
0.036882277160353076
0.03687585401673489
0.03687486758990807
0.03686861480920735
0.03685936775531448
0.03685362533168104
0.03684676661308826
0.036838503228954746
0.03682913188665119
0.03682334812426503
0.03682421424851882
0.03682276121344286
0.036815404059734
0.03680702821554707
0.03680347585149052
0.036799970106516346
0.03679188758661306
0.03678505189071531
0.036778597521797664
0.036772371380787844
0.03676528186486969
0.03675811345963367
0.03675305404994856
0.0367470139401778
0.036742732258581094
0.036737070102745906
0.03672690035901349
0.036723422677537566
0.03671997572083554
0.036716138122309644
0.03670715456960535
0.03670508532741875
0.03670097369169961
0.036690270816910744
0.03668346267561761
0.036673269273571556
0.036668859257770546
0.03666288172614034
0.0366552142037487
0.036649527646285866
0.03663922538832706
0.036630405423198384
0.03662625784814255
0.03662376787684203
0.03661915576420501
0.036610855174312895
0.036600337805892884
0.03659299619540029
0.036584222774581406
0.036573165130366986
0.036563813212936336
0.036559836107943784
0.036551722373575304
0.03654624157574068
0.03654122921561905
0.036537528652006296
0.03653146415313049
0.03652189454821467
0.03651624452375122
0.03651088888326664
0.0365061346384363
0.03649573302138229
0.03648703734053103
0.036475580578181926
0.036468623128317675
0.03646311709135976
0.036454081233308656
0.03644740764644119
0.036441279559452394
0.036445239855941204
0.0364435753970978
0.03643339932979339
0.036423994812313634
0.036412464040532395
0.036405771801179036
0.036396344693604664
0.03638865252743005
0.03638095681214135
0.03637629125011987
0.036366082831963735
0.03636364665536754
0.03635705109921292
0.036347857003031864
0.03634078872289354
0.036331987590892255
0.03632182443674617
0.036313732869991025
0.036302389064009045
0.036294359271086755
0.03629373005045889
0.03629817841556609
0.03630263109574904
0.036293237140085255
0.0362864946312492
0.03628094866961658
0.03628231324635697
0.03627799687439227
0.036277505045387855
0.036280571856414964
0.036278240471289726
0.03627700179271379
0.036277200343910236
0.03627182869990713
0.036273516939044854
0.03627272499824763
0.036269257326354436
0.036270420879538974
0.03627552491765042
0.03627690236405299
0.0362771399129591
0.03628429113204157
0.036288985580280576
0.03628844380412095
0.03628576336907277
0.03628687382995396
0.03628856350049016
0.036291786205452634
0.03629763039402312
0.036300888555621025
0.036300023490803926
0.0363026121090428
0.03630220931160529
0.03630309316449841
0.03630140961017117
0.036296462524016304
0.03629613679008168
0.03628849538827573
0.036287602699428954
0.03628368357953573
0.036278967699630196
0.03627354340580036
0.036271863637469995
0.036265015414584045
0.03625988691484444
0.036255561857091355
0.036253774723664756
0.036247014531066
0.03623580851943897
0.03623408951313078
0.03622932480321348
0.03622162766042684
0.0362200602864689
0.03621483550143418
0.03621559746717721
0.03621739322125012
0.03621917454507923
0.036225063826138965
0.03623008645707882
0.036232654359774415
0.03623241893320652
0.03623366609089525
0.036233464411166344
0.036231996737420585
0.03623605360115895
0.03623754869321754
0.0362438231276959
0.03624715486472738
0.03625370193040827
0.03625536969166983
0.036259277195114736
0.036266557324278775
0.03626844497554853
0.03627470928526872
0.036280652700329576
0.03628996393261222
0.036295945475448385
0.03631864163569584
0.03633077821518283
0.036337129104067535
0.036339488186327554
0.03635391319809621
0.036357519913909446
0.036362951168799326
0.03636874798119366
0.03637958630085449
0.036385940936594044
0.03638932599370569
0.03639065911945217
0.03638913266409137
0.03639018394068551
0.03639558470175436
0.03640515130240329
0.03640320540459099
0.0364064039443815
0.03641488069917247
0.036425714004628
0.03643308535494933
0.0364364622999902
0.0364416262939097
0.03644308742938318
0.036449755410040204
0.036456099693124355
0.03646506408151247
0.036468254154660935
0.03646725623599726
0.03647005049966086
0.036466496829921195
0.036468775588765184
0.03646942315925336
0.03647296268958179
0.03647212210070502
0.03647992757448557
0.036484035803476526
0.03648561766917908
0.03647968475199599
0.036476965612296616
0.0364753014261433
0.03648066089167253
0.03647919115223448
0.03648250454573296
0.03647972567502258
0.03648323180687182
0.03647936931695652
0.036476933784996585
0.036474619720116334
0.03646803654842275
0.03646609629482664
0.03646392978114247
0.036460111468773364
0.03645312562093425
0.03644716635968615
0.03644197256189708
0.03643662791656701
0.03643304377878319
0.03642800167892243
0.03642399070099128
0.036421453364762234
0.03641594082888275
0.036408928849269676
0.036406582985361216
0.036402353830495456
0.03639369058619892
0.036384589795255676
0.036375336287053
0.03636782204201528
0.036363222682296824
0.036360138870270384
0.03635262058184839
0.03634431489902262
0.036339665733951594
0.03633038530630123
0.036321968662829975
0.03631666068440161
0.036313468343062504
0.036310950720682064
0.03630425349545594
0.03629960127240417
0.036293661863799904
0.03628971778519112
0.03628137927283911
0.036269974305812566
0.0362639328745394
0.03625946266993016
0.03625348687705204
0.03624802196229908
0.036238293722784
0.036234011867039784
0.036229923704426806
0.03622602042488851
0.03622410871424023
0.03622003385577344
0.03621852053685886
0.036208997188546935
0.036204272217742535
0.03620314000647569
0.03619839354382408
0.036193616009101245
0.036190134838318504
0.03618611800714373
0.036188579300415274
0.036190578714442985
0.03618592297288841
0.03618474319124267
0.03618001105605701
0.0361800405619574
0.036174846214296584
0.03616867100665962
0.03616609265950881
0.03616283128304456
0.03615876341293478
0.036154732127872416
0.03615151110419821
0.03614957180106881
0.03615083167647459
0.03615053612732147
0.036144431394838264
0.03613938028581752
0.03613774922646644
0.036135055984925946
0.036126941231390236
0.03612556035828254
0.036119856579402254
0.03611282032673704
0.03610918208846269
0.03610070565402694
0.036094798288019245
0.036091214662767844
0.036086664174103854
0.036083251399643676
0.036075981333921196
0.03607023933120982
0.03607043086314788
0.03606612521756725
0.036063214988371436
0.03606297395177788
0.03605725980336803
0.0360532865801628
0.036046479295601154
0.036040384006168505
0.03604081710183275
0.03604396359354694
0.03604087390242282
0.03604245445023288
0.036037290234721485
0.03604008043397266
0.03603464175171793
0.036030998728156766
0.036025840095007214
0.03602640784285393
0.036022796084485845
0.03602278220194635
0.03601423286680522
0.036010644418080995
0.03601243974235703
0.03600735137069045
0.03600808823036537
0.03599891450542166
0.03599382954201079
0.03598640729814301
0.03598564347939674
0.03597972440588605
0.03598214092983849
0.03605883300011978
0.03612793112063916
0.036129261794876355
0.036143667815257116
0.0361569978358938
0.03617341463631079
0.0361787432798859
0.0361798171967179
0.03617184465340575
0.0361641079031973
0.0361521344123892
0.036146897876496054
0.03613611210702477
0.03613018678484249
0.036129069369057874
0.03612302588311798
0.03611623147501048
0.03611030246052457
0.03610499701801042
0.03610267445160988
0.0360976458645169
0.036090285122775324
0.03608144690495246
0.036075939845956737
0.036070640907262946
0.036063376168399844
0.03605695541264017
0.03605046509905852
0.03604310529413151
0.036031972279420364
0.03602134841981816
0.03601477401840842
0.036007999584128175
0.035999290933089435
0.03599031600415992
0.03597875884466208
0.035966279408577
0.03596139747958135
0.03595224095373284
0.03594190025116208
0.03593464382919848
0.03592563818114412
0.03591879767621202
0.035909790504423604
0.035899011272441446
0.03589205629812127
0.035885869781521
0.03587805528597583
0.035871402145284184
0.03586628259145784
0.035862111616342035
0.03585578039272419
0.03584693256372087
0.03584133138848594
0.03584088200740745
0.035837529562888125
0.03582990428062334
0.035821094055648754
0.03582018215758018
0.035814476047073586
0.03580849387516952
0.03580459147563757
0.03580052573354382
0.03579324986720952
0.035785567008703466
0.035781962261600124
0.03577858483858282
0.03577737552749214
0.035770417311040956
0.03577337218510868
0.03576924779538223
0.035765447604607974
0.03576334514954711
0.03576138279907387
0.03575733887184943
0.035758018709234535
0.03575340790697138
0.035753269634777436
0.03575129604655051
0.03574834598801996
0.0357457220653431
0.03574262302575641
0.03573949459282621
0.03573697199689032
0.035733160381521634
0.03573446176660153
0.035729908124971475
0.035726718012997705
0.03571998139180131
0.035715929590102155
0.03571233820350475
0.03570762956135671
0.03570704717005159
0.03570657682237148
0.035704329157265485
0.03570222431737603
0.03569921016755135
0.03569338908606037
0.03569349732779849
0.03569080281384252
0.0356929764851943
0.03569019346668214
0.035688267482454177
0.03568684372045794
0.0356816720826838
0.035678270106688434
0.035676394355208994
0.035673155170824714
0.03566658110462617
0.03565910798603498
0.035654206676577795
0.035648012384128874
0.03564420248429187
0.03563919288764208
0.03563754714664879
0.03563418645525181
0.035630241840491586
0.03562067279417392
0.03561116782629271
0.03560425805817974
0.03559467574365163
0.035582719377068285
0.035569385662877505
0.03555960244586224
0.035554000140635166
0.03554819153597639
0.03554231008043868
0.035532860711784416
0.035519957512869016
0.03550510826699653
0.035492749496822
0.03548200137025843
0.03547346761140289
0.035460640034714934
0.035451165346599645
0.03545092708981069
0.03544208310665302
0.03544436966218953
0.03543753530848992
0.03543377970514185
0.035423698069432664
0.0354204474284529
0.03541128796297019
0.03540917156196038
0.0353999283512178
0.035392912320060636
0.035386177775421516
0.03538212556161681
0.035375905056067775
0.03536615986805158
0.03535879465708804
0.035355856815430305
0.035350803698121505
0.03534670163277811
0.03535202950745732
0.035348194352769764
0.03534811166418957
0.03534289316366646
0.0353441760506125
0.035340033314268125
0.0353337423998085
0.035332503368922574
0.035331982348432274
0.0353320868035213
0.035336481805957505
0.03533294769483632
0.035328664256475226
0.03532435432937834
0.035324436501570626
0.03531847458217814
0.03531384202321359
0.03530940497401915
0.03530735515145184
0.03530863481515767
0.03530657424409128
0.03530338290087182
0.03530247237093842
0.03530027142171391
0.03529843405542332
0.03529402443399956
0.035290232588231524
0.03528335586996915
0.03528192710109669
0.035278023146035876
0.035275176590088046
0.03526937705985732
0.03526430430035151
0.0352630984140182
0.03526085169065084
0.035255364734906695
0.03525667929126075
0.03525977259830623
0.03528618587028743
0.03531382507172654
0.035328673828030906
0.03534035053442119
0.03535637233140602
0.03537693245486914
0.03540655641151636
0.035433989333233454
0.03543836632071874
0.03543349773139321
0.03542721013490884
0.035422059373481536
0.03542698755145604
0.03542494938163553
0.035426819739085555
0.03542587960855983
0.03542760104505724
0.03542971924618673
0.03543091441038686
0.035434183304285403
0.03543286467887758
0.03543514500946821
0.03543580791938132
0.03543737680560572
0.03543707357509449
0.03543888064916045
0.03543550427226279
0.03543560496060163
0.035436857583318784
0.03543615286841776
0.03543585410508638
0.035438821302788755
0.035433922030161887
0.03543465822483245
0.03543883928311436
0.03543775959323142
0.03543734355220109
0.03543684770262089
0.03543424170036711
0.0354328797151517
0.03543157473609295
0.03543392187999496
0.03543221648939323
0.035430469190487215
0.03543040167434225
0.03543287462393237
0.03543118082697542
0.03542820593689123
0.03542818775746805
0.03542783943111235
0.035431302958674735
0.035433729400794055
0.03543824596768073
0.03544165802600053
0.03544069228405737
0.03544155718605743
0.035440761166093855
0.035440307851350765
0.03544533381718551
0.03544525864731383
0.03544266824404477
0.03544231783693604
0.03544576567775898
0.035447382406281897
0.03544655766859618
0.03544526134104791
0.03544603856940809
0.0354453870055562
0.03543920299845449
0.03543987463787033
0.03543693656174508
0.03542969830730533
0.035425198759228456
0.03542271511422855
0.0354190718694234
0.03541640369385232
0.03541385064664681
0.035456071131726274
0.035495025525267385
0.035491578085812735
0.035489253982378996
0.035501227225572446
0.03551371917122585
0.03551054385337501
0.035507296491163666
0.03550688148010222
0.03550501402886375
0.03550003589322478
0.03550266251212817
0.035497922251580966
0.035496770107985846
0.03549259243646471
0.035488898062786794
0.035490311159748995
0.035491349971756014
0.03548535047839753
0.035482544519677035
0.035477859347875215
0.035474709032699926
0.03546514845730193
0.03546560747675898
0.03546200644468633
0.03546105518498831
0.03545547227968491
0.0354506053598732
0.035447168167622056
0.03544769908992714
0.035447077737266186
0.03544173503800144
0.03543776243708724
0.035433831984268783
0.03543214425698213
0.035427483809112356
0.035423041050173354
0.03541940106343786
0.035417558290081114
0.0354158186090834
0.03541417144483912
0.03541260017511508
0.03540790745351283
0.03539942445139021
0.035397035153306756
0.035398113890699884
0.03539561703511832
0.03538911019617898
0.03538346804997483
0.03537882475893593
0.035370175739256264
0.035363123624066614
0.03535737384703759
0.035349928994739085
0.03534558795277859
0.03534151400220785
0.035331793297911265
0.03532189979713495
0.035314346997846496
0.03530630068502404
0.03530274843146071
0.035299582346667566
0.0352975514937798
0.03529133078453898
0.035285844145812754
0.03528277178188691
0.03527899594432216
0.03526970031799606
0.03526380291084955
0.03525795699656216
0.03525476485226627
0.03524765779833005
0.035242996151182454
0.035238439910688805
0.035231512273960916
0.03522381539632708
0.035217340028738456
0.03521113223961691
0.035205828305846794
0.03519931155187662
0.03519529717382056
0.035194628566231664
0.035196820266389796
0.03519997212796929
0.035199227541188795
0.035196620554706744
0.035195791715773216
0.035197648334059375
0.03519561075006765
0.03520022927729463
0.03520459818821778
0.035206354719798556
0.03521107636778657
0.035214663098804
0.0352133809756483
0.03521418249767336
0.03521409887390059
0.03521746614782986
0.03521730643087561
0.03521251584490644
0.03520352016525746
0.03519465058221304
0.03518854375387488
0.03518308019937384
0.035174535666339574
0.03516875219760752
0.03516266291781388
0.03515582445039186
0.03514929871220283
0.035141993192811395
0.03513632552038277
0.03512875062786301
0.03512262592908873
0.03511825162686951
0.03511267372247967
0.035104129603273436
0.035098648074871966
0.03509303679633706
0.03509164112099797
0.0350861861065112
0.03508280139170612
0.03507612057294186
0.035070300890975306
0.03506207140559471
0.0350561990688321
0.035050189898153485
0.03504468590101219
0.03503913839734142
0.03503873346648654
0.03503366955677914
0.035029606445905935
0.03502548213504254
0.035021847763100085
0.03501856416637448
0.03501903034321188
0.03501605305148717
0.035016541724793133
0.0350152586811137
0.03500968919063865
0.03500615198941861
0.03500019672570969
0.034997259995425585
0.034996340454292334
0.03499170112172468
0.03499246986576563
0.03499091429795449
0.03498758180410985
0.034983239374375495
0.03498208939879706
0.034983487694196146
0.03498403419401453
0.03498029095955427
0.03497877265212271
0.03497641431377809
0.03497208754655601
0.03497036828156466
0.03496404007445675
0.0349575051739981
0.0349545029784872
0.03495501510508982
0.03495124201336678
0.03495078946813931
0.034948111414313476
0.03494922800770865
0.03494500372714581
0.03494592968498894
0.03498194397410334
0.03502285789738613
0.035020196031198936
0.03502149414440226
0.035018004486773766
0.03501832815224985
0.03501925025846945
0.035016155895478775
0.03501403269819131
0.03500883531342982
0.03500546897709013
0.03500431970076998
0.03500060272357255
0.0349992314486926
0.0350003763316992
0.034997701414479936
0.034998091186224704
0.03499387455369135
0.03499312555925953
0.03499240160144932
0.034992630258823106
0.03499067661440778
0.034989477046227783
0.03498630389627695
0.03498397182988006
0.03498179537228878
0.03497875026816609
0.03497442166481728
0.034973386767282115
0.03497094950115973
0.03497016930920851
0.034968334102672236
0.034967310652687385
0.03496389588385896
0.03496055519863623
0.03495708523017301
0.0349545326883728
0.03495044038365412
0.03494799370782636
0.0349467795601464
0.034945165096154016
0.0349444876478097
0.03494394994123087
0.03494204650199966
0.03493845039581515
0.03493617793752554
0.034934510747624305
0.03493150219422381
0.034929132079462806
0.03492707109671054
0.03492358074549949
0.03491872651519865
0.03491668314513253
0.034917244254088764
0.03491581483875852
0.03491789703695355
0.03491944086895619
0.03491990114026391
0.03492050550876582
0.034921600439745785
0.034928597678469946
0.03493410958121115
0.03493664238147737
0.03496231139701648
0.034986202324697575
0.03502919371816448
0.035072797336187615
0.03508395988688733
0.03509093178923343
0.03509127768893854
0.03509044774409593
0.03509621003974451
0.03509845209910108
0.03510367109436633
0.03510600663206912
0.03511398226050625
0.03511867223381286
0.03512046181681531
0.035120951035201194
0.035123144275409045
0.03512407864451441
0.03512102265481566
0.0351194058562692
0.035118126487826216
0.035114759746927064
0.035113375945387104
0.03511714159007381
0.03511415997884522
0.03511554522570144
0.035116008797320734
0.0351175043732082
0.03511469449687949
0.035113731214477174
0.0351101595125421
0.035112170260169696
0.035112948941071455
0.03511149737690245
0.03511007933471653
0.035103992537546765
0.035103198371442226
0.03510202970383927
0.03509771741081781
0.03509491133002845
0.03509228769212775
0.035089227456138156
0.035088060413471844
0.03508765802678908
0.03508611915733569
0.03508204198113292
0.0350827992346199
0.035080293287512054
0.03507813829438061
0.035074244677071584
0.035068289461046266
0.03506566255159462
0.03506324943051954
0.03506217182526847
0.03505729319525958
0.03505577557028156
0.035052289603864535
0.03505142217944234
0.03504730660972421
0.035043163717925215
0.03504177499764283
0.03504042469555076
0.035036297800090446
0.03503189312957103
0.03502831582821602
0.035022414690691756
0.035020340253136974
0.035018064979950844
