0.311490305341222
0.30724575357307365
0.31353737366129564
0.3158099823562589
0.3132659526062117
0.3152242305538472
0.31189357556102365
0.31369597931463133
0.3112116595223499
0.31670608452921617
0.3143411075865047
0.3111158707106358
0.3107563251961921
0.30826094396764964
0.3121909266553038
0.30940764925293557
0.3035906279896394
0.3049157277208588
0.3074617765105317
0.30445065588609016
0.30651264573437903
0.29993551606707647
0.3089658137312911
0.30733382060884185
0.3085357987629931
0.309162214757213
0.304710753581047
0.3132807396801142
0.3068157672362992
0.3044217979515416
0.2992904750962225
0.295205332247842
0.30116928898298023
0.29935475428885056
0.3025790583390596
0.30365750063638575
0.30496470969606687
0.3008253011227995
0.3058065360288081
0.31032258064438983
0.3168233525740899
0.30752688172333825
0.3075268817203272
0.3068112516163998
0.30946236053242765
0.30946237035374125
0.3109677416028935
0.308706720833296
0.30536769837105654
0.3047164042007057
0.3053763443149265
0.3039070477677567
0.3025806226118621
0.30968679023897483
0.30941726532448344
0.312688194715791
0.31195492475405173
0.31247311869131406
0.3083870521113547
0.3131183667358096
0.31214585215057983
0.3027121267341349
0.3113309194266503
0.3063568657069381
0.3028892401952839
0.30789077623124383
0.31111593374683205
0.30447652666351216
0.3004880694123417
0.29787336621123167
0.301245222450743
0.30778353447255385
0.30473118268769217
0.3060215048597454
0.30838705739137445
0.3150389856519263
0.3073118273120526
0.306487693450696
0.30798585327606043
0.30860215120846085
0.3067818114921919
0.3088171896806371
0.3098923775941566
0.31170098924695133
0.3120430338306679
0.31077931515860246
0.31520111902241377
0.3145678288750379
0.31305100134532393
0.31521580716968783
0.31412597197405884
0.309610836812184
0.3061143759076463
0.31261966893354115
0.3074607612695444
0.3115240871220362
0.31294087275924454
0.31650951048690656
0.3143121443246479
0.3116559733096661