0.030104470934975397
0.030843608498780914
0.027467988434531184
0.025493138936535164
0.02533593898621656
0.02603849590356337
0.02746448190819058
0.028078531953222803
0.029206276602503016
0.028862031724751307
0.029540951659400915
0.029829732032848638
0.03132183937824729
0.0320788356486297
0.03400597339869474
0.036000252085421264
0.03769933215210577
0.03780671797872945
0.03853665892435946
0.03922652986435425
0.05630287596511963
0.08261043431126225
0.10709364919457419
0.12961270263728272
0.14673462972874243
0.1566168789037978
0.16393670002254093
0.17072599841270192
0.17557427952164795
0.18107713883185844
0.18717013419796452
0.19270292171065892
0.19763199950826726
0.20144066487782478
0.20453315095063362
0.21124346683577253
0.22294255837909543
0.23307659044990175
0.2415833472491757
0.24704591858542985
0.24965722936531054
0.25145563101534135
0.25553293916190106
0.25869514722698683
0.2611649214537301
0.26261923171672796
0.262532133273563
0.2618645307538759
0.2611071434545892
0.25973097845516535
0.2571956926524626
0.25560356080578395
0.2550325948960815
0.2542913670057538
0.25385528501459576
0.25267639817505044
0.2516549810688898
0.25211561947725897
0.2529342993437615
0.2534706927919731
0.25352184151326396
0.25309588082081097
0.25179345348043863
0.2505084925442668
0.24881089558462566
0.24759511622080738
0.24525601601748134
0.2433965669493082
0.24369828637505406
0.2426970284402595
0.24039760833100982
0.23817152326026028
0.23609859494768745
0.23521580287427826
0.23580881927989367
0.23599974955979988
0.23884958709324136
0.24313850525264508
0.24656533330789665
0.2488987150905172
0.24977372011367868
0.24957161509575215
0.24857304071062059
0.24759654166849293
0.2466551219518199
0.2461305182951542
0.24637764590628466
0.24648262315256364
0.24648381727682198
0.24700595708969408
0.24625135539471774
0.2440995469908214
0.24194186305987547
0.23992103901880069
0.23806023911090246
0.23624161123505327
0.2348461188857746
0.2335312519761015
0.2321228802846999
0.23052761185548692
0.22888273609651566
0.22725575110000532
0.2256660973712458
0.22411152648861923
0.2224886768938836
0.2209244403873644
0.2195083593948708
0.2181345864588285
0.21678468591180047
0.21541622332571106
0.21444254488640316
0.2131992382342868
0.21164872244845412
0.21023083559588468
0.20886341452593282
0.20765646773304017
0.20651868610582558
0.20537532005538076
0.20428418643783683
0.20309615387022362
0.20236152398643276
0.20167118872463052
0.2005163294629335
0.1993209939350631
0.19823177994819785
0.19711968796788581
0.19598552168506525
0.1949790435499733
0.19395392729377103
0.19289219107074243
0.19184687884436327
0.19077626996518957
0.1897305387980974
0.18871087167399156
0.18772662839606105
0.1866937263581142
0.1857766322832761
0.18471720093770996
0.18368483312673006
0.1826260694784187
0.18150635810444338
0.18044402555903807
0.17950589883062515
0.17846558335372797
0.17745756948184344
0.1765607463293659
0.17563728074550092
0.17475163103385313
0.17385247800696418
0.17301009253814945
0.1721908574535337
0.17130879704051133
0.170469408010109
0.16976444217627523
0.16900121173934715
0.1681963199160188
0.16754939447247139
0.16675183543091435
0.16596913654816217
0.16520521729625276
0.16436801699344245
0.16356841522488796
0.16277420965871106
0.16200923631027356
0.1612719695689792
0.16049397383539235
0.15977246049844057
0.15902073435513983
0.1583382393740654
0.1576172451930673
0.1568888039670355
0.15620188027292378
0.15553457430133033
0.1548180968358721
0.15412187935672902
0.15344064105392935
0.15275676479716693
0.15210415796487484
0.1513929057134181
0.15065090928855782
0.14992629691733406
0.14927282692343627
0.14869692095659723
0.14810580579191637
0.14750822984909226
0.14695374573279285
0.14638429470248768
0.1457071927685196
0.14500412725368012
0.14432979701623852
0.1437846774333246
0.14324261668224433
0.14260894723281234
0.14207515693591627
0.14155820540820166
0.1410442231512643
0.14052433889828822
0.14001384223612298
0.13950738298919746
0.13900597864248798
0.13859518372354843
0.1381302125427551
0.137706568545473
0.1371826412617939
0.13665966521409892
0.13627328615858164
0.13591568117746128
0.13548521028069088
0.135003406215467
0.13450216582874872
0.13398745560739575
0.13349644693348967
0.13300924340979117
0.1325576146430878
0.13211859308345011
0.1316107965475652
0.13108209705571913
0.13061280061475927
0.13011838611701662
0.1296925171386306
0.12929862134347622
0.12889149262286395
0.12845891755043784
0.12802987922567668
0.1276488861893537
0.12725116855282154
0.12691918775031227
0.12692531663565723
0.12737263090428855
0.1276888172331938
0.1289861562569175
0.13051129815062898
0.13169655247584286
0.13247978552999376
0.1328985173156659
0.1335822637720088
0.13394345598402144
