0.03326228257151127
0.03313967258794845
0.029120198265179677
0.02667238421955403
0.025879744123349608
0.02677146275347175
0.02844112117655053
0.028877397220348582
0.029691125087351503
0.02938427870112971
0.029950614267693125
0.030187962374958615
0.031615457873863564
0.032383946251223136
0.03407951688775864
0.03479353116658816
0.03555307530922628
0.0359334015528862
0.036039334133642256
0.03627703494665801
0.036523508107924874
0.03725466868241933
0.037314930547412264
0.03738134808749843
0.037355746534085715
0.03686522063591099
0.037214442903924325
0.03724743693297152
0.036821433048890545
0.037062888252948976
0.037126151727171486
0.03753516602722433
0.03737221003672914
0.03714224166562683
0.03698920404864753
0.03681517371710494
0.03655119717740722
0.03642985249441821
0.036310384645567774
0.03625170710545463
0.036546426382185665
0.03723964518686217
0.038035045926719566
0.038247972650925936
0.03835115279735761
0.038441882286052234
0.03832959331071035
0.038374907572671195
0.038309247335838216
0.038283769318538906
0.03830758745129557
0.038185896542882354
0.038096093078768566
0.03807373772356264
0.03793794571439862
0.03804235462679767
0.038068895557457585
0.0381104373729056
0.03811829352745932
0.03823873443636098
0.03844791229862821
0.038630260562375444
0.03894936323975398
0.03904128003982113
0.03912100580165997
0.03903023191431539
0.039052563029698624
0.03909406373112607
0.03914210882483638
0.039293016063655005
0.03933938480705544
0.03935589700634331
0.039271267015088436
0.03929089788705496
0.0394488345164166
0.03969602773660144
0.03983916792475397
0.03999528837758663
0.040245514829982974
0.0406474565161154
0.040869584839242266
0.040684402885069755
0.040525901303413804
0.04063829199064289
0.04077819411212937
0.04108535390018655
0.04120223138939621
0.041147980118827865
0.04112328799167242
0.04112088323353293
0.04112333325221509
0.041173517264323896
0.04113714180582668
0.04107857735017562
0.041275094390188005
0.0416408297955668
0.04181960337642883
0.042038492273456705
0.0421683918122535
0.042254562857577935
0.042300530996653624
0.04234445251120883
0.04238777282225297
0.04242731537989722
0.04254219085181847
0.042692332960248706
0.04271739874256787
0.04273072783287617
0.042724281238459685
0.042638874381501726
0.04261963101993488
0.042639851667525
0.04252399856128004
0.04231749393944989
0.04230079263612305
0.04230787058029282
0.04230654025407127
0.04234909740461632
0.0422927734507683
0.04223230235003598
0.04220293657431877
0.04223506055751228
0.042337166524862774
0.042364683774375404
0.042400713047568726
0.04248721483306671
0.042581290064740034
0.04266519002998507
0.042721456422095426
0.04288047178819763
0.042899711289903615
0.042908402371728604
0.04290149840490371
0.04290720976852135
0.0429256231527375
0.042952096838107204
0.04294385374895824
0.04295330275974163
0.04290745849693708
0.0428808454051376
0.042855488194260785
0.04281198717395462
0.04272282771874877
0.042706489929116284
0.04256241607731731
0.04246255685033391
0.042449692281012676
0.04241752518678208
0.042483640449286944
0.04246741142354357
0.042495530080468746
0.04257085159340798
0.042558343520436345
0.042547531601602184
0.042660208485313815
0.04274350262279447
0.042741381153136845
0.04284988878069865
0.04277429927724117
0.04275055593713929
0.042749000233313
0.04266041463516713
0.04261764352861087
0.042566169573971316
0.04249505502224328
0.0424835396717283
0.04244350916754242
0.042425172269550095
0.042404256518521345
0.042395090808276976
0.042331919296887226
0.04228879179139719
0.042271254245431746
0.04224703427354056
0.04217156180321663
0.04210485815051982
0.04204270859746429
