0.39273626119427646
0.38149354899130683
0.3762158388480838
0.37474186464929804
0.3763842783211698
0.3762853699802561
0.37590626072760835
0.37656962145270306
0.3778078290984539
0.3779748869530118
0.3780065831209534
0.37900167442555704
0.3779086426511482
0.3774754377351514
0.37717433694191355
0.37667617228696865
0.37633922992083235
0.3758143792602863
0.375510226837172
0.37638185361272325
0.37593700035718286
0.37573095134309836
0.3750627454984753
0.3750321580068661
0.3751624902766787
0.3755498149097624
0.37571313466740597
0.3757522624944328
0.37593920177977697
0.3760470382308892
0.37608231681046744
0.376316979936099
0.37673388426053306
0.3765516111667829
0.3761422457469382
0.3761328378716254
0.3758163441730846
0.37581313148454154
0.37572669099770273
0.37575740502920585
0.37561464350124335
0.3754758465660411
0.3754145067342444
0.3755138616310524
0.375667164513396
0.37571920264781433
0.3755599100119043
0.3754610435592939
0.3754938555227364
0.37550990309189985
0.3756288305244918
0.3756679795237782
0.37575652473783494
0.375745295674729
0.3756968395284158
0.37553867613817543
0.3752528806436328
0.3754122167381783
0.3756978671420384
0.3756462968640048
0.3757872473931758
0.3758639263282768
0.37572799606631524
0.37570910703405297
0.3756338303525471
0.3756182902063463
0.3757535783809107
0.37579078649660896
0.3758592575110337
0.3757350278023993
0.37587846625754506
0.3757767440619149
0.37568255159083563
0.37588863078482404
0.3758798720882931
0.3759416512396895
0.37603598861107695
0.37612799070696973
0.3759982174992678
0.37584895790350936
0.37590322860702824
0.37579264389647454
0.3756979854940278
0.37565403320927315
0.3755625322013343
0.37539198018683173
0.37544869317719015
0.37545360551480667
0.37546775174078223
0.3753778640461165
0.37517358414216245
0.3751657888821441
0.37510944729875234
0.3750026244948649
0.37500106731651506
0.37505620245451343
0.37503562304320215
0.3750565221697472
0.37520915991807496
0.37517245116748293
0.3751793486518018
0.37514207952906037
0.375084395296636
0.3750090670614335
0.37499930407384946
0.3750446643797697
0.3750061099897502
0.37503011930815694
0.3750529997152249
0.37504772605359676
0.3749252588952873
0.37493918384455177
0.3750076744217145
0.3750110669568294
0.37498331189983125
0.37502157352395804
0.37498839929712663
0.37499768317539617
0.37499425801048625
0.3749914557133199
0.3749528248653841
0.37496358060529505
0.374929100968371
0.3749261311013225
0.3749965084656595
0.3749833990926518
0.3750428047406239
0.3750305616556239
0.3749599634533215
0.37495052436480775
0.37499686460968884
0.3750215872052466
0.374973095815846
0.3748310278416157
0.3747782223684571
0.3747728061471544
0.37475472289030265
0.3747995738660785
0.37482533465631057
0.37473970634608483
0.37466193124826674
0.3746665549788523
0.3747516347019335
0.3747299243955439
0.3747816031281285
0.3746983281283925
0.3746877733911693
0.37474652390067303
0.3747980781187017
0.37487867417004317
0.37486001001969116
0.374859051698317
0.37483080730092866
0.37485482220644867
0.37486449677848654
0.3748439394453219
0.3748410356611806
0.37482490871494767
0.3748009553118755
0.37476167387654113
0.37477796283950077
0.3747652225946825
0.3747597023948856
0.3747395496701758
0.3746706655654119
0.37454956898381503
0.37446159097536325
0.37440833241467886
0.3743758162038082
0.37431165038762587
0.3743425224932963
0.37430574231826214
0.3743084576408809
0.3743453465570674
0.37434369012036955
0.3743513210901484
0.3743483263624778
0.3743406708387454
0.37431614622349746
0.374267236035527
0.374348920645553
0.3743518346296345
0.3743351175304728
0.3742934560224954
0.37431200315596896
0.37425374998674427
0.37426252143555533
0.37422094616450785
0.3741523113988659
0.3741497349910015
0.3741286678763663
0.3741143895420228
0.37411110020521127
0.37404368261169274
0.3740556496632309
0.37409738493137445
0.3741245327592419
0.3740676657928769
0.3740503249772049
0.3740819432421712
0.3740959745233622
0.3741336986947779
0.37410750188998876
0.37414121925924976
0.3742057103696664
0.3742039627648086
0.37414639315668424
0.37408974685907026
0.37400727261310546
0.37399561812600124
0.3740220116533021
0.37405652099526887
0.37406666457670057
0.3740729074892767
0.37409350702635535
0.3740567850155098
0.3739880164064139
0.3739728291836192
0.3739794767361324
0.3740244835043645
0.37399876288254813
0.3739535329969097
0.37395042716335936
0.37395708480698264
0.3739345213739739
0.37388723016033415
0.3738335897057328
0.37382347327058685
0.37380615728499733
0.3738391257063293
0.3738483084533479
0.37383216467935154
0.37380620150354
0.3737730489233959
0.37375103427142947
0.37370504415342554
0.3736565112934001
0.37365695486635075
0.3736232668077019
0.3735476430977709
0.3736301571928328
0.37367767668500645
0.3736802525795202
0.3736782252801707
0.3736990229174043
0.37373564295176004
0.37373601644788085
0.37372148875146577
0.37372613197581095
0.3737000112564467
0.3736720302192025
0.3736077530404567
0.3735326232483472
0.3734994723705466
0.3734232941088289
0.3733953175778357
0.37338359676467336
0.3733882976507316
0.37339308954498424
0.3733839589114246
0.3733558531012579
0.37334585048534497
0.37334530338745925
0.3733358563710351
0.37332795669390423
0.3733201020846464
0.3733247251764708
0.37327415115012924
0.3732794655297061
0.3732514932769645
0.3732159508210456
0.3732080306745265
0.37323570189831734
0.37333001256589904
0.3732930500787272
0.37326126156829004
0.3732419891991863
0.3732059689628751
0.3731851680216084
0.3731775308244923
0.37319071148999433
0.3731992933929967
0.3731757827990098
0.3731730755472521
0.3731942594325007
0.37320355259351057
0.3731990694003843
0.3731977603515436
0.3732069511514061
0.3732205595541418
0.3732123563315026
0.3731689667630324
0.3731628781403343
0.37321155958494334
0.37323045471749045
0.3732722630892279
0.37331434559672044
0.37334713061793795
0.373363145779132
0.3733680994688814
0.3733950530200944
0.3734007123311314
0.37337473518516423
0.3733723363748724
0.37335120259967797
0.3733307449309502
0.3732970940774605
0.3732834674253162
0.3732937473332973
0.3733075524384319
0.3732692563453772
0.37328679957986743
0.3732460517251785
0.3732381239669086
0.3732427238495222
0.37322864812140544
0.3731880057214098
0.3731626093080479
0.37312640291334415
0.3731498842979722
0.37315020035299346
0.37313276552866653
0.3731497351873316
0.37314407194458477
0.3731395427651776
0.37317284410989976
0.37319839588959236
0.37320025497025694
0.3732120470747079
0.3732226691469795
0.373190415307947
0.3731968806812354
0.37316262668961536
0.37314895174629314
0.37314085293605603
0.3731613905781916
0.373157388018779
0.3731503706108684
0.3731221969012902
0.3731073480657576
0.3731031694877331
0.3730983106228043
0.37308288669979695
0.3730481293839462
0.3730257275956003
0.37300573628494826
0.37298595807166746
0.37300362168983936
0.3730001687140739
0.37300128649424147
0.3729815595703208
0.37298924672930345
0.3729793007805343
0.3729495580347943
0.3729235541142927
0.37290729991625327
0.3729162575038808
0.37291579061793856
0.37290749823162633
0.3728955790850379
0.3728991864691501
0.3728981168162593
0.3729021620467335
0.3729288813577604
0.3729302024166062
0.372937078960742
0.3729379154534815
0.37292943058558353
0.3729138257571085
0.3729000626165729
0.37288197902320636
0.3728386214656455
0.37281583129750084
0.37280894967304784
0.3727554992369132
0.37271808099722376
0.37268986043688707
0.372676653366762
0.3726817412537257
0.372701735700845
0.37268744459741465
0.37268770637085097
0.37271189485811307
0.37272202232477075
0.37271483010172346
0.37270656274485175
0.3727210954987739
0.3727403066574748
0.3727354778050315
0.37273612387154426
0.3727194916594801
0.3726949871491942
0.3726974355492925
0.37267040840592053
0.37266775560737914
0.3726555231818836
0.3726104316390953
0.37256298143504024
0.37256467562830886
0.3725847479118176
0.3725957568133106
0.37262689242725267
0.37263510897553337
0.37263157213408143
0.3726245233798511
0.3726162241887545
0.3725615985714383
0.3725319119876936
0.37250549494037694
0.3724708463763326
0.372454899606012
0.3724483072510735
0.3724476506057482
0.37241964162469304
0.3723959084873441
0.3723736759447126
0.37235225882185136
0.3723462411393175
0.3723444386440054
0.3723623741932494
0.3723696994933804
0.3723654183588726
0.3723634786172007
0.3723509034384058
0.37236671256699555
0.37236845193251505
0.3723533339092575
0.37235707520543154
0.3723989532541499
0.3723953139966826
0.37238281221472563
0.37238065687277677
0.37238431314006526
0.37237927152371164
0.3723673761480776
0.3723891346962996
0.37239914602968827
0.3724284935487124
0.3724285769375739
0.37242859194764116
0.37242113824353756
0.3723955207409856
0.3724147168134846
0.37240438788577496
0.37237037289083297
0.37236547848697293
0.37231494897806
0.37228738217705515
0.3723136028380489
0.37232731151594384
0.3723183900260978
0.37228633209451667
0.3722788556729867
0.3722465399309005
0.372209867709155
0.3722033428982853
0.37219035705063913
0.3721782644657989
0.3721458240312651
0.3721128306638914
0.37208199617452264
0.37204015701280113
0.3719962883497492
0.37198767112163844
0.37198057649677824
0.3719757429174511
0.37198824222529603
0.3719833014803108
0.37196933889195316
0.37197580848026973
0.3720177789444754
0.3720300862693262
0.37202714555920874
0.372034202222359
0.37204454551968863
0.3720431080492324
0.37201868955733075
0.3720020190042706
0.3719915773130772
0.37199780436821517
0.3719994610067004
0.37200719174546965
0.37200758930958805
0.37199158592362175
0.3720123127806561
0.3720099414715084
0.37198884765147006
0.371968227183942
0.37196234197081873
0.3719635213755669
0.3719704197683852
0.37196367385543
0.3719653750039394
0.37194086866453147
0.3719373211805974
0.3719340476860763
0.37190662598307483
0.3719201800999664
0.37191953709284886
0.37189662321904543
0.3718912120407314
0.37191404179134346
0.3719286023614322
0.3719311551661383
0.3719249969389869
0.3719120301754257
0.37191490630440155
0.371951997171821
0.371967110946902
0.3719876850868143
0.37199469407094127
0.37198941160384835
0.3720031206638968
0.3720324992650193
0.37205403017373834
0.37206468054498426
0.37206085498097236
0.3720699451609603
0.37206610854017774
0.3720394497179197
0.3720170234885156
0.37201621162299975
0.3720067519218545
0.3720008940822873
0.3719892966374831
0.3719793724497674
0.371967695429007
0.37196267176243963
0.3719573400813681
0.3719489262837427
0.3719125962723893
0.3718938719020125
0.3718664611845123
0.37183293451127253
0.37183492967257536
0.37182548724532055
0.3718178300292606
0.37179201809194035
0.3717906426500638
0.3718060841284101
0.37183060637121734
0.3718301643711315
0.37182952339099223
0.3718404954194369
0.3718275339388365
0.3718197087222219
0.37178361752080996
0.3717701937168297
0.3717574693172713
0.3717697677245532
0.37176931904020066
0.3717752759309251
0.3717823201306786
0.37177769512156916
0.3717733021414617
0.37176129976835676
0.3717384450890799
0.37171186825769265
0.37171456555226146
0.37174072396113983
0.3717451262896349
0.37173893212598075
0.37172965374789496
0.37171987429706477
0.37169706171946787
0.3716734673010619
0.3716558683942694
0.37161859674034836
0.3715945115899356
0.3715627496939561
0.37156248711162493
0.371571604178124
0.3715633285983065
0.37155992246265696
0.3715428757321957
0.3715311403846158
0.3715505958506074
0.3715474075025058
0.37153769440867207
0.37153007760467144
0.3715399106645245
0.3715358483571539
0.37153020945170395
0.3715182943130619
0.371512385652131
0.3714606712926543
0.37142701332072603
0.3714048755612708
0.3714082729870979
0.3714155594350036
0.37143416165157506
0.3714227896214004
0.3714097749464277
0.37139090935435315
0.37138090843552096
0.3713787599299809
0.371376270937763
0.3713675619718656
0.3713677326796127
0.37136151118450406
0.37137929744618214
0.3713536203925826
0.3713374847103305
0.3713168628975648
0.3713019704323085
0.371294775113599
0.37129134218688564
0.371308639701759
0.3712853995353278
0.371262540581055
0.3712227945147796
0.3711935439815517
0.37117280238011874
0.37117135295793274
0.371153740510506
0.3711371616061996
0.3711326884954438
0.37113167628754423
0.3711228641374602
0.3711308333010513
0.371118088827411
0.37111447891909577
0.3710960000605177
0.37109741710333266
0.37110456502306277
0.37111133991573847
0.37111013560666894
0.37110020748131806
0.37109597032256153
0.37111217249597955
0.37111687692382067
0.3711238385653955
0.37114186856555
0.3711410708733632
0.3711217743228836
0.3711043541321597
0.3711017777462044
0.3711070694664712
0.37111394818065485
0.37111417022771853
0.3710914071869709
0.3710624806449824
0.3710515330620285
0.37105320790400415
0.3710539236646209
0.3710308783018643
0.3710197184048379
0.37100262573666554
0.3709840377399669
0.37096325513575606
0.37095095663163985
0.37093790605407406
0.37093956182397564
0.37093090766111697
0.3709386988710237
0.3709327055716089
0.37093248891044606
0.37093106971164863
0.3709072001623385
0.3709078884112592
0.37090138099046677
0.37089740937648863
0.3708820551044716
0.37087887326026064
0.37088261117121574
0.37087246001293134
0.37086298743527935
0.37087763329512863
0.37086330064964473
0.37084662665948154
0.37086062912529655
0.3708633704322219
0.37084699520531905
0.37083977165238957
0.3708293409719655
0.37083435404625736
0.3708166383271373
0.3708141660957003
0.3707969825865597
0.3707773727924437
0.37077116444164165
0.37076239105249154
0.37075178803212877
0.3707468543978756
0.3707416410878559
0.37074061197989666
0.37073907929775074
0.37072055086415046
0.3707105879283815
0.3707076778697678
0.3707018633364179
0.37071419348749635
0.3707233306208496
0.37070930416799
0.37071807449502714
0.37070915559439893
0.37071187539916056
0.37071261335249284
0.37070469923723776
0.37071317175851787
0.3707097974640527
0.370701545695481
0.3706911762397266
0.3706864801807661
0.37067949724600185
0.37067529644889574
0.37066378866757244
0.370662737239741
0.37066903027580134
0.3706557241165044
0.37065138488628374
0.37064332958363255
0.3706171814717528
0.37060836678029885
0.37058986910336317
0.37057414963571134
0.37056640910978467
0.3705767598186979
0.37056703956526843
0.3705452861888949
0.370544730313182
0.37055805823926957
0.37056144167361704
0.37056573721743935
0.3705767004041596
0.37055285357983475
0.3705169919784858
0.3705070063631754
0.3705038213065277
0.3705061525706474
0.3705075809610086
0.3704987230865815
0.37048805977743554
0.37048722876042767
0.37047389074491227
0.37045934998273594
0.37044813215861305
0.37043427712510024
0.37041272362917577
0.3703957847272062
0.3704029409335081
0.3703954134190202
0.37039536243193494
0.37039899272345894
0.3703870538502112
0.37036712303790326
0.37037022322388435
0.3703651161978136
0.37036137850894635
0.3703711166184395
0.3703817380582276
0.37038149210086924
0.3703867057254061
0.3703785520718651
0.37039339656767517
0.37038859287841663
0.37039941763236206
0.3704035500836806
0.3703958219363855
0.37040932418609784
0.370398172123819
0.3703992884132282
0.3704008718906711
0.3704007703023914
0.3703981652562647
0.37038820608709433
0.37037372331080876
0.3703518053361267
0.3703584305787781
0.3703703122017423
0.3703635901576647
0.37035879342431594
0.3703570000576186
0.3703649867814062
0.37035860099726947
0.3703633749396169
0.37036891832050695
0.37036469640916353
0.3703571509499206
0.37034373801256804
0.37033444077402894
0.37032989695814106
0.3703202650072293
0.3703025061562808
0.3703112317120531
0.3703044089170112
0.37029678322150344
0.3703123413836793
0.37030808585164876
0.3703080168669488
0.37033038149766767
0.37031810443975904
0.3703197540979726
0.3703203352986096
0.3703121865126736
0.37030891904548485
0.37031411887236676
0.3703035697872296
0.37030197484753485
0.37029101798855774
0.37027298550827215
0.37025924028211316
0.3702589851402556
0.37026115989115654
0.3702575418966064
0.37025218629713696
0.370241009181026
0.37023158628924124
0.3702247409346947
0.3702200004912507
0.37021319659941254
0.3702006293654122
0.3701966845345061
0.3701955626225606
0.3701954051628783
0.37018714205405684
0.3702053819790222
0.3702054021644152
0.3701960532840597
0.3701824196901026
0.3701867562060247
0.3701914655620472
0.37018572610418066
0.3701997287373018
0.37021336030709484
0.37020958663211856
0.37020550116390133
0.3701980094406133
0.3701760980967223
0.3701547582804616
0.3701426606726337
0.3701349609278058
0.370144381152937
0.37014826560107933
0.3701465649301884
0.37014989115633906
0.37015914890591833
0.37016739068659493
0.37015981734592773
0.3701652169936041
0.37017870927043606
0.37017635694691653
0.3701708178050932
0.3701678698410376
0.3701675296847351
0.3701735887657727
0.37017139712337627
0.3701648962779429
0.3701610459157083
0.37015819175688897
0.37015399344783906
0.370149627663342
0.37014884570084755
0.37014326966307864
0.3701403270478664
0.3701213781824341
0.37011006082589626
0.37012343306156986
0.3701117410737655
0.37010967268641276
0.3700899930577707
0.370087019850171
0.37008981458842366
0.3700873586946121
0.37007406842623775
0.37006598132757573
0.3700537373711093
0.37005536898420605
0.3700636598875507
0.3700715358805583
0.37006942923293135
0.3700623198360902
0.37006513616112074
0.37006599557641806
0.37005677348051136
0.37004165574618264
0.3700380917579793
0.3700374052285709
0.3700311607604425
0.37002362868078675
0.3700001577173165
0.3699873998151277
0.36998575651314436
0.36998056172643456
0.36995048286608234
0.36994022576974156
0.36993506665833636
0.36992910317182315
0.3699243341371365
0.36992677324966317
0.3699399897103666
0.3699409159330207
0.3699435614604821
0.36994325835720276
0.3699328822293661
0.3699538540281643
0.36996256573982034
0.3699696944590017
0.36997894396895803
0.3699769127673249
0.3699790792743516
0.36997600738220854
0.36996565251178737
0.36997176077057037
0.3699673916231382
0.36997635576596505
0.36997075892807085
0.3699610867127574
0.36996163137612825
0.3699595778634379
0.3699520492905772
0.3699517197958868
0.3699450570742451
0.36994359318104153
0.3699456552375732
0.3699512085812849
0.3699452788248523
0.3699433562992809
0.36993757814141043
0.36992438330532157
0.3699070051534921
0.3699072798325372
0.3698988009125458
0.3698964064286972
0.369898774257982
0.36990580752822927
0.369906395563813
0.3698880340192295
0.3698816765942117
0.36988815130643377
0.36988753157842974
0.36987427398762557
0.3698613438808851
0.3698540461045832
0.3698461273650202
0.369844557141289
0.3698406302504034
0.36983827828082166
0.36983444365629686
0.3698347303483741
0.3698294490155068
0.36982868722899853
0.3698190748530865
0.3698167982437539
0.3698027583988927
0.3697888434874788
0.36977742047148193
0.3697939101902178
0.36979476802765515
0.36978480413645326
0.3697900767240257
0.36977540058801517
0.36976118169711314
0.3697461496388415
0.3697524360712837
0.36975178306277057
0.36974720430235547
0.36975045462321954
0.36973800757039327
0.3697257164821811
0.3697262771709762
0.36972527786351356
0.3697183884264347
0.369722349827542
0.36970870077566564
0.3697009756158939
0.36969214597011274
0.3696914819189149
0.3696953565829434
0.36969286329353285
0.36969531994229243
0.3696852500574323
0.3696739421116649
0.3696791094478019
0.3696825553074923
0.36969162515087917
0.3696991297810237
0.3696915208805437
0.36968365645707435
0.3696885459847679
0.3697011865177375
0.3696985307744313
0.36970477790669404
0.3697000444525358
0.36969490922743353
0.36968991886395414
0.3696954450364316
0.3697011655541248
0.36969269073584526
0.36968612524342953
0.3696774840804502
0.36967023702456614
0.369660706159831
0.36965048177460924
0.3696499804211166
0.36965136286008826
0.36963999608048975
0.3696461460111045
0.3696397598462318
0.36962702433281436
0.36962168037410537
0.36961720778095
0.3696062595339778
0.3696005765790837
0.36959760791625945
0.3696035346517276
0.36959711411003193
0.3695861421001959
0.3695850307673531
0.36957827957419165
0.3695850844705507
0.36957957524107704
0.36957284395375195
0.36957052801413376
0.3695661328181635
0.3695723998263253
0.36958035142896056
0.36958601769595295
0.3695764036068336
0.36957362123857224
0.3695676355215029
0.36956863080657376
0.3695636822670133
0.36957105191529876
0.3695735510950969
0.369576703518294
0.36958233446054695
0.36957890754895195
0.36956830869951607
0.3695639752257334
0.36956246867623416
0.3695553338775281
0.3695443507529919
0.36953866039497024
0.36951972992678567
0.3695071097158266
0.3695001775431936
0.36949717463326226
0.36948752981342736
0.3694960532579196
0.36950449616235914
0.3694980948685265
0.3694942470875773
0.3694916309229722
0.369487509696327
0.36949031495810675
0.3694944061895235
0.36949146182086356
0.3694841871318528
0.36948035309049665
0.3694701239751776
0.36946407120354724
0.36945251078059493
0.3694455497599623
0.3694422508798372
0.3694416482481671
0.3694436628947161
0.3694477261879036
0.3694475091906802
0.36943842684841316
0.36943935621229945
0.36944293657081556
0.36945154347085757
0.3694485800758461
0.3694461971465157
0.36944624264976417
0.3694365645199246
0.36944401365888585
0.3694544572996924
0.3694559511323963
0.36944976236929444
0.3694336754615557
0.3694332647695189
0.36943382988037904
0.3694271872975139
0.3694302363400212
0.36943909202282443
0.3694303970615819
0.36943282162124536
0.36943998483724083
0.36944022286699
0.36943934010892854
0.36943865251454805
0.3694478556442415
0.3694539869471042
0.369450887772329
0.3694541737709143
0.36946199412355163
0.36945622809456136
0.3694504680434507
0.3694479740401824
0.3694465830631029
0.3694455082246832
0.3694434011574163
0.3694332698441588
0.36942410488233357
0.3694201902527406
0.3694241569105596
0.36941917668030344
0.3694197119087483
0.3694144335813092
0.3694107971400273
0.36941337646793426
0.36941303141117976
0.36941502568083273
0.3694155994212805
0.36941282731670383
0.3694269191698255
0.3694355184286967
0.36945093846042115
0.3694507473013415
0.36945316442521675
0.36945659634357914
0.3694527748648053
0.36945497386520587
0.36946202638248266
0.3694525476987227
0.3694440803386286
0.36943550758896615
0.36943100535869206
0.3694356992056868
0.3694390147330386
0.3694436339664631
0.3694460608925518
0.3694499113827422
0.36945127571935216
0.3694564930367127
0.36944711047469314
0.36944467487466337
0.3694474199688671
0.36945903474992076
0.369451694056942
0.3694651966039633
0.3694806775772698
0.36946531940458865
0.3694610293218945
0.3694531107013867
0.36944173253760154
0.36944194564085364
0.36944172861674746
0.36944108549430593
0.3694423612044312
0.3694364417726477
0.36942803081843234
0.3694318068942934
0.3694361673775272
0.3694336087234918
0.36944043568088364
0.3694402773734801
0.3694365419777678
0.369431558780067
0.36942513922874565
0.36942074593371205
0.3694225002721515
0.3694208655537447
0.3694200959086298
0.3694183942109637
0.36940662117582623
0.3694098589693727
0.36941466642451964
0.3694071445110829
0.36939633811215244
0.3693861273235037
0.3693784423677497
0.3693751738063486
0.3693700060005864
0.36937121311058757
0.3693680862792786
0.3693669629465576
0.3693504364847208
0.369342265321457
0.3693449304791864
0.3693464360069335
0.36934674265295514
0.3693447263292259
0.36934520611546745
0.3693356087710716
0.36933134811227913
0.36932558208188576
0.3693349854304167
0.3693256400519593
0.36932199098417673
0.36932375467030826
0.36932337784970576
0.3693267816541168
0.36932028695954994
0.3693110638481804
0.3693070866512148
0.36930169436805377
0.3692926572613022
0.36928195689309234
0.36928459456649587
0.3692825776280505
0.36929160095255087
0.3692938678341672
0.36929449815137305
0.36929036712546903
0.3692746049045521
0.36926664032582374
0.3692576361201102
0.3692494773002722
0.3692479696407404
0.3692498948724719
0.3692461407869284
0.36924573507368236
0.3692433276855059
0.3692420628120361
0.3692384205415899
0.3692283542191641
0.36922753777801515
0.3692206683575542
0.3692175743557821
0.3692197694040526
0.3692209915384458
0.36922254262210136
0.36922401130968685
0.36921878325701735
0.369205765554338
0.36920615647513905
0.36921091529972977
0.36920627010463375
0.369199398552349
0.36919280138592897
0.36918346953097025
0.36919209604803077
0.36919272762229677
0.3691860627333407
0.3691859006267327
0.36917994144978955
0.36917970127329763
0.3691802467927957
0.36918061111674944
0.3691778767962543
0.369183003362719
0.3691831213423208
0.36917625061828185
0.3691721434316627
0.36916300650989103
0.3691530567448266
0.3691501896946518
0.36914450494813705
0.3691477791870697
0.36915453070934906
0.3691597950889533
0.36915853354719463
0.3691601958504363
0.3691576321491825
0.3691556367372476
0.3691513204556128
0.3691574842370473
0.3691590117368883
0.36915330894352694
0.3691586301105044
0.3691526767074277
0.3691495489145525
0.3691416353835607
0.36913182599842614
0.36912576437849876
0.3691219930914725
0.36911675136415634
0.36912118338408223
0.3691233410665558
0.3691297034804013
0.36913649387602804
0.3691319334409691
0.36913632467126667
0.36913359928564926
0.3691222036386325
0.36912105667718026
0.3691110489871017
0.3691124236212539
0.3691219812424101
0.36913252550507664
0.36914233235056215
0.3691514667982484
0.369157858630923
0.36916384093668564
0.3691587566389728
0.3691473138041129
0.3691426605193209
0.3691397015270208
0.36913278370419617
0.36913072396783253
0.36912142507760837
0.36911976875377367
0.36911148829320173
0.36910482257453764
0.3691083604425059
0.3691125280167624
0.3691108545603865
0.3691126199227021
0.36910945057701394
0.3691061091576593
0.3691064106096756
0.3691048090136968
0.3690960831883996
0.36909732043963833
0.3690980608315253
0.36910115247847247
0.3690974532761466
0.36908408699003414
0.36908127722461403
0.36909478250194067
0.3690953273860185
0.36909381001234987
0.36908670701218943
0.3690872113855927
0.36907985853789416
0.36908247150357726
0.36908026405227023
0.3690704676853402
0.3690627500857734
0.3690588406478742
0.36905383127061836
0.3690597935134493
0.3690658707225242
0.3690583220119762
0.3690608948369196
0.3690603473956918
0.36905179562607
0.36905363729922736
0.36906052332814615
0.36906229762978565
0.3690541208909741
0.36904528176230944
0.3690457917025282
0.36903822811204096
0.36903424814825536
0.36903710482797186
0.3690326444786381
0.3690207556984523
0.36901359203416273
0.3690088183222885
0.36900845738280996
0.3690097417083395
0.3690130811496157
0.3690064231158417
0.3690140692453864
0.3690181570234744
0.3690142782343627
0.36900530021043443
0.3690048517908091
0.36900655997188125
0.36900776181831096
0.3690111726252727
0.36901302982703593
0.3690168613654085
0.36901312362607286
0.3690134909506401
0.36901159344658224
0.36900797335488084
0.36900428309243344
0.3689983133131558
0.3689960509582529
0.3689984479767525
0.368998106202605
0.3689989079979933
0.36900434052549763
0.36900297213852057
0.36900364302580285
0.36901089361397127
0.3690104889469421
0.3690131339892482
0.36900948589669813
0.3690040837096091
0.36899290758337794
0.3689915682484161
0.3689916780160389
0.3689768671446657
0.36896428807324116
0.36895584192308284
0.36895194037467977
0.36895190674842043
0.36895257495485245
0.36894688128528275
0.3689425659872013
0.3689398506376223
0.3689353081801114
0.36892067977918597
0.36891472631364863
0.36890417567458766
0.3689053662178204
0.3688971029394052
0.3689010336406434
0.36891059527785214
0.36891233288430164
0.36891119533216654
0.3689029297068685
0.3688840939161725
0.3688826310529166
0.3688803660243055
0.3688759220836064
0.36887618907676106
0.3688737492798371
0.3688711379495994
0.3688716667461177
0.3688710205484944
0.36887194425135733
0.36887368180769314
0.3688751684976267
0.36888110774608557
0.36887368100256557
0.3688683696417433
0.36886171797771533
0.36886302610555083
0.36885435712333575
0.36885094208119834
0.3688489872313806
0.368845482469657
0.3688401495765485
0.36883899424591804
0.36883970810622363
0.36883092033965664
0.3688351708409133
0.36883090999459367
0.368819871976446
0.36881603688809755
0.3688134473511924
0.36880955191601084
0.36880972570688597
0.36880403204573936
0.3687975212937732
0.36879250610637776
0.36878455442113767
0.3687834647849565
0.3687934299503779
0.3687886350552557
0.36878565640564637
0.3687782084783751
0.36877906691257734
0.3687798375387565
0.36877904415466584
0.3687799198682213
0.36878673594036815
0.36878726430654574
0.368782322495514
0.3687808792005512
0.36878261392557204
0.36877855289013045
0.36876955827363767
0.36876617438337367
0.36876152717053556
0.36875882413943717
0.36876019998790666
0.36876379238097046
0.36876007982210746
0.3687557046601065
0.368755904745083
0.3687538694602211
0.3687544967649363
0.3687599887863549
0.36877085953398825
0.3687695287826894
0.36877030432986524
0.3687700447543018
0.3687684891063246
0.36876916209497085
0.36877682323922983
0.36877450027529624
0.36877267541295333
0.36876542715775196
0.36875644852681333
0.3687553163694659
0.36875979540774284
0.36876145693359275
0.36876275475567477
0.36876437160517317
0.36876625240905625
0.368757895596482
0.368745387765893
0.3687428577716339
0.3687326573421476
0.36873131349697785
0.36873904788491646
0.3687382928330226
0.3687346535565781
0.3687296760244654
0.368725337931263
0.36872072364211717
0.368727198996973
0.36872238177089905
0.3687153343678754
0.3687081689311197
0.3686992214806668
0.3686992274605461
0.36870115932256364
0.36870427934899874
0.36870784878354296
0.36869058231741825
0.36868639178924534
0.3686844068164872
0.3686852503468002
0.36869515505520106
0.36869782836866166
0.36870269621965496
0.36870177104346735
0.36870024372808086
0.3686975194824068
0.3686901190478961
0.36868947261174395
0.3686815278450009
0.36866415320173757
0.3686625179770384
0.36866588487042895
0.3686679033492762
0.3686679673732902
0.3686717056502809
0.3686733526926605
0.3686737191458782
0.36867777466125556
0.3686807052213503
0.3686714719201187
0.368665918982788
0.3686630715746923
0.3686608917926531
0.36865516837371903
0.3686600627938178
0.3686556520953235
0.36864775506730413
0.36864812500972827
0.3686439488735247
0.3686410376278196
0.36863958392363827
0.3686385666809113
0.3686338924080663
0.3686318678614243
0.36862850433196304
0.36863445372427445
0.3686467591776149
0.3686526210806634
0.36865311961152186
0.3686574047842578
0.36865320852820405
0.36865197054481336
0.36864649234437724
0.36864310516305226
0.3686394882350992
0.3686318366430963
0.36862867108133723
0.368621164426981
0.36862152778958707
0.3686229649364648
0.36862392447316683
0.36862211828342606
0.3686160780628041
0.36860919448370205
0.3686019936295739
0.36860554887241287
0.3686075513531405
0.36859714204852184
0.36858785350369117
0.368585789945881
0.3685959186384073
0.3685994284838045
0.36860602483896915
0.3686083175561849
0.3686135717146454
0.3686007690797792
0.3685977854781323
0.36860142509858757
0.36860963741746267
0.3686113725055063
0.36862071501216503
0.3686212430469971
0.3686111027752485
0.368615760583127
0.36861765309733324
0.3686071311452429
0.3686078792655047
0.3686099009843436
0.3686039821728973
0.368600787301942
0.36860327197248466
0.3685973472296723
0.3685973322447533
0.36859824884409065
0.3685906043488224
0.3685893390727424
0.36859204621013464
0.3685907724986388
0.36858564044188136
0.368579935816818
0.3685687311334043
0.3685675303891075
0.3685770816159317
0.3685875202991163
0.3685932064441968
0.36859942289927217
0.3685995050438957
0.36859961644969963
0.36859385883356827
0.368592742550929
0.3685979839512723
0.36860090662369627
0.36860563836674737
0.36861366061171114
0.3686062945337863
0.3685977716263559
0.3685896288801801
0.3685929166509473
0.3685895280798491
0.36858835360478737
0.36858461161989886
0.3685799855545555
0.3685736996244574
0.3685712875944257
0.3685666098179654
0.36855947319538773
0.3685595349285933
0.36855480572550725
0.36855955143370595
0.3685641491417198
0.36856329927110815
0.36854976058423944
0.3685452575612054
0.36854438666812994
0.36854572453458595
0.3685383758351361
0.3685356104952102
0.3685388149261405
0.36853974227361397
0.36853386396911453
0.3685339330375928
0.36853020707476725
0.36852345537004416
0.36852548936293633
0.3685264554416184
0.3685282991404217
0.36853188094725153
0.3685316902064304
0.36853569825650295
0.3685421950719383
0.3685364233184962
0.3685320531988122
0.36852146897258786
0.3685128020672254
0.3685037305440776
0.3685019839769535
0.36850745224794296
0.3685076415049854
0.36850279901279825
0.3685060465020699
0.36850899919702
0.3685066461450299
0.3685048520702044
0.3685029606589806
0.36850084965694935
0.3685020313782276
0.3684998503223803
0.36849812305721885
0.3685060560506927
0.3685059473552123
0.3685034512728907
0.3685060696187331
0.3685060578875152
0.36850328429565254
0.3684919076346148
0.36848853726567954
0.36849108373426226
0.3684943130907404
0.3684991481426271
0.36850133390141876
0.3684880934460992
0.368483013156348
0.3684763427874715
0.36847007593517783
0.3684694657444543
0.3684662322333301
0.36846017940751513
0.3684568647747881
0.3684526511848245
0.3684553668440178
0.3684504522318665
0.3684405223100665
0.3684406547499509
0.3684378532481884
0.3684383451639473
0.36843606956341096
0.3684273705760135
0.3684290684500214
0.3684201655588147
0.36841813601495166
0.36841377173136114
0.368413433595877
0.3684085424169466
0.3684155203228157
0.36841573574343117
0.3684145191888479
0.36841294909802236
0.36840934007465115
0.36840941112420145
0.3684049458461492
0.3683972297723834
0.3683895368649023
0.36838596752259717
0.36838433956898736
0.36837559602762915
0.36836982744731483
0.36836750586294187
0.36836645573930793
0.3683611815375861
0.3683627124155969
0.36836469187821413
0.36835772066964
0.3683641009184791
0.3683722763126502
0.3683765763150346
0.3683788441037628
0.36838361994028695
0.36837980475974563
0.368380860534668
0.3683851006231442
0.3683883477536771
0.3683903135165343
0.3683836151005089
0.3683793719995272
0.3683774180008426
0.36837394901087767
0.36837063817389254
0.3683671034932816
0.36836322608331495
0.3683553289518007
0.36835585976056984
0.3683530357071087
0.3683534171006759
0.36834315845476406
0.36834309993263015
0.36834579506610826
0.36835049070181924
0.36834689949748556
0.3683413028098662
0.3683372534009415
0.3683337593974655
0.3683392536867171
0.36834132183681484
0.36834177849426236
0.3683385584965501
0.3683372399406894
0.3683328832666945
0.3683362941968964
0.36833588120672656
0.36833442257676335
0.36833432817314543
0.3683286521799732
0.3683240608139244
0.3683206544766941
0.3683167117802706
0.36831631709777896
0.3683175325663143
0.3683168500601464
0.3683124910117992
0.36831590871179304
0.3683239864445653
0.3683250406209534
0.36833166162801206
0.36832867476229164
0.36832629163978103
0.36832953761950304
0.36832806564276943
0.3683263546346507
0.36832297376315715
0.3683200608531913
0.36831575014153567
0.36831242302266803
0.3683119788200988
0.3683112735897557
0.3683137588976363
0.36831062506457585
0.36830840917920454
0.36831046087844704
0.3683095906099722
0.36831028534444654
0.3683091134359896
0.3683051184253952
0.3683005941700821
0.36830068917888215
0.36830197385377883
0.3683042325425685
0.3682986468780999
0.3682961959596164
0.36829037876119813
0.36829307738893946
0.3682947980402702
0.36829365642560075
0.3682922610487163
0.3682868540967138
0.3682904881585814
0.36829593514298803
0.36829519346428047
0.3683015353316188
0.3683027227172815
0.36830086149038055
0.3683032677258473
0.36830277697737385
0.36830479372784525
0.36830850975350465
0.36831063456221796
0.3683145434373171
0.3683148150403107
0.36831570973992983
0.36831603738177676
0.3683125075353101
0.3683109142693646
0.3683116783511388
0.3683212898490422
0.36832530769307736
0.3683190839461803
0.3683156742280548
0.36831221666230435
0.36831124295109147
0.3683112970118783
0.36830960043196276
0.3683083274613564
0.36830339877031765
0.3683014755020653
0.3683043345924762
0.36829817266608494
0.3682912076490183
0.36828901530227814
0.36828233643701563
0.3682824017206532
0.36828290727487834
0.36827976392256145
0.3682835531434999
0.3682850936647856
0.3682881793734839
0.3682949662061053
0.3683043671252154
0.3683072084298427
0.36831183260246847
0.36831031752930615
0.36830675440721905
0.3683026553015823
0.3683014751947611
0.3682990621918941
0.36830196398750664
0.368302410121804
0.36830433238562577
0.36830887313153154
0.3683151213752115
0.36831997605345435
0.3683199601260808
0.3683238424652666
0.3683178276954305
0.3683110062330437
0.36830919705362797
0.3683032696623327
0.36829429320746787
0.36829266853938186
0.3682957136872036
0.3682941671065646
0.36829058049298136
0.36828463427192376
0.3682782761592171
0.36827595112046446
0.36827345596897987
0.3682742835128722
0.3682747605047764
0.36827300375790933
0.3682720160188951
0.36827127346803823
0.36827691721650174
0.3682770162398422
0.3682740531274423
0.36827534953860297
0.3682774744206106
0.3682789367800384
0.3682789058062103
0.3682748862107044
0.3682781532268582
0.36828202610065763
0.36828027916948436
0.3682779798789515
0.36828271622590186
0.3682832162775706
0.36828081443126687
0.3682807873265178
0.3682860624028831
0.3682832272377218
0.3682797296311064
0.36827848278320285
0.3682803649422173
0.36827671751407254
0.3682678955443875
0.3682622020613013
0.36826417939717043
0.36826923667067624
0.36827136615571343
0.3682706551926845
0.3682717569106051
0.3682741323567213
0.36827594499863375
0.3682717561777101
0.36826845822473886
0.36826641063822163
0.36825864741648046
0.368255181708725
0.368257140711588
0.3682550671830485
0.3682422276140526
0.3682419717295467
0.3682461104266499
0.3682341380985958
0.3682341707006021
0.3682420158412591
0.36824149344133317
0.36824519437439746
0.3682528689652413
0.3682569734017584
0.3682563739778298
0.3682546053180766
0.36825309521421573
0.36824981917598837
0.3682496054260463
0.36824738919845285
0.3682487052587281
0.3682545279266895
0.3682534756406289
0.36825103340275395
0.3682492304906933
0.368253600690972
0.3682484467925112
0.3682410899871507
0.3682392235386736
0.36823676182912046
0.36823401398248007
0.36823555356630494
0.36823492729124413
0.3682350822717038
0.36823645903030255
0.36823216982137424
0.36823162901840734
0.3682348040494122
0.3682314485181718
0.3682272914770207
0.36821961763221733
0.3682124772046445
0.36822034085388633
0.3682290344957345
0.3682297317223683
0.3682219686621577
0.3682223248777958
0.36821857615618686
0.36821189434568496
0.3682143877493142
0.36821342064975143
0.36820950174459316
0.3682074774828915
0.3682022781970565
0.3682003350717305
0.36819702184669373
0.36819146419939963
0.36819092398713754
0.3681907333221351
0.36818723113306917
0.36819105282687425
0.36819088894857427
0.3681857928992521
0.3681889817939746
0.3681905943459235
0.3681878480142571
0.36818604695528606
0.3681863918574764
0.368188407709403
0.3681844422689185
0.3681797177769419
0.36817583421373035
0.36818024693662504
0.36818347182043903
0.3681867528459205
0.36818078843479835
0.3681796008961195
0.36817589639024106
0.36817062848338056
0.36817195206361464
0.3681750860529335
0.36818525555559
0.36818419827782256
0.36818256925380166
0.36817862585551847
0.36818195446438184
0.36818405600837395
0.36817994768343804
0.3681752974618209
0.36818022947985696
0.3681800055179901
0.36818716830233356
0.3681836162813187
0.36818603315991455
0.3681882802570059
0.36818849821878885
0.36819039470579457
0.36819654065020496
0.36819945518600933
0.3681988007564963
0.3681927539503111
0.3681927346311267
0.36818665388839555
0.36818556884428516
0.36818771281677853
0.3681901855926736
0.36818803532989325
0.36818749671548334
0.3681849386425841
0.36818179629795444
0.3681882415607635
0.36819848818559164
0.36819577323608615
0.36819972472849893
0.36820474378843143
0.36820879303810117
0.3682086348789618
0.36820424069456376
0.36820316629455396
0.3682033962590883
0.36820051199228016
0.36819970018173304
0.3681935833288418
0.3681945688896606
0.3681974015713161
0.3681986375297004
0.36819633815189334
0.3681966421061911
0.3681913790373722
0.3681941767772374
0.36819984568705283
0.368202009446839
0.3682002417695108
0.36820434934903057
0.3682016073856995
0.36820243326364677
0.36820247121649663
0.36820300629159464
0.3682005355508848
0.368207681804505
0.36820593095497467
0.3682141211351864
0.3682189937456982
0.36821857516444445
0.3682214874615574
0.3682218601331196
0.36821811990509046
0.36821166364326713
0.36821182063911073
0.36821560791340596
0.36821996615902514
0.3682200300275632
0.36822237691734194
0.36822444073161953
0.3682274245388915
0.36822691459690904
0.3682303822686279
0.36823003630366563
0.36822952216454213
0.36823084940365153
0.3682319641616138
0.36823623359725893
0.36824318294263186
0.36824423632040815
0.36823707135159217
0.36823694282416547
0.36824156637695454
0.36823888376903957
0.36823256395097026
0.36823184976822637
0.36823446380951885
0.36823861200600927
0.36824102927862673
0.368244081792287
0.368240563716976
0.36824149053337957
0.3682420245937302
0.36823929894634105
0.36823448459464353
0.36823834425063545
0.36824566506824224
0.36824792722518074
0.368248174205166
0.3682510061820895
0.3682472955320978
0.36824941007866185
0.3682472673573872
0.36823931198488896
0.36824004723756715
0.3682316847150395
0.3682232227651169
0.36822293176190146
0.36822228004464996
0.36822164193494394
0.3682201584939849
0.3682124191287567
0.3682076074022934
0.36820817810744055
0.36820966288072154
0.36820882844371
0.36821205093622816
0.3682110115440693
0.36821048017264324
0.3682066710034174
0.36820556572359
0.36820822522722535
0.36821193996548834
0.3682117979068416
0.36820752503194465
0.36820677759799464
0.3682081959744456
0.3682089715629632
0.3682117560665772
0.3682171486917329
0.3682131539552207
0.36821226024978865
0.36820975377790766
0.36820827613949864
0.36820896325415986
0.3682100823608506
0.36820790604593023
0.36820533880217327
0.3682042188680444
0.36820876029650385
0.36820516540982856
0.3682009971834981
0.36820254601068997
0.368198412824434
0.3681935453742096
0.3681903345093274
0.3681902178395138
0.3681916821251908
0.3681903529019014
0.3681879592756135
0.36819220638401506
0.3681923405944923
0.3681904462495934
0.3681820745308932
0.3681795279566603
0.3681775285399683
0.3681790464515781
0.3681815910606249
0.3681856136260309
0.36819249748719657
0.3681927979896307
0.3681963193162866
0.3681940812441677
0.36819250569250533
0.3681895564005011
0.3681923798060332
0.3681969177283449
0.36820183778889354
0.3682009481563419
0.36819963875725326
0.3681965018346896
0.3681924768184618
0.3681861818820988
0.36819039199179204
0.36819204437857933
0.36818837259283893
0.3681865482317676
0.3681844812178548
0.3681790881362052
0.36817429910633764
0.36816973126923297
0.3681717806634722
0.3681699171053915
0.3681639235740666
0.36815874129840903
0.3681576251026256
0.3681535162854489
0.3681551809046305
0.3681638864610822
0.36816870586254447
0.36817140297514317
0.3681705021273297
0.36816626787478063
0.36816478677224485
0.3681634916106581
0.3681652463999706
0.368165306106246
0.36816200582944963
0.3681583569265006
0.3681574577273393
0.36816193020500043
0.3681648987402802
0.36816331060416957
0.3681633537995576
0.3681645640280448
0.368160056613916
0.36815058739822387
0.36814907698929106
0.36815018320982773
0.3681500457093084
0.3681511238440925
0.36815756666769917
0.3681585591130056
0.3681568733997523
0.3681530786949292
0.36815481054754795
0.3681532136445526
0.36815179494141026
0.36815364451583366
0.3681539676775212
0.36815321835098114
0.3681505933917327
0.3681526847272305
0.3681535455362313
0.36815451555915907
0.3681559088283044
0.36815478606823043
0.3681609861720226
0.3681656466306473
0.3681675811272612
0.3681664032311702
0.36817127480640655
0.3681755525541188
0.3681714837103129
0.3681709716521934
0.3681714176892386
0.3681702023975744
0.3681661377621119
0.3681657578976324
0.36816379801327476
0.36816099779208644
0.36815909195677926
0.3681574855072084
0.3681577351504638
0.36815848642427756
0.368156243116591
0.368152233987693
0.36815070032500685
0.3681504014580436
0.36815287802251745
0.36815398554139983
0.3681553240966908
0.36815261721478554
0.36815116408503673
0.36815373605919965
0.36814684328327046
0.3681469742101872
0.3681452110773975
0.36814449670993354
0.36814718919702993
0.36814643685533743
0.36814594562872777
0.36814623316779105
0.36814798554642425
0.3681460264839065
0.3681462441451895
0.36814833182971796
0.3681495912063877
0.36815177856148124
0.3681521086574841
0.36815294680001825
0.36815186478599904
0.36815413921498474
0.36815199669414417
0.36815936425353446
0.3681626684558112
0.36816461262141165
0.3681624889463288
0.3681614718379381
0.36816236402782343
0.3681660406801217
0.36816742726863627
0.3681688873547188
0.36816783985989343
0.36816328863980574
0.3681678357971112
0.36816846222530136
0.3681654663323911
0.36816230869299205
0.36816379322637005
0.3681642664002872
0.36816397211046775
0.3681628584558479
0.3681630428123597
0.36816006329630885
0.3681533522052133
0.3681541895223525
0.368156560220461
0.3681510722347691
0.36814632138573444
0.36814496333681945
0.3681369546452745
0.3681287975919826
0.3681308882761598
0.3681280387877707
0.3681294184145998
0.36812670808073295
0.36812154002723146
0.3681160871792743
0.3681135562108153
0.36811534776177096
0.36811083246496196
0.3681056827887789
0.3681027319335266
0.36810373170891575
0.36810517596533104
0.36809991739323955
0.3680972186869129
0.36809255661919327
0.36809444746244807
0.36809631048831615
0.3680924146277934
0.3680887080227057
0.3680866425686993
0.3680817497883418
0.3680760036335959
0.3680711401402052
0.3680722799643202
0.36807306860415623
0.3680715450830475
0.3680747729338287
0.3680758426315906
0.3680712057295875
0.36806981805280536
0.36807180022935204
0.368067755225883
0.3680599178688394
0.36806147269260836
0.3680584685383851
0.36805950432098605
0.3680610261182947
0.36806142534263186
0.3680619186583628
0.3680667168952857
0.368067717077317
0.3680673199264873
0.36806599896779413
0.3680675527431185
0.36806509401210036
0.36806103302144866
0.3680588421631014
0.36805513572600657
0.3680486908665039
0.36804083983439995
0.3680434485946154
0.36804498828818893
0.3680473483078595
0.36804636271264024
0.3680481677010307
0.3680489424527072
0.36804387065855493
0.36804621518642866
0.3680417654926098
0.3680416119045354
0.36804088688483066
0.36803535083764993
0.36803017255052073
0.36803352814907203
0.36803135678049537
0.3680322751304302
0.3680266856834616
0.36802799184521906
0.36802483173421224
0.36801759028227526
0.36801192488464896
0.3680121527733293
0.36800888787649727
0.36800708507450275
0.3680105511529202
0.3680121518851094
0.3680096541525805
0.3680103357252976
0.3680096773621837
0.3680113553175708
0.3680101088114604
0.36800719473865967
0.3680078629372166
0.36800626527274594
0.3680097501640177
0.3680067576680874
0.3680047478774982
0.3680024097703992
0.36800230236503595
0.36799788336995654
0.36800130859146185
0.3680027341392928
0.36799746289094065
0.36799688873771785
0.36799518662722774
0.3679944318882167
0.3679875455656903
0.36798055500311516
0.36798010723867647
0.36798149386841256
0.36797853332502256
0.36797325261271097
0.3679671903081874
0.36796170908767795
0.3679626575582271
0.36796091718897556
0.36795655756290513
0.36795470521771606
0.36794904077410323
0.36794883259681965
0.36795292404606084
0.3679548800993326
0.36795849596756697
0.3679576688622903
0.3679537546585938
0.3679523937692745
0.367957221148299
0.3679534015108873
0.3679558257540604
0.3679583463148503
0.3679601230605164
0.36796466449229126
0.36796199096340776
0.3679651620740748
0.36796589343452035
0.367965969961013
0.36796711272492605
0.367963271076672
0.36796013007387957
0.3679591072593135
0.36795999003185453
0.3679575400354742
0.3679525405696137
0.36794660415149855
0.36794730837071665
0.36794482423906283
0.3679412483908471
0.3679381366285061
0.3679382516800979
0.3679395242495853
0.36794435445173507
0.3679487412498282
0.3679491255162849
0.3679490879607988
0.3679409974523509
0.36793529463056124
0.367939020479413
0.36794048077365854
0.36793902950522883
0.36793776655111726
0.36793826147368125
0.367935107861752
0.3679348881124519
0.36793359863585295
0.3679332863982297
0.36792966979062164
0.36792511948160206
0.3679257637513975
0.3679246071056
0.36792489177739013
0.36792517567490896
0.36792772451585376
0.36792578096191425
0.3679219729159948
0.36792520520166233
0.36792256500388915
0.3679260547568208
0.36792979272674464
0.36792897218739473
0.3679311472588656
0.3679312105521509
0.3679306553207438
0.367929456893032
0.3679245780618106
0.3679273158954918
0.36792886666079905
0.3679314099719309
0.3679298701369039
0.36792232519164614
0.36791902384105407
0.3679158509792646
0.3679171492251837
0.3679170122901
0.3679147914329554
0.36791403949038426
0.3679134211602647
0.3679142823280975
0.36790996248623775
0.36791293420074817
0.3679175492424827
0.3679148767784982
0.3679141897936256
0.3679157325418993
0.36791761311779664
0.3679178658906696
0.3679175159002252
