0.2650625718136694
0.2651503611333985
0.2639042457968762
0.2598945282937419
0.2573587713842067
0.2564005967217115
0.2548484001084461
0.2530705296747042
0.25148879025933224
0.2501837476983609
0.24929962541743111
0.2478001428034052
0.24700247852898985
0.24569656326314626
0.24472801848125506
0.24394448799868643
0.24335782799300978
0.24254373621241634
0.24214487493656808
0.24188688784222284
0.2417443408885919
0.24154622039275706
0.2412116403886502
0.24096841454125456
0.2408261895966844
0.24061832593390844
0.2405537012425824
0.24051969721413644
0.2404678705643087
0.2404582183101774
0.24059550142103864
0.2409650252883836
0.24142879825740968
0.24178084924136628
0.24195871544459266
0.24194528820732977
0.24195170617912184
0.2419748054893386
0.24207182648059952
0.24216158020318337
0.2422306044601115
0.24220469322239652
0.2423755786000293
0.2426012427163181
0.2427912106374228
0.24310165564713523
0.243267928274216
0.24348475244741305
0.24365922950660096
0.24394932360723315
0.24409524571754415
0.24429186611137418
0.244450532277146
0.24461481064816704
0.24472858800769773
0.24477400774083977
0.24481170860516505
0.2448649020762628
0.24489792381580563
0.2449794180715796
0.24495533888719104
0.24497384557024446
0.2450332818790573
0.24510993075193277
0.24516023678473284
0.2452245965184405
0.24537130185923853
0.24540980981659913
0.24537597510512105
0.24529734184772217
0.24521877751482743
0.24511825196733544
0.2450407403754418
0.24503495725001787
0.24499851899409672
0.24496766798482486
0.24495570323297827
0.24485960943392532
0.2447507737844897
0.24468592879402276
0.24465794961267814
0.2445958016989356
0.24448814921972023
0.24441689494892244
0.24430332020250267
0.24424196367133238
0.24415128895888166
0.24411532156073998
0.24409600638798343
0.24405172605256073
0.24402109136469863
0.24401548071255683
0.24405330651508697
0.24407636534175092
0.24408381527479764
0.24407089121992168
0.2440169442166413
0.2439656960210738
0.24389669362319688
0.24382091265556405
