0.23335344502643227
0.2328302023418664
0.23180089568304474
0.23081999245221796
0.22974027585679713
0.22854027069831628
0.22787330670783934
0.2273169169287794
0.227072721865529
0.2274139056820518
0.22762042007330763
0.22706684743095412
0.2266324430816632
0.22726006025776424
0.2271670127316145
0.22675047446112923
0.22658842840416418
0.22631827348873645
0.22637330468117708
0.2262981241030569
0.22571048208826433
0.2254568503861941
0.22527063039668754
0.22470776227644276
0.22429650724263078
0.22407474438533634
0.22413050771017587
0.2239388574312512
0.2242217189180433
0.22446236603685
0.22449699381926813
0.22412619295908717
0.22428532219058223
0.22440674890732099
0.22448999854369436
0.22437730075323142
0.22434864037895752
0.22441560329494628
0.2243456392527374
0.22437304084912393
0.22425397156330498
0.22434153647448465
0.22421372613434393
0.22391136856330496
0.22373975306545982
0.2236433724270239
0.22371665736158997
0.22365693295399583
0.22362349351360392
0.22360721050456622
0.22373434087202845
0.2238524018993418
0.22387346196976504
0.22385180170295502
0.22393902546479866
0.22395799687750306
0.22418564744805333
0.22428025139117272
0.2241658264681422
0.224133329432725
0.2241791183042797
0.22413131501089675
0.22407675495643584
0.22409035956375112
0.22409822994774306
0.224159431983461
0.22408055527245407
0.2239878158536922
0.22397043664342364
0.2240775542691777
0.22409832945206426
0.22413313049347167
0.22405528643171416
0.22400703824019808
0.22401460140675
0.22397811556076178
0.22394545989428993
0.22382408122896044
0.22388726923373908
0.22388149870779367
0.22390877874530288
0.22404008506215237
0.22400901663249667
0.22396849622569456
0.2239848760241592
0.22389190155421188
0.2238859147614711
0.22374226275406295
0.22371512622613587
0.2236334902626445
0.22348295736281676
0.22338657331233427
0.2234508833259195
0.22350829449199677
0.22358090448545684
0.22359949434839055
0.22360196454771997
0.22360802257753812
0.22360022564907006
0.22352749368126423
0.22354998556031802
0.22353718921145682
0.22355132534968314
0.22360606918321138
0.22359127856226205
0.22354316869838917
0.22355356637824025
0.22358853689545952
0.223606548901316
0.22366150433722934
0.22364289357202843
0.22353997422228689
0.22347339493656912
0.2234722558045159
0.22348635821836627
0.22346720570902637
0.22347124395627313
0.22351359776487362
0.22342845309081297
0.22327555900161558
0.22323283603617414
0.2232104569186555
0.22320429188831295
0.2231092482017735
0.22306378274526242
0.2230549270352838
0.2231047896147738
0.22314993010185208
0.22308120593417416
0.22311661198113208
0.22318130481222312
0.2231377725049208
0.22312591998388664
0.223164841443719
0.2231621899101577
0.2231036814795561
0.2231231324017828
0.2231417760866378
0.22308789737882417
0.2230790422236222
0.2230523556715039
0.22303578647561453
0.22301344952410904
0.2229859458185311
0.22301350908600834
0.2230234081159589
0.22301460980093288
0.22303056488965922
0.22308766068609667
0.22305933000840134
0.2230267558397763
0.22302740520676195
0.22304433465874351
0.2230729703670301
0.22306966920191254
0.22307103031503975
0.22303352999414616
0.22294642180684876
0.22290644346821212
0.22281422183956434
0.22283186457943704
0.2228091550957537
0.2227593957893232
0.22273266105196426
0.22270878789645782
0.22268694212666612
0.22269233968285532
0.22274208324682565
0.22274278829088126
0.22276118007973253
0.22277641851439384
0.2227402929581058
0.22273190031429546
0.2227161213582572
0.2226889240777446
0.22270163532943538
0.22274002838466417
0.22274540387895334
0.22274363685241125
0.2227350131088681
0.22273349010615234
0.22269339716614373
0.2226859594334282
0.2226710611304765
0.2226934127222618
0.2227161238898276
0.22271543269193536
0.22268981048852735
0.22266010808586223
0.22261852070959273
0.22262945519898475
0.2226546626623235
0.22262560301291137
0.2226050735615319
0.22261743047054372
0.22260910143793095
0.2226068187930797
0.2226075923620452
0.22258934569766314
0.22259170625631916
0.22256854680981164
0.22261203785749642
0.22261370076504175
0.222609043337794
0.22256472619003853
0.2225478341938022
0.22253958015698663
0.22259352717850028
0.22261439999640006
0.22257507034260202
0.22254752120339985
0.22252726028602235
0.22252392585508865
0.22250815995252038
0.2225283475711903
0.22256481171657658
0.22255629028125826
0.22251298339548228
0.2225366082689701
0.22254660563458467
0.22253330554118078
0.2224840933004878
0.22248213428979174
0.22247387845785915
0.22249516855972154
0.2225105815087432
0.22252941750048796
0.22250259252729396
0.22250552887304198
0.22249754993288928
0.2224927287720715
0.22251216079100722
0.2225205743922446
0.2224995048625969
0.22246797073688246
0.22249380105470531
0.2225140725728131
0.22251063234562807
0.22252236463473776
0.22251970036023802
0.2225281082625742
0.22249996194196478
0.22247112930339313
0.22246545271702747
0.22245588069637037
0.2224592636173761
0.22244967583091182
0.22246083057083868
0.2224124539320682
0.22240903906563772
0.22242805709728736
0.22245065855684903
0.222460030444883
0.22242406854269345
0.22239364299086772
0.22239212549197407
0.22240697405520196
0.22245926690475026
0.22246144785404254
0.22246416618604858
0.22244971470347094
0.2224420075911251
0.22242639652957208
0.2223912653091553
0.22240921279057843
0.22237245445182965
0.22236563102648627
0.22238234670143786
0.2224084547511086
0.22246271692379505
0.22245650010371248
0.22241693738352583
0.22236459890871016
0.22234397412786544
0.22232948944733644
0.2223559916978285
0.22236948836996653
0.22234324650940168
0.22233622648092452
0.22232746480692855
0.2223301996201237
0.22234023451792156
0.22233877045694764
0.22235002689138117
0.22233450062738638
0.22231493897915938
0.22229511607982674
0.2222919832001974
0.22233381126178117
0.22233266354256842
0.2223344841684633
0.22232706570689123
0.22229221747452804
0.22228919148905385
0.22227695300312417
0.2223003203419766
0.222312760634313
0.22231656095308747
0.22232394033534125
0.22230780210899093
0.22227206346729697
0.2222642672012861
0.2222618185151272
0.2222691960054517
0.22227721896323085
0.2222825197813987
0.2222765618933794
0.22227759039275058
0.22227960287650783
0.2222880317177801
0.22230564130554362
0.22232685889333592
0.2223156635085628
0.22231129341753547
0.2223152520762312
0.2223012175286023
0.22229387867596223
0.22231302076352735
0.2223232453114499
0.22230457624119868
0.22229174149350617
0.22228914547610384
0.22227980600075634
0.22226686475397245
0.22226250343010912
0.22224400249907014
0.22222682755381234
0.22223088034739252
0.22222703296595098
0.222211189427052
0.22219806573434311
0.22219129427544967
0.2221901218058168
0.22219262860274072
0.2222109020107946
0.22221547965866378
0.2222097052026614
0.2222202080742446
0.22222613095804036
0.2222293867186277
0.22223850249189614
0.2222597157238289
0.22225609871131752
0.22224488547133836
0.22224291942475932
0.22222169468417519
0.22222798487950896
0.22225110009884325
0.22223455579810233
0.22222624177574152
0.22223608491058644
0.22224621918182624
0.22225314274347996
0.22223823004471407
0.22223572733509747
0.2222168836832821
0.2221895417546426
0.2221952307864667
0.22220387835554242
0.22221412268580687
0.22220941665717234
0.22220562893169712
0.2221979282636893
0.22219719807439572
0.22222253232516684
0.2222205258482385
0.2222379622199499
0.22223524960580213
0.22223274709252316
0.22223728693219383
0.222237854662028
0.22222420590074057
0.22220889328346746
0.222197937771823
0.22219498892940312
0.22217923868947573
0.2221804914566424
0.22217402240317774
0.2221747776551905
0.22217882582954834
0.22218535418881616
0.22216763368188078
0.22216744537948077
0.2221587689982875
0.22216539444758804
0.22218070811723542
0.22216535933368944
0.2221721706432326
0.22216314090223255
0.22215252332000662
0.22216401809147615
0.2221838431743078
0.222187189646997
0.2221748572523206
0.22216966111693318
0.22215471716735574
0.2221392446007361
0.22213847034285292
0.22215321855812306
0.2221603974936843
0.22215950974213006
0.2221372928960556
0.2221365229294084
0.22213319729540792
0.2221396961966951
0.22211170705589184
0.22209267898815485
0.2221079302516347
0.2221341573163351
0.2221360791532291
0.2221111831368474
0.2220882772548276
0.22209235271811043
0.22207825621679683
0.22207521147309267
0.22205928231140837
0.22205526708279658
0.2220568632072466
0.22205167223937708
0.22205424869370463
0.2220543039416246
0.22207253564352142
0.22207955669498916
0.22207710597232982
0.2220956015818172
0.2221026178038421
0.22211341888439862
0.22212272798587057
0.22212410427524662
0.2221252268509165
0.22210735856118002
0.22209963493570412
0.22209920397090588
0.22209576625342187
0.22210371894027453
0.22212458053076534
0.22213677094654138
0.22214488532287616
0.22213825053763342
0.2221368621984184
0.22214910158816398
0.22213336843103942
0.22212450238214065
0.22213038249859338
0.2221532238733072
0.22216184029155525
0.22216682378059888
0.2221715959722057
0.222164477251472
0.22214618436544253
0.22214044324922427
0.22215496718195635
0.22216067972460649
0.2221653080312653
0.22216592042904365
0.22216473942435624
0.22217207967943986
0.222168427924742
0.2221612776147865
0.22215696200273496
0.22215383150419651
0.22214914498215646
0.2221370603011353
0.22212820677340944
0.2221256489491674
0.2221185925029718
0.22211814775904776
0.22213118073477528
0.22212434306689843
0.2221202459960252
0.2221427345456175
0.22214201887826573
0.22214367724781256
0.2221459989814632
0.22215066861369442
0.22214742952213257
0.22214271576255165
0.22213789102883447
0.22214125539302468
0.22213023502253262
0.22210865116529058
0.22210117468484586
0.22211183378429727
0.22212463676485905
0.22212544999162379
0.22211687747870076
0.22212223666849346
0.22212495090733028
0.2221289657317712
0.22210466763173464
0.22209084046994454
0.22205957874209872
0.22204858979999872
0.2220447969093639
0.2220351394316591
0.22204119063922087
0.22204519389750826
0.2220523644016833
0.22204281489428118
0.22202814190170786
0.2220329996537187
0.2220301768041921
0.22203436162564114
0.22203657751598685
0.2220452063842755
0.2220535345269724
0.22206065014022497
0.22206261471821337
0.22206170104183304
0.22205836898313316
0.2220623588085781
0.2220448944723774
0.22206196605822698
0.22205023412473635
0.22205937288721667
0.22207934940719318
0.2220916690263431
0.22207085408239624
0.22207019744091258
0.22207869966061788
0.2220723024318154
0.22207045962376276
0.22207750276619403
0.2220835453956324
0.22209364644669843
0.22210598641896087
0.22210925470067072
0.22211182244745337
0.2221136697555977
0.22210485792630213
0.2221008151939878
0.22210736226122163
0.22210804551190624
0.22210867103588897
0.22212682590227734
0.22211855264683364
0.22212360062092382
0.22212592311927723
0.22212590946117935
0.2221249924516271
0.2221272056572595
0.22211901607148235
0.2221249703972998
0.22212616273883817
0.2221313424962065
0.22213377733249318
0.22213318341173338
0.22212456973838537
0.22210993198789183
0.2220969997599046
0.22210147062718277
0.22211353740567863
0.22210745129799433
0.22208249642342331
0.22206561330252325
0.22206165853187615
0.22206720560686274
0.22206372381997122
0.22204359234014165
0.22203801046086963
0.2220357833828031
0.22203768080936478
0.22204951669470716
0.22208611364750733
0.22209012123415342
0.22207928903125868
0.22209104513419067
0.22209845938840583
0.22209417436794512
0.22208712312685627
0.22209387132750377
0.22208674817232865
0.22209427855252517
0.22207413469126167
0.22206048395891473
0.22205038518713296
0.22203327530787892
0.22203359247050913
0.22203469026164932
0.2220359489799542
0.22204677419015262
0.22204908287968841
0.22204189975977479
0.2220288127034638
0.2220320286172965
0.22203501890286328
0.22202620261131956
0.22201664481624517
0.22202499815871338
0.2220310837335252
0.22202960294482801
0.2220177194008758
0.22202587352197298
0.22203720021796564
0.22204206383810807
0.22204427549694716
0.2220394052618097
0.2220266514896413
0.22201035736637129
0.22201707324722514
0.2220270489136952
0.2220278693199013
0.2220215472471774
0.22201538692399203
0.22200705843056376
0.22201077914112943
0.2220229406930685
0.22203032248791088
0.22203075569793865
0.2220423516437394
0.22203457363153195
0.22203959042461388
0.22205035237349663
0.22203664364830464
0.2220370807992833
0.22203488142205483
0.22203682966323157
0.22203713009052184
0.22203557024760134
0.22203354214900253
0.2220320169224103
0.22202900661492989
0.22202967004273877
0.22202948237476797
0.22204022845323587
0.2220368432675851
0.22201855982270213
0.22199816614977366
0.22199846362262496
0.22200094195523923
0.2219940693354822
0.22199359619462247
0.22199231847930664
0.22198441160578777
0.22198012391862643
0.2219768036459309
0.22198830870798766
0.22200132117416344
0.2219937955115908
0.22199622140769504
0.2219887088273961
0.22197678835496173
0.22196655371375323
0.22196493006761386
0.22196682722605993
0.2219606968341727
0.2219631404157842
0.2219588486457408
0.22195982457579688
0.22195486118773353
0.2219506027047105
0.22194310124581598
0.22194714935420123
0.22195448576402402
0.22195450784476903
0.22194925341803873
0.22194378415462773
0.22192750537500797
0.22193329507752593
0.22193165768037432
0.2219356714374529
0.2219355571982125
0.2219327031898547
0.22193094869469257
0.2219306384624898
0.22192991490063213
0.2219307687219754
0.2219309659431535
0.2219297912218335
0.22192560938418537
0.22192194686049016
0.22191949096664682
0.22192311416110178
0.2219240164967612
0.2219125611415768
0.22191242309809248
0.2219126090457146
0.2219101961170826
0.2219150538616338
0.2219213473308826
0.2219239157518521
0.22192588073589917
0.2219344145576332
0.22193657206569362
0.2219446026227498
0.2219436893378378
0.22194482442844018
0.2219468240222499
0.2219430973356169
0.2219391262119704
0.22193969866154495
0.22195362892021075
0.22196080468675586
0.2219655211349361
0.22195674818392566
0.22195582183446208
0.22195430153653595
0.2219609233789902
0.22196114184850402
0.22196758517947177
0.22196640423216846
0.22197015654727523
0.22197181892230375
0.22197592608883165
0.2219764174065042
0.22197429817263167
0.2219856721743889
0.22200233798961266
0.22200096471704994
0.22199716679037054
0.2220011636246925
0.22201506768904375
0.22200978218440254
0.22199549148113756
0.22199593900304407
0.2219896888295907
0.2219898843398553
0.22198593339450684
0.2219872888265806
0.22198641633655145
0.2219922381883525
0.2219957821105124
0.2220056547192947
0.2220154577214135
0.2220170426047739
0.22201129061550434
0.2220158755394023
0.22203055229461735
0.22203540864453358
0.22203583848136896
0.2220291069111182
0.22203290539338166
0.22203776472758838
0.22203584351438846
0.2220426200026613
0.22203669761081077
0.2220342592775577
0.2220398415513708
0.22204506722247155
0.2220458926175097
0.22204254741396692
0.22204236317151713
0.22204545524149957
0.22204453036081037
0.22204211637807394
0.22205315343240845
0.2220564506471639
0.22204604688698518
0.22205579197391132
0.22206247268292206
0.2220716507289207
0.22206168518201197
0.22206459236282786
0.2220676162376952
0.22207372059612374
0.2220682223227566
0.22206275892675087
0.2220628338248835
0.2220550800218595
0.22205137030999655
0.2220517306699727
0.2220584690475249
0.22206755040340093
0.22208135878685048
0.22208691424209903
0.22208497417608797
0.2220881994760284
0.22208491316456042
0.22208848395573919
0.22209567157861732
0.2221021765386478
0.2221097237612924
0.22211369850585932
0.22211674449523422
0.22212398898460706
0.22212429217927854
0.22211908385273008
0.222111434053185
0.22211606233835676
0.22211903883503833
0.2221123081216769
0.2221087189052693
0.22210971695582266
0.2221041488530888
0.22210929695163456
0.22211189451994934
0.22211649102914038
0.2221216104916207
0.22212382127287617
0.2221320596347264
0.22213322332813057
0.22212208130989738
0.2221071376603923
0.22211224855928702
0.22210645969103598
0.2221029465146795
0.22209141696826232
0.22209231063585042
0.22208791231659025
0.222079436141393
0.22206704605801045
0.22207375862994977
0.22207910603029735
0.22207371000379728
0.22207607157788484
0.22207995499042235
0.22207843456542148
0.2220831029224969
0.22208616813201318
0.22209041004868899
0.22209960319609048
0.2221042051159413
0.22210521332148503
0.22209257428353185
0.22209917705830343
0.22209724874234266
0.22209809766003846
0.22210282681294197
0.222105124610236
0.22210686424332618
0.22211088655120903
0.2221099332347374
0.22210576610233929
0.2221046947340159
0.22211100418964164
0.22211507985057502
0.2221021038670511
0.22209079987441507
0.2220913950229123
0.2220916253617321
0.22209084481986807
0.22207910472280662
0.22207393681665555
0.22206838134801007
0.22207140710502862
0.2220711810951023
0.22207592450545743
0.22206831124875784
0.22207414203504686
0.22206627316547292
0.22204711476016856
0.22204490720843972
0.2220584347926492
0.22205379111875384
0.22204658257773088
0.22204670614346225
0.22204730712351228
0.22204085629006762
0.22204578456100119
0.22204514809735784
0.22203348588074595
0.2220319068534695
0.22202700301142556
0.2220306458535877
0.2220262119637705
0.2220299979796064
0.22202670646869946
0.22201043999606623
0.22200068467636475
0.22198636102780203
0.22199683651044488
0.22200484202724544
0.222014613555461
0.22201904775466166
0.2220289852514459
0.22203082885623118
0.22202687536596513
0.2220337553008524
0.2220351252558686
0.2220385302267593
0.222036605417211
0.22203408679065575
0.22203774928090703
0.22204019843575384
0.22204045515787485
0.22204010352898482
0.22205256352592284
0.2220541843288558
0.22204836633958677
0.22205186664170967
0.22204697306190838
0.22204685142444827
0.2220503008436514
0.22204706060451215
0.2220547910006549
0.22205780597996724
0.2220522713306229
0.222050972857866
0.22205144727933715
0.2220458428442616
0.22204531037051076
0.22204956310729287
0.22204423201669932
0.22204155089208963
0.22203998433270014
0.22203363750055968
0.22203338811325202
0.22203092276568484
0.22202986237277744
0.22202046765282907
0.2220167209201429
0.222015825793112
0.2220172192719552
0.22201797071285534
0.22202878366032508
0.22202609546892205
0.2220189045178406
0.22201902717655617
0.22201918842831145
0.22202671161354384
0.2220191753506659
0.22201683508127049
0.22201302702080444
0.22201736246547804
0.2220299773417791
0.22203286827289925
0.22203219286207446
0.22203115897015516
0.22203195153382752
0.22202392841327595
0.22202065494319498
0.2220221179657259
0.2220165985355329
0.2220183152725966
0.22201404921384404
0.22200828662620475
0.22200775173811707
0.2220211771880512
0.22202283730963362
0.22202859428070557
0.222030013022173
0.2220292735716343
0.22202208477472038
0.22201751709796463
0.22201543520138228
0.2220092842123852
0.2220046670072689
0.22200521856849212
0.22200571286514337
0.22200226522697622
0.22200194117514485
0.22200370936774472
0.22199724450931774
0.2219966630793101
0.22198771002921547
0.2219833904846781
0.22198874406123334
0.22198638170944754
0.22198481651120555
0.22198154930075376
0.22197591069373696
0.22197610301656642
0.22198084946333682
0.22198197575612613
0.22197986912422915
0.2219744998720845
0.22197841121039255
0.2219865122241148
0.22198462932616317
0.2219859767955454
0.22198436735998417
0.22198616291361484
0.22198332978241508
0.2219791674858872
0.2219744921615494
0.2219743324624717
0.22196695876493358
0.22196422866904078
0.22197125252108785
0.2219822936288656
0.2219822665879985
0.22197383970307855
0.22196869754929274
0.2219739402647705
0.22197373117391528
0.22198942127013427
0.22199936963137518
0.22200523073084882
0.22200471376464023
0.22200386976585207
0.2219990425789957
0.2219964994056647
0.222002586413266
0.22201146248552261
0.22201224833465982
0.22201217587818314
0.22201206297283535
0.22201566012180324
0.2220140595528607
0.22201448774959523
0.22201605880456773
0.22200816778080076
0.22200416631014946
0.2220042329445867
0.22200339083077936
0.22200312460862304
0.2219961790878414
0.22199254004455088
0.22200174811353762
0.222002825619952
