3190
1343
1196
1047
1364
1076
916
900
854
1016
889
903
955
858
1382
865
849
809
931
1432
751
718
737
744
946
739
806
800
773
946
674
682
687
706
913
750
784
763
725
961
710
648
662
692
921
735
701
698
738
940
701
690
752
697
945
748
720
684
712
1016
742
718
695
696
937
697
680
684
708
972
704
654
688
714
968
666
676
646
699
970
724
692
679
661
937
651
664
683
657
1065
637
598
570
561
895
594
590
627
573
882
611
579
620
586
942
720
653
644
633
955
741
665
644
677
981
724
630
644
649
951
660
645
733
638
1024
702
790
643
636
976
644
639
618
651
1033
653
672
650
649
1035
637
629
660
636
983
659
659
647
647
952
642
651
662
655
988
753
645
687
674
1148
664
598
650
625
1015
650
628
639
648
988
673
645
610
628
1048
683
758
661
669
1071
664
623
636
645
958
623
615
623
703
1073
637
633
629
628
950
674
625
645
643
1138
680
768
651
673
948
649
613
603
629
985
648
622
616
632
974
660
672
632
685
969
708
658
772
792
988
659
637
637
617
1005
700
652
634
629
976
660
621
636
612
972
629
613
644
645
1002
632
666
858
669
996
656
621
657
638
960
646
645
647
658
1033
676
641
610
602
994
631
626
653
648
987
725
734
754
661
980
647
620
619
603
1034
618
631
611
601
978
681
674
624
630
965
683
652
647
589
1054
625
625
629
642
1200
631
656
638
666
1041
679
707
659
631
1013
618
622
622
594
983
751
679
621
591
966
657
661
616
624
1108
656
783
662
672
979
653
664
668
613
1033
662
700
618
589
1014
641
613
636
605
961
638
608
627
611
994
618
639
630
642
1018
858
646
614
587
972
613
621
623
585
962
665
615
634
628
1009
665
625
631
643
1068
669
656
644
689
971
637
629
642
659
1173
675
677
664
622
999
613
609
694
589
983
633
642
609
612
971
648
623
619
607
973
571
543
548
531
1011
635
590
596
630
973
636
585
798
580
971
597
597
655
645
1078
686
615
651
622
1031
634
628
617
642
990
697
636
641
680
931
707
620
612
593
1037
600
636
685
662
1205
715
626
648
641
1671
652
644
639
599
1028
612
601
589
620
914
628
566
572
626
1094
625
577
622
598
993
620
595
648
662
1010
663
622
630
601
1285
655
623
604
613
976
663
647
594
604
981
569
536
538
552
911
655
616
625
668
981
637
623
629
626
988
666
598
616
609
990
622
725
655
668
1165
712
694
691
617
1002
745
653
664
663
1090
658
629
627
741
1025
600
624
622
690
1000
687
650
633
636
1031
615
633
615
611
962
761
671
621
610
991
646
658
812
720
1086
633
620
629
587
1034
642
618
602
622
1087
613
606
625
646
981
613
614
625
620
993
598
620
611
591
919
579
557
595
579
1097
617
593
640
640
985
894
730
699
613
1029
636
659
660
646
1038
687
628
616
721
1127
655
688
630
616
1029
640
623
623
634
1044
642
612
618
635
1008
622
636
641
680
1077
615
637
612
608
975
656
898
691
682
1023
651
602
616
617
990
639
616
605
612
997
675
618
743
626
1006
603
608
602
623
970
674
650
665
655
995
644
621
618
641
989
632
653
658
662
1222
923
672
643
615
1019
684
645
685
630
1030
654
647
618
633
1022
666
608
626
602
996
630
652
645
758
973
612
660
624
654
992
637
647
651
608
1009
640
632
614
858
1130
676
596
630
612
1018
665
657
785
624
1019
655
601
600
633
971
607
612
610
614
992
634
614
653
662
1029
635
658
671
628
961
684
634
620
842
1256
731
615
619
632
1036
610
619
624
604
988
619
605
625
630
1084
651
606
614
616
985
625
618
598
648
1159
658
624
588
598
1002
604
593
808
683
1084
658
643
649
630
1087
635
690
673
659
1004
632
618
613
603
1016
653
639
815
644
997
660
612
605
615
990
651
657
623
661
1170
706
696
630
661
1043
652
636
680
602
1013
636
634
618
639
1048
808
621
610
673
1018
651
613
658
641
1037
652
671
700
624
1016
830
728
684
630
1002
629
627
693
612
1027
660
639
620
659
1075
787
621
618
598
1031
637
619
683
615
1030
638
633
647
671
1145
696
752
660
652
994
668
644
627
648
1051
623
648
642
625
1039
676
796
642
610
1015
616
625
671
618
972
647
654
759
694
1126
609
652
623
656
1035
669
680
629
644
1013
668
637
621
669
1031
658
666
636
658
1235
629
654
634
638
1208
699
696
649
639
1037
600
695
629
665
1061
632
624
606
606
1023
647
630
646
631
1012
664
625
596
617
1122
712
784
820
599
1011
658
636
709
669
1099
678
623
638
672
1005
638
615
632
608
975
642
689
617
771
1181
695
649
622
634
1022
669
631
628
657
1018
630
641
642
797
1024
710
614
648
632
1007
656
662
859
721
1092
621
612
600
610
1007
649
669
706
660
1076
618
611
631
632
1013
703
687
663
668
2046
741
665
651
808
1002
678
612
649
610
1028
665
614
655
619
983
637
608
621
609
1013
850
715
665
690
1076
689
622
639
653
1031
624
623
613
653
1029
687
626
666
606
1047
801
915
680
661
1036
657
638
622
625
1016
651
654
647
651
1022
711
635
618
614
1089
732
684
688
658
1083
693
635
624
614
999
691
622
608
610
1021
650
623
667
753
1388
687
649
702
673
1042
679
659
650
649
1044
645
615
684
675
1007
623
755
809
652
1039
617
670
611
615
1047
662
637
636
633
1080
615
666
657
730
1134
672
703
648
696
1117
632
826
590
629
1022
626
630
644
590
1094
678
675
620
597
994
621
633
628
637
1045
626
595
598
613
1000
806
726
618
624
1037
688
654
711
662
1073
680
662
624
650
1065
812
780
709
894
1051
619
643
651
609
1058
805
654
682
669
1260
751
677
633
654
1219
665
616
656
597
1013
643
621
625
721
1110
635
637
656
611
1026
611
605
605
651
1013
627
784
738
698
1133
658
640
653
636
1233
650
635
630
631
1003
630
753
737
643
1085
645
682
620
673
1111
737
705
668
659
1018
670
609
750
749
1049
654
670
680
628
1040
730
637
643
668
1031
615
624
778
733
1036
688
666
709
686
1224
680
654
665
622
1072
712
729
748
715
1105
624
673
633
656
1026
654
618
625
637
994
717
680
678
639
1051
723
633
651
665
1082
637
607
629
660
1208
713
607
640
625
986
635
667
647
625
978
648
658
842
1009
1079
621
608
598
608
1030
669
621
632
657
1028
660
902
746
631
1051
636
718
621
599
989
642
623
611
621
1019
626
751
707
614
1088
645
613
610
580
979
652
615
637
623
1009
630
718
745
683
1100
766
1912
655
655
1076
660
670
624
636
988
763
735
719
616
1038
795
653
607
637
1071
663
637
613
642
1132
703
620
636
625
1058
669
711
627
662
1007
620
635
622
751
1114
654
610
649
636
1040
664
678
672
673
1097
761
754
705
932
1024
662
639
645
656
1047
625
635
615
747
1074
650
637
636
646
1034
645
629
624
595
1139
721
719
697
648
1097
626
593
607
614
1029
694
870
741
646
1031
648
677
629
682
1103
643
603
765
673
1035
665
602
695
726
1088
919
610
744
700
1055
666
617
635
625
1030
626
648
737
689
1033
685
678
617
625
1052
629
642
782
668
1022
713
650
694
604
1048
660
716
732
641
1085
666
617
629
626
1002
639
614
754
691
1065
687
632
646
680
1093
617
654
667
821
1112
651
675
973
644
1029
660
648
647
642
1144
695
658
650
646
1053
654
639
646
649
1086
799
784
638
680
1058
638
617
682
636
1101
685
752
698
633
1096
649
661
636
668
1105
658
754
678
648
1023
606
627
644
615
1058
686
802
702
657
1091
683
670
674
656
1299
1444
695
746
677
1121
688
658
643
743
1130
720
632
647
698
1030
632
665
689
685
1014
648
621
624
640
1064
697
632
754
749
1077
634
644
647
607
987
664
613
628
693
998
638
655
596
610
1011
654
623
626
654
1152
675
656
663
754
1048
654
649
692
656
1150
1014
632
674
627
1004
712
649
708
690
1047
767
750
778
664
1084
675
793
650
628
1168
657
667
672
755
1078
707
655
627
629
1043
650
690
642
637
1060
759
729
733
611
1079
634
624
618
641
1037
651
621
603
657
1138
620
588
643
640
1067
659
636
656
648
1047
675
659
1057
719
1043
672
656
697
669
1035
670
621
617
634
1018
665
734
706
603
1049
652
723
669
626
1123
646
637
639
604
1006
616
766
754
694
1077
678
635
605
611
1019
656
616
612
617
1049
669
758
751
680
1095
680
641
693
640
1035
632
688
641
622
1011
718
632
631
780
1105
659
708
763
673
1064
960
622
625
643
1056
644
625
640
658
1237
752
640
651
646
1001
635
629
620
662
1046
752
660
708
702
1046
645
746
736
749
1083
697
637
621
623
1088
675
613
734
660
1068
667
634
617
645
1196
805
738
640
624
1061
675
633
648
635
1074
639
633
641
659
1012
682
627
627
633
1219
735
656
694
669
1329
651
608
636
672
1033
670
635
623
610
1032
634
657
648
789
1125
678
631
621
635
1023
633
645
609
615
1066
681
683
598
618
1077
628
700
656
706
1221
734
716
651
642
1071
657
647
647
672
1082
614
671
662
619
1086
652
638
646
694
1113
813
736
745
685
1082
813
676
709
625
1057
1017
677
640
637
1053
662
618
602
617
1097
643
649
657
675
1279
737
851
704
645
1059
694
623
677
705
1035
729
658
672
653
1078
677
654
633
689
1073
783
874
769
765
1157
678
638
668
667
1079
682
641
678
696
1139
669
655
612
610
1027
658
640
665
646
1085
634
804
737
746
1182
634
1009
608
679
1094
668
666
639
614
1071
650
637
680
645
1097
707
630
638
667
1116
671
798
759
705
1120
667
634
671
660
1040
698
667
686
633
1053
686
661
659
772
1060
667
655
646
640
1022
673
648
700
686
1272
798
730
713
739
1077
664
601
617
670
995
638
626
714
634
1024
710
675
961
651
1034
696
697
644
685
1128
706
876
777
730
1184
842
655
677
744
1126
703
680
639
785
1087
678
704
650
678
1104
701
680
704
651
1057
679
705
732
669
1060
959
720
751
717
1131
691
698
654
699
1069
659
665
659
698
1089
709
633
627
631
1072
763
679
672
655
1076
663
671
990
716
1161
944
728
759
756
1107
687
672
632
637
1082
696
657
647
619
1083
664
676
630
639
1083
688
648
716
651
1086
698
654
642
624
1055
714
670
861
714
1297
859
773
663
688
1135
717
672
643
643
1072
669
745
671
647
1047
675
670
675
651
1083
653
619
647
656
1055
1030
662
635
643
1335
754
775
765
724
1189
686
693
684
658
1116
698
634
643
651
1047
711
638
658
690
1085
639
640
618
676
1031
646
672
752
644
1069
652
643
663
680
1300
804
697
754
770
1139
734
651
677
642
1082
669
641
656
625
1055
667
663
665
633
1023
721
626
630
610
1439
656
635
643
631
1035
665
640
701
675
1301
755
726
723
737
1181
684
673
658
643
1084
656
623
693
633
1043
657
675
639
750
1078
735
682
656
807
1118
685
660
632
655
1054
683
631
636
700
1123
664
717
812
736
1232
740
745
686
691
1094
670
666
668
649
1065
788
649
687
2686
1064
688
655
651
626
1068
690
649
637
640
1067
706
659
686
700
1049
647
634
662
652
1110
915
751
793
814
1205
746
724
651
677
1071
636
634
663
669
1047
678
672
660
640
1000
701
654
639
648
1106
667
671
683
656
1061
692
647
654
615
1085
659
678
663
687
1070
658
669
1322
751
1233
744
790
763
677
1941
742
680
720
661
1173
680
630
676
639
1046
757
647
688
698
1085
785
653
674
656
1108
667
725
664
673
1177
722
693
714
746
1180
715
676
691
662
1161
706
673
677
672
1118
741
697
698
724
1108
717
877
780
771
1229
743
782
743
1060
1163
744
694
696
668
1199
723
666
684
742
1196
711
692
677
725
1278
692
691
673
658
1078
646
696
694
662
1146
686
654
668
706
1118
705
703
734
844
1281
797
820
777
817
1246
768
694
672
638
1111
699
732
688
671
1093
703
686
701
669
1038
681
685
720
664
1083
1022
642
669
666
1079
689
651
689
735
1175
684
683
679
658
1091
706
663
658
661
1168
1003
797
711
753
1301
860
869
710
772
1066
751
707
664
674
1265
671
645
703
641
1132
660
640
672
636
1182
650
628
693
685
1192
636
632
630
671
1060
694
728
662
670
1072
672
635
660
627
1091
873
1053
727
736
1269
794
778
746
703
1107
681
677
688
786
1239
660
723
659
665
1187
700
661
619
627
1160
669
632
638
660
1074
675
667
643
648
1175
734
722
708
649
1097
694
691
811
760
1202
803
902
786
776
1351
803
743
798
751
1306
746
706
667
684
1090
686
733
686
661
1403
768
731
698
727
1330
724
720
694
743
1109
688
704
694
725
1079
689
767
671
686
1266
696
659
690
677
1349
700
985
790
724
1372
793
804
774
774
1193
721
692
733
714
1234
803
730
691
645
1246
761
699
677
669
1202
698
686
672
726
1080
623
670
722
722
1543
680
697
661
695
1219
692
685
685
695
1319
715
687
903
789
1354
793
764
801
791
1252
785
804
780
709
1090
659
664
736
718
1211
761
719
718
681
1177
696
650
692
670
1185
766
786
680
744
1245
687
688
709
679
1155
720
678
708
733
1211
684
687
701
2371
1375
854
811
785
765
1313
670
700
754
692
1185
739
665
687
664
1288
663
718
708
681
1069
672
862
683
663
1174
693
673
729
710
1219
736
711
707
710
1234
730
686
716
772
1215
714
684
678
942
1413
820
924
814
755
1364
771
719
706
708
1581
724
679
705
729
1285
688
668
691
676
1204
721
734
736
699
1305
730
783
725
718
1207
692
827
696
684
1113
717
727
695
707
1219
797
761
734
877
1243
787
804
806
806
1434
761
708
682
708
1273
699
705
662
681
1217
698
672
691
794
1447
683
706
723
711
1241
721
687
730
717
1325
697
709
750
709
1222
737
835
714
729
1261
781
746
792
886
1350
797
830
805
915
1429
751
705
680
696
1215
783
745
714
665
1199
736
769
701
730
1301
712
716
699
679
1235
691
730
696
684
1416
705
680
735
720
1299
678
749
721
700
1291
659
734
721
832
1368
828
833
832
778
1397
752
720
676
718
1226
742
711
721
676
1208
674
679
673
693
1233
694
659
672
696
1289
728
688
736
704
1302
743
692
664
694
1253
755
699
712
884
1246
714
703
735
1010
1481
833
841
829
818
1398
762
791
680
775
1296
769
849
725
737
1244
784
729
804
717
1225
707
672
653
731
1222
724
693
772
720
1213
690
699
694
693
1280
743
744
808
710
1262
732
696
980
769
1599
835
854
847
802
1367
798
736
716
718
1274
783
681
730
663
1311
724
702
876
676
1265
673
682
750
701
1386
688
722
719
687
1317
676
665
665
728
1237
725
691
752
677
1219
705
962
803
846
1413
850
846
799
749
1468
750
759
696
679
1228
685
721
691
751
1242
780
668
738
690
1221
728
728
681
666
1286
696
710
685
667
1216
684
663
726
686
1242
731
732
728
745
1304
1015
854
859
801
1440
830
866
818
717
1222
673
684
704
681
1263
739
1078
731
676
1285
678
697
668
724
1272
660
717
690
696
1242
760
695
713
687
1377
721
748
725
696
1335
713
743
706
724
1622
848
826
759
816
1564
880
753
758
721
1330
742
747
729
703
1281
726
707
665
667
1494
696
685
697
729
1324
703
681
683
708
1292
686
706
698
660
1235
692
697
694
717
1359
728
748
725
1007
1486
925
818
813
791
1459
754
779
721
701
1367
844
720
724
694
1299
795
739
679
656
1216
743
767
711
908
1246
753
706
682
685
1321
713
754
710
666
1232
730
704
727
735
1224
722
903
933
845
1380
850
799
836
806
1317
686
786
679
751
1215
712
707
696
703
1267
708
702
702
718
1231
691
679
665
678
1477
717
688
660
712
1242
748
718
687
703
1296
725
759
706
705
1570
822
847
844
816
1426
859
921
804
695
1384
745
743
777
693
1296
753
753
866
779
1330
725
764
728
731
1246
700
716
729
702
1333
704
680
720
668
1592
779
758
734
686
1251
724
715
974
860
1478
880
888
872
773
1417
714
710
835
760
1285
718
681
795
707
1376
754
675
754
740
1284
781
684
704
739
1276
743
789
759
720
1279
712
698
809
708
1574
713
737
688
687
1431
1096
875
836
838
1517
812
848
853
856
1382
734
721
786
790
1271
758
715
762
667
1331
721
741
701
707
1354
692
697
693
763
1243
715
695
735
717
1492
729
727
744
729
1226
724
696
703
726
1679
832
814
827
828
1513
947
792
750
737
1406
754
739
736
727
1306
809
769
724
721
1278
808
706
740
760
1389
709
740
720
709
1232
761
712
710
702
1238
1005
736
722
693
1278
730
722
1053
813
1424
867
886
985
914
1393
711
724
688
703
1300
728
744
701
702
1258
764
723
694
716
1393
860
729
729
710
1323
741
716
783
826
1324
699
717
732
705
1263
739
996
690
697
1487
828
825
833
819
1484
898
842
845
778
1494
691
718
703
695
1315
726
708
714
714
1418
695
704
695
709
1276
715
726
688
737
1267
689
700
711
716
1282
715
688
688
707
2880
804
713
677
1013
1485
854
900
816
853
1456
791
743
817
729
1315
722
717
723
667
1267
760
752
724
729
1243
763
699
672
692
1307
792
685
699
716
1344
777
663
720
714
1399
737
726
758
726
1381
1057
809
860
823
1573
961
801
855
843
1434
712
680
814
695
1330
712
732
688
681
1249
722
766
729
693
1300
729
703
699
658
1317
685
719
747
692
1429
788
705
689
697
1292
720
729
745
975
1489
784
876
841
927
1627
932
768
727
689
1304
869
710
769
696
1255
787
736
735
702
1388
859
720
743
714
1338
779
808
917
723
1291
698
714
725
705
1297
733
722
701
694
1269
705
959
829
803
1494
911
891
858
887
1406
777
748
730
688
1315
704
696
709
675
1336
754
935
686
691
1386
749
721
683
704
1271
742
728
713
696
1294
816
695
694
720
1259
763
709
708
682
1707
861
898
842
831
1571
884
920
879
769
1491
768
734
694
689
1338
750
709
710
712
1266
701
741
715
675
1257
746
717
693
714
1425
753
783
703
698
1278
724
714
784
735
1578
747
683
960
809
1624
912
806
791
847
1514
798
765
769
781
1276
822
709
748
720
1446
882
763
740
755
1396
715
708
705
739
1485
768
724
690
736
1295
762
768
746
753
1297
749
688
694
724
1309
1138
909
837
853
1512
871
851
891
832
1551
771
751
759
743
1537
787
727
672
710
1307
722
786
695
790
1334
704
690
679
713
1340
704
725
778
713
1379
937
721
698
658
1345
746
718
711
686
1735
914
892
822
811
1469
891
833
743
664
1304
785
702
710
750
1513
758
764
710
718
1316
738
784
721
734
1304
735
742
731
743
1330
806
777
715
775
1333
687
737
738
759
1285
726
714
1105
1030
1535
883
842
904
917
1476
723
716
755
700
1321
789
773
793
729
1320
750
746
744
669
1374
731
862
707
688
1400
827
757
715
737
1386
733
679
682
707
1394
706
744
719
762
1405
1025
830
837
891
1600
827
856
887
1050
1460
766
747
730
676
1282
763
822
756
739
1475
749
744
748
679
1471
723
727
680
709
1409
757
738
818
731
1563
742
789
759
717
1300
710
708
739
1048
1695
943
917
864
924
1607
907
794
762
714
1382
841
765
763
730
1423
806
735
809
701
1365
757
690
683
679
1295
733
741
703
694
1351
779
732
796
772
1276
754
764
725
732
1419
757
1108
843
792
1518
880
1083
841
879
1494
722
693
711
688
1408
744
752
761
719
1361
767
723
755
728
1402
751
731
704
742
1378
783
750
704
710
1393
721
741
722
720
1560
704
741
705
727
1661
869
867
857
861
1676
975
963
911
802
1432
759
780
761
727
1316
746
743
743
704
1431
775
864
704
725
1388
847
738
690
770
1321
719
738
715
689
1434
713
743
721
771
1477
727
754
722
1159
1611
824
870
940
920
1643
943
860
823
725
1364
703
739
694
755
1265
756
721
809
725
1413
717
700
697
690
1373
723
728
679
731
1431
749
739
705
721
1285
722
819
698
703
1404
773
1174
824
870
1773
831
952
875
926
1361
776
729
717
722
1404
738
721
734
730
1467
698
723
798
687
1375
746
743
732
720
1479
739
752
698
690
1396
803
739
690
700
1384
734
710
710
742
1974
880
845
879
937
1576
890
863
731
839
1354
781
736
745
723
1464
782
765
701
725
1484
747
743
752
729
1457
726
738
769
739
1488
744
751
739
752
1469
757
699
707
702
1262
775
837
1038
837
1672
971
869
827
842
1486
841
761
771
869
1305
852
771
723
696
1496
729
748
765
688
1546
799
835
796
733
1435
723
818
699
735
1439
766
755
703
699
1435
754
730
741
697
1565
1078
892
906
854
1742
870
857
866
878
1505
747
745
780
716
1258
753
688
808
720
1548
781
740
736
706
1406
714
716
758
742
1369
737
726
763
721
1335
766
736
746
748
1554
765
778
749
1004
1689
864
877
884
882
1699
854
884
795
768
1541
771
733
731
742
1495
757
735
682
772
1488
745
752
796
696
1420
793
744
755
727
1411
764
763
775
772
1343
775
720
739
737
1473
728
1258
853
900
1647
950
884
881
891
1670
839
768
732
822
1587
819
758
679
719
1384
756
763
708
711
1403
715
768
685
696
1485
768
741
804
726
1301
764
697
777
692
1420
732
742
665
665
1982
773
812
820
767
1563
457
463
487
464
1162
447
372
392
407
1244
417
393
370
393
1029
390
389
413
400
1122
373
406
390
402
1175
434
401
353
391
1103
383
378
343
389
1083
390
335
364
729
1238
500
535
495
507
1303
539
540
516
463
1375
482
455
455
403
1261
422
362
362
388
2879
382
376
385
384
1132
2714
530
467
504
1318
535
507
490
566
1330
427
393
363
341
1147
386
376
372
377
999
403
459
378
387
1368
776
796
759
818
1645
777
732
775
762
1396
737
749
723
717
1558
837
771
716
741
1702
1036
922
891
888
1824
1005
908
892
829
1481
762
731
820
750
1583
728
751
785
727
1529
761
812
806
765
1599
731
797
802
744
1464
712
747
764
733
1495
723
730
711
836
1547
728
704
851
928
1769
864
1010
909
926
1596
841
808
726
714
1563
810
730
788
730
1440
771
652
625
595
1283
672
657
736
639
1375
711
777
780
780
1541
725
750
747
751
1557
807
786
746
733
1784
883
999
921
875
1636
942
967
849
764
1614
823
714
789
751
1563
759
774
722
730
1476
738
773
718
723
1524
787
788
784
772
1442
762
724
783
699
1584
791
737
768
766
1530
800
902
831
950
1808
885
850
855
947
1721
850
803
780
783
1512
742
716
701
764
1428
739
655
647
631
1292
712
755
708
779
1493
741
690
718
707
1385
753
647
654
693
1267
790
788
762
755
1811
809
905
878
996
1872
943
925
933
745
1622
747
749
778
739
1406
656
647
657
768
1491
815
736
719
755
1515
651
651
677
656
1279
662
618
624
634
1353
795
748
723
765
1440
755
1024
917
981
1871
922
868
879
854
1664
738
763
742
771
1584
722
701
700
755
1587
714
726
721
726
1460
748
734
697
663
1455
652
653
858
795
1550
715
685
647
661
1347
675
655
670
852
1741
938
988
922
922
1770
914
760
762
701
1493
665
649
714
655
1253
702
678
646
632
1310
705
665
662
865
1536
756
760
751
772
1602
761
741
756
719
1528
773
733
754
714
1677
928
868
952
838
1716
856
949
1059
861
1591
850
788
728
806
1467
752
754
772
721
1484
733
697
828
824
1613
759
750
842
784
1468
766
705
724
746
1423
792
739
798
767
1640
774
1004
882
847
1735
908
868
867
877
1771
851
795
782
803
1434
844
761
768
829
1505
801
756
745
793
1512
741
737
688
700
1447
842
839
744
777
1691
791
816
697
714
1471
758
759
771
700
1867
943
904
895
870
1763
898
879
855
777
1633
742
749
793
740
1487
743
718
730
733
1508
768
768
769
719
1549
798
839
765
737
1818
848
792
843
734
1485
782
742
735
758
1470
755
1070
879
891
1763
933
926
942
871
1692
836
778
764
749
1426
914
744
759
708
1529
763
743
707
732
1522
790
836
722
707
1446
806
754
802
809
1587
765
718
769
765
1621
762
756
704
730
1927
855
960
807
880
1725
846
898
856
772
1585
731
798
737
815
1428
698
758
705
687
1539
808
747
734
763
1583
759
715
767
732
1499
804
742
752
733
1452
698
826
748
720
1473
763
1044
853
962
1764
988
1034
895
975
2081
786
817
767
755
1445
796
721
716
720
1457
810
717
787
723
1457
736
757
719
805
1566
729
721
721
747
1392
794
766
756
745
1433
812
878
930
752
1931
972
992
905
954
1918
951
940
884
797
1568
718
760
750
817
1482
728
741
743
711
1559
779
778
755
706
1678
761
761
738
769
1501
742
793
729
724
1505
788
758
719
767
1500
1023
873
898
937
1623
891
916
941
872
1694
900
766
752
791
1409
745
755
721
790
1509
786
753
709
704
1414
761
747
784
766
1514
745
758
744
768
1614
754
782
734
740
1517
740
728
691
1042
1673
961
988
899
940
1755
968
989
823
764
1525
797
728
738
741
1401
740
740
758
770
3241
840
718
759
748
1493
827
814
842
758
1479
722
757
750
745
1526
878
747
786
709
1513
1052
838
935
900
1796
860
940
843
867
1588
788
781
745
739
1561
802
813
764
762
1594
780
777
771
754
1567
739
736
706
721
1473
758
740
752
725
1431
763
727
776
731
1437
739
770
1055
865
1684
948
886
1085
866
1823
930
843
752
726
1577
771
774
740
828
1564
764
765
859
748
1516
806
771
754
772
1579
798
731
744
893
1558
738
728
743
706
1433
771
779
729
721
1876
858
853
1043
925
1884
950
945
959
866
1615
778
795
747
732
1450
777
751
813
797
1713
745
841
791
751
1657
765
755
789
727
1719
720
810
728
725
1535
813
786
789
790
1655
1066
879
839
915
1858
904
1096
968
1003
1777
783
767
846
845
1694
809
826
824
742
1603
761
769
737
774
1548
729
837
746
738
1645
776
793
791
740
1573
800
817
764
783
1588
774
732
1031
908
1710
930
902
973
980
1922
911
756
851
767
1496
771
753
780
864
1701
809
813
781
734
1633
762
798
823
714
1508
945
804
754
724
1624
771
873
744
733
1506
763
723
718
716
2069
948
977
955
916
1984
995
852
847
835
1597
803
921
751
749
1574
803
666
671
732
1275
688
687
682
649
1356
721
887
776
735
1509
728
732
741
704
1537
787
822
760
746
1649
1056
864
898
925
1740
841
933
918
897
1872
735
715
850
765
1522
747
744
779
715
1647
898
731
744
759
1663
705
717
785
724
1465
762
732
869
775
1502
803
771
726
695
1544
746
802
1087
1009
1875
777
868
875
913
1661
1015
810
748
759
1783
757
778
741
792
1803
771
799
907
777
1402
754
749
726
787
1539
822
846
790
794
1660
745
733
768
693
1455
679
653
663
714
3370
848
901
875
910
1976
1029
917
1049
836
1603
828
760
739
721
1603
671
683
635
671
1390
852
778
889
732
1601
692
652
675
639
1383
696
632
655
763
1482
787
718
944
711
1665
846
754
797
841
2116
967
956
912
900
1583
738
752
917
742
1565
732
793
726
797
1709
847
834
846
872
1578
824
751
768
890
1577
821
766
741
735
1603
853
948
777
795
1581
764
912
925
918
1913
962
1013
954
913
1802
898
785
776
789
1628
788
754
709
878
1717
797
797
803
747
1754
802
770
782
794
1810
780
782
768
733
1678
728
777
869
766
1726
804
744
773
1014
1945
997
903
997
960
1897
977
981
788
841
1593
781
776
747
734
1793
816
769
735
741
1795
814
759
766
858
1681
776
795
788
752
1535
720
647
635
650
1441
707
745
782
799
1930
952
892
877
968
1801
871
1009
945
873
1778
764
778
895
781
1653
866
736
744
768
1724
811
838
780
733
1501
770
781
707
709
1845
812
699
721
725
1608
753
744
827
741
1567
937
746
839
756
1662
838
858
805
937
1754
754
777
779
892
1616
665
662
723
642
1514
665
674
641
676
1500
699
823
841
789
1573
798
723
727
744
1689
714
750
806
714
1990
772
904
870
820
1779
799
850
866
917
1870
1015
795
767
730
1606
839
840
762
910
1578
790
782
925
803
1755
869
795
826
867
1705
791
796
762
764
1545
763
784
718
2607
1741
748
752
1043
961
1919
941
978
801
856
1737
905
832
801
958
1693
782
768
735
838
1765
785
869
793
814
1722
694
673
644
695
1518
666
755
801
923
1784
754
718
735
758
1803
841
798
846
784
2257
968
923
1020
934
2099
933
969
923
822
1709
785
774
742
701
1762
831
769
865
807
1798
744
779
741
717
1538
762
767
769
912
1767
821
834
796
841
1586
803
762
797
865
1940
999
975
959
952
1969
984
972
1026
906
1734
800
797
790
749
1804
756
774
845
686
1587
714
674
735
679
1483
690
650
686
674
1650
773
832
732
769
1752
691
686
708
803
1705
827
1071
999
860
1756
905
909
977
972
2111
884
818
740
852
1629
818
801
743
774
1706
771
753
837
745
1620
708
692
700
663
1779
766
747
872
768
1583
752
707
700
722
1735
802
790
1022
923
1883
965
974
981
1014
1804
923
923
762
737
1751
761
736
738
734
1633
771
801
741
739
1765
776
813
892
769
1566
759
707
733
732
1657
711
783
821
816
1801
741
741
731
768
2246
923
983
914
1069
1943
1011
1011
926
816
1661
703
726
670
627
1469
693
698
671
649
1549
873
815
786
740
1696
754
751
721
747
1809
852
773
803
865
1622
732
770
748
739
1622
946
769
887
927
2090
924
963
916
927
2081
760
748
739
714
1677
786
890
762
814
1637
707
717
709
719
1499
651
737
778
760
1581
705
678
678
678
1540
712
685
774
675
1560
799
720
1030
977
1632
883
889
912
1000
2023
961
966
807
862
1815
782
909
787
764
1660
777
741
781
759
1822
789
762
817
783
1599
793
790
793
894
1665
748
808
832
804
1746
904
923
811
791
2033
907
984
931
898
1916
1035
1004
1004
908
1840
780
774
828
767
1654
762
759
727
747
1799
791
805
804
758
1694
762
807
839
803
1645
702
701
678
678
1368
699
734
908
801
2041
949
937
918
961
2101
932
987
958
989
1806
844
737
788
761
1844
794
768
783
771
1919
844
794
754
774
1716
827
730
792
757
1681
710
717
701
674
1395
751
760
811
771
1756
808
1115
993
931
2053
873
945
923
1048
2019
886
783
787
924
1804
834
878
790
789
1713
843
743
789
848
1668
801
780
770
729
1628
897
877
811
780
1601
875
858
788
735
1681
677
731
1012
966
1963
1133
962
1028
1018
1774
910
743
810
900
1703
738
715
640
708
1583
715
732
682
692
1770
768
793
753
763
1721
783
742
737
749
1450
890
800
782
847
1532
796
750
742
1120
1919
964
1011
959
965
2223
1022
948
863
801
1826
790
797
865
758
1701
825
765
2335
890
2102
875
971
1005
827
1603
827
814
745
748
1803
806
800
757
884
1598
835
788
806
842
1886
793
771
797
753
1642
817
741
786
774
1674
705
859
796
828
1693
773
733
758
2832
1580
823
902
956
954
1905
898
1089
1037
993
1889
943
872
714
780
1544
690
699
717
711
1469
694
788
702
785
1564
727
757
775
771
1621
765
759
721
752
1606
715
695
649
648
1435
720
1039
1034
973
1953
939
898
1054
1013
1959
861
774
807
741
1786
806
775
781
778
1691
695
656
691
674
1469
690
743
678
675
1634
939
824
787
782
1638
752
776
785
790
1841
828
766
954
901
1892
847
868
877
865
1983
1100
1077
861
737
1513
877
762
758
859
1614
705
682
709
677
1487
696
710
792
754
1802
810
786
745
746
1455
723
680
651
673
1411
760
747
897
956
2078
1005
935
1037
1015
2150
1004
946
1000
807
1824
766
926
808
798
1754
829
734
731
705
1492
720
687
701
820
1773
868
795
836
814
1654
766
890
730
776
1758
783
1008
808
874
2053
1053
1004
958
952
2141
787
764
763
684
1403
742
721
842
866
1847
795
780
785
732
1750
779
804
784
707
1643
743
702
821
747
1587
896
797
803
1075
1737
884
890
841
915
2176
960
1032
840
922
1879
813
832
788
868
1714
760
814
858
782
1761
778
950
790
765
1711
816
818
753
788
1566
739
714
785
1034
2003
950
913
992
1044
2135
1047
862
838
828
1687
805
781
779
813
1653
757
864
754
814
1751
787
780
742
748
1571
700
696
678
644
1484
842
753
700
793
1681
1007
1006
970
1024
2079
914
975
1006
998
1945
783
881
750
748
1688
843
961
894
785
1762
819
803
811
820
1726
793
800
788
753
1596
747
745
730
721
1850
829
754
1004
962
1986
1015
930
1032
948
1967
1048
959
786
857
1744
946
813
830
828
1732
829
777
745
791
1602
733
707
732
673
1504
820
761
802
818
1715
808
803
818
785
1751
757
789
1026
978
1889
960
930
955
950
1969
939
1028
902
833
1773
776
858
813
842
1828
782
806
768
805
1715
806
847
804
759
1799
827
821
755
868
1777
810
778
755
669
1397
723
717
903
795
1915
1090
983
966
850
2019
1036
986
889
770
1725
716
693
761
786
1622
834
826
768
879
1703
728
761
739
873
1793
866
843
745
735
1563
741
708
702
738
1423
777
687
699
694
1979
959
990
896
1074
2162
914
870
877
995
1969
866
826
789
811
1869
924
848
824
800
1935
754
816
746
777
1671
815
834
922
821
1823
808
764
760
761
1762
837
788
746
764
2040
992
1007
945
954
1951
957
996
953
997
2034
911
790
775
809
1834
827
862
871
778
1666
831
896
880
818
1753
799
848
799
786
1710
790
822
843
793
1766
775
777
775
746
1439
1070
868
804
888
1941
1019
1043
937
970
2302
926
817
867
817
1697
880
765
884
806
1772
791
817
795
866
1742
709
807
847
836
3803
818
791
805
809
1752
832
783
807
746
1604
750
1131
954
956
2079
929
911
1025
1225
2143
1039
933
743
858
1610
714
735
889
802
1575
684
713
679
713
1650
826
772
814
816
1684
751
775
769
742
1503
749
763
972
795
1607
764
762
1122
969
1834
1019
1102
1000
971
2025
1040
986
835
778
1863
771
705
740
843
1786
757
794
778
760
1576
813
772
800
767
1823
781
831
849
806
1719
758
760
745
885
1718
820
807
826
1145
2004
946
1012
889
1008
1944
977
1018
983
840
1811
959
735
769
749
1674
877
773
808
723
1771
785
733
792
723
1598
830
740
795
762
1670
725
700
704
656
1706
765
804
769
969
2078
1055
975
925
996
2067
994
894
910
900
1826
862
819
775
824
1865
850
805
860
744
1696
784
756
855
826
1722
945
952
828
779
1623
795
820
766
789
1648
836
848
872
808
2221
1019
951
993
920
2055
1012
1029
1033
1022
1886
911
799
810
743
1759
899
873
902
834
1695
811
791
779
761
1797
844
852
824
836
1782
865
817
806
781
1779
807
792
760
795
2169
1023
1062
984
898
2091
1110
991
1057
939
1765
795
788
846
854
1792
864
800
775
803
1662
792
825
786
792
1529
752
809
751
736
1796
797
848
745
809
1817
795
811
785
772
2063
1037
981
948
989
2123
956
1035
971
983
1931
808
799
762
816
1843
806
754
836
792
1704
831
842
825
766
1857
806
856
801
795
1835
847
876
812
800
1691
846
829
804
825
2202
1025
1035
1006
936
2075
979
924
894
1004
1929
843
841
866
836
1827
866
849
792
800
1718
847
835
863
758
1787
833
852
780
909
1734
804
835
818
828
1796
822
765
767
762
2056
973
925
963
937
1997
1088
1011
1108
1054
2027
819
816
860
879
1642
840
810
834
826
1731
835
843
772
845
1814
845
819
776
772
1816
849
839
793
771
1821
677
694
672
712
1790
891
874
930
856
1844
917
924
876
840
2055
853
790
773
767
1697
854
791
806
831
1791
817
791
827
789
1762
816
808
777
756
1792
821
810
929
756
1744
817
810
742
736
2120
1036
996
1001
999
2122
891
829
777
796
1667
826
750
705
679
1793
863
803
740
794
1832
860
810
791
770
1805
822
782
819
696
1437
756
716
809
840
1872
825
825
814
779
2113
1001
974
997
923
2041
991
1008
984
1016
2280
932
820
798
801
1689
856
671
699
709
1624
965
820
762
809
1872
859
806
824
778
1912
837
854
797
805
1811
749
679
729
744
1962
890
991
1063
1009
2166
958
923
864
859
2021
875
944
871
844
1800
774
889
858
811
1908
787
805
787
758
1707
799
833
855
791
1744
780
760
773
746
1665
796
841
817
743
2137
1032
1073
955
953
2061
973
924
974
940
2043
732
716
742
767
1832
806
839
743
797
1779
766
780
783
823
1777
781
859
801
815
1797
843
813
874
808
1669
825
844
771
822
4188
964
957
985
990
2214
1057
1027
1091
992
2091
797
798
775
822
1767
734
729
736
866
1703
801
778
735
730
1647
778
686
672
683
1420
723
710
693
718
1519
749
753
708
720
2037
1079
1038
1060
984
2283
1071
1013
1046
1079
2137
822
775
776
866
1809
764
760
719
792
1719
699
752
772
812
1661
810
909
831
802
1780
854
817
761
753
1685
851
848
881
820
1929
918
869
816
1031
2143
979
1045
973
1033
2139
909
763
743
733
1752
841
812
787
798
1770
964
797
772
839
2019
837
820
851
789
1737
794
795
764
813
1835
830
796
797
760
2195
949
1083
1041
928
1990
890
880
919
1051
2247
984
788
781
823
1864
808
829
862
776
1580
744
779
825
788
1827
762
692
716
719
1523
729
690
668
715
1529
705
857
759
846
2174
1094
908
1060
1070
2201
1037
957
955
988
2249
831
813
813
835
1768
780
813
814
799
1945
848
867
865
827
1746
852
828
825
810
1804
778
830
776
797
1839
869
796
744
756
2009
983
948
1010
1007
2380
1067
974
1043
987
2022
835
893
754
822
1916
833
787
789
719
1771
837
805
797
770
1766
862
863
817
802
1945
812
876
840
820
1815
782
812
795
766
2183
1033
998
986
1044
2209
1035
952
970
909
2246
951
848
882
793
1992
794
803
795
797
1722
861
789
791
764
1797
812
789
744
761
1719
829
836
868
810
1727
816
815
820
752
2188
1070
1100
1017
1011
2098
1135
995
986
1037
2090
832
814
769
785
1848
877
791
825
802
1700
818
832
791
819
1725
734
755
663
686
1624
841
708
701
685
1627
749
793
687
679
1896
850
1071
1067
1023
2273
1074
1007
1034
992
2144
933
860
760
794
1898
786
712
730
729
1756
784
794
837
802
1807
853
897
834
869
1801
761
777
773
778
1836
722
733
673
716
1901
1020
1042
994
1007
2331
987
965
928
1020
2098
916
888
851
820
1835
817
828
800
819
1666
825
809
840
786
1774
837
842
826
850
1781
845
823
766
793
1724
795
797
799
764
2281
1088
1175
1108
1082
2127
1044
991
1022
897
1977
845
859
860
787
1864
821
801
871
797
1916
886
831
826
832
1765
855
794
892
789
1813
815
801
754
773
1715
804
837
783
760
2009
897
965
1035
1004
2102
1114
1031
1031
1061
2284
870
821
822
791
1826
877
843
849
853
1978
787
780
841
824
1724
790
799
830
780
1802
812
818
770
777
1779
775
767
803
786
2195
1034
970
1017
1033
2371
1037
1043
921
968
2221
817
771
776
808
1864
811
782
934
830
1598
861
804
777
810
1968
821
795
799
836
1751
850
804
804
861
1785
783
788
769
816
2241
1011
926
859
950
2102
981
898
1034
975
2200
985
798
814
809
1858
778
849
852
781
1808
792
954
801
811
1877
795
855
801
804
1883
821
854
816
847
1834
831
801
812
848
2281
1153
3918
913
884
2186
1035
965
987
971
2064
961
1009
843
882
1803
901
826
794
786
1772
763
856
867
803
1708
695
779
805
813
3995
819
807
798
834
1769
813
783
767
808
1866
803
787
1039
953
2010
869
907
940
871
1809
1136
1083
1134
855
1901
827
826
794
798
1890
853
923
846
850
1809
857
880
795
835
1997
805
784
791
901
1843
838
782
758
779
1854
840
1076
974
995
2239
1071
1044
975
1118
2074
886
867
836
760
1474
798
918
818
810
1841
781
805
812
803
1944
848
827
854
855
1837
888
847
784
782
1842
709
792
801
851
1930
853
1050
998
897
2080
943
911
894
944
2056
951
939
878
802
1823
838
804
778
777
1834
823
809
850
792
1915
766
793
770
736
1706
785
860
745
757
1525
750
698
740
731
1662
1060
1108
1068
1034
2161
994
1239
1078
1002
2212
1022
891
785
821
1873
873
788
817
852
1981
859
887
769
801
1782
803
809
781
787
1778
774
802
806
773
1933
818
810
809
1020
2218
972
1029
1134
1058
2304
1080
1136
972
957
1844
763
742
776
799
1764
845
829
801
775
1889
898
864
800
776
1753
781
807
800
846
1841
824
788
806
886
2244
1040
1012
941
1122
2336
1009
1094
993
1005
1917
855
769
847
826
1893
849
777
835
783
1692
861
853
791
780
1768
751
748
699
749
1657
756
763
937
1086
2196
941
960
1040
975
2313
1162
1066
1084
989
2037
848
805
825
751
1834
761
843
807
817
1870
794
835
803
853
1737
745
715
709
730
1515
1047
967
957
939
2283
940
1096
1044
1075
2355
845
806
804
842
1603
721
679
709
845
1915
846
821
823
822
1946
803
893
792
791
1909
796
860
799
825
1754
765
1002
848
871
1806
960
912
1066
1033
2232
1063
1064
893
825
2024
806
831
851
795
1839
906
868
789
817
1972
863
817
845
845
1964
852
815
796
815
1771
796
1071
1049
1079
2132
1011
996
946
1034
2112
1067
1005
804
915
1874
847
824
899
792
1787
862
877
846
796
1697
835
802
794
783
1853
864
828
779
817
1858
885
959
1021
1082
2174
969
894
949
922
1839
928
949
833
815
1877
842
828
805
823
1840
833
781
820
812
1925
768
692
726
731
1681
861
818
822
858
1813
730
713
755
759
2349
1076
998
1029
1044
2320
1121
1174
1034
1030
1970
809
849
909
820
1913
804
833
768
795
1745
707
830
787
808
1874
893
825
812
796
1861
802
800
777
812
1903
847
833
1002
1085
2156
1007
1061
1019
1034
2310
1136
1059
973
901
1742
808
815
891
847
1895
874
852
826
876
1811
803
800
868
801
1790
834
791
748
740
2011
834
801
756
760
1679
814
798
1115
983
2108
1022
1101
1001
1069
2518
1119
1026
931
917
2100
886
824
937
890
2106
869
839
844
868
1901
828
871
868
828
1852
881
833
798
901
3720
818
852
866
860
1878
822
796
1081
946
2411
1081
980
1049
1003
2150
971
1105
1131
1062
2037
906
979
960
926
1973
968
954
952
957
2082
916
872
885
895
2049
936
956
918
897
4258
905
853
873
829
1999
846
1100
1077
1070
2247
1089
1073
1028
1010
2161
1134
1050
1087
890
2275
751
779
739
839
1948
871
803
914
800
1800
805
759
778
770
1610
921
822
933
844
1931
794
730
757
713
1814
834
1152
1073
1013
2251
1232
1211
1286
1017
2271
1018
1037
1050
844
1835
820
845
796
816
1833
937
824
838
876
2025
871
885
900
869
2002
871
854
839
815
1945
888
816
807
831
1981
1078
1013
1008
1080
2196
1095
980
966
990
2215
1084
1045
778
784
1921
747
765
735
755
1661
751
723
719
748
1936
843
894
782
850
1932
791
810
885
834
1983
870
857
922
897
2366
1107
993
1060
1013
2173
1054
1060
1071
1020
2195
863
770
752
782
1606
938
853
873
873
1875
907
967
842
796
1965
859
901
816
803
1825
801
860
951
870
1883
850
843
789
834
2322
1038
1031
996
1033
2479
994
1014
1060
1020
2144
940
838
787
813
2007
819
775
812
778
1827
857
846
838
855
1846
880
838
827
860
1972
886
866
879
857
1870
868
855
849
1089
2393
1069
1044
1030
1035
2296
1025
963
1124
1040
2179
863
812
838
794
1894
823
854
790
823
1872
813
801
845
816
1732
719
733
725
740
1687
739
752
799
797
1754
849
890
1089
983
2287
1019
957
1036
1025
1923
993
1021
1077
1078
2157
842
817
914
859
1795
853
867
910
808
1857
831
793
910
894
1906
895
879
890
887
2071
828
792
791
815
1759
831
1025
867
877
1936
971
1127
1019
1034
2395
1012
998
1114
1047
1953
907
816
796
857
1708
778
777
913
922
1945
891
812
800
876
1957
871
840
824
826
1947
825
896
827
794
1950
1124
970
930
1112
2251
1034
1151
1045
1073
2357
1062
972
957
813
1818
958
832
854
844
1793
854
852
801
856
1928
877
837
815
892
1960
796
747
773
829
2011
848
759
776
747
2183
987
866
836
918
1845
885
943
1103
992
2292
1167
949
830
828
2138
888
853
919
828
1889
847
859
838
916
2020
833
805
858
832
1953
861
854
837
826
1925
850
810
838
1088
2167
1028
1008
1016
1116
2345
1096
1061
1026
1047
2126
825
866
809
803
1811
878
831
803
778
1859
821
909
854
797
1924
872
829
804
801
1962
799
826
780
821
1925
833
791
1045
978
1965
903
876
854
967
2080
1086
1035
1101
1057
2038
844
853
816
821
1994
847
798
814
821
1832
836
854
904
797
1924
848
808
801
792
1807
905
843
793
785
1921
863
1116
1044
956
2300
1114
1095
1100
1065
2074
883
1010
1000
992
2135
879
825
823
781
1885
980
743
888
809
1846
869
812
789
789
1823
740
787
860
866
1933
839
867
849
821
1783
1007
930
889
1033
2244
986
1028
980
1115
2412
1053
1098
977
876
2058
875
814
854
956
1979
842
814
879
839
1959
735
771
742
732
1744
855
787
804
797
1772
851
844
816
836
2225
1063
1003
3573
1001
2383
1190
1151
1016
1078
2376
873
784
836
861
1932
962
908
872
889
1970
841
833
854
823
1843
807
853
822
852
1752
825
834
807
819
1954
855
835
816
1162
2098
1118
1119
1039
1004
2009
896
916
1105
1118
2417
840
798
799
797
1798
893
814
854
829
1902
863
870
910
814
1818
829
859
836
828
1978
787
815
800
832
1818
757
735
938
1075
2333
1010
971
1120
995
2168
958
966
1148
1070
2067
940
844
934
917
1942
850
856
974
904
1969
877
791
786
781
1741
786
760
894
834
1984
841
786
830
838
1947
888
1191
1025
1088
2332
939
1132
1078
1077
2293
1051
1079
1055
1032
2050
808
851
808
892
1846
862
883
750
747
2009
888
840
866
845
1939
880
809
735
729
1840
841
893
865
837
1855
1089
985
820
985
2386
996
1157
1028
1032
2288
936
977
983
854
2175
821
823
823
860
1798
808
829
798
853
1989
798
840
719
726
1580
775
755
755
770
1781
817
827
823
808
2303
1054
1068
1001
1019
2346
1205
1004
1047
1013
2280
1004
862
899
873
2063
913
878
822
807
2092
897
866
880
847
1955
828
822
816
834
1923
845
866
901
955
1858
852
871
781
1123
2285
1002
960
1053
1103
2407
1092
1092
1062
1105
2245
948
879
861
882
1993
853
888
883
847
2058
869
780
780
807
1876
869
858
888
819
1806
769
765
767
791
1650
784
773
1194
1050
2320
1091
1035
1169
1051
2427
1157
1062
979
1137
2082
884
901
885
818
2096
846
852
834
862
1789
847
825
842
842
1841
851
879
873
831
1904
907
829
850
816
1979
810
1156
1031
1072
2571
1137
1036
1106
1023
2474
995
1017
1087
891
1912
882
864
828
821
1845
907
847
822
864
2019
923
841
868
906
1956
908
825
794
843
1873
842
864
789
838
2181
1116
986
1039
1056
2268
1039
1117
1063
1108
2348
1103
1033
935
917
2138
887
795
858
853
1940
887
854
853
845
2063
849
816
941
842
1971
859
872
865
826
1972
887
875
859
843
2650
1077
1065
1056
1077
2390
1040
1066
1016
1059
2266
1040
836
826
865
2028
836
844
794
937
1966
849
865
936
864
1966
842
869
839
821
1805
865
843
868
885
2040
942
861
1154
995
2274
1109
1055
1061
1137
2427
1184
1112
1019
1037
2304
909
857
984
900
1986
961
840
858
872
1962
875
856
811
844
5046
1014
1014
1105
1144
2348
1169
1146
1129
1111
2040
938
960
897
904
1964
887
927
880
904
1977
858
834
808
901
2003
916
827
794
835
1875
807
861
735
777
1616
803
787
788
753
1832
1162
1059
1026
998
2347
1191
1104
1023
1125
2371
1233
1081
1061
829
2183
874
904
842
936
1984
890
861
878
835
1750
800
838
777
816
1826
788
875
916
830
1897
779
783
865
800
2248
1048
1089
1002
1021
2322
990
966
932
1010
2491
1109
871
867
905
4646
902
850
866
837
2024
929
855
854
886
1974
901
860
877
862
2005
886
847
803
801
1818
828
812
1029
990
2252
989
917
939
1008
2236
1083
1138
1275
1104
2195
923
846
806
827
1812
849
888
791
836
1937
889
885
837
839
1871
915
878
833
875
2046
882
873
834
870
2356
1063
1013
1006
1100
2549
1030
894
1108
1113
2426
927
871
854
804
2091
834
827
784
854
1852
878
839
818
826
2022
878
755
773
776
1971
892
825
811
992
2199
1004
985
892
936
2184
1315
1258
1120
1166
2326
883
821
830
808
2033
856
855
884
865
2126
988
930
950
917
2032
890
847
809
816
1937
876
859
1046
1009
2280
1123
1154
1097
1062
2469
966
1056
1023
831
1980
892
887
872
817
1914
871
898
912
920
1965
843
925
875
861
1922
829
793
809
824
2356
1000
1030
1014
1145
2615
1113
1060
1151
1056
1969
906
852
897
948
1980
873
893
862
832
2089
902
885
866
864
1878
942
869
786
837
2198
1251
1084
1150
1110
2399
1066
1051
1171
1074
2070
852
851
842
858
2032
893
832
859
844
1848
912
859
790
829
1842
853
890
908
904
2479
1190
921
1168
994
2422
1215
1104
1109
937
2001
866
889
869
825
2020
927
918
823
807
1922
938
828
875
862
2034
904
1231
1093
1061
2402
1154
1015
1065
1099
2284
953
910
963
894
2099
925
873
837
806
2027
853
860
921
847
2029
943
895
976
848
2081
922
945
1197
1016
2442
1028
951
972
982
2245
1017
981
837
889
2011
868
884
834
873
1851
842
840
831
828
1908
831
834
907
864
1989
827
790
823
818
2515
1074
1111
1145
1061
2428
1044
1101
1080
1075
2066
936
865
881
814
2017
836
880
795
829
2019
937
794
894
869
2043
853
809
905
782
2009
1135
1028
1155
1011
2529
1127
1076
1077
1065
2529
976
931
911
807
1966
817
842
804
811
1873
937
880
904
918
1768
843
794
853
862
1977
860
853
896
823
2287
1103
897
1050
1053
2338
1067
1182
976
1190
2442
916
906
827
822
2111
873
911
894
933
2005
885
860
882
859
1884
875
848
851
813
1790
778
795
835
889
2474
1011
1058
1058
1030
2456
1134
1129
1135
1061
2286
854
799
816
908
2055
852
851
875
841
2012
952
916
886
829
2053
865
823
818
845
1916
864
813
841
821
2008
987
1286
1118
1021
2617
1116
1125
1186
1039
2208
1078
1060
1011
926
2075
891
871
853
809
2041
877
928
911
850
1852
880
876
904
869
2073
862
858
843
812
1891
861
809
1028
913
2121
1095
1025
1064
1085
2662
1105
1098
1088
1197
2181
872
788
799
879
2010
891
861
842
826
1746
856
876
798
874
1954
709
770
752
711
1544
804
815
866
844
1814
955
1196
1000
1019
2200
1149
1092
1005
1219
2462
1189
1059
1028
1036
2052
877
936
866
844
2184
873
886
887
882
2154
978
874
874
855
1888
856
843
802
801
1929
888
828
826
804
2336
1071
1098
1013
1071
2433
1150
1075
1097
1072
2409
1150
1024
835
939
2009
948
886
816
814
2039
858
862
854
844
2026
894
875
869
830
1941
854
840
774
846
2019
823
824
826
1213
2167
1181
993
1024
1058
4941
1034
1007
987
1022
2316
854
1069
925
865
1850
910
828
882
830
1905
879
934
825
975
1990
831
819
812
847
1813
821
874
829
802
2067
4360
986
1022
1036
2350
1132
1137
1067
1088
2220
1085
1062
1038
1169
2016
972
835
830
843
1985
876
902
834
855
1899
888
875
848
843
1951
895
861
824
853
2012
860
794
908
854
2245
968
983
978
936
2177
1153
1200
1119
1145
2090
1134
999
855
1017
2079
908
920
838
804
1677
909
990
908
809
1894
915
856
804
828
2046
906
908
857
863
1965
818
831
1145
1100
2289
1060
1009
1146
1034
2489
1221
1087
1201
1024
1831
941
918
859
826
1658
951
849
814
833
1787
839
778
865
879
1973
791
859
737
797
1947
771
772
761
863
2366
1155
1009
1179
1085
2368
1151
1184
1090
1110
2472
1116
988
884
828
2022
940
850
898
877
2135
934
951
882
875
1970
857
910
852
834
1833
871
868
925
835
1950
1120
1201
1019
1034
2264
1078
1035
1136
1208
2553
1101
1088
995
890
1851
835
850
840
840
1865
887
953
876
844
2020
898
875
851
847
1792
902
896
839
787
2130
985
1090
937
1038
2488
1093
1071
1195
1093
2452
1026
1075
891
875
1997
886
846
862
991
1907
811
870
897
843
1825
871
849
825
851
2183
1026
919
837
1142
2523
1144
1061
1084
1142
2318
1099
1140
1099
1159
2166
986
879
929
864
1929
756
794
842
805
1947
805
699
775
800
1622
764
800
804
794
2486
1062
1115
1029
1045
2418
995
1059
964
977
2105
910
866
814
811
1826
869
856
812
815
1974
867
873
887
809
1719
852
817
855
849
2254
1069
1020
1041
1095
2444
1048
1065
1145
1134
2206
916
853
838
790
1912
905
879
864
915
2134
898
852
806
851
1787
810
844
788
791
1924
829
809
819
1039
2149
1022
1063
1080
1045
2391
1036
1117
1089
1020
2249
952
821
831
854
1896
889
893
833
823
1985
823
883
795
815
1803
870
893
819
838
1984
872
1052
1025
1082
2142
1076
1107
1160
1023
2135
1095
1026
1047
857
2014
949
911
826
812
1974
894
884
856
907
2058
896
892
816
828
1865
847
826
990
946
1952
872
862
844
1351
2166
1063
1004
1037
1082
2328
1168
1053
1014
1096
2324
875
922
850
915
2033
884
832
817
888
1957
816
810
898
896
2090
873
850
795
819
1926
940
865
829
832
2527
1158
1014
1201
1193
2311
1080
1147
1130
1143
2247
983
854
830
833
2048
844
762
730
792
1739
819
815
856
896
1864
877
883
836
870
1958
797
905
823
846
2000
870
890
1129
1085
2182
959
1077
1217
1034
2422
1031
1119
1110
1018
2250
870
779
800
728
1784
815
809
738
774
1875
857
820
912
828
2074
899
866
869
835
2003
838
917
878
823
1819
1022
1037
860
952
2165
1073
1035
1025
1143
2294
1024
1089
1089
1058
2168
941
856
900
839
1818
924
854
849
889
2013
849
869
797
829
1870
912
904
836
832
1805
830
860
913
897
2542
1182
1056
1083
1043
2315
1124
1017
982
1002
2344
1056
1075
869
868
1864
854
861
826
810
1984
827
795
836
923
1888
928
3450
921
887
1946
824
826
795
813
1899
791
1050
948
1041
2132
966
933
1040
1167
2181
1036
1015
1097
976
2327
916
869
914
960
1906
883
864
859
846
1833
820
951
854
797
1803
799
758
832
748
1858
951
877
842
868
2425
1201
1017
1015
954
2335
1106
1092
1130
963
2277
952
971
860
926
2050
866
914
814
807
1696
785
818
851
775
1809
943
872
888
884
2111
975
875
862
830
1842
904
927
1198
988
2302
1025
1066
1119
1098
2448
1116
1096
944
1065
2430
845
904
855
886
1932
955
909
829
838
1817
852
888
811
806
2038
827
839
877
880
2057
892
867
834
833
2180
1066
1060
1056
1211
2381
1023
960
972
1057
2412
1073
949
948
920
1913
895
922
886
837
1966
1009
915
886
861
1996
896
871
924
811
1972
953
851
841
821
2111
888
901
1297
1151
2380
1028
1060
1036
993
2253
1063
1077
1035
1115
2291
922
909
840
877
2045
913
871
863
888
1862
882
880
858
854
1838
918
796
740
780
1659
796
905
909
900
2504
1108
1088
1040
1013
2318
1108
1063
1028
1155
2496
1099
1047
931
982
1951
848
898
886
828
2146
866
853
810
782
1807
867
824
842
826
1966
786
801
832
818
1881
880
1022
986
998
2463
1118
1078
1160
1032
4255
1084
977
1041
1009
2690
1067
1057
909
880
2052
830
859
872
971
1925
811
794
761
844
1978
846
779
791
779
1900
823
728
762
775
1916
775
787
790
843
2038
868
928
859
801
2140
1079
940
917
905
2541
1115
995
1070
1024
2556
1144
1144
1112
1177
2259
879
865
854
857
1984
959
813
892
850
2075
864
842
868
866
2000
848
833
802
866
2060
864
875
1139
1029
2383
1086
1138
1195
1073
2436
1101
1150
1202
1066
2283
908
901
991
941
2014
897
938
822
855
2172
880
865
850
850
1888
893
902
843
808
1921
797
827
1011
1129
2368
1107
1126
1148
1098
2527
1092
1054
1094
1093
2310
897
869
859
899
2227
903
851
836
883
2099
988
918
854
832
2020
892
869
851
807
2007
889
1188
984
1042
2295
968
929
910
996
2230
1015
1276
1101
916
1947
967
834
867
910
2118
848
822
876
813
2190
883
936
927
914
2105
955
812
855
863
2380
991
1010
1061
978
2391
1432
1184
1041
1014
2258
901
913
950
883
2039
897
862
881
902
2076
986
948
846
864
2135
870
883
893
924
2342
1015
1044
1137
1101
2418
1163
1103
1122
1140
2404
885
854
924
843
2017
947
868
867
903
2025
929
935
821
869
1873
904
921
870
859
2312
983
1022
1166
1125
2338
1091
1036
1066
1129
2272
862
910
878
879
2095
899
893
878
824
1946
890
870
857
888
2016
901
842
1024
1061
2586
1075
1100
1046
1087
2446
1124
1108
857
921
2004
1012
894
894
881
1912
863
868
935
855
1857
851
852
819
849
2416
1078
1135
1080
1062
2563
1029
1051
1068
1041
2194
904
876
831
866
1984
869
918
934
857
2004
941
854
849
829
2105
1133
1112
1099
1190
2414
1220
1099
1042
1033
2501
874
899
897
840
1897
948
866
877
843
4549
848
868
890
802
1972
1050
1034
1024
999
2448
1094
1133
1047
1089
2137
903
858
912
855
2059
995
842
901
878
2004
868
926
846
833
2324
1029
1019
1076
1155
2476
1203
1132
999
829
2017
912
893
875
809
2075
871
869
840
816
1887
807
812
947
948
2353
1123
1020
932
1061
2588
1062
889
871
877
2056
858
852
844
819
2221
895
871
863
878
1969
904
849
863
1179
2381
1129
1095
1071
1119
2337
1105
1063
1001
934
2218
929
935
890
864
1927
958
977
869
845
2113
889
840
867
875
1948
891
1207
977
1030
2472
874
914
847
926
1869
896
899
822
806
2117
896
889
876
848
1912
849
864
858
940
1958
927
867
856
840
1820
926
835
994
1104
2490
997
980
1122
1113
2427
1113
1074
1111
926
1873
920
872
840
889
1907
878
1005
838
863
2028
796
843
877
845
2184
1105
1151
1061
1102
2461
1143
1081
1054
1054
2541
903
850
843
861
2127
936
864
854
899
2153
1041
871
828
855
2268
863
838
1212
1217
2545
1157
1076
1139
1028
2595
1157
1007
877
821
2187
902
923
894
900
2292
839
893
867
866
2021
988
970
902
1204
2488
1096
1035
1059
1045
2785
1186
895
939
816
2140
948
900
808
841
2120
896
938
869
855
2138
945
899
1113
1014
2620
1079
1095
1081
1094
2546
1066
953
971
924
2069
946
866
899
904
2178
845
847
839
830
2110
911
1123
1054
1043
2670
1080
1171
914
1132
2354
971
918
822
928
2134
993
885
846
815
2061
934
946
840
843
2442
1039
1087
1233
1035
2395
1085
1005
872
880
2078
808
787
793
784
1691
791
802
757
739
1899
1080
1024
1037
1029
2471
1104
1030
1071
991
1890
886
981
931
851
2045
871
811
878
831
1970
892
858
864
864
2217
1079
1137
1049
1136
2526
1191
1182
1217
1088
2231
870
919
891
827
2032
859
833
829
841
2055
877
921
894
1079
2488
1139
1084
1038
1045
2569
1054
1007
986
929
2267
905
944
912
881
2080
922
974
985
879
2688
1069
1083
1012
1028
2399
1083
1075
895
953
2075
924
908
938
888
2010
894
854
867
824
1999
1155
1112
1082
1187
2614
1071
1044
948
898
1955
994
957
975
870
2192
909
831
812
846
1991
1095
1093
1118
1004
2487
1109
1261
1123
978
1890
899
888
910
932
2113
953
909
866
878
2278
1183
1152
1053
1023
2449
1180
908
848
903
2121
943
926
871
864
2094
933
984
896
855
2027
892
1071
1013
1088
2304
1109
1032
1027
1036
