0.2605381580162846
0.27098174390399593
0.2716632720183232
0.26706635190039196
0.2656404470927362
0.2696597590685489
0.26916404787087583
0.26743277407492533
0.26748315596961375
0.2692017472090258
0.26882003158515333
0.2675743315238149
0.26614504796669036
0.26585473466228876
0.2666962231307762
0.2688350374092382
0.26862284125621577
0.26721207888073184
0.26723801826718685
0.2671791184829644
0.26730062457443693
0.267284619198539
0.2670940069815278
0.2679702532161747
0.26835659022277675
0.2679690779376825
0.26762081842393814
0.26699621513743604
0.26731387618502944
0.2686312636286485
0.26851342134282996
0.2678276948480199
0.2677037509702581
0.2673143746342916
0.2673887129179793
0.26688688294742213
0.266153411952177
0.2653732518817528
0.2647882351446592
0.2651205126335597
0.2651997928118259
0.26507326640724416
0.2646330832766034
0.26457760434995536
0.26438242060355255
0.2640497218418711
0.26329255119970857
0.26323914712611485
0.26349911568944523
0.2632776131824301
0.2631125547920905
0.26304420288714586
0.2628559356595987
0.262578531866005
0.26265866475496913
0.26260715557647196
0.26265791605115935
0.2624878533198022
0.26221280846769174
0.2619991919202662
0.2618371867426289
0.26195656449922217
0.2619759744156333
0.26179840502200147
0.2615596248971583
0.26168114986214364
0.261694961836693
0.26128162666483706
0.26104745683364555
0.2611594627761436
0.2613224166223573
0.2613530728116906
0.26142451221863616
0.2611940648001436
0.2608421518312053
0.26042011403851484
0.2603703933508137
0.2601083248602159
0.25992345117758986
0.25940668620936036
0.259217078705382
0.25940065710345733
0.25932843108216863
0.25918344763132894
0.2591778441389582
0.259156323824994
0.2589183825036087
0.2587346672227672
0.2586186309460516
0.25843190738998234
0.2581885453001829
0.25828194541509075
0.2583280087839556
0.2580581303438395
0.2578204018252934
0.25777545486565645
0.25775378071439675
0.25759689877018965
0.257489115082793
0.2574698141396135
0.25748439257844624
0.2575667685108961
0.25745993011857454
0.25722690230731465
0.2571460064774661
0.25715248865966567
0.2570370965384053
0.25692520084759973
0.25654852551371027
0.25638710604292
0.2562196145889715
0.25629899131606143
0.25619155882207917
0.2560817807103586
0.2560316740560734
0.25602327768295846
0.2560827209657425
0.25609611483153016
0.25600768701191146
0.25586667335252244
0.255780643854333
0.2556220421115375
0.25536779038885576
0.25536986086860136
0.25534423075939805
0.2553329016863829
0.2552319330958096
0.2553317964738764
0.2553434663936244
0.2552558058056577
0.25507391105286215
0.25488483630279685
0.25488039304241866
0.2548218833400597
0.25483210152125907
0.25488858422920935
0.25488961716126174
0.2547934647727312
0.25469807199073907
0.2544906991228921
0.25438477521135616
0.25427313433115023
0.2542389498784256
0.2542646174916859
0.2540993064929068
0.25406238487084104
0.25402701066381117
0.25392626856564654
0.2537857948417026
0.25377331223995125
0.2536452298926085
0.25343464182974496
0.25328918094714453
0.2531161341039672
0.25301031327695517
0.2530653895106712
0.25293379314782294
0.2528131984072535
0.2528297279772221
0.2527621603145848
0.25267194103570556
0.252594693837987
0.2524342596802496
0.2523915444154032
0.2524655361533119
0.25247711922453153
0.2524096114749693
0.25233157593260863
0.2524062788588341
0.25236114615940014
0.2522703230715837
0.2521073834454252
0.25211285531723787
0.25209676678194987
0.25209275324013686
0.25200705458151
0.2518651097937063
0.25189881171613004
0.2519584084475498
0.25189850462359104
0.25181941396130714
0.2518464922772238
0.25186600499842005
0.25179301780145474
0.251704157298729
0.2516076303717918
0.2515278083917948
0.2515093864255182
0.2514795077951538
0.25145217902685335
0.2513304039980796
0.25124029542713994
0.25132960325786746
0.2512906563267946
0.2512665214235607
0.2512002800819808
0.25106176395677354
0.2510509155815706
0.25096962501200676
0.2509573650947514
0.2509042678677709
0.2509039590605255
0.25090037011851535
0.25085398224369054
0.2508193265878343
0.25083121827378646
0.2507560258235687
0.2507175961542427
0.25065688462311037
0.25057223034317505
0.2505437260195905
0.25044885829182895
0.25039369883598056
0.2503898327234968
0.25043368306339403
0.2504680846883297
0.2504115002508376
0.250403295247958
0.25034561515267073
0.2503296328141632
0.25027676887122463
0.250205208590893
0.25016650425240766
0.2501106358526001
0.24996228306457402
0.24991569593446428
0.24983929526615106
0.2497977790203586
0.2496787888630902
0.24955933925369206
0.24953341286238861
0.24948727297337267
0.2493877289125141
0.2493940008538909
0.24939288845845334
0.24936370633900726
0.2494208400421424
0.24943226639375227
0.24936796871547523
0.24926400105506996
0.2492663152867555
0.24930395154733825
0.24929054436824075
0.24919659240411257
0.24915026085795822
0.24913360027809806
0.2490877009980952
0.2489898469900274
0.24893337984663294
0.24896828174302493
0.24894254883144135
0.24896669465398746
0.24895092075487366
0.248906114435895
0.24895547227911538
0.2489836592360547
0.24888389392557625
0.24874220293148275
0.24872186320966938
0.24872605618288884
0.24875670793574575
0.24870301647203835
0.24855599859871247
0.24848820632586735
0.2485164796439255
0.24857632294653867
0.2485277197628053
0.24842557096955292
0.24834354850604876
0.2483653599336513
0.24834284405789073
0.24831087098825685
0.2482466780898348
0.24824648673804006
0.2482778931139362
0.24820318329948746
0.24827045215643762
0.24826003262347554
0.24822729450336825
0.24819597733480486
0.24814605804621076
0.2481706769939626
0.24817588648551392
0.24814467610728602
0.2482222708194048
0.24822972911117744
0.248185789814953
0.24814493365752086
0.24813253940499508
0.24814136509849372
0.24809132279995783
0.24809539089731572
0.24810046769354976
0.2479974317416214
0.24802402729731415
0.24806330877424113
0.24806976772875783
0.24807433088514508
0.24807283845255718
0.2479964767878826
0.2478892805266517
0.24785322414702757
0.24778971198012625
0.24775973897156764
0.24771893200944586
0.24761601979604486
0.24760413241042692
0.24760668916548248
0.24764980598068287
0.24764679411197163
0.24763322509976352
0.24758536742406603
0.24760809361649203
0.24765215024622214
0.24761362728163339
0.2475802926338455
0.24753778495076675
0.24756882962597884
0.24757093409922123
0.24753603922197542
0.24747682789162645
0.2474472017667503
0.24743701922215217
0.24744745858573086
0.2474039917691388
0.24739640097785862
0.24741373784694054
0.24740831924586937
0.247383849647999
0.2473695966603571
0.2473592649395893
0.2473510951166874
0.24730262789661847
0.24724964203750208
0.24715861224112434
0.24705685700360547
0.247101658127705
0.24716877900370948
0.24717727933485167
0.24712031094306566
0.24713132528201506
0.2471852959010378
0.24718444833342473
0.24711685341711584
0.24703046894841635
0.2470156473234578
0.24705216066645494
0.2469855183205094
0.24695604600197413
0.24694389813845508
0.246944778753707
0.24690624925292748
0.24687967208477288
0.24689592527845372
0.24686930738223314
0.24682373201650504
0.2467800460620548
0.24674418118024305
0.2467250144251536
0.2467398091621632
0.24673191518280585
0.24673487884917847
0.2467188614838007
0.24668198537428068
0.2466394269855191
0.2465819817781877
0.24656145997019094
0.24659855649480933
0.2466524304315579
0.24665543716710767
0.24662361470780156
0.24664132402046
0.24664989621854122
0.24661441221739075
0.2465674560182192
0.24653963727690806
0.24654079679720983
0.2464867027042997
0.24648227701917091
0.24639204637088002
0.24640193087468756
0.2463713042484069
0.24630031810727798
0.2462416827223253
0.24619552246888615
0.24618025641937707
0.24614442539812573
0.24608442749067755
0.24606098252802025
0.24608828296461097
0.24611310253263502
0.24608564254865972
0.24602570811824853
0.24602374749431608
0.24602043489808792
0.24600621391452362
0.24600552526221656
0.24600028335695662
0.2460388970517337
0.24606886204838407
0.24604991283826655
0.2460409812705741
0.24601549246017487
0.24603589603931206
0.24604779277911792
0.24605790905465774
0.24602340373208348
0.24604100444464466
0.24607479898514434
0.24604509108221517
0.245983685836887
0.245914719340017
0.24585154119938654
0.24586917624139437
0.24588343540125085
0.24589171013187128
0.24585461622537666
0.24583496331894453
0.24588498277562404
0.24586511801455135
0.24584889149574587
0.2458018162851279
0.2457907271141989
0.24580406263230636
0.245773332265685
0.24579065454489857
0.24577028565315645
0.24576760429489516
0.2457373391387673
0.24570813541514014
0.24572651046846888
0.24571657385912193
0.24566932537189434
0.24564893444600538
0.24564142901525493
0.24563112455152356
0.2455970193441722
0.24551544963747737
0.2454634021916388
0.24546877085944643
0.2455152732627095
0.24553298237839138
0.2455223224132963
0.24554301864154685
0.2455436014289547
0.24556428452937962
0.24558131933514765
0.24561044961072276
0.2455750842813548
0.24555769771891353
0.24555702626459558
0.24554805885402978
0.24554001622699886
0.24552497638194598
0.2454336288276459
0.24538215467710053
0.24534197877096528
0.24533403247416966
0.24529087461122867
0.24527485067673827
0.245253614822255
0.2452877060011769
0.24526889468292903
0.24522489643261677
0.2452000665898764
0.24516195608346852
0.2452075633439218
0.2452075101411151
0.24516075133886717
0.2451598918419152
0.24517969648293347
0.245128427187462
0.24508625235842285
0.24504848190277528
0.2450491338677881
0.245050739167086
0.24508084955407186
0.24503965427761232
0.2450283242705631
0.2450315039676962
0.24503986258556915
0.24505758156434887
0.2450431342967764
0.24504115945242722
0.2449861214540486
0.24499638505625965
0.2449923588569556
0.24494955093347595
0.24489555663933496
0.2448891057393082
0.24494162925357837
0.2449652448252503
0.2449703896396584
0.24491834186772699
0.244941322197031
0.2449430429439597
0.24488828933747056
0.24486890742226414
0.24487740145858186
0.24488149498386017
0.2448678716528635
0.24485977856426977
0.24487676601239253
0.24487410503687604
0.244882341650895
0.24487040557827844
0.24487931203028016
0.24489744495910085
0.24490217973091752
0.24490270384822357
0.2449137244369258
0.24489808548720485
0.24491211811318592
0.2449320402005181
0.24490046851558198
0.24486669926919766
0.24486059161638093
0.24485571772420497
0.24482285743517168
0.24480500177679326
0.24481958022433395
0.24486818170170807
0.24486511386229803
0.24487020818431565
0.24487076667390487
0.24485011141226262
0.24478780888327673
0.2447487964425164
0.2446977652434661
0.2446823294455719
0.24465417642507567
0.24463264665228757
0.24463690199193858
0.2446316656688551
0.24460601311602873
0.24458705514677878
0.24456134303220076
0.24454234251434684
0.2445806218802505
0.24459609971801466
0.2445734344462039
0.24453393468630172
0.24453558441435996
0.2445865749448156
0.24456857839358964
0.24455048989381906
0.2445575469069686
0.2445678877756078
0.24455541764160865
0.24454629129258296
0.24450477007733043
0.2445084604977816
0.24450851004068214
0.24448554632987243
0.24447177376811377
0.24445391146925835
0.2444469788804457
0.2444124352429824
0.2444075023384547
0.24438561223788804
0.24435547118643203
0.24433101651898678
0.24436757018864871
0.24436147817670947
0.24436079857965895
0.24433754149552167
0.24433614316805177
0.24434890061938602
0.24434014253471661
0.2443234185754143
0.24426591554603103
0.24428532311519902
0.2442782152887875
0.24425900443375684
0.2442705835895168
0.24426751038934003
0.24427950129305528
0.24429336171973484
0.24431185119096724
0.24433878641222415
0.24435787694461583
0.24433902210154002
0.24433338764733464
0.24434416195124392
0.24434863052403802
0.24435220108705108
0.24434814502097416
0.24434216587923818
0.24433955659892231
0.2443340774821794
0.24432058271218837
0.24428847854558644
0.24429520388572165
0.2443227748522874
0.24433664612012476
0.24432820011740178
0.24433804907545623
0.2443244592032691
0.24433697488366085
0.24433803600625684
