1338968
7032
10124
10164
10484
12277
13070
11875
12737
13874
12782
13893
13323
13121
14708
15330
17594
16245
14594
16189
17740
15573
18124
17234
16089
16408
17305
19532
16505
18816
18874
18387
19074
18445
21529
17102
20778
22162
21879
21066
21348
22246
19972
23603
23046
20806
22659
21140
19372
20025
23102
21445
22423
23420
24810
21887
22563
22951
24489
24182
24269
23448
23812
24824
25919
24532
25420
26620
23809
27584
24967
25678
24591
26540
24441
29957
27789
25677
27580
28512
28310
26175
28046
26267
29648
28984
31707
