0.23772229626338912
0.23606635597449055
0.2349555046403561
0.23738357115746916
0.23401699716216945
0.2323917385199682
0.22981532874883198
0.2273778438856158
0.22521515016859658
0.22532121048881737
0.22561913185096646
0.2255004454060923
0.2252969999395464
0.22471214034478812
0.22373816344226857
0.22310017464445706
0.2235505875797204
0.22394663085189584
0.22421537456527219
0.2252029736843101
0.2256750029162944
0.22579317326613252
0.2255370533055635
0.22522694036739155
0.2252530699116925
0.22459025957121054
0.22477198609399868
0.22514534189562826
0.22515728392240894
0.22533308280445333
0.22489664686913816
0.22460397602687507
0.2243909713844289
0.2244105623951683
0.22433595586195068
0.22432084290513254
0.224310273613307
0.2242157370507309
0.2242175236488291
0.2242973315844562
0.22432091027653986
0.2244797778476194
0.22441936937099616
0.22429574587974924
0.2242268704570405
0.22415863114480547
0.22433084648782814
0.22423504561947813
0.2241506774819597
0.22405985607557816
0.22415745126969142
0.22424940498098114
0.2240338469524961
0.22377854321464768
0.22359328365608716
0.22364370079463425
0.2236305992859118
0.22359479816411038
0.22375619945813469
0.22364609557766438
0.22359465690478783
0.22347941366226604
0.22346684558780625
0.22333735487715037
0.22320592854360646
0.22311827306531953
0.22305296562961224
0.22295070883900708
0.22288221257683216
0.2227713949463482
0.22260433959617926
0.22250682294722485
0.22257381082437824
0.22257664711164823
0.22259046710606079
0.22246291846051827
0.22232273001883393
0.22229940079530042
0.2221459117146614
0.22198647903306556
0.2220058673743767
0.22198184932762458
0.22208908952831488
0.22203557822821665
0.22209602807688905
0.22219742028404252
0.22223241065624233
0.22209181490283586
0.22221716512812764
0.22222122142791828
0.222316579666103
0.2224975175011133
0.2225204056060834
0.2225436810050588
0.2225624192587763
0.22262628645215185
0.22256638301701748
0.22243289804970354
0.22242241333670087
0.2224272532036091
