[3.289893980337492,23.561304302176524,-1.1371890798686095,-2.3405316647968957,-196.87694279361085,17.759679461426845,19.47581610169468,-0.9012353829992532,56.18300589103552,0.4248911183632454,4.169518901870085,0.2184834725994508,-4.953223220852845]
[3.289158161480902,23.55242252726241,-1.1374374321026615,-2.340923975291901,-188.4913626992095,17.834219762860545,19.480263466738975,-0.8996492603832441,56.173669301742514,0.42488461898022234,4.170606416183436,0.21853937364458395,-4.950628036021845]
[3.288204246877735,23.528084475148336,-1.1401787569358146,-2.3426514366482984,-176.09001551173122,17.883900506068816,19.477248359206797,-0.9129721597656913,56.1359083897584,0.4246930716842564,4.171207572948063,0.218589699311964,-4.959307204872244]
[3.287119675655709,23.521224706858337,-1.14532071862088,-2.3418205256875337,-169.12268250279334,17.91438172316527,19.477808458277515,-0.9093765927269425,56.13505698708787,0.42465503061410675,4.171533108168813,0.21860658702639987,-4.9565003935861744]
[3.2847471246003765,23.495034034103977,-1.1609786340395896,-2.3448004646787632,-160.1520374735989,17.946368820279915,19.48342969922245,-0.9334743332004907,56.10261789809285,0.4245815701071923,4.1726196981637935,0.2186680544611223,-4.980112066917197]
[3.2828491315868944,23.39055005345309,-1.1679975078218405,-2.34557991884395,-153.3261452399753,18.00044116663282,19.47512910000544,-0.9324968451526091,56.14727378188982,0.42444322835696113,4.1726386710769665,0.21842859997428757,-4.976507333386053]
[3.281016991390889,23.387375087486753,-1.0505937125152214,-2.348133608538687,-147.49714183653884,18.040630731646896,19.482453305208207,-0.9342956184688774,56.125452490053014,0.42428148993771425,4.173047728925814,0.21865168090526124,-4.978708245105847]
[3.2794591124956827,23.298449558000005,-1.042912113664259,-2.351203222041755,-141.23509917178112,18.08091737707155,19.48120762993241,-0.9478569269892757,56.07078172140243,0.42416545353826757,4.173506913459017,0.21872986378894596,-4.991603964863865]
[3.2772005776498374,23.231791717127734,-0.9265131188168636,-2.352451137638859,-131.71703084963335,18.13052065041262,19.475536868100573,-0.9492127888339972,56.053041646168026,0.4238929977462103,4.172776926191356,0.21851269648283486,-4.990735479568352]
[3.2764398827983916,23.195655586869076,-1.0609737573893716,-2.355377786776825,-120.81961679692463,18.133086672118647,19.486161573091668,-0.9481402528768895,56.04804640173542,0.42382657100157134,4.174033757517993,0.21866332976809408,-4.992437439523247]
[3.2749271996861387,23.179317669472123,-1.0682601261364852,-2.357851518955346,-113.16391151942456,18.174062559541937,19.48246171327669,-0.948790114259065,56.04151265906216,0.4236206718767291,4.173883710866038,0.2185576172230795,-4.992217885094238]
[3.2728860984439163,23.187047982723232,-1.085432080341278,-2.3614121810024993,-106.35768782459705,18.200708976118303,19.478204645121092,-0.969352691870688,55.94053669787532,0.42348353439263087,4.173776619902896,0.21846967978802903,-5.01377576393145]
[3.2709285983611784,23.126396246492526,-1.0956399340456124,-2.3637062257988934,-92.01320587329442,18.242816148569915,19.4740197883869,-0.9706943419458615,55.897294636045906,0.42329708028653495,4.174074731505251,0.2187707746507811,-5.013939999405693]
[3.2683294259743825,23.164435819270622,-1.092578080072379,-2.3662070835985083,-76.31787401857237,18.268678864116094,19.460265448778763,-0.9722473427756585,55.866951924280166,0.4230226175822145,4.172956779906362,0.21864110187607846,-5.013099925645993]
[3.266452690526192,23.179628530859333,-1.1065935684371058,-2.371263261132424,-68.1223667215526,18.267671558898552,19.44968537082717,-0.9746813758579556,55.73409115693251,0.4227002128575635,4.17233693044115,0.21862454539175455,-5.016431881740993]
[3.2646702851065736,23.10369709586317,-1.11809873861487,-2.376439983089097,-61.19440473614234,18.31531037647501,19.44381568991739,-0.9790802466647571,55.68190249014561,0.4224096744224374,4.172042226173943,0.21879208891014046,-5.019573434678916]
[3.2618945352025657,22.953631895375697,-1.1416173243080485,-2.3797170494077733,-52.43846323086719,18.347395731562855,19.437826585496705,-0.98346415283142,55.64203853219253,0.42203133866671333,4.171847367741107,0.21870101280171975,-5.024002859983978]
[3.260174936654191,22.842716017654773,-1.1479445690451577,-2.383463822860018,-42.11953989557003,18.359738684541014,19.42706497498454,-0.9886851620946748,55.56132353404393,0.4217013396988301,4.170536962805859,0.2184541860100009,-5.026158723507533]
[3.2575282686216167,22.713055628576047,-1.1561531659795048,-2.3882392395781817,-31.959461802172132,18.375881443604552,19.42312666134058,-0.9944289461761172,55.501777670134636,0.42116804167241256,4.169846065843668,0.2184399888729422,-5.030207592492701]
[3.2535869375569613,22.627871651900957,-1.180671932802099,-2.3954114083762237,-19.81564518570484,18.38230594204633,19.410364372723503,-1.0029061620388497,55.35033074667482,0.42062964970363814,4.168371407508414,0.2184434687726343,-5.0377288439605925]
[2.652153901962009,17.118489034009624,-1.4219301027144398,-1.4147054417860097,-691.7199705235379,12.109259256108071,25.94057105313558,-5.228910697417737,43.970726642534444,0.49690940677540646,4.680644240251778,0.3452244953427358,-8.869767507075387]
[2.6533276229050187,17.136679860945925,-1.4183681040361842,-1.4129421656394325,-677.503452937309,12.166422175946185,25.943580202027785,-5.221800988622191,44.004402343528085,0.4971190261863326,4.6814424495511195,0.3456427895393633,-8.866613456495559]
[2.654130264938571,17.18793298948456,-1.41760385384003,-1.4114316290196807,-674.0550734769391,12.192357391320424,25.94777935346573,-5.2180194185546265,44.00381200878635,0.4972507550612156,4.682371357985769,0.3458190004258092,-8.864046730923198]
[2.656033050102647,17.221694883532066,-1.413772817796209,-1.4092450280878939,-668.1279962409141,12.23058514108532,25.95710302896552,-5.213354060592097,44.04058612552807,0.49744025656796637,4.683219397680337,0.3459602672167181,-8.859523980417384]
[2.657298235235675,17.305469352521023,-1.4040474575790782,-1.4076234735553614,-658.9084599341844,12.259557204116643,25.96954389872904,-5.21784086876719,44.07795276449174,0.49764822804527986,4.685224302471286,0.346132387188733,-8.865187525179012]
[2.659287103258014,17.35140808379329,-1.394979578033357,-1.4049837129647065,-643.9283821011929,12.324654402574977,25.976388466143362,-5.211362817192042,44.126428832722546,0.49798067966322734,4.687228634961726,0.3461708579573637,-8.859598658380067]
[2.6604638834107694,17.3904434600138,-1.382869186091437,-1.4039226586524631,-633.3017180376394,12.38922295491488,25.989700102254595,-5.206935887414099,44.20112771259244,0.49823420249688305,4.689481104923866,0.3463545359699828,-8.857635107255183]
[2.6607176812417133,17.44442766176287,-1.3792248530181264,-1.4037163163018622,-626.7710740876752,12.433281138985869,25.983620315299337,-5.203137834492846,44.25912468138422,0.4983578118249583,4.690113708739706,0.3463942505480431,-8.854849993723226]
[2.661695498316905,17.419726322121758,-1.3498065953353429,-1.4009538825827401,-614.6350962028828,12.52167568764034,25.98879985540209,-5.1969453545231925,44.29876740327918,0.49849475392532994,4.6914364296071245,0.34658350231266477,-8.849769878074465]
[2.6613988876729167,17.451022808275354,-1.3572739511564493,-1.399331926947394,-605.0718776779808,12.551632312971494,25.98738183188634,-5.191718855672107,44.342040455013425,0.49862560125481264,4.69244277896346,0.3466610452093531,-8.845832897898363]
[2.6618963632724943,17.474156390910576,-1.125563659140609,-1.397541497846093,-595.3745431107836,12.630135525473055,25.995755784989967,-5.185359399987694,44.39583132345053,0.4987346050683267,4.694072556146901,0.3468893783565534,-8.841412261246068]
[2.6626119573818934,17.50505604683906,-1.1333205815327358,-1.3968924258974884,-591.1814641439935,12.661896282236043,26.004204387506473,-5.191486137439652,44.43665224167933,0.49889822250855487,4.69564631418433,0.3469931983816801,-8.850368497626379]
[2.663963872223118,17.563830184158913,-1.134503541753299,-1.3955935964903612,-581.9980241499716,12.717545853230988,26.012197718124906,-5.20233398074387,44.45991650805652,0.49908540219013703,4.696935247456161,0.3473164593127911,-8.862646688436415]
[2.6651481701375084,17.603534288751078,-1.1046731136596744,-1.3929041751915612,-572.431045166242,12.763374255868822,26.01683966643277,-5.194410200964637,44.48097912885469,0.49926140253705803,4.698190606202372,0.34737721050366777,-8.857443312022067]
[2.666422073866574,17.652631836205526,-1.1075649978801414,-1.3914672263999832,-566.4756718513618,12.792514624868659,26.025206504353875,-5.1884496317845805,44.52669068013411,0.49942011135037706,4.700017453201351,0.3478459277112413,-8.854624904100769]
[2.6674903011816737,17.63438488000076,-1.079693229829893,-1.3890602459798038,-556.9575138571286,12.845983841131526,26.02986001429123,-5.181032405448925,44.517678526125856,0.4996745954150571,4.701246361819419,0.3477613685104554,-8.849735329267524]
[2.6678952584741653,17.668263021655008,-1.085516582774448,-1.388422611072293,-552.1347492979232,12.912576423767756,26.033839943670174,-5.189512288762443,44.54531472124932,0.49975357896756273,4.702107685026117,0.34782563753405576,-8.859203192421196]
[2.6693027577297475,17.69757942674024,-1.0744596926859815,-1.3866550695885225,-539.7282131006762,12.971810127976642,26.0454173359637,-5.182650296721075,44.62228417185985,0.4999518856392497,4.704116754789373,0.3481711965425053,-8.85424572750567]
[2.670430937901847,17.72810071303288,-1.071401032343916,-1.3860325353506278,-526.7514713824579,13.042908915746535,26.054821594304357,-5.179485898221081,44.692804704513996,0.5001110875761478,4.705734775899157,0.3488239114568262,-8.852656247378217]
[2.672006102532702,17.72048963114574,-1.1709913221265804,-1.384062431390612,-519.6418905872808,13.095276508114685,26.062021299994395,-5.174532313480396,44.728873232208564,0.5002393226464908,4.7067798280528015,0.34893833117574613,-8.849042255378588]
[3.4305931503679634,23.732165294948143,-1.1531300474635073,-1.7365182693370933,-545.7865714717307,12.585768024191625,27.645799281510982,-6.978295438431817,47.05717429900447,0.5319845558076662,4.776795529650801,0.4678249546037408,-10.744913424961322]
[3.431833337645181,23.725466276114297,-1.165135252727195,-1.735684931136311,-535.4003311694097,12.635284438540712,27.65714163951775,-6.974404985586616,47.13906162635339,0.5321749842131429,4.77890706060246,0.4679243349461808,-10.74180953341657]
[3.43274491456455,23.676721674710468,-1.1504888468873447,-1.7346743369779694,-530.6575861423051,12.681701457053162,27.66129716803956,-6.968677158476455,47.193085561937934,0.5322568335884291,4.7797696058576475,0.4679923277861702,-10.738025657490905]
[3.433790083426185,23.722496891747575,-1.1562003543926715,-1.7345034664241155,-522.2919927623564,12.725967868276008,27.668721405669107,-6.964038013458858,47.21715529056797,0.5323529788793595,4.781065485331072,0.46819781412251893,-10.734537650153431]
[3.4344274971258435,23.68663432895562,-1.1521322956524094,-1.732914022503602,-512.1210148569695,12.77201924678566,27.667924197211963,-6.958226258026387,47.23721938841974,0.5325440638038883,4.782327789930113,0.4682580809660697,-10.728665036484655]
[3.434238303514641,23.696240793638044,-1.1404856391940734,-1.731637416611551,-500.3757652858038,12.820000712136508,27.680218194455506,-6.953425673656204,47.26678250993866,0.532634609705025,4.784265812313468,0.4688545017396124,-10.72380918190208]
[3.4352107928071303,23.78888408453917,-1.1365803335522582,-1.7307183127870474,-492.6453963337979,12.881048594193029,27.68572583795801,-6.962258237915879,47.28127590267808,0.5327921706794448,4.785628485656958,0.46898734019940447,-10.73704328342052]
[3.4354962821722617,23.830001391442707,-1.1239626734576789,-1.7279450456371412,-484.0700412045296,12.961054378452129,27.69637137575557,-6.954547682625029,47.36287196173529,0.5328938740599984,4.787387623330818,0.46929889097483535,-10.731237563566228]
[3.4357985121081693,23.847950185422494,-1.164408430612869,-1.7253562216834288,-471.2912328120289,13.017967886797233,27.70597198998238,-6.946887779187025,47.420610524376755,0.5329955723341406,4.789677244668003,0.4693367626614037,-10.724175517345104]
[3.4351956961041035,23.874148333707474,-1.1685322557553535,-1.7245160527837837,-467.14390466898743,13.049904638622062,27.70283791367589,-6.94331896035559,47.45076872337818,0.5330288063246642,4.790527251523922,0.46944114322827935,-10.72129111532838]
[3.4358358815045795,23.86273628987961,-1.1636878542156528,-1.7230524003372056,-463.2211520812191,13.082654035393022,27.709927153868033,-6.939126757296395,47.50821873853516,0.533118722208056,4.791648496574327,0.4695293248236888,-10.716289299540799]
[3.4360248630384516,23.901600735051066,-1.163727304637027,-1.7212025046677848,-456.76886043769014,13.131581525893639,27.701542932297688,-6.933928157072364,47.56135120336548,0.5331930720787608,4.7929511682586545,0.4696799315854176,-10.712629495527406]
[3.4360967808110563,23.90339852994938,-1.1514628417855657,-1.7197872198466162,-453.50440469011374,13.152981416264765,27.70410544451798,-6.929865750885536,47.55429913023128,0.5332564119572104,4.7937108175152545,0.46975821531079176,-10.709314705625314]
[3.4360839743110065,23.917116906591637,-1.1284240897553888,-1.7176948257336253,-444.06489567845836,13.295971942493008,27.698943463474272,-6.9239206300322635,47.55347073093467,0.5333268068236426,4.793836490582165,0.4697346292840073,-10.704342585180104]
[3.4365872335980283,23.91982553310283,-1.1244188602810457,-1.7175974122895392,-437.32558066055526,13.348618474138034,27.697575070836244,-6.938775271524229,47.56414078100957,0.5334899180119219,4.79476864083437,0.4697724790926497,-10.71426577789779]
[3.436834025526175,23.89631570716197,-1.1224502183162388,-1.716773136905638,-430.72978977248647,13.449254983858982,27.697761121942694,-6.933053752179519,47.53811309818154,0.533558182278427,4.795087019706481,0.47009554598287673,-10.711564037160915]
[3.436381906609187,23.877039590660154,-1.1339899845134593,-1.7153226898928922,-419.55307864161506,13.485979166102018,27.69398860286433,-6.9287470905766835,47.536039369989126,0.5336152607421971,4.795483659219999,0.4702117227099004,-10.707207440536319]
[3.4357788483265153,23.855924941259367,-1.1337317654087404,-1.714906685417352,-411.755487675133,13.532782415765924,27.702561615491174,-6.924395915705381,47.54245316874153,0.5337114746535458,4.796881101404812,0.47024961697697537,-10.704053167992365]
[3.4361095486572477,23.768052571675884,-1.1218327066192257,-1.7135737470572876,-400.7132411918958,13.579974698626026,27.711777184254444,-6.918540929828642,47.56160337088991,0.5337909101712076,4.797803222476926,0.47039933309406096,-10.6995068481005]
[3.4364346411962603,23.76286150557772,-1.11992569756621,-1.71182153655015,-392.374178266531,13.703389273001308,27.718487438255362,-6.913222991936764,47.595876774072764,0.533875932888134,4.799016039007246,0.47063850069618113,-10.694491096713119]
[3.227500223256906,14.058135627543269,-2.6926938436160373,-1.9131479879505657,-982.3362945569801,14.23799091299913,25.953614240379192,-6.676974253729483,41.105525574711216,0.5094283539659241,4.6888417212209355,0.5094283770673095,-10.036879646114693]
[3.2278869424594396,14.089961994376836,-2.689933231560761,-1.9119849584482607,-978.9330730839396,14.264613398749784,25.94760534000888,-6.6732780417474356,41.10785039289973,0.5095286488584112,4.689245935351135,0.5094091077211864,-10.034892510917116]
[3.228548298909052,14.153981089313373,-2.69267173230573,-1.9111503109764756,-972.0028388987007,14.293592962544095,25.940181330168524,-6.670639562392887,41.112144040646754,0.5096955121690303,4.689953528129617,0.5094357818316084,-10.034934879116891]
[3.228561544314299,14.148321941189314,-2.6851308574209134,-1.9101948264924347,-969.876449094758,14.310055367393797,25.94142091958306,-6.667352647194991,41.14039455048313,0.5097760588629531,4.690445031033015,0.5094536696774806,-10.033052675287879]
[3.2293533830753933,14.193230646220373,-2.67904791349148,-1.9082729774399905,-964.9237675475187,14.345928738652145,25.94920038818104,-6.662981075033527,41.187110261092826,0.5099351178534641,4.691855146150001,0.5096313005026966,-10.030078603868793]
[3.229539145530025,14.220078129243284,-2.636851990852028,-1.9074399612312245,-962.6401948440991,14.368621569115865,25.94801576947126,-6.6603958302781505,41.20947576346904,0.5100288387351526,4.692509104379753,0.5098691816574823,-10.028340642247626]
[3.23113730097922,14.323798589634082,-2.6283042329645663,-1.9053181473018879,-945.824946993592,14.440923503512433,25.953633766696868,-6.651678499242242,41.25958574125218,0.5103561960707252,4.694173500345141,0.5102992306731537,-10.020700747300065]
[3.231874040961836,14.381965155504984,-2.6184740806525775,-1.9027007470867923,-939.1723333286602,14.479024297508577,25.961174272876452,-6.6457048419366265,41.32218761042942,0.5105410061077383,4.695718497568975,0.5105020160207349,-10.016239422629075]
[3.232661640324964,14.37736757652372,-2.6123842560468655,-1.9012571403067273,-935.485823392299,14.499154391459069,25.965599858613604,-6.642081895524538,41.36258208577675,0.5106589387062527,4.696673402410742,0.5106326549611411,-10.013126470217477]
[3.2315764381909404,14.417564441275129,-2.6019162720806226,-1.8996763476321785,-932.3262037946029,14.525748559113396,25.945211597083333,-6.638044834167807,41.41005257464746,0.5107489166180569,4.697384340775496,0.5104558189984615,-10.010028835460838]
[3.232231907660284,14.442839105879603,-2.6000196246197342,-1.8986952883659027,-928.7612559222407,14.558275564944063,25.950969078762615,-6.634632973233708,41.44452176142906,0.5108668444669802,4.698224858501392,0.5107414654986885,-10.007632612373316]
[3.2326628453953656,14.47985631718881,-2.595843260861093,-1.8977552076001607,-926.9460438904622,14.583977234922699,25.953970651462225,-6.6319011478046965,41.472848249401544,0.5109511689397537,4.698839647881415,0.5108314887737975,-10.005819234565118]
[3.2331184288692123,14.531635753756419,-2.577799574176363,-1.8956186556034962,-917.7946430678506,14.646255120800888,25.96243833786334,-6.625963268585558,41.52895089585059,0.5110781236419866,4.700492169792376,0.5110344247764104,-10.000501093249941]
[3.232979685271344,14.557313192967896,-2.5760788510544748,-1.8940861745118274,-915.8842257431534,14.665785803943988,25.965179567206985,-6.622827128155653,41.576475592332244,0.5111567478460224,4.701226550368956,0.5110257009092264,-9.998006136632238]
[3.232860090161962,14.608681661833236,-2.5735221103722923,-1.89298072952808,-912.4003280107897,14.689647034088576,25.956876740446777,-6.6200381819690834,41.60712680083343,0.5112924540099467,4.702155918480182,0.5111105882620929,-9.996016762634044]
[3.2334604247956857,14.61801356529572,-2.561823330236105,-1.8904841989546088,-896.6759098166312,14.752568170954394,25.969466997844805,-6.61112926487335,41.66024227634918,0.5115770530339654,4.704321974329118,0.5114088541404692,-9.99093956615775]
[3.234970708699377,14.723404508179913,-2.5459262290029283,-1.889237310968871,-887.5868594529142,14.776091272315304,25.97623129437273,-6.606389967278189,41.680561404400436,0.5118112435190018,4.705661431592098,0.5114419371402908,-9.987695733987218]
[3.236139400856585,14.732902180038288,-2.543235499356763,-1.8880430385962008,-884.3254199237571,14.796816818334879,25.981904211447766,-6.602653569930193,41.70783312619814,0.5119698045435005,4.706651684556815,0.5114836164504554,-9.985752335148272]
[3.236157696649329,14.791602989323847,-2.5365396647644687,-1.886689621939574,-879.5137503199444,14.832630259895172,25.986374853874104,-6.599174248623417,41.73456564435049,0.5120546611431782,4.707604669066754,0.5116397233620286,-9.984207513311492]
[3.2368496634875923,14.835386732345974,-2.5228433935367525,-1.8843050393673817,-872.3723643397626,14.87904017626212,25.99546189407585,-6.593698958194575,41.76662725198924,0.5122303651109382,4.708797761868822,0.5116575395044576,-9.980418822731847]
[2.9000288911964587,17.851535249568652,-3.1276622739380273,-1.9137507930862758,-1042.9883647533518,14.359551146211402,22.499933500013835,-4.696919010209009,47.94639296488813,0.5116352025839811,4.708859415102227,0.5105679034271321,-8.09537367549616]
[2.9008463447664967,17.881354079653498,-3.1018618081282865,-1.9114643880470896,-1037.2200088716693,14.40684278653937,22.50886512217278,-4.692191907277913,47.97015805433547,0.5117851107726303,4.710317190061941,0.5112846382775837,-8.092100570546979]
[2.901250566771194,17.9091905206038,-3.0825087450043798,-1.909511807585551,-1030.1545366774171,14.461455111125005,22.507657928841446,-4.686975349254555,48.0030629777238,0.5118962849182314,4.710990053814533,0.511501770556164,-8.08952408091809]
[2.9014638093652745,17.958848496815975,-3.0650064479096892,-1.90806550412065,-1026.487334122535,14.487702010634305,22.50985255706589,-4.683216731438055,48.02557564588777,0.5120243509171623,4.711931904335556,0.5114570514314003,-8.087057381551071]
[2.902516752159002,18.01293623861683,-3.0590300736687666,-1.9060986547227334,-1019.7768884649599,14.51876647689852,22.51752232697647,-4.679003383066018,48.07666074028962,0.5121767548002031,4.713217509710448,0.5117388826289907,-8.083262453656648]
[2.9031924442510304,18.035564809055913,-3.05256172674077,-1.9038087872704705,-1015.952207674567,14.557605710380214,22.520885631363818,-4.674967968528443,48.119078628076046,0.5123200609333913,4.714179638068473,0.5118491645920211,-8.079886187027787]
[2.904105138118353,18.078326785785645,-3.0496556232845773,-1.9017665868613267,-1008.7676891469932,14.610088698752762,22.530312850058728,-4.6853098024540865,48.16670979463349,0.5124940234237675,4.715706015298334,0.5120734680150634,-8.090319289460265]
[2.9045786187626685,18.072819711719035,-3.0320416359470963,-1.89978410439728,-1002.2219406372558,14.647304540150508,22.535340645567366,-4.679991373533126,48.18977465357862,0.5126282709066913,4.716620058984,0.5121610499910297,-8.086143977476151]
[2.9051910100415226,18.105807222123264,-3.030940958040123,-1.8988677748939908,-1000.4219652238263,14.678006110579073,22.53850102189722,-4.67722185098179,48.18789360425493,0.5126953909291921,4.717184445911579,0.5122661135385712,-8.08441833620534]
[2.906296571831051,18.185477383798833,-2.994747488850053,-1.896736876198657,-993.746763693938,14.716982045512951,22.545955441084956,-4.672723602403199,48.242005747033375,0.5128176530919161,4.718519439236512,0.5126871381737715,-8.0811227171877]
[2.9068303261366744,18.224591040265462,-2.9185083456952725,-1.895832702755379,-986.8438565166076,14.733600728858201,22.55203801026397,-4.677009363218807,48.2764860521643,0.5129696563092555,4.7196294776892875,0.5126167693043775,-8.087819791516079]
[2.9074687763376033,18.2627667893274,-2.91387532932253,-1.8945926613635582,-983.0423568183213,14.757429519066296,22.553809798032027,-4.675295044670182,48.30173666827868,0.5130847103064797,4.720442028798229,0.5127394377120066,-8.085928672509636]
[2.9076356183209504,18.292491012645513,-2.908294160623858,-1.8925666589121235,-979.3149537379372,14.792880266058125,22.554671318904802,-4.671947935717606,48.33181166821796,0.5131744071789895,4.720866637550393,0.5127708271304002,-8.083299780860173]
[2.9082715146758247,18.31288917316492,-2.9047110537379717,-1.891549811699216,-975.7385483057168,14.816958711574799,22.557274673997597,-4.668557800583892,48.35578568928411,0.5132894564988026,4.721471253526885,0.5128478539251958,-8.081112117503086]
[2.9093695196211398,18.34176166805926,-2.908596654216858,-1.8901316667347372,-967.7770510982534,14.853133148551443,22.56370911071411,-4.673110404256324,48.39197553880197,0.5134970025753995,4.722580016759008,0.5137139044057171,-8.085346598133397]
[2.9093293271438254,18.35963551496385,-2.904227148809241,-1.8901297150587624,-965.4990834684725,14.863122189019235,22.56455167332855,-4.672443281200232,48.40351407072454,0.513554550198807,4.722995801742474,0.5135649290495873,-8.084742483828046]
[2.910880208191597,18.366920112113576,-2.9111070802587946,-1.8884618084367162,-955.8932035223122,14.887100135022814,22.57243878097898,-4.6686836638710085,48.435593650226295,0.5137033693482952,4.723867350273931,0.5139411713098455,-8.081755460718275]
[2.911268185857051,18.385128886529216,-2.905617780687511,-1.8874519196222888,-953.9089443367911,14.904276982210966,22.576903807938553,-4.665974159682891,48.44705565065364,0.5137931228773089,4.724790885448159,0.514061235535571,-8.079631880561264]
[2.9123864139764515,18.418335945500072,-2.8875508550727256,-1.884794142800618,-947.384901601776,14.940171790505403,22.591241993963838,-4.660676437234792,48.52581808107059,0.5139666148586073,4.726410034702585,0.513926261397842,-8.075543752300078]
[2.9135774652728506,18.44483405844473,-2.870588654318287,-1.883004161006758,-943.8158329742333,14.976721283451761,22.598745537770693,-4.657263740544975,48.542201604861084,0.5140993942283727,4.727255391759049,0.514051435340546,-8.073120469308533]
