0.2504689532415965
0.24268969771745835
0.24787938623555061
0.2591534671407721
0.25895220462181995
0.2625390413136584
0.26382650988832446
0.26348278904753414
0.2651986590664295
0.2707121896284746
0.27107316292573325
0.2724000870687933
0.27327852257857443
0.2763444055810835
0.276388859327369
0.2767255816834695
0.2788586914730229
0.27957054986312696
0.2820071660670229
0.28262507320006963
0.28229763117527895
0.28345000614067406
0.2834215022396579
0.283200907065215
0.28307796099640703
0.2846339531499838
0.2845399712979462
0.28555641598300097
0.2854448451245177
0.2856465643007183
0.2855930974233394
0.2858053903525818
0.2861274396529802
0.28659384350492945
0.2871531846921665
0.2875495432314503
0.28873048487974545
0.2892512027595112
0.28929318679204447
0.28904055833804315
0.287409219420376
0.2853268185300045
0.2837929779630396
0.28245027343599105
0.28099845335441764
0.280562206862038
0.2800851348152278
0.2786891743500777
0.2779377877333243
0.2772721824909401
0.27616376942388565
0.2747440182132115
0.2736470125616702
0.2726442179186161
0.2714874402783205
0.2707066887377526
0.27088925670397623
0.27071699805633237
0.2703378945967699
0.2695999589636477
0.26882287622710943
0.267816514968771
0.26694984491313434
0.2663224400236109
0.26586096583081986
0.26528771884082103
0.26481030256806143
0.2647968554005508
0.26468597793127063
0.26436843712792607
0.264658647431398
0.26533340815466144
0.26603283530270416
0.26646697339180425
0.26693838791003877
0.2673068808374973
0.26794752656821624
0.2685065933545641
0.2687841921255068
0.268690350941897
0.2687001018570704
0.26871243268125833
0.26919043598878845
0.26942663047607546
0.2694123529299563
0.26960039820199444
0.26999592049848414
0.27008461991583865
0.2698258254488049
0.2696927444405745
0.2699172453881327
0.270491389781824
0.27087297906408825
0.27095093429750444
0.270987140225145
0.27138268468874144
0.27148545096655363
0.2716894461626231
0.27208722526683443
0.2724948965119818
