185.63274679187725,28022.0
175.21980179359943,24583.0
147.00498490960965,20638.0
110.20174169471552,15243.0
83.3185688692629,9226.0
38.410333306454206,3927.0
43.401729225790525,4065.0
51.631728261530164,5259.0
79.22419542726682,9319.0
102.48295550063362,13103.0
118.06012420770172,17573.0
111.16515430391433,16159.0
840.0441208181786,21743.0
144.46260052657897,22053.0
144.47502974399794,21522.0
149.81772820256793,21262.0
161.53549768772626,21886.0
175.13588849309164,26250.0
162.01423749930632,24571.0
107.5680087984476,14843.0
101.0146343998893,14734.0
90.42160711023051,13632.0
140.4846898494783,22745.0
113.77418109689685,15831.0
72.0531084592802,8820.0
44.74720240950223,5014.0
27.18664674553169,2989.0
18.152164673790853,1901.0
18.728701094188917,1873.0
32.813822677056685,3313.0
66.93910066610071,8138.0
106.5056555518572,15365.0
127.95422820953091,18489.0
117.73292934116483,18484.0
112.81094402759271,17872.0
84.73537339581995,13486.0
615.3054025455921,16886.0
119.0435120487604,17028.0
142.99802787219542,17820.0
131.17202729068038,16000.0
110.07909483145687,14799.0
125.65854400811031,17540.0
135.63211231322038,21417.0
141.01841665419406,21611.0
132.82286621323732,20100.0
124.52910547250501,18715.0
111.31783584751058,16323.0
88.87714427500806,12065.0
66.30627660145686,7859.0
40.515814277910295,4569.0
26.018406335685842,2768.0
21.599524339563988,1961.0
20.816256953179263,2186.0
46.23830010106417,4320.0
99.86248342238275,11013.0
140.76901707815378,19317.0
176.737715135157,23002.0
180.9460953284798,23141.0
163.9208813242412,21726.0
98.68603411336764,15081.0
914.616537235842,19962.0
146.59963595017143,19584.0
159.54852280932397,20659.0
165.35673449897172,20811.0
142.86577749563486,17477.0
166.76936514973428,21545.0
189.22880253981302,26755.0
176.8416680972621,26870.0
169.66852049016535,26814.0
165.1112553751971,26227.0
148.679910150418,23336.0
122.94568041912954,17216.0
82.41889434642628,10056.0
52.19079602460153,5916.0
31.45027199451592,3548.0
23.5894769518717,2475.0
22.98722936972897,2394.0
47.871227372432486,4065.0
106.43379401675796,11718.0
151.18062912963944,21080.0
176.13282708166352,24379.0
171.68758498711034,23099.0
148.00610071764078,20101.0
96.4784205671378,14128.0
929.1376063412865,20054.0
154.6841761791979,20112.0
168.90283681704577,20797.0
166.85196746917683,18836.0
134.71158543089163,14736.0
165.36077543764446,18337.0
176.86248344749487,23512.0
174.93966315555758,26516.0
165.54493919849617,26069.0
161.582231146146,25854.0
145.54285254428353,24156.0
117.33018711031305,18233.0
88.09396981133385,11747.0
55.62832151938209,6821.0
36.334920440125636,4201.0
25.24838837940212,2792.0
25.680788222569316,2607.0
49.033464109538876,4297.0
114.04169815603662,11932.0
152.41947873400574,21343.0
173.44752066940435,24660.0
172.0931042174499,23298.0
137.7016417213001,20704.0
99.80433385691337,15220.0
903.2704218803144,21198.0
147.63198343996737,20787.0
166.29173951041153,22246.0
174.3608716002917,21489.0
150.24772561612687,17227.0
173.69796344356985,21588.0
198.8405362188237,28136.0
197.36102874003697,30027.0
199.52418786004475,30196.0
204.21726480895452,29757.0
188.22244401301447,27323.0
171.18870800165175,23319.0
127.5882138867411,15722.0
83.50781132090846,9529.0
54.89359175030678,6232.0
38.709627383626064,4102.0
33.30170902645232,3442.0
55.4726426823596,4631.0
120.24318595158087,12223.0
161.7732791568534,21692.0
171.62073675745822,24654.0
169.90169092606416,23431.0
148.98332188575867,21089.0
102.67467755163577,15605.0
952.9422996802675,21575.0
157.12924795118428,21347.0
183.3133794479495,22383.0
174.44118739878178,20500.0
148.27798972192323,16984.0
175.41904293233492,22013.0
198.31102417901946,28179.0
197.72357643001172,30332.0
192.15485519739352,29077.0
183.4160280865934,27964.0
176.51781078802208,28078.0
179.93451249673043,27703.0
181.96050366015078,25489.0
157.20261094282625,21396.0
133.22554100734632,17346.0
104.97819863706461,12789.0
65.42635661116394,8074.0
40.70593472212149,3938.0
55.27869528276406,4853.0
70.48293083606697,7052.0
97.29154253076395,11339.0
127.93556078687749,16394.0
140.34486055636998,19861.0
122.62034300297516,18801.0
918.995813657122,24247.0
160.01762065961438,24113.0
151.9217444749092,22588.0
146.8298232022414,22099.0
137.57018070432176,20920.0
155.86403427004578,23575.0
177.3002558622509,28265.0
181.39685559927477,29253.0
157.46331460144455,25058.0
151.73092560867812,24483.0
170.18026402703683,27544.0
180.26946476976448,29282.0
174.09855511031878,28042.0
162.01494051296424,25268.0
148.0231383602109,21787.0
127.97191221174246,16565.0
89.34066184238304,10426.0
42.70392376133878,4347.0
46.663841463405035,4302.0
58.06006812105306,4955.0
75.38387673249962,7751.0
101.80157198344646,12102.0
126.35638881984687,16617.0
117.81701222088637,16214.0
837.315922969707,22468.0
153.5551647520638,23478.0
155.96009390059945,22860.0
164.1005809397827,22294.0
153.18230636635826,20941.0
151.26340883581227,21015.0
152.37400523421732,21514.0
133.25614495914942,19173.0
111.12745998460241,16385.0
106.907487738183,15091.0
93.18025230909784,12684.0
80.32068132443753,10759.0
58.51828053568344,6946.0
37.62880713597838,3934.0
24.56815047194358,2669.0
18.005236037216385,1815.0
20.794707993175766,2098.0
41.292951006424595,3869.0
102.32639634705299,11476.0
140.76073491410912,19347.0
145.96241219982642,22042.0
132.06168353371464,20634.0
117.63051803527489,18530.0
83.64286445080293,13246.0
643.0985663801732,17673.0
119.39116261050007,17387.0
131.85976212791218,18619.0
132.90633077965873,19165.0
131.11113213486627,17590.0
144.12190614295906,21424.0
159.76393515591766,26223.0
159.93108510395763,25652.0
157.48758030175742,24191.0
151.93395570223578,22496.0
128.7300107690193,18653.0
94.90361457609498,13138.0
64.54285729089392,7911.0
37.793375069330295,4503.0
27.75694865139738,3012.0
20.07463269672421,2059.0
21.533191879846704,2154.0
46.55542024333756,4196.0
105.67408110783867,11969.0
148.63110122220235,21120.0
165.64815525353427,24626.0
158.4790614463888,22847.0
146.83068162882645,20084.0
95.29805336100094,14289.0
859.7188816314293,19603.0
134.67194451184855,18868.0
142.26186237187588,20210.0
150.90448175251322,20148.0
145.08733161393482,17577.0
166.21640136728178,22191.0
180.8101838061966,27871.0
178.40078529315883,28354.0
169.823611502833,27445.0
172.3781071522691,27300.0
157.3421117184394,23925.0
119.76971408373024,17552.0
84.02683292378423,10638.0
49.29317106082305,6040.0
34.10480352500336,3951.0
23.448127902046203,2624.0
26.246237664547127,2481.0
50.70459286387097,4383.0
113.56508613116573,12204.0
155.54393675240223,22263.0
169.45743449695163,25450.0
168.92716799591744,24010.0
145.70880816485473,20770.0
98.28908828047614,14993.0
985.7530796113867,21265.0
151.39794743339152,20131.0
171.73145554488363,21958.0
180.83782471233332,21063.0
158.41685588738397,17106.0
183.39321003709225,21372.0
197.82904361468252,27083.0
196.54779610518003,28965.0
177.75720569802655,28367.0
181.73049264995024,28239.0
169.19640807907777,25817.0
136.31557581597758,20023.0
97.34162843299308,12674.0
59.980351069983875,7414.0
39.25032154062439,4699.0
26.847341949138833,3091.0
27.682472952365554,2838.0
47.21031838611622,4276.0
113.70478269262067,12048.0
158.0339814807598,22202.0
177.49093941237865,25768.0
160.49115483875653,23734.0
144.1922313234925,20718.0
104.52424192408857,15304.0
962.1746535766454,21402.0
153.73763758553093,20314.0
178.20948249145562,22403.0
181.29525471041296,21146.0
163.75198203338277,17026.0
186.76458657117877,21775.0
208.07700094964375,26993.0
211.66074263339286,29114.0
202.59802447607973,29052.0
204.71114547940823,29270.0
193.7692178634465,28323.0
184.22452215343048,25534.0
156.80286536789467,19548.0
105.9184607418041,12570.0
74.79365310480131,8126.0
56.05729749727738,5807.0
46.92028820496352,4453.0
61.966173479023716,5155.0
133.92442161233012,12882.0
177.2830481829301,22587.0
192.9447224472757,26161.0
186.53210277323836,25367.0
171.9582108315223,22659.0
111.70384421656644,16682.0
1080.3675682064852,22025.0
184.87599922856384,21705.0
211.4354331510573,22465.0
211.6712025531104,19885.0
177.86067255558658,15949.0
213.11846883556856,19852.0
241.43112914321068,24697.0
246.7483341721179,27578.0
225.28156704307952,27793.0
213.0392481927812,27298.0
198.90433122091375,27816.0
198.42764268904963,27327.0
190.99373392929712,25545.0
172.5187958048763,22142.0
147.05310985573072,18227.0
119.34157542470271,14467.0
90.53617940163545,9582.0
49.23086561632274,4647.0
63.65298822875267,5530.0
79.30635358976014,7933.0
108.19262512494996,12275.0
135.46877432420587,17326.0
153.8884059253199,20590.0
131.82767487946077,18664.0
975.3282238476909,25094.0
174.36094763719979,26076.0
176.90191080901482,25570.0
176.7700875755535,24606.0
165.91448931614715,20845.0
168.13482254682864,22324.0
201.2446908814211,26880.0
198.67405362995956,28434.0
176.83208907681862,26493.0
171.92454633506554,25931.0
182.0156353713037,27205.0
186.1887826344825,27253.0
173.9060631262657,24874.0
159.5878193240823,21947.0
146.79064998398727,19016.0
123.32155210844331,15392.0
89.51834776724915,9821.0
45.68196104378925,4576.0
41.8575834913879,4097.0
57.28417213060555,5276.0
83.15181122964528,9051.0
112.39878016767359,13031.0
143.57834235939146,18199.0
139.85295314655482,18413.0
943.1291899135736,25257.0
173.17046224018426,25804.0
176.20845453060727,25169.0
173.72664631719695,24093.0
175.08931291036956,22503.0
173.35060233593012,22903.0
188.72051904330115,25335.0
186.1153676638807,25316.0
165.00681187535685,22000.0
152.66602933268345,21162.0
149.96162632905595,20278.0
149.093107318301,19077.0
109.01099315268122,14166.0
77.84508739131712,9513.0
64.77963193966532,6831.0
50.108875441792875,5137.0
43.151621479299145,4122.0
42.941283799549204,3755.0
74.70263326120468,6547.0
96.26726449252845,9880.0
126.3838751526822,15917.0
142.85817881576796,18784.0
147.70520060421265,19761.0
129.36721207858727,17145.0
846.9767785749516,23618.0
165.10892914491828,22519.0
178.2016329391204,23425.0
184.51971061868565,23211.0
170.6578303627022,21472.0
175.64084771646256,23738.0
185.09391681158058,27149.0
177.5222055129854,25278.0
149.77873833767703,21350.0
144.05839298706067,20121.0
133.55566596466508,18667.0
107.83173912333126,14769.0
73.95870885525714,9464.0
50.542272947002274,5649.0
31.668404248438957,3657.0
23.153678818111253,2281.0
22.256197918590942,2113.0
37.550554984627134,3320.0
74.70281561783213,8062.0
104.59615230020283,13533.0
128.98809453314624,17841.0
142.24480098785304,19251.0
135.00287406832203,18899.0
94.72562388249428,14482.0
774.260326385202,19612.0
126.21511779141876,19297.0
137.9179262080567,20082.0
143.07237076260824,19670.0
140.01394184421707,17308.0
153.90067660417853,20915.0
173.2877076038679,25997.0
165.79669688510333,26543.0
163.859694576862,26264.0
158.43043508669726,25400.0
146.70048797479612,22343.0
120.31726749509203,17703.0
90.27328664424462,11095.0
53.15199751644302,6649.0
35.72786968871791,4175.0
26.504162829819084,2818.0
26.85158843928004,2633.0
49.135679039487584,4126.0
110.62155923669492,11394.0
137.4413674037685,20092.0
161.35939183401405,23787.0
149.16804364382807,23014.0
147.49602255143546,20458.0
103.92515754526494,15000.0
933.611068889994,20928.0
154.14475087759155,20327.0
161.8628954466969,21086.0
165.36689384346133,20565.0
143.82306374138008,16970.0
167.6443334098242,20468.0
177.30461449795712,26206.0
180.46294583000878,28682.0
168.9050974731515,27400.0
170.47002830517295,27119.0
164.1273331680117,25154.0
137.96831172457166,20238.0
100.87464412957246,12628.0
64.49482733121239,7648.0
43.5169689572144,4852.0
34.177618865895575,3229.0
27.627959029999474,2712.0
50.44156983904907,4282.0
110.7111982291614,11599.0
145.19479121134896,20919.0
165.38793283702196,25021.0
161.007992615156,24078.0
153.57272195799254,21986.0
117.56375791213206,16310.0
994.5088513273865,22702.0
161.54743367936015,22200.0
172.12926046629082,23079.0
188.30986786034975,22441.0
162.08658250075072,18334.0
185.28375009797824,22813.0
206.79804810451435,28260.0
207.3689135143694,30064.0
212.82106766596075,30851.0
205.8588166520948,30366.0
205.9644205407244,28615.0
179.8448426811603,24231.0
135.74534950202218,16674.0
88.23624385824567,10092.0
59.84364328736531,6477.0
41.41689629844123,4421.0
35.632359909544604,3606.0
56.935781479288096,4733.0
120.38734338241447,12088.0
164.7800951315238,22001.0
180.010463095906,25942.0
165.828379959061,24792.0
160.18215468345278,22690.0
113.70947979063725,16835.0
951.4518878141128,22698.0
158.45211939433105,22026.0
176.41415102703297,23601.0
181.23672012596646,22078.0
162.3900851884594,18363.0
185.20818563425337,23467.0
215.7623584772894,29579.0
208.43909950281375,31856.0
203.73860746872276,30218.0
192.06645964163712,28425.0
197.44039122811,28882.0
196.01536213557176,27804.0
187.10348900750535,25654.0
152.36006760308084,20762.0
131.23477165595054,17069.0
102.31652436116613,12569.0
74.45060936364177,7900.0
40.834780079209764,3919.0
55.99038877171159,5170.0
73.4652267065747,6877.0
98.6831588697874,11040.0
126.50635391661709,16370.0
155.89774374628132,20031.0
133.8324305852115,18163.0
954.0656668813949,24573.0
183.5704599719961,26495.0
191.7217394846385,24257.0
161.93690878628124,19617.0
127.19045197578977,16559.0
135.08016907240173,19266.0
162.44536437637424,24476.0
170.53895514525075,24486.0
144.72075992223114,21564.0
140.64394830464207,22590.0
154.5365021308474,24225.0
157.23711666642996,24851.0
150.49926732596302,22884.0
137.03011272685777,20155.0
121.13974606928056,17668.0
101.03497255401655,13651.0
69.31439127304495,8426.0
38.806127714402635,3786.0
44.55266462686843,4208.0
56.39007849434166,5654.0
82.12788466206743,8977.0
106.26547086197391,13215.0
133.40042231895924,18204.0
127.66896465707974,17459.0
892.8794913415297,22727.0
149.24364522422118,22230.0
161.54479901766882,22226.0
155.60147521759092,20563.0
154.2331117150819,19271.0
159.9236771869233,21146.0
172.3794185250877,23597.0
147.36094887699556,21698.0
113.28444445112585,16185.0
100.07285271619759,14370.0
107.68005825398878,15370.0
87.31238593977491,11484.0
89.83550285508335,13477.0
40.853204695217606,4847.0
27.666118341408435,3081.0
21.46308022050114,2213.0
22.48228168320274,2297.0
49.68544499511441,4496.0
109.6706732475949,11677.0
154.0864772314223,20162.0
176.81156945870364,23653.0
167.29073229182708,22325.0
145.16590381822223,19246.0
104.49531844700148,14739.0
810.7989696253427,19943.0
141.81127686496148,19462.0
170.66334298694795,21198.0
177.95555540302877,22030.0
173.59985920990863,19944.0
192.43325530055992,24137.0
204.08229440942804,28759.0
208.30370433166277,28852.0
192.2217867115806,27269.0
182.5434457750297,25590.0
165.37440353226137,22420.0
115.1578605240309,14910.0
79.57025816407605,9550.0
49.6218413908484,5289.0
31.458802618106496,3224.0
20.4965483026327,2117.0
19.20265819542738,2028.0
45.89419921322365,4153.0
117.54116537952164,12756.0
168.67239635662196,22737.0
190.3417790469722,26020.0
190.05722912322128,24512.0
159.07985399351338,21421.0
108.80523464673666,15312.0
919.5134251939357,21458.0
142.9171409693138,20499.0
167.91033019578904,22543.0
162.7043381772901,22020.0
146.17341570746817,18295.0
171.8073690307289,22469.0
198.7905691555189,27921.0
183.65851293637255,28228.0
176.43097291237387,28050.0
174.20326982053658,27840.0
164.8646762975983,24507.0
127.26700202441339,18336.0
85.35529380986264,11379.0
51.36513440397671,6190.0
34.33367604854453,3994.0
24.904132539689975,2650.0
24.3571025658922,2435.0
49.71479416956517,4271.0
111.54252453286583,12374.0
158.67438978984168,21997.0
171.9748224083913,25219.0
167.1201117605377,23461.0
150.06066997506875,20855.0
96.2148516706815,14650.0
937.4781643715861,20999.0
147.03144192780923,20659.0
170.17842448463296,22033.0
168.7005443593441,21002.0
149.63490071804168,17009.0
175.39574975355853,21220.0
187.61693331314598,26517.0
178.66291954435465,28315.0
174.85719847409274,27571.0
174.85249543483516,27463.0
164.22165755076512,25540.0
137.92789316576548,20066.0
102.21008063144907,12965.0
61.708245188719424,7487.0
37.60186724516931,4650.0
29.366706632154514,3122.0
28.832303533128012,2706.0
51.452766565778305,4426.0
114.9682563978028,12570.0
165.84353258408973,22784.0
178.8053798307127,25983.0
171.80452901058845,24572.0
146.48842707685185,21302.0
105.79487122411187,15588.0
965.8546979400052,21867.0
163.70509892738593,22299.0
178.42024760098855,23025.0
183.74307425789135,21686.0
158.70803671183634,17342.0
187.39944263243203,22004.0
198.89896672213365,27521.0
188.07373674074353,29632.0
192.6546185359719,29678.0
192.9095871303524,29125.0
186.5065311298399,27476.0
173.3777274913687,24643.0
126.51617396964714,16877.0
88.7801042429372,10798.0
56.703568275299304,6868.0
42.76344910659306,4745.0
37.126715047488204,3815.0
55.34032448837436,5011.0
117.26049200819088,12062.0
154.87676350462988,21478.0
180.7150757168174,24798.0
181.35543937369505,23849.0
151.69584833458862,20679.0
101.68738607414527,15242.0
961.7271969298198,21725.0
155.38536143257346,21254.0
184.06550714349441,22411.0
184.13124720573447,20615.0
164.74003039027562,17052.0
187.1027736093272,21887.0
203.29039287993052,27412.0
207.62547619219484,30892.0
204.60759559926052,30040.0
196.18471365085497,29299.0
202.41998315021664,30257.0
208.99619707646826,29252.0
197.49399420228283,26347.0
162.49462613864,22209.0
135.94840943689053,17927.0
109.43882309794226,13331.0
75.63927953510438,8449.0
45.73150930602546,4299.0
60.84348491666165,5227.0
74.04263938269749,7070.0
100.5623491990273,11531.0
131.87984518806542,16700.0
153.50354876960532,20090.0
132.3996781058906,18005.0
974.0289154736855,24577.0
165.11992652246082,24337.0
170.946482405727,23659.0
171.2496794101709,23371.0
157.35855144439026,20746.0
180.18150295487615,23204.0
198.3579205890847,28854.0
196.93457111999768,30206.0
180.24117613719483,26507.0
169.21265044878464,25997.0
181.2524183321814,28489.0
196.30545546431966,29541.0
190.55157725095196,28065.0
168.89135227704503,24732.0
151.21639424478417,21240.0
125.44754064495181,16061.0
95.21831214675787,10313.0
47.43327811039226,4601.0
50.33987819420283,4614.0
61.40998345951326,5513.0
80.43085446594314,8616.0
115.22980111668726,13416.0
144.36358952531543,17997.0
126.85405714806971,17291.0
963.126659580481,24126.0
189.41515418971682,25443.0
184.12725924502922,21397.0
156.6484901948705,16262.0
123.98811212791954,13433.0
119.26948964594625,14927.0
121.65829666526052,17147.0
109.25755588924753,16205.0
105.1449761475723,14669.0
92.7671103751896,13489.0
89.70411104567067,12170.0
75.19319088886022,9419.0
58.7882564013244,7051.0
37.489729840446614,4313.0
24.77174089265423,2798.0
19.752546315607642,1938.0
21.970377014776016,2297.0
48.996097261667494,4485.0
105.10494622186361,11014.0
141.78660744774626,18028.0
162.83608149653207,20558.0
161.6569384238595,19992.0
143.8725138166994,19107.0
97.98070337675482,14976.0
769.3763140353241,18260.0
133.09015550195485,17553.0
146.82534346244717,18728.0
155.63047813747957,19520.0
155.3778756394952,17595.0
170.0261517242286,21714.0
167.85170842053498,26378.0
171.63019113610142,25915.0
163.41269045725875,24448.0
153.45614003317868,23504.0
144.07378813363738,20275.0
108.37180236021254,14447.0
73.61716647020401,8890.0
45.901905536617214,5122.0
32.86180547458899,3223.0
20.161151830237134,2080.0
19.964593664870165,2057.0
42.806540558004194,3864.0
105.2444063912821,11614.0
149.62640051017843,20795.0
167.49273338983963,23957.0
159.71671253654532,22224.0
148.6593273724601,19500.0
91.27753440186449,14084.0
918.3968546157688,20320.0
141.95138049349228,19725.0
161.5081714014435,21609.0
178.85190497785212,20577.0
159.33414896271478,15467.0
174.18805323251487,17176.0
193.22404800468829,20402.0
179.7472439931064,22201.0
175.71177684979892,24513.0
167.02142945320222,24624.0
159.96179384817367,22179.0
125.42728110212133,17041.0
84.56119777132753,10440.0
49.100365121159996,5672.0
30.43343371897019,3485.0
19.50547781943108,2258.0
22.87768117838734,2308.0
48.71421121534873,4277.0
113.89867042202789,12339.0
158.96224635253566,21809.0
177.96914724627769,25067.0
173.75085536547147,24248.0
154.4149541200861,21076.0
94.83484031489931,14305.0
907.4260734659293,20182.0
143.67073314639077,19781.0
161.13817249923673,21459.0
164.18377974239723,19842.0
152.95048611719838,15877.0
185.41467351887877,20150.0
183.3180176478422,26051.0
178.91733525094165,27940.0
191.05908751942098,29444.0
187.32964480340576,28282.0
172.501759938998,25333.0
144.33960101828632,19786.0
106.43969823502587,12788.0
62.518200805448174,7441.0
42.639418128426094,4681.0
28.37101794906953,2991.0
26.887462689532057,2739.0
45.793098266572606,4116.0
102.38142873717803,11125.0
145.53319477772172,20120.0
154.86075537439675,21446.0
138.1141596894426,19374.0
114.1634368249606,17255.0
75.5439268890281,12504.0
791.8395896732493,16916.0
103.47278245549232,14925.0
107.6688086822275,15745.0
116.98375547873351,16610.0
100.06215266127877,12994.0
107.83600834720443,15777.0
119.02924671066755,20574.0
138.58081700868783,22589.0
142.8373978125509,22013.0
140.1343195364931,20936.0
134.86288183413018,19871.0
130.0545524088708,18301.0
109.88617110998811,14204.0
74.62477236413993,9189.0
58.58292647915807,6533.0
37.85727827122669,4248.0
37.02811923352039,3684.0
55.4533875294819,4787.0
114.25307942290755,11096.0
155.31556568512087,18162.0
172.22581140674305,21563.0
158.96305305749752,21881.0
147.5766580727019,20654.0
96.42034264875846,14866.0
978.7789905817732,19795.0
164.23096154351813,19392.0
189.42704750313058,20667.0
184.758602342968,18361.0
167.9287729163878,14429.0
192.92368408240225,18167.0
205.9904095262494,24084.0
201.08262152360876,28225.0
192.1737904559527,29151.0
193.56838357171645,28884.0
194.9270868866421,29261.0
188.99210579337273,28539.0
191.44323039737972,26398.0
164.28203433682702,22090.0
132.76073287278408,18192.0
111.96093925716856,13875.0
78.91818984908107,9000.0
44.72246900210689,4441.0
61.62519735191859,5626.0
83.63062870742452,7644.0
107.52960354799592,12415.0
135.48803827141182,17674.0
153.26906457364797,21113.0
121.18995354616281,18596.0
979.4717975350164,24700.0
166.74279957720103,25361.0
172.67272856785146,24683.0
171.3663452912905,23741.0
151.45583161701995,21127.0
159.18986393044887,23611.0
190.25864891666208,28776.0
191.93359235821464,30115.0
172.30241417524908,26032.0
153.62856989590404,25088.0
173.36781484140806,27642.0
181.06404475101252,28888.0
170.78332503661545,26928.0
328.6551897366876,24230.0
1.1484411986069099,148.0
152.4842132210726,21586.0
118.37073273021629,15094.0
63.86683899871106,7367.0
56.71350747138942,5120.0
67.57702222240992,6185.0
78.97772800989826,8642.0
108.91202092402648,12969.0
134.00514290097962,17695.0
117.06939933308382,16341.0
898.0765102010516,22649.0
163.42820252078135,23236.0
175.7739333098904,22773.0
185.9058387687706,20815.0
170.44742500094185,18677.0
170.86433640942357,20203.0
166.12613133818374,21505.0
159.55484042671816,21297.0
137.36137438258484,18539.0
131.42324955424854,17574.0
116.99847349462925,15790.0
106.28795417351748,12465.0
71.95541804301136,8349.0
44.88191442199638,5049.0
29.53753786106864,3206.0
21.123981959149695,2211.0
27.436946066883333,2660.0
48.76505559251499,4564.0
116.0216578002313,11451.0
157.00864693932172,19307.0
175.65430026454524,22868.0
166.71836233938055,21772.0
148.06704198238035,18527.0
92.5788798954851,13271.0
841.6801865612732,18423.0
142.7548048079326,18120.0
151.2690935685035,19184.0
161.48694273251934,19489.0
159.45391510740026,17009.0
167.54806968787196,20177.0
175.82787987443717,25023.0
166.26176036413202,25280.0
156.53938845266532,23796.0
150.10357284369562,22722.0
128.471715374547,19365.0
116.62992087099481,16486.0
75.0954696820008,9344.0
53.471903322191146,5756.0
31.094585246414855,3531.0
25.076127246319132,2427.0
23.014984534229903,2320.0
44.85845375819062,4019.0
101.03057446117178,11054.0
144.14866052899154,20271.0
174.03160239292188,23768.0
167.32016120054382,22481.0
160.42107612669395,19958.0
95.18957730801719,13759.0
948.0356231712532,20038.0
149.58508635215875,18856.0
167.5362448254773,21006.0
182.14394551433705,19630.0
167.97167940577313,15807.0
194.34874900639704,19099.0
217.05790767022302,23990.0
193.46155191607903,25797.0
188.59271081152656,27086.0
187.56483366554983,26779.0
170.09374745948935,24079.0
142.0641297117228,18467.0
92.80199743863143,11468.0
52.23410727185024,6394.0
34.57031436319568,3891.0
22.672631939680844,2656.0
24.710545204536622,2590.0
48.32453090919914,4192.0
105.33492243380259,11283.0
153.434698576246,21054.0
169.8764377674187,24212.0
166.0392745564773,22854.0
141.03091097510764,19909.0
96.33113967103382,14333.0
947.5428954576429,20150.0
147.4137915135217,19463.0
162.0325740995636,20454.0
172.52298197183532,19683.0
154.3881943456067,16141.0
196.9547380711993,20422.0
207.26532767203187,24402.0
183.80292196523848,26895.0
175.18359013650732,27324.0
180.30158971483817,27123.0
170.4335813823018,25754.0
152.21276726104594,20973.0
110.29028599244454,14362.0
70.12429913230571,8156.0
46.74916279097708,5164.0
32.536760371450875,3401.0
30.52835596058523,3094.0
52.00247193671123,4487.0
112.83912969070191,11445.0
160.61607342987998,21300.0
184.12489516932564,24724.0
172.4813670515773,23108.0
152.55924730077018,21144.0
112.11954161929654,15642.0
973.3158290075934,22247.0
166.06466600434123,21199.0
191.7499377020301,22210.0
194.6255550506018,20171.0
175.77410573392646,16069.0
200.7446723582769,20227.0
213.19494770896833,26479.0
205.20733619153592,29019.0
194.64831658888028,29220.0
197.6787151199911,28856.0
193.2971690202153,27915.0
185.52576965518404,25140.0
142.91475185365834,18630.0
96.60722018123387,11749.0
66.20244371212,7641.0
52.087860554910115,5411.0
42.871531127358324,4280.0
59.337497339238766,5157.0
125.95194608320305,11557.0
168.10062186823737,20780.0
184.22926298922275,24094.0
163.38922105553067,22425.0
148.27587425979715,20358.0
103.23741836701765,15280.0
971.2927957279629,21298.0
163.7377016799027,19774.0
193.23822650880152,21754.0
174.8414856715609,19765.0
159.64518896144753,16342.0
189.95304716568623,21394.0
208.4760946249887,27715.0
204.10538615375322,30113.0
199.75893406809817,29012.0
191.00001019845098,28311.0
186.07144575011344,28454.0
184.22465611844567,27991.0
184.08966991672906,25947.0
154.4883950910448,22220.0
133.56820100788036,18250.0
112.88530190031356,14154.0
86.2405711236296,9193.0
46.1791393474231,4429.0
62.174187152045576,5297.0
82.7823882627749,7843.0
112.66044567254781,12407.0
141.11896004363277,17857.0
154.86475771687,21004.0
129.07443550616674,18697.0
1025.2217964044344,25954.0
167.53404383569475,24343.0
156.82971133493675,22837.0
155.4418986573391,21888.0
152.36099046328454,20382.0
169.85854265791545,23251.0
182.04408769077452,26671.0
189.56287302372965,29218.0
181.15434593563117,27433.0
179.62343353482044,26944.0
170.12930399216907,27332.0
171.5236052401572,27331.0
173.45836210717223,26776.0
157.98795642773052,23650.0
141.9937816745568,20069.0
119.75476604648917,15122.0
86.6940536939256,9829.0
46.090147653667756,4664.0
55.02812154804123,6084.0
70.55068045409786,6519.0
81.20290583422941,8185.0
118.20894046620745,12286.0
148.08565810472604,16532.0
129.5722547127316,15997.0
915.7458446206278,22936.0
173.391426717419,23215.0
174.03056429699296,22714.0
171.86727209765604,21743.0
170.4419108006956,20478.0
172.13969061173523,21489.0
167.971408883465,21982.0
161.34597694393076,20989.0
147.985913643152,19299.0
131.7264924604564,17357.0
112.89529535435076,15291.0
92.71287752025344,11857.0
70.79993075372556,8605.0
46.63461458020674,5288.0
35.08060623000626,3646.0
29.77233551647954,2821.0
29.74538429969336,2845.0
48.00620378760018,4345.0
105.36487527883783,10872.0
152.44896212007757,17885.0
165.84241546444227,21395.0
162.04519901252203,20827.0
140.84762728157853,17889.0
98.19009710539774,13237.0
784.4832566701554,17828.0
136.41669937711237,17569.0
140.96963391190326,18324.0
151.46269669792088,17699.0
144.57380581954888,16211.0
152.92378530185803,19203.0
167.20384358537277,23810.0
162.94107856347634,24175.0
156.85022152193145,23220.0
148.10428863711894,21358.0
128.15739173634614,18397.0
100.15319029925425,14108.0
71.26586296379934,9045.0
45.526326248057025,5428.0
28.804145978436633,3352.0
22.223527077511097,2139.0
23.042145930887923,2240.0
42.39972311779406,3858.0
95.35006841448411,10543.0
143.1196024470863,18774.0
176.31218385459022,22126.0
160.93304644986938,20562.0
144.37867633079273,16998.0
93.15384829025491,11739.0
734.871225660897,16369.0
142.47952762453258,16757.0
154.87611091229888,18142.0
162.40439244139245,17840.0
144.40056427659945,15767.0
168.09456989373203,21756.0
191.24294644399274,27880.0
203.04068283219982,29661.0
207.20913806257425,29767.0
200.6982988776496,28845.0
194.68890705358487,27273.0
180.30810383510732,22622.0
130.30109155940445,15275.0
82.98379883377854,8961.0
53.582184047858924,5700.0
39.97725711203038,3950.0
32.73292197617749,3312.0
50.21275695681944,4441.0
107.70690883647312,11494.0
157.28798343653207,20458.0
175.21519414083195,24804.0
166.0111327331999,23667.0
146.43285669123236,21091.0
102.3497845943999,15362.0
955.7413010564595,21135.0
157.22330307948846,20687.0
174.82404573724563,21016.0
174.08955492136806,19433.0
159.67878410191219,16605.0
183.94362895441137,21171.0
195.50412191883564,26770.0
191.33489858904468,29142.0
181.3902934723154,28174.0
182.23305920828187,27491.0
167.56808489659082,25483.0
146.88907921796147,20229.0
102.20029335610614,12806.0
66.69085532733422,7453.0
38.05661808163391,4513.0
26.59441729544906,2846.0
27.1985787347172,2732.0
48.48756011332558,4273.0
115.60859297356018,11420.0
166.1726843702139,20118.0
171.18318462395544,23875.0
166.966369755619,22958.0
150.7516997368516,21062.0
112.79130992437726,15746.0
962.0754973963835,21680.0
169.20164996329223,21464.0
190.20658116255956,21835.0
193.16682446111196,19885.0
172.1395489181089,16027.0
198.47405100978588,21092.0
206.34341877054223,26489.0
191.4426425776464,28581.0
187.48366838684652,28347.0
180.5587602116825,28577.0
180.05487938510427,26753.0
174.27463114700225,24131.0
132.34002769299641,17243.0
85.01042035707216,10761.0
59.27194355612493,6899.0
46.11529255343859,4699.0
37.23036262983485,3968.0
51.789380963938115,4713.0
115.29501474141685,11054.0
158.14390883178768,19090.0
170.40291796318965,23359.0
155.9699889351251,22458.0
141.0012880332644,20109.0
102.49279467703731,15039.0
928.9030754334418,21231.0
164.56745594124175,21030.0
166.67379947006046,21736.0
169.67632783570573,19751.0
146.5559069249355,16331.0
171.146115826948,21311.0
186.35619604868745,27022.0
184.54362728665723,29024.0
175.94506005144018,26340.0
174.61104422204988,25913.0
176.91423650316128,26330.0
178.2088967698209,25987.0
175.65894276947012,23152.0
149.01539925751254,18928.0
118.23860032864452,15299.0
90.38298778475678,11127.0
66.0166198966266,7507.0
43.11360328678091,4095.0
57.03252464856551,5178.0
78.5004801459541,7335.0
103.54019340441135,11770.0
124.60288213796231,15964.0
134.7694703632789,18526.0
113.60807235455327,16553.0
935.7806237360139,22877.0
148.7326515076719,22879.0
159.25458692041718,22405.0
158.05262399770555,22233.0
149.40541160072328,20506.0
166.71264512711375,23109.0
181.8520289942624,26980.0
186.39687914182645,29200.0
171.2302162037171,25794.0
155.71046695112946,24696.0
173.32924050123984,27753.0
196.99032326168256,28875.0
184.59481744744596,27135.0
168.1001738183652,24789.0
146.8767734367307,21411.0
129.56654210267897,16666.0
87.82908812339605,10443.0
48.98153360776872,4743.0
53.16896862124362,4704.0
62.105942124935005,5705.0
91.34942902190855,8834.0
113.3036971570894,13041.0
143.48903820432224,17706.0
122.11328560406702,16347.0
901.6101721978991,22147.0
161.95249160052737,22095.0
172.85292752860138,22183.0
175.57487378527222,21556.0
173.6916721664003,20100.0
173.4881956617094,20896.0
182.80117872769074,22494.0
169.20420390038242,21509.0
156.03082198497367,19995.0
145.32499522336266,18895.0
133.14983684680982,17328.0
111.43338934760445,13128.0
70.45176298389596,8366.0
45.756115081125756,5036.0
29.959797799397116,3207.0
21.175571706074976,2040.0
28.282684254955498,2617.0
53.00760371868949,4578.0
109.37960161671194,11190.0
159.86298110967945,19112.0
169.07740779374535,22239.0
165.71446797136915,20873.0
139.17291752263063,18153.0
93.69219565981622,13516.0
766.0331511671538,18376.0
141.24539618489152,18164.0
149.6064672171507,18828.0
160.1938637598504,18393.0
151.96929160103667,16630.0
165.54714452754337,20542.0
176.9431427337503,24981.0
175.17905432107256,25260.0
163.40822580904526,24094.0
160.93070606102995,23611.0
141.68018117670672,20599.0
111.18530228627374,14572.0
78.41951212647511,9727.0
46.14207049497082,5363.0
30.233735349830887,3518.0
21.291431473045773,2261.0
21.81687010447265,2170.0
43.216442465764274,3974.0
99.20958056544704,11040.0
147.7798124083831,19554.0
174.18602110999285,24083.0
164.51507766970246,22110.0
141.65498296868998,19292.0
92.85942478205754,13629.0
894.4435568868521,19489.0
144.73938747889133,18742.0
150.15823674123106,19582.0
151.35258995369657,18405.0
148.10742250362804,16150.0
171.83837672581774,20074.0
181.45220005558446,25261.0
174.19734259992225,26154.0
174.44657706437613,26405.0
168.41207484728926,26131.0
159.8167287827215,24114.0
133.2895869201854,18215.0
88.92978829124166,11380.0
54.71114386582494,6566.0
35.992674836621674,4054.0
27.721760541559846,2872.0
26.35518855072099,2601.0
46.844750592469914,4146.0
104.6412515119211,11019.0
150.71049177330835,19573.0
163.73403341571458,23147.0
151.7184724221618,21725.0
139.61971406778903,18997.0
93.02197973708324,13793.0
856.9184466594207,19460.0
151.84000837577625,19686.0
183.58111303147223,21879.0
199.83444246784967,21522.0
162.46341395997067,16609.0
177.22231950706055,20227.0
199.5972413046642,25466.0
200.07951727270967,28596.0
179.88331111981668,27624.0
169.37460394008065,26594.0
160.7198343553492,24661.0
136.16784438035162,19387.0
92.27171540161255,12427.0
56.67079989027323,7175.0
39.92806162518016,4617.0
26.69000272787352,2971.0
26.992572389051336,2689.0
45.236518297678074,4183.0
106.53550180458939,11076.0
144.66184547630476,19638.0
164.666056628735,23820.0
164.1480512631497,22708.0
143.76792975943204,19902.0
98.32099662570802,14241.0
1007.4312116415997,21101.0
160.6717478113573,19581.0
183.07241297326524,20863.0
179.7799270494325,18414.0
160.18221576180323,14726.0
182.7492674313848,19331.0
210.36517214724688,24646.0
195.04839992518845,25721.0
191.90924993021787,25586.0
202.37936489031316,26625.0
212.5305594837598,27023.0
178.7633054876106,23701.0
151.1762137565651,18842.0
95.2764940533134,12011.0
62.751852194866615,7658.0
46.63093605288119,5145.0
38.82036574159119,4050.0
57.733843226487224,4858.0
125.15537050625714,11757.0
167.6899888926677,19934.0
162.22125551465007,23005.0
159.40536042516277,22301.0
146.47540045068703,19915.0
99.77876092615456,14717.0
910.6489790872696,20780.0
154.14861857719367,19926.0
174.7443383278566,21389.0
177.1097606637502,19573.0
151.58997934323307,16327.0
171.17003901931784,20709.0
191.56928263835428,26992.0
200.01291456547244,29328.0
184.33318032354308,27525.0
177.74154131182635,27279.0
187.24764354009048,28052.0
194.53113194077295,28113.0
188.71793149657768,26814.0
162.66312186784057,22580.0
148.2353861964223,19163.0
115.19606042141008,14351.0
82.51811059831246,9164.0
43.53783113758677,4223.0
60.90281951420665,5272.0
80.94061218274085,7632.0
101.95038631369285,11540.0
131.0726360530682,16556.0
150.65481672090178,19815.0
126.5805421505582,18388.0
1003.0078572580856,25298.0
167.74241279455035,24895.0
163.48969993284578,23248.0
171.57577275386507,22991.0
152.52638777381497,20904.0
169.34003055320593,24220.0
196.82484308322285,28764.0
206.13971690642552,30525.0
197.45397519750477,28397.0
187.34253368923572,27562.0
200.52347223007794,29440.0
213.63969722033937,31323.0
204.73414546135814,28010.0
178.0109519026543,24426.0
268.62592095460235,33561.0
98.65630416683577,10463.0
48.76807853142409,4523.0
47.34055059598987,4465.0
62.60380286091179,5869.0
87.89204703074687,9088.0
116.63698230059771,13533.0
146.6545850044937,18633.0
127.79840996817909,17262.0
930.117182118948,22881.0
175.89118381890006,22424.0
179.05059701960246,21864.0
172.72090802510246,20178.0
165.2365258023126,18784.0
172.73838946123647,20409.0
172.12884452952738,21488.0
160.13370866183539,20876.0
142.80523188606605,19263.0
129.58540575484346,18005.0
116.7796958464704,16083.0
99.82641647524869,12541.0
66.64255640228969,7907.0
43.5784735989519,4881.0
26.186381326763723,3136.0
23.807769095831894,2251.0
23.152475054041435,2454.0
46.608265321352164,4353.0
108.63492889177054,11511.0
152.11323093227475,19470.0
171.3855001605659,22474.0
161.62682525615563,21218.0
139.71237429134626,18852.0
96.39745064891272,13898.0
785.9607094789707,18430.0
147.20492080138106,17923.0
165.43538223906413,19124.0
176.26033328216937,19249.0
154.0700807066216,16992.0
167.85067938564822,20722.0
180.96884509814672,24583.0
161.2657113959854,24372.0
157.1106247995035,24109.0
151.91789582612762,22847.0
134.1735512662123,20160.0
117.63290003152659,15465.0
83.18687452902158,10133.0
50.57208799720383,5708.0
31.80297852220592,3521.0
21.456433060576472,2449.0
22.389956008965452,2273.0
48.67247807827081,4019.0
107.06115460210692,11462.0
153.08090656154812,20974.0
166.11618701462874,23642.0
157.99610317049994,21839.0
143.56053550065215,19774.0
97.54430838090498,14526.0
911.0645750833794,20032.0
166.0695709246243,21748.0
187.3213533023926,23051.0
186.38055461596318,21700.0
154.26244518489867,16800.0
185.5705314581724,21044.0
209.7846869072019,26411.0
199.91228124253493,27502.0
199.68193580505573,28005.0
175.307833713081,26068.0
160.28315451373666,23870.0
140.93762937156515,18618.0
101.9490884967425,12046.0
63.10150536204072,7032.0
35.945988027080475,4346.0
27.93632328773703,2890.0
27.424152141020073,2787.0
50.71575882790072,4389.0
114.59227985760276,12229.0
154.50308546884474,21879.0
179.27893789027075,25126.0
159.23414315446058,23153.0
148.97253360561808,20456.0
98.36289153808211,14692.0
971.3116147053653,20788.0
161.64712406467396,20374.0
183.30134788341206,21603.0
182.74399196132808,19933.0
154.38777062532867,16049.0
182.05554733275784,20262.0
198.18617958812715,25919.0
187.40668333638823,27915.0
178.8010924227979,27743.0
171.19676642111736,27172.0
170.44763977762744,25406.0
154.0869285286894,20635.0
113.5958562968599,13962.0
66.86302873041491,8156.0
40.51312093564573,5157.0
28.50949637106024,3301.0
30.272069164667496,3083.0
49.7610336893007,4389.0
106.05244040878225,11444.0
159.5406912243982,21314.0
169.17850412553446,24790.0
151.0481142111982,22420.0
140.2534534778344,20263.0
99.94749518725276,15090.0
1003.6809633992397,21188.0
167.3324448258721,20659.0
188.02390433006192,21942.0
185.7064732202563,19990.0
170.98382558411697,15730.0
201.81622728336072,19888.0
217.22694161672555,25488.0
206.96708857483546,26695.0
197.27511956348818,27147.0
190.03205750744692,26599.0
192.62225284897497,25831.0
179.41802290135885,24189.0
163.43042452476723,20538.0
116.27710141220082,14740.0
79.40990602452979,10134.0
60.900957497418844,6986.0
49.903773105480646,5223.0
51.47597452112887,4497.0
82.49914396287011,8009.0
106.75335496497729,12367.0
116.64388696115168,17370.0
138.07101495156428,20861.0
148.58483181895343,22012.0
112.84177878783281,16690.0
974.219878707934,23343.0
172.48940540985026,22137.0
182.73423575128245,21908.0
174.7758441104523,20454.0
147.35965804163547,17428.0
165.532874872724,21845.0
170.1228813526072,25651.0
158.6761144130438,24538.0
142.81253223332465,21884.0
143.84420864559942,22016.0
153.42600257622775,24428.0
158.61102873363177,24365.0
149.23142389497096,22073.0
123.76901512504664,18920.0
111.05612214561519,15584.0
88.56094933924352,12132.0
69.52514361508567,8218.0
40.583157944682604,3965.0
51.19431701268,4761.0
68.00017208661882,6791.0
78.80158706404569,9140.0
104.71332649319949,13861.0
124.79832609991773,17668.0
117.0054399095714,16470.0
851.2709580082686,21932.0
153.52266931470362,22208.0
154.95242750549602,21400.0
157.90266233713174,21777.0
143.5662251007832,19845.0
169.2049548369399,22979.0
178.77920055000465,25224.0
168.45440181760446,25275.0
152.22567624553176,22783.0
148.52339820116592,22510.0
153.26899946052612,24320.0
163.39681180345613,26359.0
153.09344282634873,22316.0
130.54728169898448,18976.0
113.08432602015671,15768.0
96.51502607298619,12283.0
72.90015305956074,8493.0
39.495991004429186,3951.0
45.36227489070793,4098.0
57.34126286378815,5338.0
86.54020651031114,8298.0
109.3473617134613,12105.0
139.2729009974509,17144.0
117.56300381750688,15364.0
775.6888238501464,20002.0
156.40664118968274,20925.0
156.19536120342187,20239.0
156.61037762693562,19805.0
136.30254318079605,18055.0
140.20819773886578,18726.0
139.51352389536729,19676.0
131.4651499226547,18551.0
132.0908263523419,18101.0
137.2410889041462,17884.0
118.48977876899758,16173.0
102.39887510903797,12671.0
63.20616525013855,8210.0
39.61821211646196,4663.0
24.88735110417413,3023.0
19.251072088391588,2118.0
26.09129986364962,2444.0
47.91515792223203,4080.0
94.9699604514138,9847.0
126.42181919485662,16862.0
141.2327931311116,20559.0
138.51606241683916,20122.0
130.86846332421518,17840.0
99.69459160736245,13664.0
796.2655542753889,18156.0
147.0142252661363,18098.0
162.42058960421613,18726.0
165.20801325339826,18721.0
150.83552404096613,17024.0
160.63480503949205,20043.0
168.95452871939446,23797.0
158.21423603787017,23754.0
153.03610060093692,23284.0
144.06754100493663,21947.0
128.7620012613726,18539.0
122.49750161758016,17193.0
79.64832320352488,10141.0
48.58093849060958,5946.0
32.003670733643226,3598.0
23.879808265328393,2469.0
22.930222687455448,2311.0
41.40422011543963,3802.0
94.13574114698464,10504.0
131.8674798034516,19245.0
154.780503003698,22900.0
141.0142586051729,21882.0
131.64116003889,19232.0
95.70656699393223,14377.0
871.5473253808597,20483.0
155.0712551588686,20494.0
164.29571559753538,21209.0
161.93116620967672,20439.0
142.5859726298352,17455.0
175.02021561795047,22255.0
202.13065849987666,28160.0
210.562111669774,30576.0
175.44654624827876,26898.0
160.65130913626638,25760.0
171.6995608519515,24184.0
137.21260534095543,17983.0
89.97600912456569,10995.0
52.61321352755566,6373.0
36.92141245253738,4096.0
27.170438602323582,2778.0
24.65138770582754,2527.0
42.9461578336572,4065.0
97.33668149392423,10908.0
134.26786209067674,19467.0
163.6823309908064,23749.0
156.31235413323935,22820.0
149.52274674598513,20862.0
104.0605013112089,15289.0
961.2243515209842,21490.0
162.45164750451372,21109.0
172.6828199902816,22134.0
166.67656321127993,20813.0
153.1300275310904,17548.0
173.3578050535388,21143.0
194.93095530486403,26150.0
196.13185058330856,28178.0
189.5292487122795,28929.0
185.64090842928385,28120.0
186.84137395280973,26733.0
166.8053311166801,22064.0
109.94276044099402,14061.0
65.55122372422275,7894.0
43.050540908196915,4914.0
31.16531681118763,3263.0
28.678724804157863,3008.0
49.19099451021967,4362.0
103.8434463391614,11125.0
138.57198775343758,19836.0
163.36492714153513,24339.0
162.07669091897623,23945.0
145.20465044476634,21407.0
102.08691658607698,15789.0
976.5635382405591,22472.0
167.11776256886546,22025.0
175.2471468736621,22398.0
174.51638628882316,21145.0
158.43380917074143,17208.0
178.9625027102225,21797.0
196.4954003601627,27465.0
184.8519365199458,28835.0
178.82874622032494,28296.0
179.28624710088263,28401.0
179.19302989290557,26611.0
182.41805168394467,24061.0
147.2034684697495,18076.0
95.1053704567072,11244.0
60.67171856335465,7248.0
44.57064952613793,4913.0
41.78960981335161,4021.0
53.64195973048534,4695.0
110.32069742866544,11575.0
141.82106074914705,19256.0
156.0021530531428,23730.0
151.3784712172929,23112.0
134.1183946533837,20783.0
99.62424203158167,15475.0
881.7193581978628,21183.0
148.21731318128946,20357.0
164.2573987188934,22024.0
157.3845367005013,20524.0
146.50908159487588,17962.0
173.15414707076374,22478.0
185.22217126526056,27470.0
182.20987704104186,28870.0
169.46867623442725,26847.0
162.16786263324227,26287.0
174.5369576834191,27039.0
175.2072761757732,27364.0
175.501021672254,25599.0
151.86095004772724,21965.0
129.27582478468608,18314.0
105.77152249541336,13464.0
74.34656388505688,8578.0
41.62519412586604,4097.0
55.86827388164823,5284.0
71.34809140663364,7374.0
93.86277620658095,11757.0
117.66202424335164,15912.0
137.55410678233494,19035.0
120.43456546989,16593.0
961.5407764739047,22711.0
170.58718490131727,22548.0
175.10077023362084,21378.0
178.71148574806696,20940.0
157.87474087762524,18444.0
179.71032664274492,21497.0
209.26911624402595,26203.0
205.4184249320332,27066.0
190.50992314419491,26386.0
178.2757695587508,26606.0
179.22650757796487,27729.0
186.60895117738318,28901.0
180.6833507251837,27398.0
159.91988391564576,24055.0
144.25304467236762,20966.0
123.02607832594406,15805.0
83.19172393593004,9761.0
42.9847471095882,4256.0
51.05251757496709,4515.0
60.80404079639557,5990.0
80.87339711267717,8568.0
106.6001080714766,13011.0
131.99657402582483,16982.0
114.39800326102556,15513.0
904.5132701025124,21693.0
155.04062044430802,21033.0
169.5947842963728,20989.0
163.3230282479664,19949.0
156.92238805910867,18778.0
166.96357085741508,19587.0
160.53811304927035,20598.0
157.13698589608498,20294.0
144.79995616159908,19041.0
120.75496212018791,16495.0
110.79113351748157,15292.0
95.14786720357843,12472.0
72.28464067824655,8701.0
41.13474400696649,4908.0
27.51974701539747,3197.0
20.924014887453442,2117.0
24.16669722298739,2468.0
43.61998965327674,4267.0
110.11275923190648,11243.0
150.4427539320992,18894.0
168.40224750168804,21754.0
150.62845324236167,20046.0
128.25053805303168,17525.0
91.4243247636013,13213.0
739.2268286767661,17576.0
129.57878701624605,17194.0
149.04989117188052,19057.0
145.76073675742,18963.0
149.33428318621577,17328.0
171.29340294501995,20530.0
171.5851835352436,24374.0
163.2756991720343,23839.0
151.03621928331768,23107.0
145.51307280256694,22081.0
127.77510540576033,18421.0
100.92085717333528,13737.0
74.95923430399094,9235.0
46.64891545701583,5405.0
28.43895429723661,3270.0
21.59951016322111,2165.0
21.037491301156393,2062.0
41.68103904592067,3773.0
102.14338086692952,11321.0
153.9919198690286,20710.0
184.41048616773662,24567.0
165.69845138417642,21758.0
143.34149541571736,19446.0
91.36249242226037,13650.0
867.5069428140772,19171.0
139.6389281713882,19114.0
151.65627630174012,20790.0
151.67843771324183,19622.0
148.11355741513555,17374.0
169.83082402837422,21887.0
179.15846692662288,26346.0
168.62431576215198,26220.0
164.4122304826804,25408.0
157.56323614459808,25075.0
146.5923309541237,22198.0
123.46384325125956,17474.0
83.87731030174282,11192.0
60.154185555351425,7331.0
36.264422898996564,4248.0
24.154528711333818,2824.0
23.418529617103005,2559.0
44.598436518403346,4191.0
106.27334787739538,11544.0
148.10376103294993,20693.0
175.77095431302223,23794.0
155.8454981495298,21750.0
143.1112078325231,19423.0
94.26617492891175,14007.0
949.0688035249281,20024.0
158.0289979665735,19594.0
166.70932948670966,20271.0
178.96442801755674,19502.0
158.78055752039722,16178.0
189.8593648407041,20550.0
204.57038579591313,24897.0
182.63561470768238,26604.0
171.3893568117119,26754.0
180.01693357269343,27452.0
171.78160343629176,25425.0
149.47339228020874,20872.0
105.48279329444392,13746.0
64.34633442622334,8063.0
43.331428339034,5016.0
27.856550764956477,3291.0
32.15936584358154,3075.0
48.80648494935274,4424.0
114.72168647111408,11991.0
153.05776745907826,21073.0
175.19433671924293,24122.0
160.78333622652463,21991.0
144.44943162645026,19925.0
99.5583722394684,14609.0
974.9114006625387,20804.0
160.6205742340366,20400.0
190.78338416234794,21958.0
183.32118745392154,20177.0
162.38190313753128,16281.0
195.3220472782907,21191.0
206.5578516168118,27483.0
197.84456337539586,29110.0
187.8381167974712,28779.0
185.52978225659683,28283.0
185.90437677172372,26582.0
165.46364300976606,23339.0
128.19405487825424,18016.0
85.22203556602338,11535.0
62.678699267300516,7612.0
43.43768518522533,5147.0
39.627631007092354,4123.0
58.730456315803075,5230.0
120.06905097407493,11913.0
152.06101290471253,20584.0
173.88153209638793,24441.0
169.63169218154104,23156.0
145.21367981421264,20964.0
99.76121358030157,15280.0
931.2921622852706,21625.0
154.27607391997373,20761.0
179.9792161379914,22066.0
175.76366750535956,20043.0
165.26849912887673,16627.0
178.60582553811773,20541.0
196.64383969944544,26597.0
192.6677828416775,29149.0
193.49700780459318,27790.0
182.8802386789046,26427.0
179.91509372092622,26919.0
181.70269388799193,27415.0
181.45261942601695,25604.0
160.24454473208874,22049.0
126.11325552902201,17875.0
100.05360115471997,13247.0
77.07587277076809,8610.0
45.65313351513793,4409.0
62.85544593492897,5642.0
87.1202113420629,8466.0
109.63849726095249,12939.0
136.34405891730555,17843.0
151.45914966919744,20668.0
127.34022366109724,18063.0
1046.1310517887543,25045.0
180.96057480911378,25183.0
189.98751507879322,24834.0
182.53605604053183,23998.0
159.4694598260516,20351.0
173.52252037819852,23480.0
201.77766712974662,28058.0
201.79803122491896,28922.0
193.79555291579774,27325.0
181.37811149295695,26516.0
194.81273149108054,28075.0
192.442175612409,28520.0
180.01956397135777,26307.0
164.63195091007395,23912.0
152.08906043803796,20992.0
116.7387901527072,15793.0
86.18405406433348,10154.0
45.19168765274379,4766.0
53.84789228761613,5047.0
69.08156653500059,7134.0
87.08765195420305,9881.0
116.39374503317154,14864.0
142.85147459935902,19276.0
126.8220713369504,17758.0
996.6115829086303,23500.0
179.00918972606178,23073.0
182.85929648929937,23371.0
177.03938031708086,22570.0
188.19118612360097,21225.0
192.00309504686422,22486.0
194.1078197932598,23867.0
174.826998310497,22391.0
159.16287354794974,21600.0
151.53027912115647,19933.0
131.91503335810881,17740.0
118.19634917766433,13754.0
74.25537057112746,8593.0
42.49422958366597,4957.0
28.689339154896356,3219.0
20.6505333850983,2150.0
23.209612113584896,2448.0
49.74802069870644,4455.0
118.59931621445824,12062.0
157.22138715826722,20640.0
182.29167334420973,23289.0
182.98379310818325,23392.0
170.44754957860764,21399.0
103.98233292708144,14432.0
928.0973218100718,19862.0
139.90191403932252,18060.0
151.0000584945893,19233.0
149.30943456603373,18922.0
142.46904490903614,17057.0
159.33305187712384,21059.0
176.33747417953555,25644.0
166.62262097606316,24406.0
153.5235501212214,23103.0
147.07980231440482,21930.0
129.2491925846515,18982.0
104.28406898712761,14503.0
82.70368271254253,10215.0
47.517983365820555,6007.0
39.339929841207855,4491.0
23.691057384757634,2562.0
23.776157420212755,2286.0
48.875644975537455,4181.0
109.92506994052299,11928.0
153.0156712388841,20815.0
189.04931298722897,24959.0
181.54198172574593,23363.0
149.5426594652584,19525.0
98.16547011925697,14049.0
951.4967225844663,20099.0
154.50859059175767,19237.0
170.50618202987351,20863.0
165.19755334369734,19732.0
152.32805930693107,16993.0
173.34139431334754,21087.0
182.8202697391068,26352.0
172.31396477336088,26747.0
164.00829745602388,26650.0
161.65350632508748,26378.0
160.72365323648745,24348.0
136.9362650510403,18744.0
97.20641316595598,12071.0
54.881574783546064,7012.0
38.07189965375563,4448.0
25.85939358305469,2796.0
24.191893368221,2618.0
50.479481679287986,4235.0
113.81510605134115,11742.0
145.73380005294794,20738.0
169.38965684163333,23963.0
154.75053238675656,21685.0
140.83474618146536,19435.0
98.9271856108227,14176.0
947.3144660756816,20069.0
155.54778521729511,19722.0
176.19923241876282,21274.0
194.8178607975575,21998.0
154.7043147445747,15858.0
188.96470808374428,20831.0
206.3123572008808,26148.0
176.25065112627274,26270.0
174.6320037486457,27041.0
178.95559863312863,27240.0
172.2341181537795,25794.0
154.703463096715,20842.0
102.77858947697533,13328.0
69.28992408237636,7963.0
43.78409622045287,4822.0
31.467647684185682,3127.0
30.063612386745937,2996.0
55.96168553470528,4491.0
118.06687630541676,12340.0
160.49837420408807,21851.0
182.41143055705592,24796.0
166.7068633030616,22876.0
159.3663814740121,20840.0
106.60961093284423,15204.0
1055.2572769668939,22073.0
174.3451242166631,21500.0
202.65264020929195,22346.0
200.63647503592887,20567.0
168.79237237252678,16287.0
203.19451219322727,21254.0
207.51517865881368,27310.0
205.33823313426856,29706.0
199.154469553655,29430.0
195.7968271953942,29184.0
195.04197442795646,27772.0
186.20027023714036,25079.0
142.36573223681822,18353.0
94.45036681319125,11437.0
67.5420025835163,7606.0
49.082161625567174,5092.0
41.208498795786866,4080.0
54.02067532324327,4790.0
125.90914903268714,12000.0
167.114627711868,21055.0
183.66624645089522,24325.0
166.04132691200363,22541.0
159.35328879940053,20975.0
106.31176273682271,15405.0
1030.0078958509503,21513.0
171.25445048661118,20256.0
190.55252042620083,21711.0
189.6858144433934,19412.0
169.30639920980133,15862.0
202.49252221855292,20050.0
217.17133978818694,25451.0
213.40612866606546,28590.0
211.06329195269169,29222.0
199.50084647489206,28608.0
204.06447497947883,29536.0
205.69977693065692,28611.0
193.70666797372354,25640.0
163.29172835478633,21395.0
137.30546426002303,17439.0
107.56563639779054,13213.0
76.41432526761143,8582.0
48.019234090667574,4602.0
63.677255558082116,5452.0
87.08811592364738,8259.0
117.39866794902636,13204.0
140.5452574100619,18057.0
153.23392331507083,20676.0
131.3475698107149,18006.0
991.8220474625559,23863.0
178.63174097597164,23166.0
183.93837740086877,22278.0
180.53624417997943,21969.0
156.88160287784152,19010.0
169.4390546582704,22062.0
196.1060671842239,27058.0
196.81036154507473,28918.0
186.92873260064124,27371.0
175.10170658250502,26423.0
183.5531949091039,27713.0
190.09074896405468,28308.0
182.7859148626334,26386.0
160.53409679868736,23750.0
150.57364609614552,20818.0
125.73994080639609,15795.0
86.16649687227356,10044.0
43.49900267756364,4550.0
50.42720515868349,4760.0
70.71518246898431,6945.0
94.0558694821916,9759.0
121.3372091621939,14271.0
147.04178903949102,17981.0
123.47573033284874,15981.0
989.7776954168502,22131.0
182.0759901477276,22178.0
186.26991658580445,22299.0
178.7294675945613,21232.0
168.17881851828133,19481.0
179.57270929698703,21533.0
174.6253395918783,21833.0
156.9378863727224,20391.0
149.23795475764723,19805.0
145.90463545189954,18489.0
125.97469478568301,16555.0
106.93838189296939,13188.0
67.53295455044346,8180.0
40.55353714956672,4759.0
28.694408237550412,3110.0
22.294655676753838,2278.0
24.936315517442974,2591.0
50.34101563027982,4506.0
109.57598080047356,11321.0
157.24259696376888,19654.0
172.89708738545457,22711.0
153.82551051736922,20910.0
133.16830495940658,18247.0
94.03588292832056,13458.0
786.2840280466795,18475.0
141.40124688580772,18393.0
153.60457919373735,20140.0
152.09055429415656,19382.0
144.7757540900579,17552.0
161.6374750075677,21251.0
174.46841127452547,25396.0
171.53815018847413,25166.0
162.50741660416475,24030.0
157.73720435881094,23774.0
145.41237661218386,20809.0
113.10812070552196,14681.0
72.99932444200562,9252.0
45.303092669163206,5553.0
29.640236189730654,3454.0
20.600863857031573,2202.0
21.037414225427614,2213.0
44.649924842371895,4086.0
99.8701171539763,11228.0
154.16353065955246,20157.0
167.56893942091088,23261.0
152.74880438566103,21580.0
137.1772726596103,18895.0
94.66681852778684,13804.0
903.4526619580536,19366.0
145.6430044608567,18789.0
156.72611367958552,20441.0
151.1698576930837,19531.0
141.44002443953104,16942.0
169.95801185698602,21083.0
179.87066985599986,26143.0
166.55715872074626,25847.0
160.85376787736226,25910.0
157.22734112662107,26355.0
153.15452740207286,24058.0
125.36092291354898,18334.0
87.86330596341732,11540.0
57.26342774415087,6848.0
34.046732012401556,4231.0
25.0814008836476,2841.0
25.364843564279493,2655.0
48.751909882242785,4305.0
104.884094291498,11472.0
147.95795194732997,20519.0
171.07906183419456,23785.0
151.5409002225533,21860.0
140.50058103311372,19501.0
97.31215430140233,13928.0
979.20837346469,19985.0
161.6135821391607,19697.0
174.7144654292252,20587.0
180.93521138610356,19695.0
166.6628805130031,15424.0
192.72871799173356,19403.0
201.8026975792384,24457.0
191.55084571897405,27200.0
198.69529040593088,28092.0
185.09894907839137,27744.0
184.97283929792178,26426.0
158.33754443232502,21242.0
115.99540053777294,14312.0
65.80647290737718,8364.0
45.00419812309734,5000.0
30.714791521122557,3282.0
30.679838575161224,3102.0
49.49604089273902,4507.0
120.05041355276776,12317.0
155.62326693849982,21133.0
179.68209056450522,23914.0
158.6822244160108,21795.0
153.17138429306476,19841.0
93.17738954272508,13899.0
997.5790988116158,20414.0
171.45365834677696,19937.0
188.83321797001844,20981.0
190.2218526252336,19206.0
167.26875534934157,15430.0
201.66578818759572,20412.0
203.931877662618,26770.0
198.3869767429847,29047.0
184.8727580644878,28549.0
192.0643342432676,28831.0
199.27469693570708,27092.0
175.64007819978374,23350.0