0.24830681958317918
0.2311473116952569
0.23324890765015183
0.23299934754624485
0.23141642321249778
0.23130166425389131
0.22902240074447577
0.2308833090552963
0.22732820658054304
0.22484145852832343
0.22541559362029212
0.2262948120041771
0.2270921257840596
0.22698487123635652
0.22636612913755957
0.2267875718166237
0.22702217320639084
0.22815452988159118
0.2286178390041051
0.2284718306962676
0.22879998555396047
0.22893773082982516
0.22978098066476357
0.23023532902216237
0.23051791745053152
0.23078609435455186
0.23093475461672616
0.23149148138424983
0.23183728790073418
0.23234038458722658
0.23210460688462575
0.231653196877897
0.2313739278732074
0.2311072522991678
0.2310577827669127
0.2312875773017537
0.23084475152228429
0.23075185037056786
0.2305168640917245
0.23003211032827536
0.23033900707274366
0.23052873296538717
0.23035317558863808
0.23047238787651766
0.2302061219366391
0.2295380917305248
0.22932378172531562
0.22949638829440955
0.22982169332167615
0.22960214768180293
0.22946404279737614
0.2293434054706423
0.2293978116134736
0.22971066509302812
0.2299119913112513
0.2298452480646277
0.22993822244508025
0.22959770540618582
0.22917100047373812
0.22919406910526163
0.22920265125620778
0.22921321429826014
0.22961634297734915
0.22988612085172863
0.2297982012001762
0.22990125153013483
0.22995302659534195
0.22989056858121346
0.22986289544955296
0.2299218209464992
0.22979389585311058
0.2295666925169652
0.2295526274084714
0.22954208926210512
0.22969465587304344
0.22952471454411166
0.22939199514706202
0.22943519643090518
0.22955784984193864
0.2296162330894357
0.22991878748204575
0.2299537368668001
0.22969286965342517
0.22964994139595768
0.22991618443165868
0.22976781542130062
0.2298568241759145
0.22996062785409482
0.230111406250109
0.23027964921213476
0.23033399448562147
0.23039739564037
0.2303244609728956
0.23014528243197996
0.23017276922785398
0.2300495595888591
0.23007425664966538
0.22994840480474318
0.22987548449339057
0.22979770054169513
