0.03326228257151127
0.03198606757227447
0.027467988434531184
0.025578902229845626
0.025421448981278114
0.026197507306952583
0.02791416233530038
0.028628133492107112
0.029535099421891874
0.028950533309674495
0.02992840364435198
0.030790802526428535
0.032195440761086776
0.03330266817681005
0.03449606482784124
0.03492370228121523
0.03564229092085947
0.03602515328600751
0.036062900081547514
0.036174649034959455
0.03635570058168363
0.037066441490457576
0.03706617844099711
0.037507013361227484
0.03725728186220251
0.037467655584562276
0.03741640002509568
0.03707148940156662
0.03739802180347989
0.0374110820560895
0.03767977283459979
0.03748908063425236
0.0372485858905612
0.03704167260598939
0.03679196690468832
0.03654153155248478
0.03642855434489215
0.03635172270353744
0.03626537961118399
0.03655122507615362
0.03692726804789777
0.037118781825597975
0.0371720332748801
0.03712209649739229
0.03698673395124661
0.03708161151831408
0.037026967953755936
0.03712774606026459
0.03717110079806696
0.03711276800613018
0.036979320235094836
0.037007022576258264
0.03686034736947503
0.03681030716585588
0.03677822265870918
0.03680724155501604
0.0368046513596128
0.036953597264351955
0.0370913738945037
0.03722028086280932
0.03758237051221802
0.037735864367718155
0.03791408030462964
0.037823526233317126
0.03780523733635457
0.03764158859233819
0.03770462910030509
0.03828802851006096
0.03835357155169159
0.038260683795207924
0.03802535252051364
0.03794048864447068
0.038061830368397574
0.03827853642154962
0.038479556982260556
0.038709714734254615
0.039186363852735565
0.03983531860065888
0.04008326118693416
0.03997721210865681
0.039871830069538206
0.03998262916116811
0.040090409502790726
0.04036314723954952
0.040447133061461985
0.040413720640063044
0.040355685340545976
0.04035327062540389
0.04036015234260908
0.040413070620570736
0.0403294495286688
0.04026296964632176
0.040474812614838374
0.04086214011969951
0.041095276839078626
0.0413708853656893
0.04153299917316251
0.04158922326670381
0.04164241053877159
0.0416827097484995
0.04169865605782131
0.0416981650580492
0.04174901902260889
0.041856565082947265
0.04185861822498154
0.0418625171320187
0.04181815939511226
0.041709845631873375
0.041651019882610114
0.04167687483594877
0.041578195791232356
0.04137236403742645
0.04127258410134568
0.04124898643028766
0.0412574396627289
0.04125314374153608
0.04119726691140305
0.041131474439261344
0.04107961866550746
0.04112713384236563
0.04123382048016684
0.04124968613245759
0.04124056408305064
0.04133798164635169
0.041439860441464214
0.04157992109385628
0.04165050437108201
0.04180430378186431
0.04183844751661558
0.04185349091137418
0.04185003997353541
0.04183265908697505
0.041888706149522226
0.04184752015901099
0.041779191278973796
0.0417024891598372
0.04167572517535789
0.04162758340443
0.04154936785674466
0.04144047235893976
0.04137773772621514
0.04122826894600107
0.041108764103870904
0.041088468379561996
0.0410748050205503
0.04113240731962552
0.04110630521741633
0.041134540269482246
0.041182049946855835
0.04113306790971187
0.0410895851027813
0.041162672772802625
0.041186473905689365
0.04116181007753686
0.041259634845294366
0.0412297962855812
0.041210667732551685
0.04119827980304849
0.041114562880800745
0.04107104896682472
0.04102589330844977
0.04094209942228755
0.040903908777908365
0.04084905152662199
0.04080155494647514
0.04078207319591125
0.04075061283455622
0.0406997001782186
0.0406677241992887
0.04065104119967837
0.04062233989910096
0.04052704826670435
0.0404676770725669
0.04040672690535694
0.040351700691096365
0.04030226436546154
0.040199987297324706
0.04007580741116815
0.04000828919244109
0.03994412745650457
0.03992764074414615
0.03987448998969632
0.03986017885107778
0.039866834176111664
0.03985351746535675
0.039747312897667864
0.03961636763502294
0.039509129142854156
0.03950927980200473
0.039539968266833536
0.039448256812401494
0.03943877083170442
0.03944968438641377
0.039508386491297065
0.03952570297132376
0.03954051260008022
0.039537573638609824
0.03954543715604708
0.03959143465497378
0.03961055530065477
0.03965208737622531
0.03959895598518315
0.03954074042269777
0.039478842644252554
0.039437005875278486
0.0394727985226418
0.039461272682533
0.03938305115535854
0.03932597903348868
0.0393588050824031
0.03944632785603136
0.039552064029251266
0.03967563760434525
0.03962408105041015
0.039559761684032704
0.03952206705276519
0.0394396085193325
0.0394032415344759
0.03942790140873208
0.03934999110975297
0.039302092995834224
0.03926445161298204
0.03924814384155249
0.039250493474060115
0.03924387423984948
0.039228864827386634
0.039271739522076514
0.03928318361492408
0.039395573564482166
0.03944560828800794
0.03942233244550445
0.03943750775696778
0.039452731969277025
0.039440125886952455
0.039375157300036434
