0.3771927142260139
0.36852243363871273
0.3671324951367082
0.3707934439244416
0.3710523813012529
0.3718969582939726
0.371661746546542
0.3732322439254187
0.37571373113273815
0.37616561097419415
0.3757682645475519
0.37546073671992325
0.3753325118246918
0.3769779778517177
0.37824601153702947
0.3782368096864913
0.37854256367459055
0.3793122139967467
0.37952383593440225
0.3786326366641965
0.37830150765765946
0.37817922386121117
0.3778128816623441
0.3778920359823907
0.3775777944981458
0.3771856786011657
0.37647387188103865
0.3757846701923533
0.3755905373125023
0.375211193432113
0.3752858771197242
0.37497720305982357
0.37498206594903116
0.3745990511286174
0.3739100167931312
0.3738855089004564
0.3738662016411261
0.3729921520085872
0.3730983540606056
0.372699660412143
0.3721671174322997
0.37180159197049895
0.3721484053678611
0.37220285328792413
0.37230632816453463
0.37161096571301366
0.37122925802558465
0.3707790910909669
0.3710938931626245
0.37126584265641444
0.3713657399192368
0.3710996259694868
0.37123209921109873
0.3712196431385273
0.37152815185556454
0.3717967188770442
0.3718280578910892
0.3716373577251939
0.3717638693982639
0.3719915003939874
0.37201522836700635
0.371921258624989
0.3719351294418492
0.3718752789722856
0.37209706495563183
0.37215261396813476
0.3720806990425752
0.3720353453538144
0.37191601843372385
0.3719510323848829
0.3716898126287511
0.37158657398154654
0.3718013057719099
0.3716391703389682
0.37172186528650886
0.3715447716431146
0.37143161912761874
0.3713870744835953
0.3711871912201251
0.37099033993308345
0.37103825841512095
0.3710805302930833
0.3712062593717716
0.37127067312497275
0.371379109077331
0.37121327915337615
0.37103319428327525
0.3711497223146405
0.37116146344821327
0.37131787856703063
0.3715754219539982
0.3715259353448976
0.371428099898125
0.37152139440494003
0.3715444781785711
0.37149295430101364
0.37157141979063335
0.37166993252683017
0.37163230925780977
0.3713646196369087
