0.03326228257151127
0.03236502960640892
0.15839346891172826
0.24886482752048789
0.27552761588525904
0.31652809958657036
0.33769867547462934
0.3377517966141214
0.35430023505495206
0.3699918289378276
0.364394067460244
0.351582817246439
0.3420873097049894
0.33611477089737957
0.33340181512476935
0.3214410613374344
0.30564771449748457
0.29161196623250984
0.2789559585099321
0.26984596252888937
0.2644840318611118
0.26457121245975024
0.2677141680664579
0.2655654140847763
0.25780459669056077
0.24997345273485766
0.2439519531832779
0.23937200698206987
0.23697597378726803
0.237096024811527
0.23412094396657931
0.22839401268056736
0.22257457222942728
0.21694407041343308
0.21175555533036103
0.2071040392910137
