0.37072858596697394
0.37108805826503577
0.3715831113076843
0.3739201696063907
0.3744074937418846
0.3738201496195022
0.37425895639673035
0.3740819858781547
0.37352289898303237
0.37360746352424373
0.3730264031735834
0.37291813327563983
0.37262771079338697
0.3725591270385547
0.3728073966808057
0.373015074719765
0.3731245361716971
0.37301385529424896
0.3727643428650927
0.37240049802693914
0.3723904818724577
0.37263802066559454
0.3724765321005362
0.37224715375916706
0.3719591520161197
0.3719118581495522
0.3722194317050222
0.37228283325397127
0.3723954371384987
0.3723576114854829
0.37253950432587324
0.3726192356408931
0.3725621760988325
0.372379092672238
0.37227022322670905
0.37236964089775854
0.37227417494204257
0.3722391017889141
0.3721442732436007
0.37206006069649233
0.3722156111426611
0.37219950073207797
0.3720157071392947
0.37206839455113766
0.3720604372131633
0.3720599034720232
0.3719808558583921
0.3717574622226574
0.37158784906878617
0.3715690900452978
0.37143821953899825
0.37128887853998244
0.37133501461803564
0.3713105963660018
0.371231917422139
0.37129349534942757
0.371136581475122
0.37102064575303445
0.3709343148981504
0.37093487745325804
0.3708748677806578
0.37076613895474225
0.3707732807795107
0.37069879660196137
0.37058417886593864
0.37059014172136806
0.370550532677733
0.37046939924989986
0.37037846171556443
0.3703696932865213
0.370357079856404
0.37034252973000215
0.3703161659441417
0.37031502139751366
0.3702635123905036
0.370277805159104
0.37021622595090037
0.37013604554373225
0.37013370261666523
0.37024518572448817
0.37024536776718275
0.37023798504398314
0.37026421089095973
0.3702531175220399
0.37017916995028743
0.3700621712469273
0.3700049936741781
0.3699708720131063
0.37000474121881494
0.3700125817686575
0.3700175598447503
0.37000768191091704
0.3699538121250715
0.3699318593074524
0.36995291653250056
0.3699350860080707
0.36994491345712555
0.36994850510886423
0.37004666193687985
0.37006650756768134
0.370074208661285
0.3700532551254963
0.3700281590251999
0.36996900481885764
0.36997159271797514
0.36995586020887766
0.36999375067886214
0.3699896411657907
0.3700014167312076
0.3699064038040127
0.3698597468420628
0.36981406881606693
0.3698288171364174
0.3698069665867731
0.3697665458525248
0.36977116699370605
0.36978353293457883
0.3697473423737395
0.36975788372792
0.36973685934320066
0.36969754025000223
0.3696455301453983
0.36958594629239366
0.3695662578560547
0.3695846736663531
0.3695451136048466
0.3694749548851985
0.369407272247082
0.3693806931746229
0.3693446515993208
0.36929090546150084
0.3692728611158883
0.36924718628573705
0.3692018825240026
0.36925660770508684
0.3692590340736557
0.3692432407287988
0.3692139628274325
0.36919425055482075
0.36916288990833535
0.3691749372043411
0.3691548722866862
0.3691339876952303
0.3691536402449419
0.3691956407625462
0.36918037324929637
0.3691673338340389
0.3691401415793104
0.3691560054182485
0.3691322920620383
0.36912904820313636
0.3690944873788832
0.3690955070959714
0.369095478140591
0.3690985595228217
0.36907180446865767
0.36908338914717287
0.3690761472294227
0.36906616570981615
0.3690500177807286
0.36903161124023137
0.36899952658172946
0.3689745016484752
0.3689695170343736
0.3689908887765492
0.36903496454411316
0.3690175505910538
0.36902772523944577
0.36902944702522544
0.3690559678618405
0.36909299434405546
0.36911217616761466
0.3690885934826397
0.3691187959772816
0.36911850685041153
0.36909900249992467
0.3690968484286979
0.3691148085591814
0.36914518348981934
0.3691097202286734
0.36904119438579985
0.3690291771311023
0.3690322108657342
0.3690530463745774
0.3690315366243225
0.3689906663697906
0.3689837159785339
0.3689650370331411
0.3689542950990639
0.36892967145763605
0.36890543618956817
0.3688691514969683
0.3688517303423287
0.3688607632011561
0.36887458959518205
0.3688835620714599
0.36885877441671416
0.368864423184682
0.36886483821502525
0.36888071829111957
0.3688748928619049
0.3688834237681774
0.36888053295416284
0.36886356188195035
0.36884146402046025
0.3688323672036902
0.36882066197297486
0.3688204511836188
0.3688115019579359
0.36878888805345494
0.3688006047154788
0.3688142923273588
0.3688099794968794
0.3688118050441023
0.3688245933954545
0.3688423700878064
0.3688594689583789
0.36885896659452516
0.36883518355827233
0.3688276964890826
0.3688157836914757
0.3688125679933212
0.36883185825852094
0.3688404382057957
0.36888080113855654
0.36888465776437035
0.3688529822972694
0.36882783778775124
0.36883994073550264
0.3688403663089427
0.3688523039151158
0.3688573518653106
0.36887312568477726
0.3688801925350175
0.3688431890553586
0.3688276868426379
0.36882666406454095
0.3688299303279461
0.36883378879621076
0.36885415971992236
0.3688464756862405
0.36886800921590635
0.36884430526358
0.3688311324371824
0.368799520419973
0.3687981707551236
0.3688078692890738
0.3688045022808346
0.368810046950073
0.3688048576078918
0.3688156450846091
0.36882127640810647
0.3688122327171848
0.3687931477501562
0.3687730926199677
0.36875772856999967
0.36875218543722676
0.36874600826592785
0.3687447676134163
0.3687459614917699
0.36874753310596864
0.368757182588878
0.3687339160037609
0.36871434559241256
0.3687167350449463
0.3687245142659581
0.3687328123852887
0.36871247741099256
0.36869198943718384
0.36869816257307536
0.3686789264167629
0.36866123679971313
0.36867682475539193
0.36866077759112614
0.36863815861713434
0.36862990118748606
0.3686038462088884
0.36857509482471396
0.3685878709567323
0.36860347537356064
0.368579019378929
0.3685514814655648
0.368532008736447
0.36855780210279987
0.36855413257464925
0.36854355945751094
0.36851620160398746
0.3685080180864711
0.36853046819141455
0.3685258360879128
0.36853034332624374
0.36854877308890216
0.3685453248093261
0.3685689827217668
0.36856896806784184
0.3685686635990921
0.36858294398379204
0.3685703117102377
0.3685405930199773
0.36853008325688125
0.3685242028478708
0.3685322571695601
0.3685355765636006
0.3685232512372095
0.3685247109759566
0.3685173148717199
0.3685133061657518
0.36849656780753626
0.3685027748007597
0.36849529300707207
0.3684895935534807
0.3684755305649897
0.3684713090815163
0.36846297611196166
0.3684756296291809
0.36848261248415237
0.3684603365032721
0.3684433735247933
0.3684324103263305
0.36842383421440444
0.3684166609824993
0.3684365417461671
0.36846011494436415
0.36850114791462957
0.36852486910765336
0.3685516564987215
0.36856655222641954
0.36857827058337633
0.3685993338720143
0.36862874328168727
0.36864154298041524
0.3686488225718901
0.3686672673546341
0.36868179752065594
0.36870448246491755
0.36871525548313544
0.3687095042793839
0.36872308469103254
0.3687509625656437
0.36875160344885216
0.3687680620651662
0.36878837419867416
0.36880334613716215
0.3688157185101595
0.36884458379363944
0.368872637508479
0.36888936270878286
0.36889007901409976
0.3689070866958679
0.36894168183230697
0.3689464824746489
0.3689373938056874
0.3689157595305459
0.3689184236737393
0.3689383733316271
0.3689386057610507
0.3689510052536096
0.36896676154344227
0.36896789819112413
0.3689872208519943
0.3690023763888415
0.369012728552558
0.36902619473686954
0.36900080136537095
0.3690011768249456
0.3690004868748101
0.36900435493388706
0.3690113195374371
0.3690231258543524
0.36902221096309906
0.36902329927409944
0.36903348980154616
0.3690253536508366
0.36903316338153425
0.3690337754040635
0.3690436078502701
0.3690432123119796
0.3690314732593493
0.36903946242358643
0.3690434519018008
0.369048703504733
0.3690580531579797
0.3690643970423518
0.3690808702248047
0.3690735128148375
0.36907580150293834
0.369082734412806
0.3690982476409622
0.36911179251521753
0.36912706301322507
0.3691451431593319
0.36916060596026556
0.3691516819543293
0.36914793958302466
0.36915059894532604
0.3691762442327677
0.36920954023211344
0.36922994747205967
0.36923342556490907
0.369228809003959
0.3692245897811393
0.36923478046577735
0.36924130394901217
0.36924638919090597
0.3692241693467747
0.36920617396649535
0.36919074536284147
0.3691804616857204
0.3691720265258043
0.36915479453081573
0.3691467485811415
0.36913804633391994
0.369134823311899
0.3691440044293608
0.3691557197233463
0.369155294757891
0.36915099560113984
0.36915659667021755
0.36915530837802474
0.3691592869065074
0.3691546217478244
0.36914553062058486
0.3691381567163836
0.36912730385969184
0.36911300990198487
0.3690931285421741
0.36908479177830045
0.3690851660235294
0.36908170707840354
0.3690840051031829
0.3690849539561105
0.3690717487466282
0.3690777889349868
0.36907980828401526
0.3690691004521784
0.36906062202020706
0.3690592179980353
0.36904571123577784
0.3690392322784905
0.3690488839889336
0.36904921567541266
0.3690364846802775
0.3690269440063591
0.3690018356286844
0.36900900279567034
0.3690077721503451
0.36898499462946316
0.36897684157839566
0.36897090836547747
0.3689708518552773
0.3689728814254276
0.368981229492385
0.36898496944593295
0.36899192927851426
0.36899793422700683
0.36899997936550083
0.36899338082214916
0.3689985273166447
0.3689880909734933
0.3689850002867292
0.368980025474811
0.36898995687756075
0.36898852031126655
0.36897978321538505
0.36897545494020995
0.3689779367741291
0.3689914262222669
0.3690063070432466
0.3690139287562541
0.36899900036929373
0.3689944601474219
0.3689981825037926
0.36899843889657397
0.36898724782104736
0.3689770344135982
0.3689778816778848
0.3689720067134911
0.36895794840787205
0.3689529259378359
0.3689499650102499
0.36895631276399843
0.36895108568075624
0.3689534958979771
0.3689681257758762
0.36897267430373654
0.3689578990459237
0.3689404389600327
0.36893933244835503
0.3689317841345936
0.36892349716759454
0.36890904079857423
0.368899571150892
0.36890994376757014
0.36891109170465214
0.3689116910329935
0.3689151044262848
0.36891694102605105
0.3689063592996862
0.36890107301396635
0.3689055684097554
0.3689089339829542
0.3689146300245743
0.36891442553414394
0.36890554324169694
0.3688944352920418
0.36889593159789974
0.3688884933851252
0.36887387399457533
0.3688718617578733
0.36886794169404924
0.3688521505648968
0.3688363982051487
0.36883994811436155
0.3688317470885084
0.3688352949339734
0.36883346097491104
0.3688250298511936
0.3688273553562523
0.3688290965668697
0.3688132839407173
0.36881005495973634
0.36880474651011663
0.36878668930467934
0.3687927350196908
0.3687905838451466
0.36879463591618367
0.36878759167682884
0.36878662336942436
0.36878112841224553
0.36876732620937036
0.36875665807032193
0.3687511786342716
0.3687452659851015
0.36875138080778924
0.3687366560608202
0.3687345717637902
0.36874606190544756
0.36872963514466256
0.3687227977690436
0.3687375769584737
0.3687439043880646
0.36874640632655925
0.36873894495328835
0.36874304310034667
0.36873285857265725
0.36872367849089793
0.3687130937123678
0.3687072507599561
0.36870978517356867
0.36870140153859554
0.36868453541502516
0.36867324724158945
0.36868137632257714
0.36868127883826407
0.3686865936901917
0.36868552075257044
0.368677605566708
0.36866809256918204
0.3686562490255102
0.3686459263220859
0.36864029900909234
0.3686357812656209
0.3686306020329427
0.3686206950059718
0.3686175473501417
0.368606834220662
0.36861065339876775
0.36860780812536537
0.36861704702137815
0.36861794371276496
0.36861313728000333
0.36861926502778625
0.36860710813209313
0.36858408984234686
0.36857566249220264
0.3685681373893884
0.3685588830722378
0.36854348932843944
0.3685313841021938
0.36854052635687035
0.3685326253422865
0.3685289893582591
0.36852105812156694
0.3685221977223957
0.36852138598282347
0.36852428963502304
0.36852098318817605
0.36852489196725025
0.3685308465079454
0.36853556780030816
0.368523640751755
0.36851005131075726
0.36851155945000236
0.36850644176043956
0.3684962169647085
0.36848720823039377
0.3684800853883229
0.3684781617863288
0.36847656127260026
0.368480408795902
0.36848878669515517
0.3684832766743814
0.36847686797238133
0.36847025701430575
0.3684624020962144
0.36846703118209667
0.36845871986892875
0.368445557194386
0.36844703460448147
0.368443255164189
0.3684426945703935
0.3684365848299572
0.36843707029707823
0.36843029893920964
0.368439901119119
0.36844723297532955
0.3684469058524313
0.3684541268093146
0.368449006055954
0.36844904255777133
0.36845829002633157
0.3684556856538482
0.36845456516006575
0.36844641188119515
0.3684352201720482
0.3684318878163426
0.36842224166431725
0.3684116279955187
0.36841423909427196
0.3684180331957402
0.3684211152230136
0.3684176879746376
0.36840631863977136
0.36839341574479945
0.36839600797960603
0.3684020138318372
0.3683926337084226
0.36838264024154754
0.3683782286172977
0.36838381984766644
0.36837651521653486
0.3683831893552148
0.36838791455051795
0.3684068533976449
0.3684285171940444
0.36843980799465964
0.3684545695150695
0.3684628193257907
0.368463235966797
0.36847294491291854
0.36848670027682673
0.3685011594150285
0.3685123258415185
0.36852805992514864
0.3685486230685231
0.36856209876953155
0.3685665073818101
0.36856090832616095
0.3685633035415938
0.3685627384491291
0.36857543519340785
0.3685904826810381
0.36859881284247054
0.36859746114374703
0.36859899275099056
0.3686060665420269
0.36861007034521615
0.3686130007164248
0.36862609180055794
0.3686288616806047
0.36862937722394457
0.36863083983917305
0.368619991312566
0.3686112809455326
0.36860893821426316
0.36861434768761003
0.36862368044680904
0.3686298073407929
0.36863133206374366
0.36863488851086357
0.36862803269451655
0.36863127338552354
0.36864237530142535
0.3686453845681626
0.3686488219673782
0.368658766350884
0.36866231055496007
0.3686527965624565
0.3686479578304936
0.3686556441344624
0.36865663165786194
0.3686608796384744
0.3686650858709058
0.3686666849722595
0.36866782459598796
0.3686593430741582
0.3686454565956893
0.3686449355135073
0.3686530958081112
0.36865673876967386
0.36864628588983567
0.3686461122444764
0.36864528764555027
0.368650962749891
0.36865260186753795
0.36864893776133717
0.3686542867272449
0.36864784538560186
0.36863907708159355
0.3686418518403504
0.36864429291256046
0.3686406112990314
0.3686377589957468
0.36863761968204306
0.3686411957900711
0.3686316714099625
0.3686270508433102
0.3686287569796544
0.36862942001386007
0.36863301124025427
0.36863398577349965
0.36863185300875134
0.36863421200905466
0.36863301798466236
0.3686334086774952
0.36863287372684184
0.3686359702950931
0.3686383666663925
0.3686216788184806
0.3686140527723485
0.3686057530830611
0.36860718007389226
0.3686126785549074
0.3686040133284338
0.36859745021668583
0.36859633659936225
0.3685950480109249
0.36858873178117446
0.3685890331846527
0.36858987136385984
0.3685832236712115
0.36858015239261266
0.3685716178465801
0.3685710252800785
0.3685780984164743
0.3685836761769006
0.36858258374988967
0.36857622972111315
0.3685765405866379
0.3685728932994326
0.3685727182319532
0.3685729471672145
0.368566789331402
0.3685606206551714
0.36856168886031626
0.36856357387598765
0.36856099733395975
0.36855684804007177
0.3685513309652215
0.3685484216570046
0.36854722970963844
0.3685423015073966
0.36854166592780707
0.36853477007723007
0.36853129607063123
0.3685217394392496
0.3685224390450909
0.3685230612852232
0.36852293630814015
0.36852829658998315
0.36852852133204655
0.3685260700166404
0.368518865968007
0.3685179539506536
0.3685202182880189
0.3685126980548844
0.3685090600497327
0.36850318279510097
0.36849960733763004
0.36849243367805706
0.36849958655324744
0.36850392168278545
0.36850587251783584
0.36850519770298434
0.36851122396146535
0.3685090937577261
0.36850862938335516
0.3685121098564283
0.36851607824681903
0.3685217631127954
0.36852042932486273
0.36852247494162
0.3685273948624962
0.36852728310087846
0.36852891523611353
0.3685354231137112
0.36853581002254354
0.36853561435837456
0.3685346907375598
0.36853815536576606
0.3685331151417764
0.36852868604654593
0.36852654952497055
0.36852425190744775
0.36852572040270276
0.3685234528497047
0.36851942272536803
0.36851764309277035
0.36850405966006355
0.36849602326076325
0.3684908352589504
0.3684935684405284
0.3684905667737347
0.3684881824015909
0.3684897713836273
0.3684861020431309
0.3684827874743404
0.36848175424842194
0.3684800591090427
0.36847614081872687
0.36847836817037666
0.36847339243471544
0.36848118891785603
0.36848723606116723
0.3684804277769822
0.36847220762839267
0.36846921816111783
0.3684625049205126
0.3684554958627093
0.36844462946899653
0.3684376201272747
0.36844170213424304
0.3684365079004863
0.3684227222526739
0.36842099141349366
0.36842056791149297
0.368418117878945
0.36841343373175456
0.3684059771037754
0.36840131835771195
0.36839913482976844
0.3683991677201397
0.36838931576109435
0.3683871220052328
0.36838948056323045
0.3683936869678006
0.36838619016833984
0.3683813027318493
0.3683823022331455
0.3683787579231664
0.3683818426607132
0.3683822601851634
0.36838983168541967
0.3683813323067058
0.3683805289623334
0.3683793078524383
0.36838677829519845
0.3683888390901216
0.3683881083552884
0.3683842440598539
0.36838464001824744
0.36837943359896563
0.3683741085351947
0.3683775904811643
0.368377120838775
0.36837321817662166
0.368366693051275
0.36835682545917786
0.36835256643343417
0.36834426191195546
0.36834681512693046
0.3683427647520057
0.36834315656938726
0.3683470791113678
0.36834765392377916
0.36834505906487763
0.3683418139356463
0.3683420413349024
0.36834014862973424
0.36834149485346995
0.36834036847470086
0.36833651897022723
0.368341582750809
0.36833659249213907
0.368330837182959
0.3683225351519265
0.36832045455134316
0.36832081036724
0.368327025008958
0.3683316020454674
0.3683383388668283
0.3683432513635705
0.3683442490244778
0.36834728494323515
0.3683514608445533
0.3683560919589082
0.3683580913233367
0.3683591968437057
0.3683551295456198
0.3683539431898153
0.36834631697393805
0.3683416082032229
0.36834258685769744
0.3683400868470456
0.36833637643995437
0.3683320796238601
0.3683383530529342
0.3683380416058281
0.3683480823938794
0.3683494046340907
0.3683504950676232
0.36835153688144834
0.3683579672532019
0.36836239773791657
0.36836534935825516
0.36836073615659803
0.3683554068604364
0.36835287266601396
0.36834986055851027
0.36834588546379904
0.3683429531055795
0.36834167581290944
0.36834529529498466
0.36834903721218715
0.3683508926125746
0.3683486238634762
0.36835077953242423
0.36834916833665143
0.3683414502871371
0.36833863084526497
0.36833360793089626
0.36833676007140337
0.36834338613856904
0.3683505111500708
0.36835466311571957
0.3683499110073679
0.3683466563194372
0.3683504026242091
0.36834870388383767
0.368344823476573
0.3683383178144151
0.36833681154921866
0.3683346666717132
0.36833878479684146
0.36833869970641514
0.3683382085746424
0.3683377093614295
0.36833424900665745
0.3683341471782756
0.3683315478761213
0.3683392837565272
0.3683387349973567
0.3683436357055043
0.36834566657368184
0.3683445190885807
0.368340141074282
0.36833672046290716
0.3683376939661851
0.3683401066010759
0.3683421589547008
0.36834674825477576
0.36835528229585496
0.36836320508007164
0.368367678069486
0.3683714522570719
0.3683758864537874
0.36838227336072665
0.36838840462068767
0.3683918026379232
0.368395894423383
0.36839824027403656
0.36840511868775333
0.3684116805640996
0.3684217261447455
0.36842092765597895
0.3684281523665229
0.3684408983409689
0.36844621126914057
0.3684523065417813
0.3684608001098135
0.3684600920431799
0.3684580757144046
0.3684667882195967
0.3684735515455513
0.36848295168580797
0.368488916779796
0.36849326914325076
0.3684981092980706
0.368498516513019
0.3685000083237498
0.3684975675067072
0.3684994074957158
0.36849622119640485
0.3684952048254789
0.36849758690077017
0.3685013451943519
0.3685036180676592
0.36850951783868396
0.36850904176635474
0.3685067037876107
