0.14634499896458894
0.1493211110345303
0.15651329116540577
0.1570865914469799
0.16203753820499298
0.16482150447240174
0.16160518877254773
0.1602344962513092
0.15652875198416813
0.15398807934945716
0.1534686180647889
0.15365357831111257
0.15511246141070711
0.15823334125602828
0.15981781057909136
0.15892423483396598
0.15840724946896656
0.15812749433718046
0.15739860683225115
0.15655083771528325
0.15583887959203768
0.1556435212471659
0.15629392864895153
0.1561056779774241
0.15615231160477236
0.15549019926337118
0.15535893598815334
0.15576319424020504
0.15572099112319943
0.1555121992301133
0.15493675697505913
0.15518504158219343
0.15560686204886998
0.156197153510845
0.15711671770997998
0.15765002899058
0.1578240222275775
0.15781208340293904
0.15762028528193564
0.1576165801751486
0.15776404973774505
0.15793130559593355
0.1580090074162142
0.1582752475330338
0.15833947460608538
0.15808898505650723
0.15825820155295636
0.15823714665729005
0.15800147183057242
0.15806097087891394
0.15819052889394453
0.15814805510616275
0.1581957480238881
0.15745645262742342
0.15725976268375516
0.15694586049557993
0.1565863677543051
0.15631704610539343
0.15622424722311137
0.1561829510512543
0.15611479848219814
0.15625490800407638
0.15623485529767342
0.15646114899284222
0.15645247524656922
0.15662437812426203
0.15663364743472913
0.15677450696837184
0.15684294980919025
0.15685275308622254
0.15696812681967723
0.15672170186160433
0.15674846187855593
0.15702718475498523
0.15706805808621208
0.15725850666128993
0.15724638937590368
0.15742504666168086
0.15753762872506444
0.15759437008901545
0.157808581037224
0.15775071407467658
0.15769338305705857
0.1576569512823997
0.1575580562645327
0.15734582598651245
0.15730652800282813
0.15735350930881656
0.15779177136536884
0.1579424723158903
0.15777637534921535
0.15768030456488508
0.15768178637533103
0.15771941947471949
0.1578152598756064
0.15776846308562595
0.15769284926078606
0.15766671709993985
0.1577661791248447
0.15783140251437885
