0.03326228257151127
0.03198606757227447
0.027467988434531184
0.025578902229845626
0.025421448981278114
0.026197507306952583
0.02791416233530038
0.028628133492107112
0.0296169239565466
0.02917923542516906
0.029738790730272958
0.03001101829688611
0.03105343752990159
0.03201473160283229
0.03325475792133348
0.0334075442883733
0.03431452192074671
0.03475679254006116
0.03483863742155864
0.035115594760827575
0.035309693316481
0.03587382007376262
0.03584490940540557
0.036167527739281724
0.03617057562972246
0.03583905261741354
0.03615965635700689
0.036026330994884455
0.03564272221188443
0.03599673710652981
0.036073900184848115
0.036315570899530636
0.036167207543185455
0.03592212457064033
0.035691082634010454
0.03545001719333332
0.035197444744883316
0.03514712292575475
0.03510555051065595
0.03505291632050727
0.03535231464785586
0.035971982950849905
0.036786255180736284
0.036938747119068006
0.03702714407020903
0.03709526375469093
0.03699053619737667
0.03708134086498408
0.03701441949532747
0.03691128553880176
0.036997126252200876
0.03699267308301887
0.03692007967459984
0.03690983020647853
0.03676622857147835
0.03680268690840299
0.03682516548248011
0.03685235875275616
0.036872545584776706
0.0369590797781643
0.037222800377956104
0.03747794609413408
0.03771720977789821
0.03785430901657194
0.037888952679745715
0.03777649515014363
0.03777667186265053
0.03767059394728054
0.03759388859304973
0.037868061221833546
0.037944264128288524
0.03788201624654259
0.03774745755931409
0.037748896731586774
0.03796091410822448
0.03819709887223657
0.03831603604335493
0.038474582728952385
0.038688816465180145
0.039020026507402536
0.0392388244857434
0.03911638359956032
0.03903583467898745
0.03918357120852251
0.03930495196287776
0.03959012226770474
0.03970493482347301
0.03970796646733683
0.03969637071778617
0.039694049401197605
0.039688175608682465
0.03974050601002783
0.0396661593269665
0.0396083767844027
0.03982271466900713
0.0402087321174047
0.040426228328798434
0.040767101931145903
0.04092866983198279
0.040983544323774886
0.041002438890168275
0.04105197295084331
0.041055449488430096
0.04105755563995941
0.041115611764925286
0.04126456602141309
0.04128186267495131
0.04128171212407002
0.041265231798002906
0.04116407274584218
0.041115937536022176
0.04114167695909311
0.041027314936034495
0.040864864139055004
0.04083007650923237
0.04088759179717736
0.04099637394981634
0.040941518502242785
0.04087256908585154
0.04081396600927076
0.040861929936480065
0.040986315725101564
0.04101835187362065
0.04106220446283496
0.0411628806124219
0.04128888888888889
0.041424094464467445
0.041505012232992536
0.041679806953652504
0.04173066225368157
0.041746559445064946
0.0417439607748304
0.04172752764235414
0.041742418766662966
0.041799329612164586
0.04176686902895578
0.04168729627393274
0.041604580592405925
0.041589066769270044
0.04155672930867824
0.04146863516717573
0.04137500599053282
0.041359046609790125
0.04121384670535487
0.04110256666158902
0.04108848743654476
0.04105149271889539
0.04109045099269681
0.041087224642093266
0.04111769261995816
0.041173493155029314
0.041153086295618535
0.041142854300749036
0.041219402262076744
0.04126812719067353
0.04122496809796959
0.041268199354377304
0.041163115674191494
0.04117428145313709
0.0412606629100559
0.04120500028599151
0.04115436175954607
0.041092650827538664
0.041009479857077785
0.0409713440877139
0.04093450833422022
0.04090695466743521
0.040887071473177584
0.04087556491211243
0.040817595373397894
0.04077220921525276
0.04075510603045289
0.0407378869346415
0.04065893097526733
0.0405880151234886
0.040511205104961874
0.04047229723562215
0.04044126580093689
0.040374445553073214
0.040264346963802676
0.04019502827931019
0.040117243658428184
0.04008557651422126
0.04002513483488817
0.03997170641577987
0.03995545408520922
0.03992428074370411
0.03980748430697445
0.03966683480127782
0.039560469368162605
0.039562993725519524
0.039598521030312674
0.039516739069355294
0.03953279538607598
0.03950817244297016
0.03948376024683368
0.0394900529426355
0.039486453926279905
0.03953219849753149
0.03954529996089109
0.039597618951092706
0.03962045440931391
0.039667873353380824
0.0396151901133017
0.03956019988225911
0.039504362985425825
0.039450170227918926
0.03948830444727374
0.03947469913973752
0.03942348700124126
0.039374561363878215
0.0393349308082575
0.039391064765381414
0.039486208595622505
0.039787910590526235
0.039922013034100784
0.039832022090458115
0.03978372250969999
0.03970341351268829
0.03966698342572637
0.039690941714722074
0.039606968571144055
0.039553024008111816
0.039508888238992255
0.039482968096957734
0.03948009699755664
0.03946415952724928
0.03945264256839858
0.03948739092845325
0.0394903650705906
0.03959780881776665
0.03963794917853857
0.03961879120230763
0.03963839574237364
0.03966285664046362
0.03964945893718196
0.0395916002387892
