266309
1524
1630
2000
2103
2298
2613
2546
2637
2583
2661
2798
3024
3018
3165
3634
3355
3638
3937
4604
4881
3698
4160
4063
3979
3935
4136
4210
4158
4480
4661
5062
4846
4760
4961
5225
5329
5155
5179
5481
5226
5474
5716
5848
5729
5913
5982
6173
6045
6024
6325
6562
6293
6699
6688
6671
6879
6912
7230
7457
7188
6841
7425
7722
7599
7315
8015
7881
8129
8215
8515
8149
8114
8327
8466
8686
8451
8688
8596
9162
8869
9045
9091
9204
9254
9245
9478
9464
9595
9327
10241
9981
9937
10020
9867
10252
10634
10587
10451
10636
10872
10965
11222
11109
11158
10931
11648
11329
11420
11199
10732
10581
10980
10832
10917
11266
11289
10911
