0.271740441145709
0.268455824888848
0.2732078033333777
0.273426552755798
0.2716504883599672
0.2733233363700453
0.2732638047342537
0.27246730885645787
0.27196631558934314
0.273532912547844
0.2739218810653373
0.27437859368764167
0.2745744234800839
0.27575699440447643
0.2770916746411483
0.27711512981199643
0.2784242967946921
0.27899360296061326
0.2804670500958573
0.2830857413997627
0.2860165889252843
0.2952454962756396
0.3064706644544174
0.31540782299766357
0.3250709954573195
0.3317285694883548
0.33755713741104393
0.34602454442861513
0.3543269797362401
0.36173527815818823
0.36903280427019386
0.3745704226012474
0.37961640189003926
0.3853076623404462
0.390689709406038
0.3954887512833635
0.39985935219034496
0.40203098274200666
0.40322813434357635
0.405691328606573
0.4088740942243819
0.41229497990089564
0.41562549879117816
0.4181592745239443
0.42097625325050414
0.4242936639694551
0.4271619276587547
0.4295091507685513
0.43127395361864856
0.43285404893627627
0.4344942270752535
0.43340323216889426
0.42988792612973625
0.4263925000517715
0.42322064038954255
0.42019748260853845
0.4171046420020945
0.41432944926332127
0.4115717767000957
0.40880494009954715
0.4063912939490021
0.4038731187126062
0.4017278027476943
0.39953961402986554
0.39701610887496447
0.3950325776582458
0.3930306742578789
0.39090098682071484
0.38889964379183667
0.3867895694458639
0.3847129277617902
0.382729257356769
0.3811150513227963
0.3794622969913623
0.3779081487083264
0.3763816060216832
0.3747235138526011
0.373258068649587
0.3717863328127633
0.3703053231400314
0.3690054625403809
0.3675987470748627
0.36628769546020457
0.364931007982434
0.3635659909637464
0.3624335441316181
0.36136904749151744
0.3602407745111121
0.35901695308496656
0.3580043084641001
0.35674822148244906
0.3557195666213611
0.35470159932746964
0.35371424782543326
0.35267740793933094
0.35164886862561534
0.3506017749377192
0.3497617622380808
0.34894464641586576
0.347976908904571