[3.289893980337492,23.561304302176524,-1.1371890798686095,-2.3405316647968957,-196.87694279361085,17.759679461426845,19.47581610169468,-0.9012353829992532,56.18300589103552,0.4248911183632454,4.169518901870085,0.2184834725994508,-4.953223220852845]
[3.289158161480902,23.55242252726241,-1.1374374321026615,-2.340923975291901,-188.4913626992095,17.834219762860545,19.480263466738975,-0.8996492603832441,56.173669301742514,0.42488461898022234,4.170606416183436,0.21853937364458395,-4.950628036021845]
[3.288204246877735,23.528084475148336,-1.1401787569358146,-2.3426514366482984,-176.09001551173122,17.883900506068816,19.477248359206797,-0.9129721597656913,56.1359083897584,0.4246930716842564,4.171207572948063,0.218589699311964,-4.959307204872244]
[3.287119675655709,23.521224706858337,-1.14532071862088,-2.3418205256875337,-169.12268250279334,17.91438172316527,19.477808458277515,-0.9093765927269425,56.13505698708787,0.42465503061410675,4.171533108168813,0.21860658702639987,-4.9565003935861744]
[3.2847471246003765,23.495034034103977,-1.1609786340395896,-2.3448004646787632,-160.1520374735989,17.946368820279915,19.48342969922245,-0.9334743332004907,56.10261789809285,0.4245815701071923,4.1726196981637935,0.2186680544611223,-4.980112066917197]
[3.2828491315868944,23.39055005345309,-1.1679975078218405,-2.34557991884395,-153.3261452399753,18.00044116663282,19.47512910000544,-0.9324968451526091,56.14727378188982,0.42444322835696113,4.1726386710769665,0.21842859997428757,-4.976507333386053]
[3.281016991390889,23.387375087486753,-1.0505937125152214,-2.348133608538687,-147.49714183653884,18.040630731646896,19.482453305208207,-0.9342956184688774,56.125452490053014,0.42428148993771425,4.173047728925814,0.21865168090526124,-4.978708245105847]
[3.2794591124956827,23.298449558000005,-1.042912113664259,-2.351203222041755,-141.23509917178112,18.08091737707155,19.48120762993241,-0.9478569269892757,56.07078172140243,0.42416545353826757,4.173506913459017,0.21872986378894596,-4.991603964863865]
[3.2772005776498374,23.231791717127734,-0.9265131188168636,-2.352451137638859,-131.71703084963335,18.13052065041262,19.475536868100573,-0.9492127888339972,56.053041646168026,0.4238929977462103,4.172776926191356,0.21851269648283486,-4.990735479568352]
[3.2764398827983916,23.195655586869076,-1.0609737573893716,-2.355377786776825,-120.81961679692463,18.133086672118647,19.486161573091668,-0.9481402528768895,56.04804640173542,0.42382657100157134,4.174033757517993,0.21866332976809408,-4.992437439523247]
[3.2749271996861387,23.179317669472123,-1.0682601261364852,-2.357851518955346,-113.16391151942456,18.174062559541937,19.48246171327669,-0.948790114259065,56.04151265906216,0.4236206718767291,4.173883710866038,0.2185576172230795,-4.992217885094238]
[3.2728860984439163,23.187047982723232,-1.085432080341278,-2.3614121810024993,-106.35768782459705,18.200708976118303,19.478204645121092,-0.969352691870688,55.94053669787532,0.42348353439263087,4.173776619902896,0.21846967978802903,-5.01377576393145]
[3.2709285983611784,23.126396246492526,-1.0956399340456124,-2.3637062257988934,-92.01320587329442,18.242816148569915,19.4740197883869,-0.9706943419458615,55.897294636045906,0.42329708028653495,4.174074731505251,0.2187707746507811,-5.013939999405693]
[3.2683294259743825,23.164435819270622,-1.092578080072379,-2.3662070835985083,-76.31787401857237,18.268678864116094,19.460265448778763,-0.9722473427756585,55.866951924280166,0.4230226175822145,4.172956779906362,0.21864110187607846,-5.013099925645993]
[3.266452690526192,23.179628530859333,-1.1065935684371058,-2.371263261132424,-68.1223667215526,18.267671558898552,19.44968537082717,-0.9746813758579556,55.73409115693251,0.4227002128575635,4.17233693044115,0.21862454539175455,-5.016431881740993]
[3.2646702851065736,23.10369709586317,-1.11809873861487,-2.376439983089097,-61.19440473614234,18.31531037647501,19.44381568991739,-0.9790802466647571,55.68190249014561,0.4224096744224374,4.172042226173943,0.21879208891014046,-5.019573434678916]
[3.2618945352025657,22.953631895375697,-1.1416173243080485,-2.3797170494077733,-52.43846323086719,18.347395731562855,19.437826585496705,-0.98346415283142,55.64203853219253,0.42203133866671333,4.171847367741107,0.21870101280171975,-5.024002859983978]
[3.260174936654191,22.842716017654773,-1.1479445690451577,-2.383463822860018,-42.11953989557003,18.359738684541014,19.42706497498454,-0.9886851620946748,55.56132353404393,0.4217013396988301,4.170536962805859,0.2184541860100009,-5.026158723507533]
[3.2575282686216167,22.713055628576047,-1.1561531659795048,-2.3882392395781817,-31.959461802172132,18.375881443604552,19.42312666134058,-0.9944289461761172,55.501777670134636,0.42116804167241256,4.169846065843668,0.2184399888729422,-5.030207592492701]
[3.2535869375569613,22.627871651900957,-1.180671932802099,-2.3954114083762237,-19.81564518570484,18.38230594204633,19.410364372723503,-1.0029061620388497,55.35033074667482,0.42062964970363814,4.168371407508414,0.2184434687726343,-5.0377288439605925]
[3.247314229240856,22.537682994506028,-1.217217968690032,-2.404241424071069,-9.500111846630604,18.381940636221497,19.39110757694206,-1.0139064794622294,55.17252291802146,0.4198937124435652,4.165976476165307,0.2184727427981406,-5.0486665350487385]
[3.2424508603703877,22.35608839487365,-1.2566377236029034,-2.417928459904141,-0.35012364728371065,18.21690104770524,19.35988938691634,-1.0393366388604925,54.90332148591461,0.4189795778514694,4.160756420611615,0.21794767626879666,-5.069069882204426]
[3.2382658588578734,22.139490578997393,-1.3144206043321376,-2.432680186627769,-1.4870452003579078,17.95953637602566,19.334277372990584,-1.0677038501888627,54.54131198783275,0.4181894170671846,4.155993146999319,0.21768909021780736,-5.0902382069618275]
[3.235246823726299,21.964157868843042,-1.3457697057794857,-2.44474662619278,-0.9947534401160929,17.782734395490568,19.313602500646603,-1.0881377153454304,54.317176501581166,0.4176050211658473,4.1523642998961,0.21732684494862733,-5.1075036467022406]
[3.231485953341691,21.78010515230934,-1.389714579815344,-2.4579567078275786,-0.6056127510082813,17.523560948374126,19.2937303971105,-1.121782454440079,54.06652136642544,0.4169395160662961,4.14879110789961,0.2170800895782717,-5.131119232910241]
[3.226805254125505,21.605520103089283,-1.4363737172291242,-2.474738584859312,-3.053197087158204,17.30262842044415,19.25554159267721,-1.1529681806925403,53.718346829359966,0.41606473870437277,4.143543485430637,0.2168120920370969,-5.151681783496819]
[3.221448878641242,21.382700053476594,-1.5035807986539735,-2.4972020818929983,-0.6309195494995843,16.967319177905743,19.217844272403855,-1.1918982708131345,53.31757978426603,0.41506904680230255,4.137524270244828,0.2161419538483915,-5.182879056474245]
[3.2185672044330387,21.22631496241166,-1.5410936217222087,-2.5083199538464713,-0.8350493060022207,16.814835303698715,19.190194767853786,-1.2122103352677829,53.10623860777865,0.4145070514089576,4.133863301992842,0.21587123107512504,-5.198934865854145]
[3.2147318668775653,21.03543340885107,-1.581579138003778,-2.5210162435049126,-0.47402297445780195,16.555756211259183,19.164491522651417,-1.2386335999236395,52.82257111024985,0.41380755026153065,4.12909923243373,0.2138971957279653,-5.216897420911617]
[3.210745136731011,20.843557077829992,-1.627795192898766,-2.5352076703968405,-0.6745739837321848,16.330486327852444,19.13982669649538,-1.2622816492095335,52.598474659038345,0.41312256548214454,4.125512317154727,0.21361350413038904,-5.235315445576585]
[3.207273149119236,20.632278632075735,-1.6701909987030756,-2.548958692008624,-0.5714684407849451,16.133625715745833,19.11407536188524,-1.2884272236640117,52.31935770051148,0.4124262230430608,4.121084171787782,0.21336575643923494,-5.254554836341557]
[3.20432805804017,20.472650973534478,-1.7158139943289468,-2.5609257758039825,-1.3078381645403994,15.93806561981251,19.09549626752585,-1.3203551915583636,52.09327322550387,0.4118428321370311,4.117697306553265,0.21320970925635285,-5.27944513677859]
[3.2012811529468417,20.312638733992436,-1.7468230907095161,-2.5720862017393125,-0.7489409590785312,15.750825470870257,19.07668578173516,-1.3510351399009262,51.89359161734785,0.4112867279418994,4.114455896169993,0.2129297090281558,-5.303431739197571]
[3.197362535408632,20.06877152136445,-1.7840910005147377,-2.587730463114375,-0.662883703562389,15.530028397598693,19.04359759952615,-1.3813422270464442,51.5640846077999,0.4105086434259524,4.109469400719461,0.21265438004341497,-5.326052633352819]
[3.1936652546124673,19.888057628425564,-1.855734974756696,-2.6003122362894002,-0.9475807858713171,15.33729843614597,19.021834740440276,-1.4041209206268253,51.26965789050889,0.40982803888324015,4.105870018565169,0.21243936578056796,-5.346580937985846]
[3.1894262853735222,19.646202069978724,-1.9027453147543987,-2.615546285554595,-0.5807480477856073,15.078161622164956,18.992408921039534,-1.4330458795295467,50.9310969409316,0.40901560634232387,4.100812847151684,0.2120811534255487,-5.367634449560217]
[3.184766837698709,19.45255322258135,-1.9422880903581277,-2.628813353065436,-1.074759605730106,14.873499188004178,18.968786005421453,-1.4705601099146106,50.671656508150605,0.4082844939490415,4.096571643351025,0.21170445116476694,-5.395797395158483]
[3.179750118817839,19.21619622296653,-1.9822388118157,-2.643095318810566,-2.7613138831195494,14.725236225433,18.94209756970816,-1.4977463526090122,50.408023941650214,0.40731443842533055,4.092075534846785,0.21124871082402166,-5.413714629786537]
[3.174222909493452,18.95117949119806,-2.0217499068559173,-2.6587920110674195,-2.586215383083763,14.584665278559596,18.90674666535319,-1.5280513672952252,50.0801074355717,0.40631584286511085,4.086069155917543,0.2110442921820397,-5.435230868999718]
[3.1705996833656336,18.738032931239083,-2.130802460557606,-2.6719162574465773,-0.9001472329374804,14.395819403290561,18.880464908360672,-1.5532047668116062,49.81202338830353,0.4056110753364005,4.081681973677354,0.21061183520123472,-5.452982609423073]
[3.1677858193469906,18.55712855936108,-2.145663238445538,-2.682453497177169,-0.8965330188030507,14.241371635172586,18.863715133702968,-1.5807098253733558,49.61660346285604,0.40503917894370156,4.078497431586875,0.21043497984599707,-5.474041847675178]
[3.1635615187629984,18.326583161712467,-2.2025625641054685,-2.6998935426487325,-0.5713147046696568,13.94881684781275,18.83613923896164,-1.6152388432049556,49.19791097582932,0.404200220523584,4.072813910724904,0.21002463006696265,-5.498260339135764]
[3.1602455570113452,18.103466758915175,-2.2212108178069605,-2.7132581108135017,-1.1302978447390117,13.74683744054368,18.81122029984683,-1.638232685156895,48.95854256917058,0.40351516215968847,4.06884499810578,0.20985026112937472,-5.517508356319934]
[3.156951895892284,17.95785665764174,-2.2620490847484933,-2.725415841702886,-0.8587371823800092,13.596096573796485,18.793820779947126,-1.6606925885533201,48.762898635865895,0.4029260437699823,4.06566252403504,0.2095646484775895,-5.533199812760355]
[3.151850148193927,17.537775368725757,-2.302020754412285,-2.744845835740505,-0.5576804702536361,13.267572464193192,18.756579990138796,-1.6981640698974096,48.38916809966939,0.40190799340762806,4.05941116271566,0.20900647060031527,-5.5596029465940555]
[3.1457805968197943,17.112630717847914,-2.34423632201986,-2.7647155698619392,-0.4322957972968921,12.899726937473002,18.7139472805999,-1.738503062253073,47.98725395837837,0.4008602405312582,4.052683090692694,0.2086127640390038,-5.584989033137805]
[3.1420836849259977,16.837545011766235,-2.3768826031001904,-2.7785293308025927,-0.7469648382095964,12.706109252622056,18.687231823884325,-1.7758575565478618,47.68258712398017,0.40004842358652165,4.0479539485523635,0.20845646842707333,-5.617099479155021]
[3.1382282325558366,16.594049445608587,-2.401813876994498,-2.7911305099680015,-0.6593104496585059,12.45922369144821,18.65421674041249,-1.803165907492601,47.39105387860875,0.3992767380659819,4.04301200400342,0.20818166055261214,-5.633954293624079]
[3.1334121297438027,16.298801124277855,-2.48283993777255,-2.804327306884474,-1.6144181569784386,12.294081896464638,18.629784646443134,-1.8282630952970664,47.10458990230441,0.3983310043918535,4.0386000186989,0.20775360020344874,-5.650768652311375]
[3.1299332986316686,16.10885786617506,-2.5215757968426504,-2.815806725436286,-1.0002719406964022,12.145090775959911,18.606510733674636,-1.8482633943309335,46.87383269082467,0.3976436760463761,4.035040387753464,0.20715273096843984,-5.666441300831554]
[3.126540536941667,15.84459129764384,-2.5453587463180773,-2.827351381859427,-1.2434658332123,12.002271377338118,18.578902671987795,-1.8712893077588306,46.64634498218531,0.39696991744578264,4.030671176994933,0.20687780456358262,-5.681238012975426]
[3.306254291104907,17.71426185880687,-2.239926449687159,-2.0709173516032897,-895.5911927476046,9.731048810100368,26.785543696304146,-6.406997767922933,46.20589746178281,0.5013100876388041,4.760436230798424,0.5001611369695482,-9.947120294574109]
[3.306522559781003,17.726873791428755,-2.233095891928034,-2.069913566440629,-893.8585712990067,9.74340205556432,26.787868310304535,-6.404366671707707,46.206202440143564,0.5013831819309627,4.761067048154265,0.5002209586641269,-9.945190218757023]
[3.3069174695488264,17.75056002101507,-2.2165148617734935,-2.067552925375084,-887.7655783252952,9.837518301640525,26.78675669355751,-6.399153659079378,46.24190745391035,0.5015234497798516,4.761540563693071,0.5002155774561331,-9.941311572842483]
[3.3074060470319933,17.767858295783334,-2.2134530348874097,-2.0669873109580688,-884.6880283317078,9.86342360033581,26.787796474794124,-6.405136583898084,46.253144879790895,0.501649211649753,4.762275431108739,0.5002422666843384,-9.94550088436461]
[3.307796028673746,17.779019603753852,-2.2082739272404175,-2.0657673447694003,-881.6739194661562,9.912122944984924,26.788891493915916,-6.401611936682184,46.26949884259172,0.5017293328924148,4.76259910617107,0.5003885619867547,-9.943276708183966]
[3.3086071799809966,17.821418495647396,-2.2122835538025716,-2.063653067305686,-872.7082245334552,9.942927641144093,26.790356501155046,-6.395990187201965,46.28584526698351,0.5019105125338114,4.763494980004378,0.500484786035172,-9.939266540582638]
[3.308496449972392,17.82173155368525,-2.209167764733385,-2.062879344631365,-868.3701313760465,9.972491925297296,26.79603829411301,-6.3928540275079975,46.295694185427976,0.5020174644978397,4.764466193123082,0.5005111594946091,-9.937064254022438]
[3.309352314960471,17.79657752593431,-2.185151077790961,-2.0610202115902196,-859.5120560429132,10.012886842678533,26.806326101596902,-6.3866286153011504,46.33373039287004,0.5022075809271324,4.765916790538838,0.5006744913509811,-9.93279930763802]
[3.3097562804228158,17.80866153327889,-2.1817135713945075,-2.0593690640940077,-854.8732802487698,10.081890084300603,26.811520639975047,-6.3827392461461026,46.36152793093947,0.5023207260197283,4.766894137624178,0.5008248875327153,-9.929552265215346]
[3.3111197183712853,17.845483265720624,-2.179678706763191,-2.056538287106324,-841.4824197542151,10.134482271823648,26.823472770118553,-6.397246188871257,46.412290276236384,0.5026213566377644,4.7691761051081665,0.5010345715641223,-9.946115503015614]
[3.311539138122105,17.872858564275358,-2.1763808842460763,-2.055457793226832,-837.3386797441062,10.166683018770717,26.814546242746914,-6.39326970447429,46.41143825852106,0.5027344902090709,4.769511516516899,0.5010113185133709,-9.94407736285691]
[3.311933452821673,17.950843172912876,-2.180114611893735,-2.0547182355275417,-828.7283413527645,10.202828171179927,26.804369581508972,-6.390496672041182,46.41376564715597,0.5028930594801296,4.770249481060241,0.501044819267007,-9.944182848370192]
[3.3118069718802703,17.933626325819223,-2.170352761593713,-2.0537285522416964,-825.8875288414613,10.224209607238233,26.805706267947475,-6.3863815020204076,46.42592918606585,0.5029832147987947,4.770852012833566,0.5010689484614422,-9.941826245848379]
[3.312673026190904,17.97306512697086,-2.1635572430501306,-2.0517483403290786,-820.1443696842844,10.265868842406409,26.814315863587247,-6.3816005662301905,46.478594578773375,0.5031500859342916,4.772439325972196,0.5012753791570385,-9.938492365669477]
[3.3129171717764088,18.00888830168305,-2.107221751507503,-2.050762310649379,-817.09183149847,10.296321970436745,26.812703229476185,-6.378327637684138,46.50770264233926,0.5032731199124459,4.773304996906006,0.5015939025056344,-9.936239789852838]
[3.3144039845796835,18.104743671481682,-2.099112690734404,-2.048849814475275,-800.2840612397326,10.368672085088344,26.818165070427746,-6.370199603422656,46.55676042159129,0.5035717793012122,4.774930714089269,0.5020043455718177,-9.928776447072575]
[3.3149509291254264,18.151465089100554,-2.092280540549015,-2.0461511716449334,-792.0201060394941,10.415015740478708,26.825854880613853,-6.363777306186288,46.61959676342103,0.5037489837198735,4.7766074557085565,0.5022210438489814,-9.923598369553897]
[3.315918615667361,18.140673164866342,-2.0847251783275547,-2.044589654937552,-786.8101785890333,10.443282145333816,26.831149273679937,-6.359222072802654,46.67150734243917,0.5038908709503563,4.777761562027498,0.5024061167840017,-9.919463705326153]
[3.31444030959203,18.181523315035577,-2.083302988118064,-2.0428281243872632,-782.9637785333218,10.475497009442373,26.80438995961068,-6.354810822871218,46.721255826935135,0.5039708703272668,4.778382272997595,0.502184611823002,-9.915746459006279]
[3.314958179823197,18.20266684837767,-2.081420699158555,-2.041879234989941,-778.6230466998027,10.515147476341323,26.81042349304949,-6.351121594994963,46.76124436073286,0.504074533157913,4.779231050935527,0.5025268127222102,-9.91293061624836]
[3.315199715492607,18.234449205477436,-2.077342436105201,-2.041050643171291,-776.8105362957336,10.540808031082669,26.813150246441012,-6.3485996892195615,46.78850975552338,0.5041456813708997,4.779817873036447,0.5026131784549721,-9.911189113928893]
[3.3157083663533244,18.28002054908976,-2.0562856185092477,-2.038620597902304,-766.102194024368,10.61386516553897,26.822606429902695,-6.341869368881345,46.85115869273958,0.5042841930864059,4.781660123984087,0.5028511936362504,-9.905023837560654]
[3.3154699912058403,18.30402283014656,-2.054619969414346,-2.03673681859381,-763.549645353712,10.639846749393781,26.824420424695937,-6.338034829648301,46.90993362225161,0.5043666933547447,4.782460600126618,0.5028397063018223,-9.901819405463721]
[3.3150860560554074,18.364084582586404,-2.052199047177167,-2.035412855922943,-758.6266929221339,10.673573418012547,26.811119512411246,-6.335036930638512,46.94766453517963,0.5045373181745896,4.783618111987528,0.5029600547531973,-9.900086700597647]
[3.315316142096022,18.35633771149252,-2.0407864478034137,-2.033227466981286,-742.9104633959904,10.736521844568534,26.823149355589486,-6.326603896698297,46.998509754170634,0.5047744794381966,4.785701278760838,0.5031861252728289,-9.895138408753843]
[3.316941342849272,18.470537896183266,-2.0331800046054354,-2.0318955661766127,-731.5606139460062,10.765525026636535,26.8308480127221,-6.321423963402163,47.018662087535546,0.5050384378279414,4.787223612496184,0.5032278804881183,-9.891147626551334]
[3.3183046929797917,18.469593079327762,-2.0319774092663723,-2.0308323828994332,-727.5901247611913,10.790712547224336,26.837614857956034,-6.317289661006851,47.048254160219386,0.5052102104562081,4.788381869359125,0.5032789107388003,-9.88898598870361]
[3.3182891797896166,18.527907676863887,-2.024004252814703,-2.029199678023639,-721.3065071400772,10.837561097035858,26.843144415434672,-6.312994731984451,47.08004542970501,0.5052970901058796,4.7895841683593146,0.503479226890254,-9.887083452821805]
[3.3189561570283903,18.56136840024769,-2.0078988210651136,-2.0267186423777095,-712.7374917293799,10.893355778417806,26.853475595393647,-6.307190147386341,47.11387237577214,0.5054500504693196,4.790804362959933,0.503491255272404,-9.882659170644247]
[3.3195690006818226,18.5902380651565,-2.0388994062251626,-2.0255661323800447,-709.9228874071752,10.929490256245776,26.859506896823277,-6.303958333347924,47.14466917201721,0.5055731815481419,4.791639004339111,0.5034365547821165,-9.880583493520119]
[3.32064786803192,18.636729418201377,-1.9989158050023739,-2.021980271817326,-700.1927839933721,11.006579624349914,26.87328354718422,-6.296539326904031,47.17561414655705,0.5057796580920376,4.793862724917704,0.5046479119720763,-9.875141842761085]
[3.320430877357001,18.663846984896132,-1.9700528550108205,-2.0195442337373826,-689.2330335987986,11.090320922893984,26.867538900075346,-6.289241974447845,47.22141027905846,0.5058883027084782,4.794604984930823,0.5049855971121295,-9.87137881664794]
[3.320601531256363,18.73001321914039,-1.9430404788687134,-2.0174463285355317,-683.4028355740007,11.132113771239174,26.87043160409113,-6.283462159278184,47.25353534451047,0.5060682799163955,4.795993301897787,0.5049064844228405,-9.867533500984889]
[3.322026523585471,18.796449863897273,-1.9369614199722451,-2.01485413898759,-672.9949132304135,11.180121724699635,26.881497854730547,-6.277907973518486,47.326420245855886,0.506243929660952,4.797785428975733,0.5053446860095,-9.86183287288102]
[3.323097165780532,18.834695028298437,-1.9285619359725985,-2.0110976001777803,-666.2824658210374,11.248334829468648,26.886497823892388,-6.2710725991903145,47.39609498090614,0.5064668256482973,4.799315205725183,0.5055344348455243,-9.856040412850843]
[3.3238071568654344,18.865857342343777,-1.9250638593777085,-2.0088017327116985,-655.1387736790608,11.328277381257074,26.89867467655503,-6.288126987137733,47.463761949078666,0.5066480403506158,4.801341734682325,0.5055760721548554,-9.872685819933585]
[3.3241479396929448,18.84146814789884,-1.9014750340797082,-2.0062741112516393,-644.9874324023908,11.385119648979598,26.903828962021702,-6.280558875817459,47.49287096330529,0.5068122800617864,4.802422831540278,0.5057013143489384,-9.866365895252276]
[3.3248207902307527,18.884459856052175,-1.9002792228921972,-2.0051672835968954,-642.5869100103912,11.426228235105555,26.907717245468003,-6.276993816559091,47.490087916613575,0.5068768502428227,4.803135521510633,0.5058420579134333,-9.864059125251982]
[3.326203029497699,19.00572374390596,-1.8486431026196417,-2.002893303723853,-632.2346182750786,11.482723237021846,26.91540494972958,-6.271250971646062,47.56374679741003,0.5070018599491837,4.804939495094125,0.5064463606836881,-9.859362143486845]
[3.326810611991512,19.054042161092077,-1.7367422193032964,-2.001984717925871,-621.5284029365417,11.49959442240086,26.92420678220524,-6.278720980974903,47.61547391289452,0.5071881616602234,4.806542765545252,0.5063206263083189,-9.869995540441458]
[3.327213424026385,19.091396737376808,-1.728360240769862,-2.000092382758611,-614.2714931299716,11.544503367318217,26.92547021969465,-6.27635544594858,47.655369122068976,0.507306689101518,4.807754193871491,0.506531373406306,-9.866696750830076]
[3.327385873680433,19.13724019767841,-1.7186448291034673,-1.9967626779656793,-607.1573098439565,11.609957389343109,26.92402880929594,-6.270855505967429,47.68471886228944,0.507432598428473,4.808232988657967,0.5065917095158445,-9.862056016766756]
[3.3282867395369444,19.16311106638882,-1.7140852772701285,-1.9956835719139068,-600.8849667746933,11.650110548431506,26.92767835268551,-6.265546725523758,47.68946069048227,0.5075772042618399,4.809065438237517,0.506722971280003,-9.859282978706508]
[3.3293400230920382,19.181650424656635,-1.7214175732072312,-1.9946193161196761,-589.9228918851992,11.699344394567511,26.933514961142272,-6.272606625409974,47.72780909758881,0.5077913399406201,4.810088954143127,0.5079123497782164,-9.865792677077431]
[3.328952212435107,19.204629539734384,-1.7138408773180782,-1.9950759292180418,-585.0809738466647,11.720155812832449,26.93441312722723,-6.271643066361871,47.73855082962593,0.5078698123586207,4.810871307354101,0.5075868372209553,-9.865033634783597]
[3.3304234054044324,19.204027514200316,-1.7227489569472105,-1.9932649794155186,-573.0967442575459,11.749731684070257,26.942890796204434,-6.267778446539342,47.77287160165849,0.5080114899225558,4.811671829748075,0.507945859262724,-9.86137310230008]
[3.330918346498605,19.236280341934503,-1.7127923312359135,-1.9918017457800177,-569.3536947048351,11.780554462783687,26.950060264650958,-6.263166547893637,47.783139692429934,0.5081493015989444,4.813262790263832,0.5081267136351154,-9.857672147366804]
[3.330528202028239,19.279811489767145,-1.6866824271906007,-1.9887092690347918,-559.2409835753374,11.832690641553835,26.96165778777712,-6.25630431045606,47.84588948307559,0.5083466908402916,4.815266867925554,0.5078782983285829,-9.852106165204686]
[3.3308289664800332,19.277755783245965,-1.6584544541937478,-1.9860024335922903,-552.4305060702789,11.90015499538564,26.97160407779346,-6.2505872512394305,47.871306939455984,0.5085088326698908,4.816497321571086,0.5081180873563494,-9.847818416882255]
