0.14634499896458894
0.1493211110345303
0.1566600520897929
0.15968568176536846
0.16506054066255002
0.1676827860362674
0.16514806378132119
0.16358187493302823
0.15974246382134008
0.1569679690515064
0.15677434522598274
0.15706975980948584
0.15847018119901016
0.1611391813044845
0.16247453096919678
0.161568571546174
0.16089155006933922
0.16057239420414915
0.16033348541851677
0.1594921550678049
0.15876403376634357
0.1582897326322466
0.15876809187067592
0.1585260203366175
0.15853167735859688
0.15789317664066402
0.15749676678245036
0.157949635599367
0.1580023539922303
0.15782414019377003
0.15707398772131664
0.15714914716252049
0.15751058063735404
0.15838654667791174
0.15920639396239092
0.15977016145466827
0.15975008151056802
0.15969226718412746
0.1594678715129296
0.15947612598334437
0.15963317518835604
0.1599865447023585
0.1601096234594496
0.1603368827058155
0.16038551423566297
0.1602042004288241
0.16039311688806798
0.16041131133470343
0.16007553158141788
0.16003928331835898
0.16010411862965127
0.15998211360873016
0.16015642327625615
0.1594882044576191
0.1592783043448773
0.15891235559121164
0.1586753341850534
0.15845187664369095
0.158428290348123
0.15836460958425042
0.15828347970384732
0.15842653374758364
0.1584289307544474
0.15872022417146053
0.15880050853144495
0.15894998997854815
0.15887855801555908
0.1589623099666564
0.15901336279343864
0.15895329454429935
0.15895701480615793
0.15881216830230563
0.15882736403112607
0.15910022585851818
0.15914152081424457
0.1593987231204142
0.1594938309757737
0.1597474831621512
0.15982194596034774
0.1598271654616069
0.16004028267660744
0.1600120223553515
0.16003461060478436
0.16007540841291384
0.1600362005670871
0.1598474112690542
0.15979747819551973
0.15973892012768573
0.16024377107489704
0.16038017157741727
0.16028827093494016
0.16021461113289992
0.16027682771348764
0.16040523915006943
0.16048055306254833
0.16041764498788766
0.16035527890080184
0.160398138948019
0.1604759248518461
0.16047013507104255
