0.26896008762921886
0.39285763246281447
0.43311256461941394
0.41424079461635666
0.3865673120147508
0.38088861458664525
0.38332937694851954
0.3770343853296575
0.38688031240040827
0.39994152616704026
0.39936088985555523
0.4026090819907743
0.4062908920326889
0.40264753471666576
0.39393326664254447
0.3898499359523193
0.39177769880311825
0.3939809181172072
0.3971474752867076
0.39565758722019106
0.39013945972529596
0.38995305973041644
0.3933008396240362
0.39111919531524747
0.39394524716319057
0.39746371403173986
0.39646814628471455
0.3969503458544232
0.3989516139706192
0.3981785463942333
0.39502983448522444
0.3940780585411843
0.39351321635871933
0.3914718897886859
0.39057896897461053
0.39284944943378475
0.39504785473431625
0.39611038410574223
0.39848203461873166
0.39992160417138733
0.397212548274481
0.39382465395271893
0.391103074491236
0.3902707713993127
0.38996776473108635
0.3879348692010217
0.3881201386169427
0.3881776183700123
0.3861436893643228
0.3853255436465627
0.38513377975250696
0.3824165133472769
0.3816949469177825
0.3817105712694228
0.3793877226132879
0.37873637471909105
0.37926415132131197
0.37774593001723
0.3760124205178889
0.3739620886350629
0.3754122390399766
0.37753677858463996
0.3759727565078597
0.3744662029813894
0.37265907327921943
0.3709915722821958
0.3728211649641315
0.37503473762235645
0.37434416344136406
0.37344910090410416
0.3740451803111868
0.37477960082821454
0.3749097381566954
0.37585442360262533
0.37749298371836
0.37756915743818037
0.3783355679907404
0.37951079835764606
0.3794949689548715
0.37890638918113556
0.3790352503847863
0.37937163143307134
0.37873412070446894
0.3785227815500268
0.3791381008560307
0.37911067953844185
0.3784823937198671
0.377474194864487
0.3783261976365208
0.37952799531926584
0.37975245992147805
0.3802419413777324
0.3804547983985627
0.38060709623775946
0.3811806084015841
0.3818528178074818
0.3816520591748233
0.3819547983611003
0.38256469496258555
0.3829815950455066
