19194.415310491684,136657
19102.24081366831,136657
19361.076162819038,136657
19111.7532445569,136657
19494.998385184717,136657
19361.55846718711,136656
19286.16128445942,136656
19286.106130374355,136657
19364.63979655527,136657
19603.42554661847,136657
19357.678885321893,136657
19062.126264044615,136657
19323.868616606054,136656
18674.26197273988,136655
18917.5706154886,136656
19368.467507182708,136656
18919.31529264095,136656
19095.08479708679,136656
19433.857016904607,136656
19616.20967332695,136656
19483.089796445456,136656
19268.977949283024,136656
19660.729517169202,136655
19294.08894520027,136655
19396.911141527096,136656
19016.53613722884,136656
19255.01798083236,136656
19145.00811838254,136657
19418.98056785811,136657
19289.47624788509,136657
18916.037308683062,136657
19198.26323175769,136657
19133.507230462117,136657
19292.636030087408,136657
19429.98880106888,136657
18984.650470157045,136657
18806.45518875497,136657
19505.19796210133,136658
19030.060946183006,136658
19074.837902775,136658
19149.900299182416,136658
19234.99270593667,136658
19026.803974565504,136658
19019.472838357997,136657
19409.61142828766,136658
18778.96809381601,136658
18919.371572037435,136658
18743.769476409092,136658
19357.806161021545,136658
19513.138607433644,136658
19503.43790615541,136658
19275.936611118414,136658
19234.893913553657,136658
19391.84677137635,136658
19629.689680653308,136658
18929.060657790593,136659
19501.02305894341,136659
19100.731208879533,136659
18966.875917877,136659
18835.3705382603,136659
18964.11565052272,136659
19154.068871916457,136659
19030.923163344465,136659
18979.61075353246,136658
18893.009661102726,136658
19384.386164330605,136657
19164.60636288137,136657
19503.544271761195,136658
19156.204419683374,136658
19544.879263052888,136658
19081.31046405174,136658
19214.440265076064,136658
19180.603118037117,136659
19267.41963277657,136659
19439.55305921364,136659
19623.63276020482,136660
19320.233310167536,136659
18858.467763288376,136659
19392.97576130451,136659
19225.122852909368,136659
19369.511560589952,136659
18826.801262761503,136659
19039.628569355664,136659
19156.287511612165,136659
19019.058885328606,136659
19344.78283149257,136660
19026.069937856926,136660
19505.242855502816,136660
19385.188396267782,136660
19330.47030776847,136660
19327.13252443235,136659
19198.073184954123,136659
19106.333296273366,136660
19616.444588686918,136658
19238.522786954396,136658
19204.288375729808,136658
19217.764949458666,136658
19426.281018407346,136659
18903.004875111936,136659
19488.539504811008,136659
19337.860880295062,136659
19258.92199114908,136659
19262.264385111655,136660
19173.342308099694,136660
19572.958166636392,136660
18989.583368251668,136660
19051.053825471063,136660
19112.2081883613,136660
19183.65124332976,136660
18974.915507939477,136660
18840.86924385546,136660
19479.678687701937,136660
19287.46750292647,136660
19373.220451673937,136659
18960.657162302887,136658
19008.81768319597,136659
19139.039796349865,136659
18926.95557107732,136659
19228.012353884234,136659
18920.108251029305,136659
19145.91798784176,136660
18834.093168016465,136659
19101.42949855079,136660
19548.193626605553,136660
19293.71884684052,136660
18820.309429725876,136660
19190.462305995996,136660
19471.14430978052,136660
19374.98743427197,136660
19286.123716036815,136660
19296.48118590358,136660
19262.61534328694,136660
19283.1147075492,136661
18970.056495121105,136661
19497.539448156214,136661
19344.12862464782,136660
18876.107992054032,136660
19097.948155554386,136659
19430.787164595808,136659
19101.43476740273,136659
19101.460722007585,136659
19077.415231891897,136659
19259.344962554653,136659
19687.759850908347,136658
19251.86678137296,136657
19589.55421904767,136658
18735.979962075584,136658
19653.54901962956,136658
19161.26421871552,136658
19188.186923001806,136658
19337.28581988518,136659
18961.82541250425,136659
19535.950715281815,136659
19385.662364572065,136659
19443.93864827809,136659
19145.888703386663,136659
19111.713763322216,136659
19043.382659426195,136659
19412.656155021,136659
19231.408905672386,136659
19337.329729508532,136659
19460.209775437706,136659
18938.229186834997,136659
19166.71885610285,136660
19678.7151633677,136660
19238.345319468925,136660
19507.85092826164,136660
19330.482041491407,136660
19378.206162255112,136660
19173.93750979029,136660
19003.57007954164,136661
19040.5050856338,136661
19214.384112531938,136661
19173.38846923681,136661
19407.019002780766,136661
19345.31225182505,136661
19331.287223647294,136660
19563.76059823605,136659
19487.568758394933,136659
19184.18151734639,136659
18957.318779308527,136660
18957.345203999852,136660
19320.413037518083,136660
19037.219920986543,136660
19193.800406127248,136659
19269.37858266722,136659
19403.757960102303,136659
19019.049513277543,136659
19132.483923843705,136660
19730.071838538566,136660
19173.32475368889,136660
19149.454084358476,136660
18730.3928141446,136660
19255.47771332775,136661
19262.26390031929,136661
19323.687863022562,136661
19446.661746741054,136661
19371.50686858453,136661
19842.530633097933,136662
19558.78756777582,136662
19450.143526291027,136662
19020.46637082258,136662
19165.52803331537,136662
19208.636136068028,136662
19027.18461976615,136662
19094.649682557727,136662
19352.39988387907,136662
19436.03302206572,136662
19181.292310479577,136662
19415.07802968611,136662
19211.443964425453,136663
19200.77071380236,136662
19573.021120981055,136662
18966.49032856375,136662
19412.445923940082,136662
19242.834629854835,136662
19337.851116015212,136662
18923.09826667414,136662
19177.26779972923,136663
19545.985483650024,136663
19094.6536844467,136663
19615.993688943145,136663
19152.9327891754,136663
18950.65499489273,136663
19423.722093825174,136663
18810.371345682324,136662
19598.065970111016,136661
19084.34365130259,136659
19135.756573085313,136660
18964.98405905816,136659
19139.13206237531,136659
19221.16318149015,136659
19029.517417345887,136659
19255.533351240152,136659
19094.4987073962,136659
19300.28328605015,136660
18888.856768466245,136660
19265.987033677833,136660
19512.737340704607,136660
19084.32181720875,136660
19586.94141560234,136660
19599.938359003867,136661
19357.929530592697,136661
19063.084007129535,136661
19416.051447208003,136661
19056.23765469667,136661
19215.137776395295,136662
19098.666221995398,136662
19320.46844745709,136662
19317.506387781126,136662
19208.341555685096,136662
19524.85548167513,136662
18919.53628159187,136662
19235.240548024343,136662
19255.564382339657,136662
19590.39342898055,136662
19258.969794368877,136662
18715.181749703203,136662
18857.739654080422,136663
18754.140318132886,136663
19211.07881668784,136663
19658.262467577155,136663
19290.898517890426,136663
19438.597455988485,136663
19231.915053111392,136663
19087.780508261163,136662
19098.264909319958,136663
19876.688927802374,136663
19766.320845775925,136663
19582.367038509972,136663
19170.381641119842,136663
19596.46061446202,136663
18900.778167247034,136663
19172.592778512797,136663
19160.66290141501,136663
19207.613860231148,136663
19544.494647658168,136664
19659.389133031837,136664
19074.341635682824,136664
19479.813829694445,136663
19331.224108677434,136662
19217.804119448672,136661
19480.555703437614,136661
19330.77039696183,136662
19521.230446738606,136662
19477.367583512834,136662
19403.053458230323,136661
19382.66968229995,136661
19643.367822594442,136662
19263.303325795365,136661
19092.729480754566,136661
19009.887377678217,136661
19573.91602963449,136661
19321.01797046174,136661
19544.540717971468,136661
19043.12025331165,136661
19324.34293774043,136662
19382.24038847248,136662
18859.052445543493,136662
19211.04071685377,136662
19275.947790380153,136662
19139.448793824555,136662
19129.15029112423,136662
19573.170999761016,136662
19306.672243637968,136662
18913.949103253606,136662
19272.557573117534,136663
18906.64965795605,136663
18991.84371523973,136662
19286.75704003207,136661
19352.245080077322,136661
19523.789517939265,136661
19426.945886296788,136661
19012.80274658114,136662
19098.557409983376,136662
19374.858726589442,136662
19460.014083410428,136662
19456.589537265158,136662
19344.391010776842,136662
19259.440637873427,136662
19058.622651727947,136661
18938.686110075632,136661
19388.694363391427,136661
19245.322171334905,136662
19386.27494501076,136662
19259.406093961952,136662
19001.977574293283,136662
19358.76661898579,136662
19385.834214800743,136661
19204.120636775802,136661
18989.100289856135,136661
19190.606418609266,136661
19388.498935996424,136661
19166.796742132425,136661
19310.037166971793,136661
18975.622547321935,136661
19289.59995974717,136662
19494.900737923435,136662
19426.494243725778,136662
18975.146827382112,136662
18975.1102112012,136662
19426.61848342852,136663
19193.93110606337,136663
19293.16850319772,136663
19276.06003548436,136664
19258.917381046114,136664
19313.575327022467,136664
19347.6780014817,136664
18965.651349001197,136664
18873.36887743244,136664
19187.1400191368,136664
18936.954244078122,136664
19448.427123458718,136664
18953.952506663754,136664
19053.580649429063,136665
18967.701796855643,136665
19111.99070680397,136665
19355.792328829564,136665
19098.114410083403,136665
19084.439890756978,136665
18910.010787614876,136664
19898.698896924914,136665
19620.70293018534,136665
19174.304865638132,136665
19412.60429123985,136665
19243.29599424861,136665
19433.17114660886,136666
19277.053704153645,136666
19334.197414721562,136665
19395.601570404488,136665
19722.83743059976,136665
19409.393003175937,136666
19480.3043752687,136666
19259.37483867092,136666
19251.509360307442,136666
19372.691852597058,136666
19053.5258471766,136666
19749.392101497946,136666
19557.171318629167,136665
19440.965013184785,136665
19103.40547579648,136665
19116.77893242724,136665
18740.068299110375,136665
19142.685371779506,136664
19091.777606281346,136665
19405.36044176384,136665
19305.14064540082,136664
19682.969444842485,136664
18874.616893786955,136664
19325.943301383675,136665
19486.84436670123,136665
19297.1228081468,136666
18956.99456916721,136666
19084.391325285327,136666
19660.113277622655,136665
18929.384197114552,136665
19308.535787049645,136665
19431.052427269376,136665
19489.699906344264,136665
19709.46822207417,136664
19208.55010160193,136664
19361.005652718843,136665
19145.357416239916,136665
19170.71367067127,136665
19583.03181118601,136665
19133.59606899649,136665
18863.328895754636,136665
18891.716098082343,136665
19000.61541211706,136665
19182.63354909747,136666
19063.90554152955,136665
19263.1446826555,136665
19148.89831515098,136665
18864.257712037048,136665
19536.864379118186,136666
19099.32320027108,136666
19006.31303944854,136666
19389.921214370956,136666
19533.005253321102,136666
18902.951872468075,136667
18774.509365471044,136667
19500.098106591555,136667
19334.499178224192,136666
19048.332226785427,136666
19144.47718475366,136666
18977.18123098722,136666
19464.20104311586,136666
19595.61958561935,136666
19296.012910862857,136666
19152.69930652282,136666
19067.77909312088,136666
19280.199910261137,136666
19442.98507831441,136666
19240.28839288775,136666
19214.96241756726,136666
19359.360620972722,136666
19659.75516117433,136666
19181.4945042735,136666
19361.848322982878,136666
19142.2429827113,136667
19376.387455835786,136667
19554.904479762565,136667
19318.86568688686,136667
19215.79091856991,136667
19282.04650773599,136667
19187.531303333064,136667
19304.113394398362,136667
19227.515150228297,136667
19405.326937072103,136667
19228.945667070788,136668
19328.074717739542,136668
19259.831430424154,136668
18965.912107739787,136668
19134.71513024543,136668
19263.175972329354,136668
19121.89640609857,136668
19483.23742192489,136668
19155.014951997447,136669
19307.603173764324,136669
19322.501843805756,136669
19439.01176506852,136668
19318.711706312297,136668
19080.022333728015,136669
19167.747786134343,136669
19556.640266284237,136669
19428.754405601965,136669
18868.688866567838,136668
19361.28824038686,136669
18908.163186841964,136669
19599.657704955924,136669
19188.909661967362,136669
19268.872030967603,136669
19258.34519032396,136669
19332.782983760593,136669
19599.484097678152,136669
19445.121265864804,136669
19394.97594079879,136669
19270.219574653405,136669
18804.315286690195,136669
18845.640305201705,136670
19414.96373456767,136670
19126.627837204705,136670
19227.860191124473,136670
19126.558075842557,136670
19395.256061443462,136670
19332.619372838908,136670
19105.815565776644,136670
19119.620738838283,136671
19125.094241550498,136671
19407.59468060072,136671
19516.15763958778,136671
19269.005497044804,136671
19260.89615054114,136671
19125.95770795382,136671
19375.41877686242,136671
19576.616592939434,136670
19567.676430490166,136670
19917.184073891356,136671
19094.97271545231,136671
19308.2654655583,136671
19144.47201821435,136671
19069.691295023847,136671
19280.898680516064,136671
19448.502528850862,136670
19478.216580284774,136671
19369.989087086433,136671
19287.50277313391,136671
19062.789961239403,136671
19285.84892686933,136671
19182.306758242892,136672
19365.403768702196,136672
19124.56904090803,136672
18910.40468264489,136671
18894.826448950695,136671
19607.726314609612,136672
18889.380412827057,136672
19485.318722320866,136672
19090.700580086985,136672
19026.254482581877,136672
19328.303169401446,136672
19068.980544240294,136670
19441.61726174856,136670
19291.784749799095,136670
19054.578012128637,136670
19051.284626569453,136670
19149.532242726775,136670
19210.742727930032,136670
19479.121450174425,136671
19349.201050731506,136671
18908.290878388158,136671
19251.18545003012,136671
19105.38392819321,136671
19421.956205280752,136671
19474.662571897028,136671
18980.18980926127,136671
19239.71103946411,136672
19366.32148375121,136672
19025.34051362074,136672
19679.08208332724,136672
18940.575197691825,136672
19096.54846323953,136672
18753.53878840113,136672
19310.044653848065,136671
19523.79910970367,136671
19058.906603162246,136671
19177.67544540671,136671
19227.1682038669,136670
18876.631714689458,136670
19333.77004033573,136670
19347.032592447373,136670
19601.11873481181,136670
19252.436637952036,136670
19321.212450297506,136671
19215.5529014469,136670
18930.796348562028,136670
19142.37350996018,136669
19389.305978766377,136669
19353.776768911375,136669
19515.115794459525,136668
19597.595594441733,136668
19259.404726327877,136668
19491.009997242305,136668
19217.316111128264,136669
19156.820028920956,136669
19200.358815341533,136669
19168.810951895157,136669
19479.254266882075,136669
19254.633233772816,136669
19176.276281781273,136669
19099.415300208606,136669
19243.220509749237,136669
19655.242007951925,136668
19237.74193032966,136668
19111.611222099684,136668
19407.299094691603,136668
19114.454649292267,136669
18792.466027388393,136669
19095.160903147527,136669
19025.74463485197,136669
19024.094970538317,136669
19519.049472508166,136669
19041.212147873597,136669
19310.5839895305,136670
19122.854730162773,136670
19077.180945092932,136670
19218.91361951021,136670
19274.796098925166,136670
19373.134508295007,136670
19340.055906129997,136670
19103.508557574358,136669
18926.245103800287,136669
19269.415365798453,136668
18881.967331751024,136669
19340.06977384725,136669
18945.336093901802,136669
19491.89775046067,136669
19242.790526195964,136669
19527.670172149272,136669
19327.020026320173,136669
19181.158753897886,136669
19102.761433795742,136670
19460.83395161443,136669
19290.350989614566,136668
19507.9887996022,136668
19120.948403015955,136668
19183.91882413538,136668
19119.41801979617,136668
18800.823689277946,136667
19410.832719689424,136666
19325.30293583094,136666
19470.470058143885,136666
19176.737364348573,136666
19184.878305299997,136667
19363.971996571327,136666
19356.010662098604,136666
18875.695202013572,136666
19182.985756330367,136666
19171.70607592227,136666
19218.944760603805,136666
18999.562176047806,136666
19435.663122876627,136666
19000.5130330627,136666
19593.74693908268,136666
19494.251387358396,136666
19314.984062782834,136666
19191.00414875526,136666
19198.570472673327,136666
19161.05432361922,136665
19073.01110562202,136665
19008.58132314915,136665
19271.066541692362,136666
19271.95935794351,136666
19161.92472398019,136666
19567.797485507213,136666
19141.34626750027,136666
18911.614168437754,136666
19448.630667626745,136666
19307.436496772592,136666
19239.790802327792,136666
19728.655014839765,136666
19596.777834454777,136667
18972.712642757913,136666
19075.465696760064,136666
19158.466782324856,136666
18856.0805413304,136666
19192.004848448585,136666
18804.861694748408,136666
19001.151148737954,136666
19119.009311357488,136666
19339.39398404079,136665
19475.300110776454,136665
19555.058058239054,136665
19096.632263770527,136665
19102.11230081117,136666
19324.108205180444,136665
19482.022303619786,136664
19237.116752066348,136664
19520.88654584457,136664
19093.191857875587,136665
19323.699307585415,136665
19295.121328289522,136666
19614.579950463016,136666
18856.46053569119,136666
19298.233152272696,136666
19524.625510423568,136666
19253.973847631976,136665
19207.058856999236,136665
19401.916306541025,136665
18905.404481159632,136665
19320.514752591214,136665
19304.663766696594,136666
19373.01657380378,136665
19499.802520651574,136665
19428.249204237258,136665
19280.849649832326,136665
19013.65881059814,136665
18915.01018778096,136665
19576.06087967092,136665
19507.12646750214,136665
19123.829567223267,136665
19559.577064767764,136664
19111.876372251427,136664
19310.256245559263,136664
19092.205755182567,136665
19072.218303974496,136665
19183.6581974468,136664
18806.530972090317,136664
19411.55109445898,136664
19283.214808036282,136665
19613.211256802813,136665
19285.12047522743,136665
19336.998416371614,136665
19383.842191450472,136664
19229.669212555767,136664
19611.028126631052,136664
18797.77765744732,136663
19382.696406077426,136663
19352.777399744657,136663
19661.87824739145,136663
19525.232699903867,136663
19658.197661086626,136664
19361.18637872322,136663
19121.26593363835,136663
19438.234007599378,136663
19641.37017851776,136663
19218.28279755244,136664
19526.999626914705,136662
19349.67548509361,136662
19158.479619576323,136663
19420.63170727837,136663
18926.434539504546,136663
19535.955693719734,136663
19300.537464468925,136663
19161.44989888371,136663
19664.806380621725,136663
19038.7791163889,136663
19307.255683720163,136663
19496.700902386645,136663
19173.828297560052,136664
18944.97585573423,136664
19169.240376507856,136663
19350.41307378493,136663
19285.18271509703,136663
19354.536761872736,136663
19759.896006411036,136663
19584.957410428367,136662
19025.67041362583,136662
19249.65455353352,136662
19137.534008758907,136662
18983.216713591584,136662
19124.267875931997,136662
19336.730259885364,136663
19225.219566759806,136663
19180.4777427374,136663
19985.652886306798,136663
19156.634826448142,136663
19219.89213124015,136663
19191.462437375176,136663
19319.829429057383,136663
19475.275521585278,136663
19225.32289693435,136663
19321.22703985685,136663
18984.78705958143,136663
19140.35008604114,136663
18803.52316612156,136663
19271.17216881583,136663
19178.00555872258,136663
19452.958064977236,136663
19831.773644670142,136664
19497.510183457187,136664
19177.3173022613,136664
19396.228175517223,136664
19043.768017053928,136664
19120.187217775605,136663
19099.37020993687,136663
19372.67312843057,136663
18742.085412731358,136664
18965.29477553513,136664
19192.987596135816,136664
19157.83357686898,136664
18875.380013133086,136664
19720.98768155666,136664
19472.978500084602,136664
19264.781088628482,136664
19177.765656107204,136663
18982.40463289311,136660
18952.662335773824,136661
19220.014886523048,136661
19190.096360292348,136661
18928.331982874584,136661
19104.82170902605,136661
18809.174134763318,136661
18944.003528118534,136661
19236.088568978277,136662
19054.24139522408,136662
19496.4387145685,136662
19091.63356006102,136662
19160.684141543687,136662
19278.607176530415,136663
19361.551636908058,136663
19069.241609931487,136663
18727.45293481906,136663
19355.998368641922,136663
19096.883109087154,136664
19285.53918752163,136664
19026.637771009086,136664
19514.254333857265,136664
19210.661491210205,136664
19557.09452011292,136663
19207.216696317853,136663
19149.32557345782,136663
19329.48256321885,136663
19348.241135723565,136663
19244.943643047212,136663
19295.87579803668,136663
19015.99841266097,136663
19213.77751285384,136664
19391.412334610734,136663
19240.58087172817,136663
18988.517887143764,136663
19337.29514311644,136662
19004.147536823224,136662
19309.749653142688,136662
19176.858659243302,136663
19408.194548433094,136662
19282.550873513075,136662
19120.163306223945,136662
18984.980436121466,136662
19468.468310039116,136662
18885.89566980677,136662
19204.39291336518,136662
19293.60075652381,136662
19303.34082496964,136661
19322.019622306576,136660
19080.651158933688,136661
19508.611535982407,136661
19235.20703909155,136661
19053.916575311192,136661
19459.911735792833,136661
19579.57366475045,136661
19549.415597707633,136661
19177.487764502006,136662
19480.97287425371,136662
19681.24604989662,136662
18969.26025204629,136662
19446.585387403797,136662
19156.700495886293,136663
19103.382562373616,136662
19384.289015927494,136662
19067.870367810807,136662
19259.730653861498,136662
19015.22327215554,136662
19387.690055494524,136661
19145.833924856535,136661
18895.547785970215,136661
19263.073420963858,136660
19104.4296477098,136660
19115.713727791535,136659
19217.128471307908,136659
19351.048548028306,136659
19443.33212929274,136659
19350.284248816577,136659
19171.135909152086,136659
19132.957524749683,136659
19174.0784355837,136659
19375.32903201387,136659
19231.209135911093,136659
18941.392976102965,136659
19326.988135592117,136659
19180.188169953115,136659
18957.089822280133,136659
18995.971992473293,136660
19461.696469013295,136660
19088.858572194822,136660
19312.636086190258,136660
19354.330685143508,136660
19419.89953192717,136660
19209.20162091322,136660
19399.49662029079,136660
19235.771213098546,136660
19281.9177660717,136660
19286.72287872994,136660
19556.806791372284,136660
19182.3439820035,136660
19305.488565692354,136660
19005.03098931061,136659
19542.436371731885,136659
19312.268172218886,136659
19493.408819097906,136659
18865.055591332264,136660
18937.622754896493,136660
19571.162687323493,136659
19311.301853522833,136659
19021.681730176766,136659
18883.74262277892,136660
19542.86415634673,136660
19101.349295428612,136660
19332.43619663004,136660
19181.687188475327,136660
19349.001863706962,136661
19214.013070615467,136661
18747.00532621985,136661
19014.008064218946,136661
19370.44678027619,136661
19188.810401057814,136661
19209.89911441437,136661
19750.29884528822,136661
18987.815803040747,136661
19296.19111613339,136661
19077.981674630635,136661
19467.040058000843,136661
19742.478132177213,136662
19455.249340437353,136662
19164.592471210533,136662
19449.9477701604,136661
19313.92661141501,136660
19212.944630963557,136660
19422.161463583114,136659
19308.244201715977,136659
19737.04286218053,136660
19481.548093214507,136659
19419.854319956627,136658
19406.696768613805,136658
19143.73679797556,136658
19394.79556980595,136658
19133.27276156934,136657
19619.908060686324,136657
19248.47187357725,136657
18806.252761447704,136657
19067.196006208058,136658
19076.208712023094,136658
19084.418712192495,136658
19638.345186891736,136658
19514.197726729344,136658
18659.393855071055,136657
19157.99619580632,136657
18795.72669237386,136657
19359.15244546483,136657
18864.37529639151,136656
19228.37528257637,136656
19496.14979217355,136656
18844.535450034793,136656
19084.434315740913,136657
19282.932255775017,136657
18978.433245037966,136657
19338.823029505293,136657
19508.328537243753,136657
19156.454849438353,136658
19088.55585478717,136658
19168.68020180514,136659
19369.521233851086,136659
19209.317193945448,136659
18921.40801335373,136659
18837.278905454386,136659
19269.890053641644,136659
19179.354800045126,136658
19395.230846274866,136658
19342.08166018277,136658
19224.49828365213,136658
18961.710062415325,136659
19290.409338987694,136659
19045.7775312132,136659
19227.91725502606,136659
19061.340707421467,136659
19371.688446672993,136659
19007.037111645805,136659
19193.151091010688,136659
19319.768991625442,136660
19177.350633380578,136660
18974.529386566413,136660
18930.86872260112,136660
19376.925815456907,136659
19205.08112405406,136660
18871.71215536597,136660
18953.081380307973,136660
18936.38762836117,136660
19108.06739909866,136660
19339.162433329016,136661
19323.292708627047,136661
19393.046247641854,136661
19436.60824895418,136660
18840.736538759655,136660
19294.08823770815,136660
19393.81823766792,136660
19599.22379887806,136660
19266.49146152283,136660
19457.469024813043,136660
19682.964291183886,136660
18995.90326260061,136660
18764.31663273941,136661
19721.471336955048,136660
19131.907591495165,136660
19133.432172896897,136660
19373.365105371046,136659
19093.775198953575,136660
19407.924791976126,136659
19122.9281919141,136659
19197.564745887037,136660
19376.121757710476,136658
19175.254542614435,136658
18939.21185475831,136658
19197.422762399645,136658
19196.14854882534,136658
19744.761920177112,136657
19081.134315066607,136657
19212.490743055583,136657
19325.189636745497,136656
18927.611678686306,136657
19250.520867053845,136657
19116.235020403736,136657
18938.53848120648,136657
19275.243773847633,136656
19397.25469761318,136656
19301.230481819046,136656
19281.044510472468,136656
19450.969570434434,136656
19197.42490571064,136656
19144.62971505188,136656
19428.75653372439,136656
19565.6330927842,136657
19387.472116535326,136657
19039.591187805756,136657
19071.331245492027,136657
19090.803970026664,136657
18642.76731497833,136657
19080.32249634849,136658
19033.840610475767,136658
19119.379041324442,136658
19094.73228586208,136658
19101.484535848762,136658
19169.0001288874,136658
19547.73119537579,136658
18926.07305838568,136658
19158.515970105065,136658
19267.16242261617,136658
19160.18515830255,136657
19250.236820634767,136657
19731.903613909846,136658
19339.827804380995,136658
19055.917217357342,136658
19221.10184128848,136658
19567.506123366577,136658
19004.992981336312,136658
19364.598792273468,136658
19082.9224721581,136658
19202.154800636865,136659
19424.100781369198,136659
19397.223072634093,136658
19056.870000775907,136657
19540.213583120578,136657
19607.905307354395,136657
19185.639331435854,136657
18938.275819699298,136657
19376.93840020537,136657
19201.16555052699,136657
19280.379529990816,136658
19795.632225540936,136657
19239.14348494669,136656
19193.67594954994,136656
19538.89056900873,136656
19618.17750312737,136656
18830.635974388537,136656
19462.758269720693,136657
19497.825276588726,136657
19361.5781045625,136656
19110.055483670087,136656
19501.65264130516,136656
19078.514100998054,136655
19055.80107490211,136655
18999.770048392475,136655
18958.14455142696,136655
19383.98490302995,136655
18865.47893861915,136656
19429.53466315591,136655
19353.028236118018,136655
19063.928444259695,136655
19053.19041473025,136655
18996.962540443794,136655
19549.500936745113,136655
19402.356270817134,136655
18963.58615083859,136655
19070.50170701113,136655
19104.89548645142,136655
19176.983580209602,136655
19216.199253280545,136655
19481.85214993803,136656
18942.45720403944,136656
19275.268181120107,136656
19754.52184656104,136656
19166.49665862964,136656
19341.786844249487,136655
19532.938802171982,136655
19212.081097217288,136656
19329.813078374616,136656
18921.03770924865,136656
19251.05140705628,136655
19263.473452828686,136655
19143.728389771215,136655
19301.032119902924,136655
19037.55179400937,136655
19013.13211818376,136655
18909.79791626917,136653
19199.73600258806,136654
19495.776042861024,136654
19133.942118346105,136654
19312.01817212967,136654
19222.260136258745,136654
19238.233707331725,136654
19029.910358218578,136654
19529.194442353604,136654
18849.925533523718,136655
19540.67535312755,136655
19375.115215734168,136655
19086.60724137314,136655
19430.932032304725,136655
18871.967558247306,136656
19564.632465302748,136656
19118.285162411124,136656
19080.15340797547,136656
19181.33588835909,136655
19109.594639452447,136656
19241.477645294155,136656
18819.588275748836,136656
19338.119094441347,136656
19100.75957528686,136656
19244.43225173166,136656
18957.72318700784,136656
19240.116865378084,136656
19017.532916185886,136656
19106.898338837225,136656
19312.35995178788,136656
19446.983094763003,136656
19018.702107983987,136656
19300.39630968882,136657
18904.302298055216,136657
19464.588411468918,136657
19610.630493247434,136657
19360.612954420896,136656
19419.87597982728,136656
19134.32471271723,136656
19315.743639892782,136657
19307.04733698554,136657
18843.607243887298,136657
19500.950060341147,136657
18990.602513212045,136657
19162.94230903493,136657
19174.71748223497,136657
19374.419519313647,136657
19353.76587489512,136657
18737.585865363515,136657
19545.48226185649,136658
19143.690461246515,136658
19522.103599038688,136658
19667.30475206106,136658
19143.47236120386,136658
19366.45650176703,136658
19085.15210591602,136658
19372.020717012318,136658
19229.006408906072,136659
19042.303352699706,136659
19128.43110510049,136659
19314.83841471377,136659
19298.447150006345,136658
18918.216345410496,136659
19219.993806906317,136659
18909.17019153128,136659
19135.314243445166,136659
19226.876855559785,136659
18885.15596508328,136660
19023.898135570587,136660
19171.800359187324,136660
19280.81377643965,136660
18920.97996635741,136660
19745.650739300807,136660
19609.852924363557,136660
19075.084549084044,136660
19428.61202152177,136660
19273.1758906205,136660
19391.07425585876,136659
19222.36269017308,136659
19313.566457454257,136660
19280.339597623362,136660
19150.367417353165,136660
19148.219304821214,136660
19432.46966513189,136660
18968.14004533855,136660
18790.684337307568,136660
19154.084219139193,136660
19292.819008722374,136661
19205.78902394993,136661
18973.416160935274,136660
18867.50379539788,136660
19089.90796310714,136660
18969.680127610405,136659
19279.272653150238,136659
18910.24149042707,136659
18866.208134957284,136658
18901.311984776326,136658
19073.288886915183,136659
18908.11640490586,136659
19435.6778409005,136659
19231.400213724213,136659
19318.161160777217,136659
19453.13591704154,136659
19189.550447970363,136659
19099.205711723745,136659
19374.440657752803,136659
19268.121533160367,136658
19440.47772779523,136658
19554.116392473767,136658
19366.715398511635,136658
19264.24394560864,136658
19226.95682202123,136658
19469.299052726252,136658
19403.0687210938,136658
19330.508303615046,136658
18904.591776035075,136659
19054.82933218161,136659
19644.026830647847,136660
19341.13441609457,136660
19238.191779253633,136660
19027.20405925325,136659
19204.724546382768,136659
19449.54207895149,136659
19220.90289770788,136659
19489.959970555632,136658
18893.837850373588,136658
19169.28900048131,136658
19725.6456747075,136659
19166.141897926744,136659
19243.825438432435,136659
19393.617226856135,136659
19244.09562398686,136658
19192.20309556166,136658
19412.07755610013,136658
19037.97015827032,136658
19351.716346602283,136659
19458.686737708707,136659
19074.986999641078,136659
19374.617381005064,136659
19094.477718107708,136659
19051.124236652533,136660
19211.26501364051,136660
19328.448413175996,136660
19312.783362356888,136659
19777.443954719616,136659
19228.06534103244,136660
19231.684740793607,136660
19548.605336379453,136660
18912.666069282375,136659
19446.668229947238,136659
19114.217094258656,136659
19247.295264172946,136658
19250.051034715492,136658
19331.041026859755,136658
19695.416185972826,136657
19158.967814391828,136657
19035.081702243482,136657
19434.820577652965,136658
19144.328865335527,136658
19261.576823411455,136658
18848.520162584093,136658
19348.19053614231,136658
19204.665979420697,136659
19182.66025636307,136658
19054.691609169706,136658
19442.875876055256,136659
19559.54661287781,136659
19398.612894489004,136659
18785.247185495096,136659
19322.027748877565,136659
19287.579184493567,136659
19193.071198665923,136659
18805.661472973596,136658
18940.87939016685,136658
19613.86433483009,136658
18811.97501177977,136659
19285.630790862397,136658
19179.234897500817,136658
19237.293018144108,136658
19572.70746754776,136658
19456.046353074304,136658
19530.124337221605,136658
18770.243942276888,136659
19313.280953929017,136659
19567.644750837448,136659
19225.455510040792,136659
19399.169455571282,136659
19489.99556786192,136660
19282.877123687136,136660
19123.27379927985,136659
19065.16552470635,136659
19076.59308705832,136659
18798.897390523693,136660
19033.565185117477,136660
19030.02022684326,136660
19124.53800179283,136660
19311.066794428196,136660
19441.368636118692,136660
19057.09077999395,136660
19716.8623510747,136660
19448.506844509895,136659
19375.50201918691,136659
19537.786905371035,136659
18954.585759181893,136659
19575.879604323414,136659
19297.96179912154,136660
19070.869386080398,136660
19274.535881159107,136660
19515.318230231045,136660
19417.89142757509,136660
19349.647442051253,136660
19317.5269201096,136659
19627.785719670992,136660
19941.898615252107,136660
19631.43927191479,136660
19643.81769485559,136660
18827.95013160697,136660
19283.98495825881,136660
19657.277523388962,136660
19333.526071955148,136658
19145.40447612599,136658
19266.09737131027,136657
19141.02390300045,136657
19373.09385711815,136658
19141.887789986682,136658
19337.368198503707,136658
19181.377836761756,136658
19603.748048570713,136658
19590.95618682819,136658
19046.678272108,136657
19331.92606105476,136657
19237.834221406112,136657
19341.06592601984,136656
19091.205357694584,136656
19243.875484079897,136656
19142.239703412066,136657
19110.469869258523,136657
19238.02505688232,136657
19420.184189087584,136657
18822.344889429165,136657
19279.119248723433,136658
19298.43104455765,136658
19610.375568798514,136658
19354.109644222208,136658
19310.56855364925,136658
19242.85472874454,136657
19149.74166071454,136657
19033.729754228065,136657
19240.7316955797,136657
18968.999244530918,136657
19574.26740330335,136657
18811.34127846687,136657
19185.63584062776,136657
18573.23734874778,136658
19088.35212536464,136658
19081.124468459686,136658
19099.02496289383,136657
19125.602134134326,136656
19252.609358929432,136656
19190.140089566856,136656
19103.064462143193,136657
19378.439884090112,136657
19252.237709651894,136657
19019.578548206435,136657
19554.77361704611,136656
19369.050474459527,136656
19237.01910557517,136656
19201.56053871263,136656
18819.862486105118,136656
19118.30318012347,136656
19382.07401986907,136657
18966.239120692055,136657
19465.470393375082,136657
19227.037149828477,136656
19420.881673182666,136656
19223.637946149123,136656
19308.00074689618,136655
19071.273996264856,136654
19055.576792650543,136655
19382.893139931635,136655
19621.24948773441,136655
19271.755114656782,136655
19076.25830730768,136655
19117.046526418053,136656
19484.24943537292,136656
19474.622587156515,136656
18965.18712211761,136656
19132.411622816056,136656
19086.41460154684,136657
18970.905849231018,136657
19118.776446926546,136657
19136.696720415843,136657
19377.006914500653,136657
19355.927498213092,136657
19513.275687976045,136657
19353.535413504753,136657
18932.37924844085,136657
19022.22444618532,136657
19331.379571889418,136657
19148.565246893464,136655
18953.01648780404,136655
19089.029019884594,136655
19326.02283164238,136655
19400.495346443175,136654
19341.237455615345,136654
19398.186560079386,136654
19048.129505084773,136654
19067.17359071411,136654
19127.078514463083,136655
19318.587804217375,136655
19283.85545644897,136655
19472.39266421625,136655
18835.63265514964,136655
19148.264183321713,136655
19359.862463596626,136655
19311.87221414788,136655
19212.843426306223,136655
19113.766904088567,136655
19532.000399438894,136656
19184.90898917911,136656
19569.463317914062,136656
19554.635122483272,136655
19206.261035499352,136655
19019.668137301433,136655
19843.4063642936,136655
19151.94501754278,136654
19171.99736380374,136655
19269.60121945666,136655
19686.23840560312,136655
19812.138112556495,136655
19651.134443937794,136655
19767.171467060187,136656
19429.32065508766,136656
19278.24990094604,136656
18928.71629837985,136656
19309.53568542778,136656
19426.06364767887,136657
19142.01884407475,136657
18922.226877235935,136657
19245.89393291004,136657
19343.41337816333,136657
19613.83528104348,136657
19469.601457279274,136657
19591.964001652264,136657
19373.951069187435,136657
19311.655085126138,136656
19055.4029799213,136656
19265.843482595013,136656
18901.28370499585,136657
19133.439587937115,136657
19063.916267699795,136657
19159.089243294256,136657
19117.25009389118,136657
19139.455414965032,136657
19047.764265209178,136657
18963.99630078785,136657
19246.077597194144,136658
19285.77887620993,136658
19460.72808027032,136657
17871.057846979016,125778
17948.824708114524,125778
17702.85524773011,125777
17964.44230363711,125777
17958.9754359566,125777
17776.98263921869,125776
17836.160945981628,125776
17974.138639814664,125777
17937.89352777136,125777
17894.71052823276,125777
17708.354540036926,125777
17792.29705014648,125777
17662.087994632224,125777
18023.871635501462,125777
18100.593921483578,125777
17728.2224934557,125777
17901.537545350126,125777
17739.32465948627,125777
17855.413693665403,125777
17573.70072410139,125778
17845.66408958739,125778
17616.293707183748,125778
17868.34158993774,125778
17432.839688830467,125778
17805.582048211603,125779
17975.781368635162,125779
17440.765578711955,125779
17758.972533716187,125780
18193.662533833314,125779
17977.041955061275,125779
18008.46841984642,125779
17731.48642196272,125779
18022.42102680448,125779
17445.226623214232,125779
17986.930071578212,125779
17887.28135322928,125778
17695.26675893478,125778
17724.047797411582,125779
17834.120974202488,125779
17642.949249277703,125779
17795.10358961828,125779
17827.12602891892,125778
17743.97908605778,125778
17661.98890740353,125778
17726.757976011828,125778
17646.34857252318,125778
17793.786607511633,125778
17811.11556821655,125778
18076.574275786752,125778
17870.809424580555,125778
18028.016222974893,125778
17767.345608896416,125778
17843.173807328127,125778
17626.832412815533,125778
17939.93757990711,125778
17687.488475781967,125779
17870.33439955142,125779
18048.6353686235,125779
17955.688309266265,125779
17482.30096316323,125779
17998.555227027296,125779
17634.989986106906,125779
17960.577891102035,125779
17779.089377276887,125779
17825.80920239793,125779
18353.632581980928,125779
17653.492262888714,125779
18106.808332145003,125779
17991.558906509665,125779
17240.302208735855,125778
18185.10310508303,125776
17504.177010059066,125776
17758.752965149743,125777
17690.978996243353,125777
17849.95653933884,125776
18070.015814560687,125777
17620.119556882233,125777
17898.17074038891,125777
18069.712311547915,125776
18093.03944976625,125776
17221.32418259783,125776
17842.63896806196,125776
18145.760514397578,125776
18075.018898544946,125776
17709.78234404567,125776
17675.490924990736,125777
17380.072489681974,125776
17702.41208676664,125776
17804.55616421898,125775
17312.814220630447,125775
17853.4910496856,125775
17794.268862401168,125774
17807.97470688365,125773
17956.916368572645,125773
17711.63808638261,125773
17749.17921304862,125773
17960.436674683606,125773
18056.915279004377,125773
18001.635465105468,125773
17587.591695916828,125772
18028.218684808253,125772
17780.589794282998,125772
18028.72230607964,125773
17707.68142382914,125773
17677.37567414849,125773
17863.389683330908,125773
17873.905663663623,125773
18029.25766067527,125773
17883.58894578603,125773
17709.58159974036,125773
18056.604674404392,125773
18036.18710657413,125773
17936.858853949114,125773
17784.93604118676,125773
18271.599117686932,125773
17516.575768596143,125774
17539.452956168232,125774
17956.30629687851,125774
17207.48254448394,125774
17983.385044594863,125774
17841.1435450234,125775
17452.77166782708,125775
17982.74484939222,125776
17813.07610568192,125776
17662.291627883733,125776
17883.922499876317,125776
17957.07767687282,125776
17849.340964039966,125776
17607.44044435529,125776
18056.72961169156,125776
17739.483906742633,125776
18051.804588209074,125776
17579.547614409898,125777
18071.578269059086,125776
18057.199153362813,125776
17817.326877325064,125776
17623.539408509903,125776
17576.34084281576,125776
17915.513068530912,125776
17980.596701635473,125774
17625.874926149838,125773
17589.116967774233,125773
17818.823169825784,125773
17679.36141139911,125773
18188.597080678912,125773
18114.246943112685,125774
17756.097533721608,125773
18250.231583976893,125772
17932.928611420513,125772
17976.992030911333,125772
17788.79288357276,125773
17889.512042934766,125773
17527.696056677516,125773
17895.96943661865,125773
17989.191519387256,125773
17927.395416226063,125773
17807.087135196365,125773
17791.363112228337,125773
17911.511144921336,125773
17711.43602983628,125773
17766.44602626225,125773
17591.15135150757,125773
17562.502936524976,125773
17627.304442827313,125774
18098.51346894373,125774
17553.54892476717,125774
17681.786360267924,125774
17674.081812807242,125774
18156.12264798012,125773
17848.422580460167,125773
17664.4240142388,125774
17926.64671599598,125774
18137.71374067275,125774
18022.860678024386,125773
18049.302655757463,125773
17914.39818072067,125773
17840.887389905965,125773
18063.59333142533,125773
17572.044183387417,125773
18389.636736382632,125773
18120.22823091249,125774
17724.55335166678,125774
17515.7595471227,125774
17618.841573668353,125774
17964.71344435908,125774
17755.19631299812,125773
17614.970549128175,125772
17590.313050962373,125772
17927.509582877494,125773
17854.42719563636,125773
17835.131251906107,125773
18193.785099252724,125773
17924.349599385652,125773
17972.811076778416,125774
17877.841049803774,125774
17976.718334288038,125774
17636.305356540503,125774
17924.957984267523,125774
17642.627751668006,125775
17582.993512037672,125775
17628.437411957126,125775
17829.403180688423,125775
17952.646257511686,125775
17832.69163037139,125775
17781.510357513453,125774
17852.85535675039,125774
17842.78364726567,125774
17881.044867099867,125774
17815.58339501998,125774
17955.068222802503,125773
17962.944730576513,125774
17906.92959497504,125774
17360.814655286606,125773
17891.21781661263,125773
17788.725718029742,125773
17662.45382998844,125773
17663.034298792707,125773
17815.047314580956,125773
18267.114125764507,125774
17717.421105592948,125774
17978.64567712293,125774
17674.838846246108,125774
17921.407870329407,125774
17997.44603500334,125774
17947.396442516394,125774
18178.728153511533,125773
17711.429511416158,125773
17688.03378821196,125773
17946.867355384275,125774
17847.487704458035,125774
17838.102702583834,125774
17506.20341432804,125774
17726.219691825623,125774
17664.213899923707,125774
17859.70017207212,125774
17431.044833723397,125775
17868.560463357542,125775
17960.764708320556,125775
17636.893082758994,125775
17762.489399887505,125775
18070.108327833535,125775
17771.250481353767,125776
18017.816616593078,125776
18261.582595023054,125776
17709.9478935689,125776
18034.41933958548,125775
17672.33511697112,125775
17955.821577042025,125775
17724.358171122418,125774
17644.824224739168,125774
17719.220621109787,125774
17613.981206854183,125774
17793.33030751564,125774
17516.73766198722,125774
17669.985651864834,125773
17656.84094771804,125773
17812.286038361155,125773
17934.326686240212,125773
17603.63202718633,125774
18067.626876175313,125774
17756.352292644915,125772
17733.74575674458,125772
17906.90500952237,125772
17550.234613978264,125772
17689.539507991005,125772
17692.909416656836,125772
17700.085676018512,125773
17743.766777562163,125773
18064.35601113682,125773
17901.376608390423,125772
17734.93516835729,125772
17792.8824105372,125772
17611.67403419758,125772
17867.556435785627,125772
18025.79474859928,125771
17922.45141563238,125771
17763.4364100294,125772
17861.874842029552,125772
17897.919990015256,125772
18286.241419904465,125772
17835.747705929745,125772
17812.823584151116,125772
18282.40186638716,125772
17745.535534929695,125772
17835.749840433153,125772
18003.394298315034,125772
17450.55008400905,125772
18040.422168803634,125772
17905.811885115552,125773
17663.970433724342,125773
17782.068832345034,125772
18122.692826017184,125772
17743.285670301757,125772
17828.259969472874,125773
17750.467486616908,125773
18108.561433066887,125773
17985.038977880227,125774
18440.346446034648,125774
17646.5113837081,125774
17908.427956439875,125774
17802.38221026421,125774
17939.531918527027,125774
17668.596499953666,125774
17973.653104230823,125774
18187.910374416137,125774
18236.220529314643,125774
18325.262538845196,125775
17952.831505752536,125775
17588.787238352998,125774
17590.685032952377,125774
17629.92232491046,125774
18006.33169176097,125774
17675.514603268635,125774
17999.94647305347,125774
17642.665128708457,125773
17446.503216719688,125773
17655.282692360568,125773
17703.763471697865,125773
17544.45504382824,125773
18200.720962698666,125773
17816.71874494363,125773
18209.66170956491,125773
17535.951291449353,125773
17867.129608183004,125774
17749.917260169677,125774
18151.502094648855,125774
17737.36826377256,125774
17639.991500018066,125773
17446.976835734225,125773
17915.359633480984,125773
17996.992260321866,125773
17986.824492759155,125773
17627.050084439565,125773
17626.38471585894,125773
18104.257326920375,125773
17867.046344244387,125773
17801.294371996682,125774
17863.74141576484,125773
18086.94455431782,125772
17619.948492760606,125772
17684.05382170154,125772
18378.47755808428,125771
17674.955461044403,125770
17475.349748796314,125770
17846.37068369968,125771
17641.35790527571,125771
17929.135692802887,125771
17847.998456363202,125771
17849.078834572396,125771
17903.863432633323,125771
17795.912211760773,125771
17861.24368224105,125771
17710.492744077303,125771
17916.94900685015,125770
17962.186235810448,125771
17579.764834191777,125771
17553.877871510584,125771
18021.0564359631,125771
17879.691447918813,125771
17599.184418342553,125771
18080.336336982295,125771
17478.6832086145,125771
17442.444771937953,125771
18170.41171238451,125771
17901.58797773116,125771
17929.17417480553,125771
17779.132280512895,125772
17834.008827927635,125772
17679.73726236366,125771
17798.089523770726,125770
17931.15144197733,125770
17997.748810884426,125771
17850.878201434643,125771
17444.00359723064,125771
17685.034124920752,125771
17881.81421973374,125770
17630.091832997805,125770
17896.540805264925,125769
17783.96701578621,125769
17851.68347610445,125769
17790.45434887657,125769
17996.822756653186,125769
17841.53576726345,125769
17687.5650013329,125769
18127.401937661645,125770
17700.56618733762,125770
17815.8370513043,125770
17961.624668092783,125770
17488.40690106877,125769
17810.126067725552,125770
18026.01688380867,125770
17878.507702974628,125771
17515.390673443995,125771
17983.75727492396,125771
17911.190121439362,125771
17716.07859280666,125771
17850.726669523272,125771
17609.650159355704,125771
17716.317406767444,125771
18115.8383555508,125771
17518.932376804023,125771
17852.096434630836,125772
17981.898675904587,125772
17860.63472260899,125772
17776.670264911747,125772
17604.784422643617,125772
17515.13164017107,125772
18075.870845535563,125772
18006.054503043917,125772
17615.10274501739,125772
17816.06734256584,125772
17691.60707825056,125772
17746.35939015048,125772
17847.94374783277,125772
18162.24316032984,125773
17519.58317552329,125773
17466.13967924632,125773
17851.5037953125,125772
17526.33628414747,125772
17769.13946957601,125773
18014.871718286842,125773
17730.80479412307,125773
18322.581177314903,125773
17599.851759973422,125773
18040.736664974724,125773
18051.064338974127,125773
17643.6770879676,125772
17962.556015615613,125772
17940.24536275246,125772
17892.571276665974,125772
17568.93131255217,125772
17453.499192322197,125772
17476.55134311252,125772
17713.780299358845,125772
17450.052344316693,125772
17936.570148049115,125772
18246.47336981021,125772
18004.330032247668,125772
17821.080204621056,125772
17895.312159671426,125773
17873.231831538313,125773
17679.22626292829,125773
17900.059978297744,125773
17892.21669223155,125773
17643.324569339573,125773
17627.52869524568,125773
17892.08585148757,125773
17765.826217754282,125772
17977.69707735654,125771
18022.220334193287,125772
17791.923829948453,125772
17577.846082697324,125772
17967.023695505995,125772
17550.130323048154,125772
17863.520431805322,125772
17961.247517017673,125772
17672.498168817947,125772
17550.55515219478,125773
17735.142732225835,125773
17664.799518162286,125773
17735.155311249673,125773
17532.350182884,125772
17816.546504753616,125773
17861.92836157122,125773
17773.59623974576,125773
17850.17311596697,125773
17661.248737720995,125773
17704.52417581528,125774
17918.101642989455,125773
18147.925133271485,125773
17985.873485559536,125773
17686.39085343438,125773
17549.66361338903,125773
18134.60809099301,125773
17940.85054115008,125773
18152.0084721188,125772
17788.321967085536,125772
18003.04267209396,125772
17280.38076040994,125772
17968.415795071254,125773
17834.327964916567,125773
17748.14888595935,125773
17810.88477371879,125773
17756.336817500294,125773
17975.857737464565,125773
17862.999727531616,125772
17890.416650481766,125772
17731.921026071366,125773
18232.44873795884,125773
17873.209711084553,125773
17899.643164793037,125773
17371.681119575416,125773
18163.201740985543,125771
17484.432888906584,125771
17636.524839901787,125771
17647.381242125164,125771
17562.437479880096,125770
17839.51548573253,125771
17495.379840018762,125771
17873.57542027158,125771
18197.41387920617,125771
18144.923704276327,125771
17738.492768993434,125771
17946.682697213637,125771
17655.541573497627,125772
17897.362802853146,125772
17938.16237281841,125772
17876.303777399273,125772
17533.64648790566,125772
17746.73058246171,125773
17629.71650816445,125773
17957.129550149897,125773
17764.041122029375,125773
18051.32707851263,125773
17600.187040566234,125774
18181.128997487995,125774
17660.987755683247,125774
18003.726754398675,125774
17738.30398119614,125774
17768.010523885267,125774
18023.050271822023,125774
17876.290779431107,125774
17979.13697136964,125774
17790.167461304165,125774
18113.957736285625,125774
17812.283714277324,125774
17598.858586426177,125774
17835.283011905805,125775
18030.631549650334,125775
17650.71430647337,125775
17996.30564251761,125775
17644.187096658785,125775
17933.12596828016,125775
17541.15987715258,125775
17795.906919503926,125775
17561.5625118634,125776
17811.440339580728,125775
17844.43209727523,125775
17881.841978758086,125775
17921.51751788775,125775
17677.519570324865,125775
17643.153476068852,125775
18261.337289216342,125775
18064.662878695985,125775
17930.876072821604,125775
17960.980076403783,125776
17851.525735033745,125775
17738.408022248856,125774
17503.716505175147,125773
18001.251567561398,125773
18046.278432652394,125773
18032.652400043855,125772
