21562
16722
19335
18056
22989
22150
20307
18575
18109
17696
18079
29335
18905
27839
27612
17160
15418
19548
30169
20492
21063
16997
19441
16257
18429
30374
18221
18467
18611
19498
16746
22744
29053
17090
19404
19159
18808
17321
20015
20479
29265
16830
18462
18325
16973
17976
18399
16067
17247
123248
16337
15903
16566
17024
16936
16668
15890
23246
18616
18062
16711
18395
18018
17392
17191
16456
18730
17873
17337
17222
17806
17907
18254
18086
18634
18334
17952
19890
18845
16909
17841
17215
18463
17986
16990
18534
17206
20300
17122
16483
19193
19918
17097
16938
17833
16812
16757
17581
17820
26709
19129
17834
18682
16652
18713
17428
16761
18561
18884
18484
17031
17258
18575
16701
18813
17748
18589
19960
15849
17626
18763
18315
17732
18785
18350
20703
18558
19054
21536
16215
18518
17953
19021
17112
17846
19057
20237
17988
15990
15788
15690
18416
17673
17551
18824
19409
16695
18316
17629
19587
17148
16776
15985
18300
18151
17748
17715
20449
20164
15766
17894
18009
15553
17616
18838
17928
17584
20652
18740
18264
16758
18295
17675
17913
17067
17296
15783
18081
17396
18599
17368
18244
16701
18265
16907
17025
18131
19424
17450
17954
18898
18386
17934
17979
16254
18258
18667
17889
19966
22595
16251
15424
18528
14570
19270
16844
19204
18560
18352
18303
17288
18258
17433
18135
14671
17305
16331
14947
17439
21455
18340
18106
17785
17446
19577
18094
18507
18950
18963
18073
17527
18377
18396
18393
15447
17506
17619
16907
17647
18828
18588
18405
17828
17563
16850
18244
18589
18529
18389
20628
18289
18552
18449
17399
17947
17498
18960
17316
17470
17934
18422
18566
18621
17220
18695
17844
19314
19023
18151
17627
18190
18496
17918
17463
17489
17997
16253
16615
17065
18494
18016
18980
17831
17873
18369
18323
17703
19491
17984
15892
17918
16938
17919
22042
17650
18635
16749
18751
16522
19498
18822
17872
17860
16124
16985
18303
19163
18579
17496
17625
18040
17917
18131
18250
18999
15524
17233
19143
17139
17742
17871
18527
17902
17359
18082
17679
19066
17108
19913
17952
18854
17100
19087
17677
18501
18625
17658
18950
16099
18121
17675
23704
18377
16606
17511
17980
15802
18882
17797
20420
17527
18322
16958
16747
17376
15868
19620
14713
17323
18086
18386
18508
18635
17214
20185
17476
18825
18561
18042
18136
16502
18334
19392
18079
18582
18139
19325
17106
16011
18965
19949
16450
18369
18121
18119
18137
18640
19119
18101
16976
17340
18757
18076
18309
18391
17570
16994
18636
17695
19134
18401
17349
17250
17305
18054
17559
19114
17487
18531
16994
18755
18053
18188
16492
18411
15791
18066
18256
18094
17458
18810
17428
18166
18393
15716
19455
18371
17471
18843
16639
18438
18853
17581
20891
18143
18131
18502
18241
16054
18730
16593
17738
18098
17651
17144
18196
17671
18292
18441
18647
17674
18253
15407
17208
17295
16615
17949
17363
16247
15720
16872
17348
17392
15484
19391
18375
17230
15675
17322
18824
18185
17778
18725
15347
18004
18789
17757
24802
17767
18142
17189
16680
17151
21959
18500
17367
17609
18107
18257
16993
18060
17973
18915
17477
17310
16001
17193
17705
21361
20640
17762
17831
17278
17794
15613
17603
19798
17793
19437
16859
17875
17607
17901
14521
16525
19294
18335
18324
18004
16475
17663
17617
16084
18420
17807
17717
19154
18071
18578
19426
17933
17863
17573
18100
16502
16347
17073
17846
15485
17514
20624
15218
18777
18795
21137
19198
17207
16421
17706
20781
17533
18376
19630
17476
17867
18007
18639
16977
17875
17556
17024
19186
16359
18379
18677
18230
17561
19824
18610
17806
17503
16486
15788
18920
18479
18564
15375
16890
17021
17848
17374
17948
18087
18198
16974
18073
18710
17921
17546
17992
19267
23408
18958
17194
17739
18018
17435
16747
17656
18595
18577
17784
18016
19271
17220
17479
17238
17761
20690
17907
16840
18564
17999
17678
17535
17239
17265
16746
18604
18441
19687
18231
14720
18772
17967
17246
16716
17931
17678
17704
19984
18524
16355
18507
18726
17051
20266
16363
18388
17282
29600
17213
18378
18472
18853
18022
16749
17317
19113
21493
16849
17559
17721
18009
16865
18102
16730
17814
16996
16792
18377
19589
18060
17474
18027
17451
17509
16772
17057
18110
17092
18137
18191
15522
17049
16825
16813
18295
17735
16670
16788
15857
21262
18222
16716
16697
17144
17336
23889
17916
17334
17887
17874
16929
15739
19471
17335
18096
17606
25910
17212
17108
19199
16945
16309
18097
16861
17399
17182
17172
19185
16462
17987
16183
15946
15433
16449
16637
17584
21667
16761
19262
18413
17802
16863
17716
17912
16865
18148
16014
17846
18057
16996
18663
18103
17691
15524
19159
17590
17351
17404
15885
18485
16244
18073
18369
17709
18010
17706
25318
16931
17572
19327
17746
18393
18068
18977
17283
18429
16274
17745
17159
17246
15146
14670
16495
18179
11854
18206
17808
17533
17051
17728
17990
18096
19008
19506
17554
18811
19181
18690
17638
18231
17010
18297
16994
17883
16714
17859
18386
17130
15885
18280
16432
16881
15660
15652
17700
18341
20583
17177
17091
21270
17191
16770
16258
18442
17080
18121
17949
16363
18673
18000
18016
17821
16535
17441
16723
22491
18131
17683
18348
17206
16948
17103
18099
17349
17977
17546
16977
17295
17401
17090
18207
17828
17934
17607
17587
26974
18762
18398
17433
17826
17860
15541
18073
17833
20260
16682
18066
16153
17052
15664
18861
18067
15970
18415
16883
16903
22517
18202
16806
17112
16499
16296
16925
18118
17520
17708
18344
18078
18468
17808
17392
17780
17620
17603
18118
17233
17067
16293
17551
17607
17486
17080
16504
15332
16461
17199
17727
17007
16632
17112
16287
15973
17596
17684
17433
15676
19627
17831
17341
18197
17705
20672
16354
17533
17397
18206
15882
16249
23088
17619
17220
16790
17744
16535
18033
16846
18336
15360
16178
17809
16647
17923
18153
17155
17225
17923
14943
17886
16801
17918
17868
17425
16616
16850
17983
18000
17279
17446
18619
17663
17306
18387
16522
17429
17826
17181
20516
17390
17060
17546
17453
18001
17345
17431
17276
17413
18106
17830
16419
17111
16325
17220
16240
17123
17047
17705
19048
18444
16523
18539
17909
17232
18712
17060
17690
17573
16151
15649
16345
18329
17703
18055
17239
16162
17443
17594
17341
18188
17072
17031
22081
17233
16917
18451
18276
17988
19879
17510
18924
16832
18239
18646
16989
17373
17360
16161
16337
16780
17827
17764
18294
16847
16617
17827
17480
15941
23518
18004
17878
17016
16624
16251
18585
16650
16845
17797
19289
16774
17519
17613
17487
17518
18041
17216
16076
16739
16722
17159
12526
18498
15415
16418
18476
17658
17074
18496
21919
17631
16293
16473
17666
16780
18088
17461
17873
16364
17946
17563
17713
16995
18298
17737
15890
17976
17165
23117
16100
18978
17101
17504
16715
17773
17113
16412
17746
18145
17424
18055
17668
17560
17228
16380
16775
17251
17870
18095
17258
17473
17173
16571
17603
18616
17841
18911
16792
17428
28182
17488
16711
17687
16490
18421
17145
17936
16902
17688
17428
18089
16876
17433
17882
19225
17707
18514
17447
17475
16721
17801
17945
17617
16876
17762
17946
18659
17928
18042
18575
17899
15773
18312
17623
16961
17060
17016
18683
16519
16603
18203
18026
17430
16884
16276
17046
23415
16730
17787
20429
18400
16226
18422
17521
17849
18745
16488
16533
18366
18279
15408
17477
18037
17147
16930
17898
16483
17104
17850
17821
14992
16625
17405
18659
17111
17224
18631
17547
17468
16782
22293
17060
17606
16845
17704
19000
19226
17524
17790
17875
16508
15264
23217
18099
16887
21417
17603
17097
19106
20109
17201
17906
17293
18464
18628
17135
17885
18609
25479
17407
18985
16704
17289
17287
17754
17934
17504
17074
17316
17220
16268
17662
17933
16216
16868
18074
16577
16220
16642
16775
16114
16020
17771
15457
17206
15363
18664
18355
16837
16108
17560
17934
17314
16714
18037
16711
16319
17071
17818
21786
16533
16925
23880
18439
17870
16236
16758
16307
17438
16316
17659
17624
18212
16949
17160
17142
16824
17586
22872
17072
18109
17547
16399
17780
16853
16869
21050
17991
17082
16274
17119
15284
17834
15733
17352
17354
17221
17561
18405
18949
18153
18188
15767
18058
18862
17267
17915
17109
17300
21566
16705
17556
16086
16122
17675
17042
17264
18028
15503
17896
17525
17329
14428
17866
19168
16360
17415
24693
16357
16628
16020
17819
17028
16293
15538
18146
18073
16994
17389
16848
17570
17556
16178
12432
16713
15886
16844
18418
17660
17431
16148
17772
17092
16287
16681
18006
18582
18349
17741
21576
16824
17428
16502
16931
17226
16544
17440
16215
17328
16249
15958
18933
19364
17199
15664
17448
17205
16806
17482
18713
17745
18467
16488
16551
18397
24132
19654
17752
17637
18697
18346
17398
17527
18485
17476
17460
16406
17267
18244
17061
16687
18322
16100
17477
19253
15334
17438
16724
17401
20943
15662
17138
17180
16800
16401
18294
16262
17500
17681
17935
17736
21665
16473
17677
17004
16893
17934
16244
17218
15969
17058
17792
16830
16631
17540
17471
16055
16944
16930
17496
16840
16469
17181
18158
21082
18284
16551
17999
16714
16948
16193
16930
15570
16152
14895
16913
15715
16183
16188
19961
16190
16991
15693
16564
21502
15525
16726
14007
15826
17283
15864
15656
15213
16587
15607
15240
16049
15120
14213
16240
16551
16138
16216
15068
16329
16582
18452
15854
15475
15628
16374
16433
16117
14689
16632
18101
15547
16603
16992
17699
16220
15771
16447
16316
16674
16119
18236
15593
15625
19221
15357
15906
16160
16869
15433
16154
16213
17098
15272
16234
15825
15711
17216
16714
16405
15365
16502
15895
14418
14316
16350
16457
14826
15872
16624
17214
16213
16175
15614
13930
14784
16247
16448
16883
15690
15640
15632
16333
15234
16383
15398
17729
16023
15492
13932
17247
16941
15797
16366
20652
15900
15288
16447
16564
16168
16946
16354
15643
15952
15804
16818
15625
17446
16676
17331
21006
17223
15432
16391
15900
14084
16154
15386
15899
16402
24162
14816
15671
16457
15509
14733
18024
17240
16047
15634
16538
17089
16769
16179
15609
15762
14888
16371
15960
14336
15944
17207
16313
15529
18761
16306
16302
15632
14070
15324
15788
15919
15390
15922
15658
15324
14492
16190
15988
14519
18042
16820
15795
15577
15447
16142
16046
16606
15750
15642
15269
17151
16258
15453
16002
15673
16358
16033
15401
16353
15456
14826
14489
16638
15383
15316
17296
16450
16415
16185
16613
16152
15932
22679
20125
15857
15967
14798
15309
16274
16014
15580
15828
15475
15392
17920
15256
14795
15372
15837
16738
15755
16241
16282
15306
16502
15725
14969
15952
17072
15277
16001
15857
15833
16450
14808
15737
15700
14294
17483
15992
15690
15332
15248
16854
16755
15733
16263
16260
15924
15737
17069
15279
17767
17612
15415
15399
15165
16005
16718
16309
15058
15250
15297
17021
17618
14981
15850
15243
15690
16883
16306
15430
16645
16665
16892
16466
15162
16470
16483
16318
15858
16187
15714
16357
16415
15583
15025
17196
15781
15727
17602
15227
15704
15833
21232
17106
16590
16347
17168
16118
16054
15258
16154
20217
15049
14873
16033
16035
21532
14803
16813
15659
15905
15125
15209
15743
15973
16055
15700
17161
15285
16235
15903
16828
15621
15445
14090
14985
15927
15022
15519
15631
15377
16076
16428
15758
15722
15319
14062
14885
16858
15946
16089
15248
14599
15011
16108
16289
15645
14921
16434
15503
16061
20427
15207
15837
16073
15418
15222
23278
14944
16005
15553
15653
16019
16370
15255
16415
17013
15899
15086
15463
15549
15909
16412
16953
15804
15686
15447
15791
16541
16195
16391
16004
14481
14290
16011
14998
16186
16196
15406
16744
16312
17283
14315
15362
15696
16662
15418
16877
21521
15201
15414
20395
15652
15864
15897
16376
15571
16486
14753
16783
15942
15343
15788
15590
16549
15775
15279
15581
15578
15904
16612
16057
16647
15360
16569
14838
15762
17239
14782
16903
15361
15953
15506
16596
15800
14724
16211
16810
15504
14894
16819
16313
15427
15375
14988
16227
13835
24150
15651
15566
16052
18248
16143
15323
14761
15919
15951
15060
14857
15103
15757
15008
16336
15493
15306
17014
15559
15170
16063
22512
15412
16047
15098
15779
16581
15534
15596
15542
15591
17286
15596
16112
15999
15302
16604
16648
13900
15798
16911
15625
16560
15936
15491
14429
16975
17871
16547
16169
16410
16026
16240
18718
15225
16115
15263
15522
15542
15794
15362
14106
15797
16488
16270
15650
15029
16181
15550
16859
15406
15901
15747
16193
16692
16748
16287
15749
15228
16713
16901
16069
16605
15982
15345
14432
15431
16840
16182
15754
16384
17482
15919
16541
15837
