185.70794796886508,28022.0
175.853647345285,24583.0
146.79041671831712,20638.0
109.73133399247345,15243.0
82.70884643176682,9226.0
38.20778114501012,3927.0
42.623206556035235,4065.0
49.47683632389401,5259.0
75.44719489886002,9319.0
97.7783546637455,13103.0
114.2343029258099,17573.0
106.66094056584768,16159.0
909.9092124492595,21743.0
148.6978620540005,22053.0
147.89847386528953,21522.0
151.435271554676,21262.0
162.473194376336,21886.0
176.12428781634273,26250.0
162.27560335663475,24571.0
108.01473190728137,14843.0
102.35566332388676,14734.0
91.17639668056268,13632.0
136.67202195428627,22745.0
113.35517572342825,15831.0
72.73452848376743,8820.0
45.127709360664085,5014.0
26.917951610785178,2989.0
18.065589601136136,1901.0
18.51438034586483,1873.0
33.059522428080186,3313.0
68.40439046782717,8138.0
107.4247511423703,15365.0
124.66473939015215,18489.0
114.88232752135272,18484.0
112.13591209593496,17872.0
87.15003161032581,13486.0
605.3489004272654,16886.0
119.05356533907728,17028.0
137.91800362951994,17820.0
126.86941062864938,16000.0
108.06378655058458,14799.0
124.56826925876838,17540.0
135.9413545502318,21417.0
143.89597097510355,21611.0
134.2495283712682,20100.0
125.54882605686281,18715.0
111.80415235247762,16323.0
88.59602821904409,12065.0
70.22124132683253,7859.0
42.78589690359861,4569.0
27.37866466484744,2768.0
22.5735946152718,1961.0
21.161546084246808,2186.0
49.25193521413657,4320.0
108.3322028158077,11013.0
145.127524749961,19317.0
176.12507480927408,23002.0
177.2364957042295,23141.0
159.15342944275687,21726.0
98.6406986886077,15081.0
899.8659826357517,19962.0
142.7046319657386,19584.0
155.5299639194587,20659.0
161.42532394047933,20811.0
140.68219539308595,17477.0
163.15421671152953,21545.0
183.291855587799,26755.0
174.7070300617864,26870.0
169.91515949710055,26814.0
165.53448287795908,26227.0
149.40074417969913,23336.0
124.15918794886461,17216.0
89.69873006586576,10056.0
57.22934593303522,5916.0
34.91079236551242,3548.0
25.688936646193888,2475.0
24.639667638058633,2394.0
51.94860561194015,4065.0
116.52223765046674,11718.0
156.01052980909517,21080.0
172.75662092690902,24379.0
166.79796156513757,23099.0
144.03893552161603,20101.0
97.06833390104606,14128.0
909.2680968729404,20054.0
149.24115141885437,20112.0
162.61574569677688,20797.0
160.43107306308056,18836.0
130.7344167097599,14736.0
160.21657848546263,18337.0
171.15747278663085,23512.0
172.03781452812962,26516.0
166.4211876738336,26069.0
162.66684440124527,25854.0
146.62456061688894,24156.0
119.27641749779552,18233.0
92.7000821719913,11747.0
59.61311891899205,6821.0
39.239213986962326,4201.0
27.0532711097679,2792.0
27.17183114612504,2607.0
52.18418984708336,4297.0
122.90807116768397,11932.0
157.82643255365784,21343.0
171.59414849466592,24660.0
169.3386535137916,23298.0
135.99537591108438,20704.0
100.66604569979656,15220.0
890.9113881441532,21198.0
145.40814201967055,20787.0
163.1379154030068,22246.0
171.09594240778247,21489.0
149.02810680418065,17227.0
172.6590273032824,21588.0
197.73522753312076,28136.0
198.82480975442692,30027.0
202.09732288041505,30196.0
205.88237035225012,29757.0
189.71306205507562,27323.0
173.82188909355588,23319.0
130.91129236203426,15722.0
86.68925366884746,9529.0
57.367746020894096,6232.0
40.46468348914903,4102.0
34.406521467493214,3442.0
57.64163059565074,4631.0
125.78845192706117,12223.0
165.23723402238437,21692.0
169.0619138836077,24654.0
166.95206042538683,23431.0
147.00900506496666,21089.0
102.76614838878919,15605.0
953.651767488518,21575.0
156.2989417971095,21347.0
182.09282874628926,22383.0
172.19397145650797,20500.0
147.69958135417318,16984.0
174.6974845825745,22013.0
196.62301129706285,28179.0
197.1717037545972,30332.0
192.3566942249712,29077.0
184.776010643333,27964.0
177.85337923318224,28078.0
180.33114720630596,27703.0
183.63589491030197,25489.0
160.83713291763905,21396.0
137.19093820605536,17346.0
108.59748889206463,12789.0
67.6469424249776,8074.0
42.22038123034427,3938.0
57.29741425424206,4853.0
74.30572718972505,7052.0
103.1129254026731,11339.0
134.73923695707336,16394.0
145.78580649554453,19861.0
126.36675426041086,18801.0
908.9523502663112,24247.0
160.5248071751281,24113.0
152.07401077582767,22588.0
147.05776520192353,22099.0
137.91275264009946,20920.0
156.2234363530893,23575.0
177.60180701146413,28265.0
181.9931857437673,29253.0
157.5608395884624,25058.0
152.0894027312666,24483.0
170.97712733640236,27544.0
181.44602563987394,29282.0
188.94884328245683,28042.0
178.74534813196252,25268.0
163.0858466218191,21787.0
140.4836232540132,16565.0
97.31855276312531,10426.0
45.955215402150614,4347.0
50.57288711553686,4302.0
64.24270060754154,4955.0
84.6177294015092,7751.0
114.05768352831056,12102.0
139.91303591994836,16617.0
130.05940961052488,16214.0
826.5465998481075,22468.0
155.7912132080181,23478.0
157.448908109178,22860.0
164.9871355497203,22294.0
153.88499234111956,20941.0
151.99923419472915,21015.0
152.96563921891413,21514.0
133.55547319605037,19173.0
111.46783950109585,16385.0
107.10154083364583,15091.0
93.13861074491503,12684.0
80.39692462146921,10759.0
57.217732066889575,6946.0
37.106765928346604,3934.0
24.207217844466996,2669.0
17.97498067600401,1815.0
21.115736357623,2098.0
40.36266116529849,3869.0
100.2942232615687,11476.0
140.77440215257582,19347.0
149.4722024880193,22042.0
134.63380049157684,20634.0
119.017070939277,18530.0
82.5628186310586,13246.0
661.1954383910858,17673.0
118.6570029353838,17387.0
131.23124573063214,18619.0
132.7519681051115,19165.0
130.09592849574028,17590.0
143.26115347455516,21424.0
158.2200060171729,26223.0
158.03019497716025,25652.0
156.26292281718798,24191.0
151.44938900412498,22496.0
129.29255543126644,18653.0
94.73262674072592,13138.0
64.4274264765251,7911.0
37.883412081481865,4503.0
27.8981623823385,3012.0
20.262281083680328,2059.0
21.747645303614586,2154.0
46.98361463062436,4196.0
107.1239492631347,11969.0
149.14813892455604,21120.0
164.61880047287565,24626.0
157.9104025096231,22847.0
146.97849230802674,20084.0
95.70546793660408,14289.0
863.9858030146055,19603.0
135.79528222073296,18868.0
142.87373006128286,20210.0
151.33329865367745,20148.0
145.3120535162623,17577.0
166.78500043100698,22191.0
180.97065883162537,27871.0
178.24225674504788,28354.0
169.72482641464876,27445.0
172.38549666549244,27300.0
157.405271316469,23925.0
119.87532642215191,17552.0
86.41784289256776,10638.0
51.2083591824798,6040.0
35.513450337879746,3951.0
24.374670420342706,2624.0
27.067070525419197,2481.0
52.725106664987685,4383.0
119.27366774681822,12204.0
158.44424809204358,22263.0
167.79125459815762,25450.0
166.2554989806354,24010.0
143.15560348510178,20770.0
98.39390457368118,14993.0
966.216358054865,21265.0
149.1683297398965,20131.0
170.21436145004253,21958.0
178.99168988468318,21063.0
157.60903042144523,17106.0
182.17218216774089,21372.0
196.0470142537291,27083.0
196.3932421487258,28965.0
177.82427946056342,28367.0
182.2659521654572,28239.0
169.9026787185747,25817.0
137.11662896216916,20023.0
101.97585158609006,12674.0
63.821309780640256,7414.0
41.89889103540297,4699.0
28.387289296067305,3091.0
29.03400518934546,2838.0
50.70806942829952,4276.0
122.01410242569959,12048.0
163.52579958524024,22202.0
175.09674348520844,25768.0
155.7922357278426,23734.0
140.25631660563053,20718.0
104.58554979847355,15304.0
932.6864546709292,21402.0
150.39582607541968,20314.0
174.18042462978403,22403.0
176.97802764310822,21146.0
161.22721821547165,17026.0
184.17487752608096,21775.0
205.1366195837764,26993.0
210.09360303591268,29114.0
202.16692528522702,29052.0
203.69027188547517,29270.0
194.6769329341586,28323.0
185.68921247973236,25534.0
162.7105532565272,19548.0
111.61399168183823,12570.0
79.86463255610603,8126.0
59.77194571515833,5807.0
49.40051425873534,4453.0
66.12166065898634,5155.0
144.3308967435989,12882.0
184.82948638139757,22587.0
193.13498508260435,26161.0
182.79217059842935,25367.0
167.30635327529234,22659.0
112.03507599974468,16682.0
1049.2789067564863,22025.0
180.776361556656,21705.0
206.21197124552347,22465.0
207.25944548346814,19885.0
175.11453418412128,15949.0
209.12379800639022,19852.0
236.03222486770767,24697.0
242.35210313435428,27578.0
221.90658391182748,27793.0
210.95226517191864,27298.0
197.5287373753321,27816.0
198.02121189243323,27327.0
193.86743754684352,25545.0
179.0789704409086,22142.0
155.01018307629735,18227.0
126.16594099596561,14467.0
95.75889720318888,9582.0
52.42640465757971,4647.0
68.52957232960144,5530.0
88.50813680718055,7933.0
120.35309100884423,12275.0
149.0948025098227,17326.0
167.38194936844036,20590.0
145.08992890999434,18664.0
939.0598996878332,25094.0
177.34141964277862,26076.0
179.12485088523667,25570.0
177.7248104681232,24606.0
166.05237297708294,20845.0
166.25410263575992,22324.0
199.52112054198264,26880.0
196.90965624042855,28434.0
177.37243156435346,26493.0
173.60454219457415,25931.0
183.11529706888876,27205.0
186.41753063110087,27253.0
173.84202120788996,24874.0
159.9143818363209,21947.0
147.7094632892977,19016.0
124.33670368311039,15392.0
90.16488410983645,9821.0
46.41207986482041,4576.0
43.04513804701846,4097.0
59.97511451784981,5276.0
88.27564727238449,9051.0
118.0919288848347,13031.0
150.44228095302134,18199.0
146.84271465426718,18413.0
924.953866555414,25257.0
174.3136892577192,25804.0
176.53879733257168,25169.0
174.20409028057327,24093.0
175.4490760997482,22503.0
173.83740738894278,22903.0
189.32760428065475,25335.0
186.00991800734892,25316.0
164.8918566908608,22000.0
152.4026871190714,21162.0
149.68683837825893,20278.0
148.72681325908079,19077.0
109.1295895840816,14166.0
77.9453035305085,9513.0
64.97971000443778,6831.0
50.470913777582744,5137.0
43.328624285683134,4122.0
43.052024591187696,3755.0
74.94638353563008,6547.0
97.11041860324038,9880.0
127.70384414797438,15917.0
144.46175303631136,18784.0
148.55599592970864,19761.0
130.4283473195072,17145.0
838.3618928520294,23618.0
164.92319236576998,22519.0
177.8050929073604,23425.0
184.13806492232322,23211.0
169.95007474630756,21472.0
175.12975523975257,23738.0
184.484324328738,27149.0
176.73910606995605,25278.0
149.06245942203967,21350.0
143.50218277721225,20121.0
133.311794095648,18667.0
107.69425991951759,14769.0
74.38234761806694,9464.0
50.89015028102227,5649.0
31.886254708065017,3657.0
23.08149336593989,2281.0
22.086578261705217,2113.0
37.471954413421074,3320.0
74.92797537076284,8062.0
105.41285856005689,13533.0
130.84994562662092,17841.0
144.18127448939603,19251.0
136.4622180132067,18899.0
94.69078584495622,14482.0
779.8943151868465,19612.0
126.70762852450723,19297.0
138.33738229575295,20082.0
143.39241198329958,19670.0
139.7037160597955,17308.0
154.0056737880953,20915.0
173.75283308410837,25997.0
165.48994165211414,26543.0
163.0789949533154,26264.0
157.89834625519572,25400.0
146.319250372207,22343.0
119.99678227696208,17703.0
92.7826613154423,11095.0
54.85866060286242,6649.0
37.018390360006535,4175.0
27.57662832706141,2818.0
27.460293310549847,2633.0
51.080855098315766,4126.0
116.40601784925137,11394.0
140.82560886483748,20092.0
160.16153292253364,23787.0
147.5774883909903,23014.0
146.06846170862323,20458.0
104.45803689131999,15000.0
911.1731699797712,20928.0
152.35072928894147,20327.0
160.8677274112324,21086.0
164.72048336745664,20565.0
143.32713808298047,16970.0
167.38619878542835,20468.0
177.10438736113468,26206.0
180.49615741334253,28682.0
169.06418877385954,27400.0
170.66817833523956,27119.0
164.28968116574316,25154.0
137.98642315924545,20238.0
105.69847498148926,12628.0
68.27048826286301,7648.0
46.39851171577811,4852.0
36.084172259456324,3229.0
29.07304794664663,2712.0
53.88859515138858,4282.0
120.03495343628904,11599.0
152.5933324801406,20919.0
164.77660351811247,25021.0
159.43408939131385,24078.0
151.75557245617023,21986.0
118.89539486351758,16310.0
961.8676478851922,22702.0
160.41384830592344,22200.0
170.88646438080167,23079.0
187.53531128913335,22441.0
162.2429992959984,18334.0
185.151249097166,22813.0
206.7023953572242,28260.0
208.10331023916333,30064.0
214.22862397334222,30851.0
206.9153134628657,30366.0
206.81900541805382,28615.0
180.72061762514403,24231.0
141.6639468147143,16674.0
93.81209730412733,10092.0
64.15469294159922,6477.0
44.15101070534415,4421.0
37.46587616784394,3606.0
60.454430917898904,4733.0
130.83216823383654,12088.0
173.78469414411222,22001.0
180.56790083995486,25942.0
165.02988145322638,24792.0
160.34249275071278,22690.0
115.84629477670558,16835.0
920.627613637903,22698.0
157.68049424401107,22026.0
175.30473513694332,23601.0
180.21335444239173,22078.0
162.65071530329044,18363.0
185.25488014853372,23467.0
215.22062994567435,29579.0
209.11121528253958,31856.0
204.46815229260332,30218.0
193.0106696171401,28425.0
197.6966017095514,28882.0
196.72082756705078,27804.0
192.09313396808554,25654.0
158.42055448021296,20762.0
137.57704535631584,17069.0
107.0761642964391,12569.0
77.72879512359896,7900.0
42.22086628358728,3919.0
58.581350051125206,5170.0
78.47288114099074,6877.0
106.40486508753413,11040.0
136.1403167707412,16370.0
163.70522787822995,20031.0
141.4594978238989,18163.0
923.3652006061152,24573.0
184.06795734086376,26495.0
188.38928058930347,24257.0
159.1678072643861,19617.0
126.28881671587163,16559.0
134.51721495519584,19266.0
162.07261372142497,24476.0
170.30461891598438,24486.0
144.98047625590178,21564.0
141.33374419395147,22590.0
154.71457806635857,24225.0
157.27192929387724,24851.0
150.58542025908795,22884.0
137.27539530069575,20155.0
121.27131270628439,17668.0
100.98216031149981,13651.0
69.50855968824496,8426.0
38.84788278337996,3786.0
44.65746773915146,4208.0
55.95867991596174,5654.0
81.75064553895028,8977.0
106.27772378283798,13215.0
133.89753950195484,18204.0
127.74793696805811,17459.0
881.8699320979589,22727.0
148.98498066515012,22230.0
161.52588592109402,22226.0
156.16937495010583,20563.0
154.46692550434736,19271.0
160.3197312945217,21146.0
173.07681732260986,23597.0
146.43335842776176,21698.0
112.36016168739913,16185.0
99.32079242380198,14370.0
106.70984636871086,15370.0
86.89392114682914,11484.0
90.54105731061756,13477.0
41.26961716168233,4847.0
27.94779688012057,3081.0
21.6810618954189,2213.0
22.73642421630014,2297.0
50.297102594744,4496.0
111.76980878217213,11677.0
154.73470179539106,20162.0
175.47905727319875,23653.0
166.38636036473827,22325.0
145.07380173438196,19246.0
104.44621167316967,14739.0
804.1093615282291,19943.0
141.9970565254051,19462.0
170.76320091952795,21198.0
177.84586761026682,22030.0
173.15424444533713,19944.0
192.45801361364406,24137.0
204.4127654716824,28759.0
207.41420399072572,28852.0
190.88676969637336,27269.0
181.62296874215403,25590.0
164.74307701698135,22420.0
114.71789314217838,14910.0
81.57351677091388,9550.0
50.92007295287007,5289.0
32.618757199550046,3224.0
21.12395487587825,2117.0
19.804925569112342,2028.0
47.73652334585417,4153.0
122.77668742910411,12756.0
170.62112129534302,22737.0
187.19352210391833,26020.0
187.14428471572566,24512.0
157.18856239586776,21421.0
108.92283575574181,15312.0
900.8851606644852,21458.0
142.8703151299078,20499.0
167.96899242133694,22543.0
163.00707596673692,22020.0
146.56328233396198,18295.0
172.18846676631017,22469.0
199.23420772192907,27921.0
183.62265922971892,28228.0
176.0657666740316,28050.0
173.8777717637911,27840.0
164.45153586504267,24507.0
126.77352464547694,18336.0
87.65016970074853,11379.0
53.2276601624755,6190.0
35.70728083385023,3994.0
25.90402938224206,2650.0
25.052500001535368,2435.0
51.8691468325401,4271.0
117.33809245887021,12374.0
161.09181005297864,21997.0
169.53712222574282,25219.0
165.03742161368177,23461.0
148.1538702222876,20855.0
96.35379560602202,14650.0
912.266344810804,20999.0
146.17380081061467,20659.0
169.21796376528698,22033.0
168.0863063056904,21002.0
149.50342169867835,17009.0
174.93823494558407,21220.0
187.31221191826842,26517.0
178.61056118871065,28315.0
174.90930175032554,27571.0
174.81603088337278,27463.0
164.12461890069503,25540.0
137.66234891839306,20066.0
105.41900766972002,12965.0
64.63785830138546,7487.0
39.5726117231895,4650.0
30.64486021466842,3122.0
29.52075668873735,2706.0
53.94386340728625,4426.0
121.97203014096826,12570.0
169.67663270427695,22784.0
176.37166641758697,25983.0
168.13631492427822,24572.0
144.23471535814903,21302.0
105.99514486370659,15588.0
936.287342814044,21867.0
162.73748824111505,22299.0
177.3207118900625,23025.0
182.73534196964866,21686.0
158.56087395840237,17342.0
187.02545080216365,22004.0
198.9635312764696,27521.0
188.39047239737408,29632.0
193.2509061534468,29678.0
193.24949215677265,29125.0
186.76007115117724,27476.0
173.03347289826382,24643.0
130.89819331507178,16877.0
92.88634872054588,10798.0
59.884698481693086,6868.0
45.0758655627933,4745.0
38.62489559159406,3815.0
58.049457911824646,5011.0
123.63800830423715,12062.0
159.0949512523242,21478.0
178.0723885091673,24798.0
177.7237932101568,23849.0
148.6194895162902,20679.0
102.17843502906561,15242.0
933.8937848800924,21725.0
154.5270300763909,21254.0
182.823119092212,22411.0
183.00142743836605,20615.0
164.39691179485826,17052.0
187.00628476191898,21887.0
203.06226835245496,27412.0
207.8296067883042,30892.0
204.86730203596636,30040.0
196.63102160451112,29299.0
202.74179193869554,30257.0
209.0673938085666,29252.0
202.8267709951182,26347.0
169.08756702860964,22209.0
142.36929645223876,17927.0
114.62868808004552,13331.0
79.42946104304846,8449.0
47.55533374156915,4299.0
63.95428739951981,5227.0
78.96902907406195,7070.0
107.73770001296921,11531.0
140.71432018978874,16700.0
161.42929235715138,20090.0
140.32391594639654,18005.0
939.068513767738,24577.0
165.94629280197668,24337.0
171.58709832360952,23659.0
171.89771834200272,23371.0
157.96313628779322,20746.0
180.5360120097932,23204.0
198.28340888433252,28854.0
196.75474606507467,30206.0
180.3427054699739,26507.0
169.22145563845365,25997.0
181.56015926660314,28489.0
196.63038680593598,29541.0
191.58670430528494,28065.0
171.43727352347926,24732.0
154.28172825847977,21240.0
128.01221815033765,16061.0
96.86774663997078,10313.0
48.21878925725093,4601.0
51.73845508758582,4614.0
63.89071306578668,5513.0
84.30991288904308,8616.0
121.117842198252,13416.0
151.1877036724562,17997.0
133.41938646757146,17291.0
933.3099889935361,24126.0
189.2143337152735,25443.0
182.5393952014665,21397.0
156.52044357198852,16262.0
124.93424871501934,13433.0
120.79890065653123,14927.0
122.43005133175573,17147.0
109.22480668188884,16205.0
105.35601553423328,14669.0
92.64432579417291,13489.0
89.57148998355851,12170.0
75.07464862506092,9419.0
59.11312974855627,7051.0
37.71618246209465,4313.0
24.96385576647002,2798.0
20.009572115744966,1938.0
22.10762934640745,2297.0
49.69986411504769,4485.0
107.41630907910739,11014.0
142.3244988299344,18028.0
160.76074203961028,20558.0
160.64435225392884,19992.0
143.23376780275555,19107.0
98.30067968633487,14976.0
757.8301974797954,18260.0
133.1991741882228,17553.0
147.0272974575801,18728.0
155.33391697480477,19520.0
154.6937160276346,17595.0
170.05427649714733,21714.0
168.0006793484956,26378.0
172.34551993451663,25915.0
164.12417101870577,24448.0
154.2612293465186,23504.0
144.39312427578474,20275.0
108.78003070315786,14447.0
75.21222359162942,8890.0
47.445519016842695,5122.0
34.160887935544345,3223.0
20.80694952766267,2080.0
20.494418489709247,2057.0
44.795124428398275,3864.0
110.68262987537786,11614.0
151.7682230253338,20795.0
164.1411084747849,23957.0
156.07397638588145,22224.0
146.365336163032,19500.0
91.38194632856911,14084.0
897.0446389689786,20320.0
141.63368674292548,19725.0
161.2654362732092,21609.0
178.31646698803667,20577.0
159.12464290462609,15467.0
174.8481877392059,17176.0
194.37946582530938,20402.0
181.1849356793829,22201.0
175.8934805361649,24513.0
166.58790875323712,24624.0
159.4089406592603,22179.0
125.09543174613204,17041.0
86.51433814673437,10440.0
50.80798671298368,5672.0
31.81039720070582,3485.0
20.253307504850863,2258.0
23.539272288901977,2308.0
50.65066951939542,4277.0
119.1142341583664,12339.0
161.73380866476742,21809.0
176.44859858542148,25067.0
170.94661502465698,24248.0
151.69432832219755,21076.0
94.99033943032752,14305.0
883.7295047989635,20182.0
142.93036867454506,19781.0
160.2624793299558,21459.0
163.53949581919835,19842.0
152.79831240551573,15877.0
185.33549060270383,20150.0
183.34855588955102,26051.0
179.05138487797447,27940.0
191.36452569377042,29444.0
187.6961880658926,28282.0
172.69029076503136,25333.0
144.53855169724017,19786.0
109.85732048039287,12788.0
65.16136881382656,7441.0
44.533414401486006,4681.0
29.573193689735547,2991.0
27.828095600837045,2739.0
48.24328213361468,4116.0
108.85766066436913,11125.0
149.69828326230873,20120.0
152.59040817038485,21446.0
136.2800900011126,19374.0
112.27366076706495,17255.0
75.87421800575011,12504.0
769.1435685839834,16916.0
102.53535934845823,14925.0
107.19905052248404,15745.0
117.14146250035789,16610.0
100.17330741305554,12994.0
107.96167721356295,15777.0
119.43144229333866,20574.0
139.05684003708905,22589.0
143.3478979098534,22013.0
140.49910670062172,20936.0
135.07144815658486,19871.0
130.09679872624557,18301.0
112.41100428663933,14204.0
76.33316403695912,9189.0
59.78860511764275,6533.0
38.53073517189953,4248.0
37.27626780685767,3684.0
56.366603929358746,4787.0
117.16205005515995,11096.0
156.13510175602408,18162.0
169.70646562952194,21563.0
156.58841078747142,21881.0
146.33784342851814,20654.0
96.60313041719367,14866.0
959.2380067916685,19795.0
164.43310626163557,19392.0
189.8972664831491,20667.0
185.93905686022038,18361.0
169.19758919876895,14429.0
194.87808206795216,18167.0
207.50745794200648,24084.0
202.01241671348703,28225.0
192.3241204125225,29151.0
193.42281970253822,28884.0
195.04773740463386,29261.0
189.28747959576705,28539.0
195.83551924921733,26398.0
171.03618445218297,22090.0
139.23668495157185,18192.0
117.29797366946136,13875.0
82.2940517226604,9000.0
46.46085238482387,4441.0
64.48898089677584,5626.0
88.54860698227021,7644.0
114.97214849171706,12415.0
144.32042143351245,17674.0
161.76713289255005,21113.0
128.85684201738925,18596.0
940.5605089222875,24700.0
168.07144147240862,25361.0
173.31119722722897,24683.0
171.85825839216804,23741.0
151.7773788946206,21127.0
159.50791415949618,23611.0
190.35327757594663,28776.0
191.79439988922118,30115.0
172.41946446065748,26032.0
153.69635144340177,25088.0
173.66603098062956,27642.0
181.69233676300377,28888.0
173.20953792845745,26928.0
320.7717308509984,24230.0
1.1362715737320017,148.0
156.07136563513166,21586.0
121.13395041889528,15094.0
65.68147772803837,7367.0
58.404584926053126,5120.0
70.66602846345103,6185.0
83.74748728462357,8642.0
116.38104404945844,12969.0
141.29844834287277,17695.0
123.80311638519517,16341.0
866.824254011718,22649.0
164.023217425796,23236.0
175.5052566366191,22773.0
185.12931890066466,20815.0
170.42220273952557,18677.0
171.51395513951172,20203.0
166.53920735656578,21505.0
158.03634767410773,21297.0
137.30363703301236,18539.0
131.3377153060491,17574.0
117.088296646264,15790.0
106.38729085375823,12465.0
74.47054797088812,8349.0
46.51387078498933,5049.0
30.561833381748045,3206.0
21.937350666775647,2211.0
27.97729912144914,2660.0
50.17781643373796,4564.0
119.2007171816761,11451.0
159.33171316744404,19307.0
174.89088210609785,22868.0
165.46552320591115,21772.0
146.94141925823217,18527.0
92.91513767198332,13271.0
824.7413793375143,18423.0
143.1470615305106,18120.0
151.58799160318537,19184.0
161.8870332788541,19489.0
159.64015662882625,17009.0
167.75399371136393,20177.0
175.80682793602992,25023.0
165.48621120638467,25280.0
155.78757232117144,23796.0
149.3535219949906,22722.0
127.9544999151978,19365.0
116.12566595943058,16486.0
77.72720500611852,9344.0
55.686702651062035,5756.0
32.622111615642645,3531.0
26.247128258862894,2427.0
23.877291261918774,2320.0
46.90451700811462,4019.0
106.47094110072553,11054.0
146.65407138652864,20271.0
172.50548855633284,23768.0
164.63121383339035,22481.0
158.3191527603501,19958.0
95.755553063139,13759.0
923.8187622411791,20038.0
149.25332806615452,18856.0
167.1858419516872,21006.0
181.78093194690814,19630.0
168.0944941823533,15807.0
194.79578935426525,19099.0
217.9580050986987,23990.0
193.8106868905914,25797.0
188.30040433963103,27086.0
187.15445565268033,26779.0
169.5159884977778,24079.0
141.48012056432097,18467.0
95.84219013674085,11468.0
54.55963469856703,6394.0
36.35427209793991,3891.0
23.655246219397156,2656.0
25.5544514369032,2590.0
50.383175261659986,4192.0
110.79015233479153,11283.0
157.62039898687956,21054.0
169.47602552536108,24212.0
164.1901537511877,22854.0
139.7229655478121,19909.0
97.04990539003391,14333.0
918.2138193187089,20150.0
146.47533632979952,19463.0
161.02075041446724,20454.0
171.54703339319278,19683.0
153.90343426178163,16141.0
196.38109900346703,20422.0
206.8634204072533,24402.0
183.76557282439038,26895.0
175.17369990117385,27324.0
180.34492443117463,27123.0
170.3351856704383,25754.0
152.05880583087784,20973.0
114.5303916492468,14362.0
73.94855359001107,8156.0
49.5216536290403,5164.0
34.275672254129205,3401.0
31.73072623612738,3094.0
54.64456279409102,4487.0
119.32029718403089,11445.0
165.8223495829795,21300.0
183.6626734556403,24724.0
170.60790602053132,23108.0
151.59580647105585,21144.0
113.37416226635753,15642.0
941.7220842081052,22247.0
164.69339717763106,21199.0
190.23017604479827,22210.0
193.21425243132992,20171.0
175.535313432158,16069.0
200.43054018706366,20227.0
213.20069105362444,26479.0
205.31807900428075,29019.0
194.9292953703639,29220.0
197.67497058008624,28856.0
193.32674777613357,27915.0
185.64236996345312,25140.0
147.47951853488607,18630.0
101.37265327512256,11749.0
69.66163807919082,7641.0
54.795766232854895,5411.0
44.49217167434635,4280.0
61.62391959434497,5157.0
131.3294859242524,11557.0
172.71027613735757,20780.0
184.02164012928012,24094.0
161.5109757873251,22425.0
146.85803289539888,20358.0
104.47232250165908,15280.0
940.9219726644682,21298.0
162.9729362233186,19774.0
192.23346146622126,21754.0
173.90388368269535,19765.0
159.3876385167225,16342.0
189.8254164724284,21394.0
208.44841600979336,27715.0
204.2118488145389,30113.0
200.2368170215259,29012.0
191.4618354369588,28311.0
186.33427775454342,28454.0
184.5628790730394,27991.0
187.44552998404782,25947.0
159.5998084776613,22220.0
138.60976676570647,18250.0
116.97997903337954,14154.0
88.85634242403036,9193.0
47.28429518685708,4429.0
63.72799355533622,5297.0
86.60153822686718,7843.0
119.76496169199713,12407.0
150.6736607337263,17857.0
164.90213343037615,21004.0
137.131630914139,18697.0
986.3104432918022,25954.0
168.98126147958283,24343.0
157.99113167542387,22837.0
156.0003800842857,21888.0
152.97779571291872,20382.0
170.2646706345545,23251.0
182.36442940032757,26671.0
189.63923348596708,29218.0
181.46606982301725,27433.0
179.955773211797,26944.0
170.3397347410315,27332.0
171.55153370433348,27331.0
177.22159612203197,26776.0
163.20168011607916,23650.0
147.27525133583904,20069.0
124.19655711143002,15122.0
89.69059520584375,9829.0
47.50279452712518,4664.0
57.16427982853461,6084.0
73.70402258239444,6519.0
84.54071604649975,8185.0
122.60875444558123,12286.0
152.66435696395365,16532.0
135.94695731175375,15997.0
887.2334912070719,22936.0
174.69252658141082,23215.0
174.59234694891387,22714.0
172.06600923251355,21743.0
170.59964279609298,20478.0
172.33466390532345,21489.0
167.9761940113872,21982.0
161.24467849420026,20989.0
147.87021306291396,19299.0
131.55102034113526,17357.0
112.69285430825293,15291.0
92.77311776857648,11857.0
72.05034045466444,8605.0
47.609681203652016,5288.0
35.74099946809854,3646.0
30.06037200430662,2821.0
29.924848860497082,2845.0
48.736797775003,4345.0
107.7012268398949,10872.0
154.0466514357837,17885.0
165.09915541585332,21395.0
161.12321865121228,20827.0
140.59945870324452,17889.0
98.11212155871188,13237.0
774.358924349153,17828.0
136.99997515048838,17569.0
141.2792009053873,18324.0
151.79210424529782,17699.0
144.54911311962462,16211.0
153.01338301008954,19203.0
166.46967398391013,23810.0
161.4733824273439,24175.0
153.97160810957874,23220.0
146.95381095528805,21358.0
127.05069954658973,18397.0
99.42426350795033,14108.0
73.03639283603776,9045.0
46.80750435692713,5428.0
29.675894866686154,3352.0
23.04815577712822,2139.0
23.59005639550134,2240.0
43.69045333149613,3858.0
98.72715546309223,10543.0
144.64643980522575,18774.0
173.31376463660933,22126.0
158.53126974026134,20562.0
143.2791174807016,16998.0
93.6679534160536,11739.0
720.0650865496469,16369.0
142.88633801178895,16757.0
155.26536397030938,18142.0
162.39944192574077,17840.0
144.48627787151725,15767.0
167.81501662027458,21756.0
190.79692587239768,27880.0
201.86352680812433,29661.0
205.9260755715716,29767.0
199.58400200964462,28845.0
194.00776847717708,27273.0
179.54219908588064,22622.0
133.966074537552,15275.0
85.9301219460938,8961.0
55.59821532661242,5700.0
41.36853818016937,3950.0
33.617012218342275,3312.0
52.06417706238113,4441.0
112.8471025703691,11494.0
162.34461006743138,20458.0
176.00862235589113,24804.0
165.15728394586108,23667.0
145.38499101164095,21091.0
102.78090334248213,15362.0
925.5498017779722,21135.0
156.37584607687285,20687.0
174.02337804114583,21016.0
173.74589167651817,19433.0
159.9326296057555,16605.0
184.2308886341365,21171.0
195.82096370281832,26770.0
191.17644637676784,29142.0
181.01189523385574,28174.0
181.4751009023413,27491.0
167.3733075498583,25483.0
146.57454252104037,20229.0
105.23840157947706,12806.0
69.5105232451883,7453.0
40.009823051055186,4513.0
27.909584942331747,2846.0
28.10670257636298,2732.0
50.871590030379345,4273.0
121.82532574304615,11420.0
172.15911529173164,20118.0
171.53703741747304,23875.0
165.23569897083743,22958.0
148.84707355790687,21062.0
113.77890858023858,15746.0
928.2211733891859,21680.0
168.1054118637186,21464.0
188.70833397621655,21835.0
191.97765144270005,19885.0
171.55794081999665,16027.0
198.09729202904492,21092.0
206.26164696311105,26489.0
191.4668208308939,28581.0
187.52024989517216,28347.0
180.6102694122554,28577.0
180.23824824465223,26753.0
174.072732683041,24131.0
136.9787634538954,17243.0
89.42856241328667,10761.0
62.6399510981827,6899.0
48.458372385407955,4699.0
38.41119797486313,3968.0
53.98393298763845,4713.0
121.10978145540811,11054.0
163.51151010283922,19090.0
171.37563753658705,23359.0
153.87592282144533,22458.0
139.77177321289193,20109.0
103.81521100927738,15039.0
897.511678290559,21231.0
164.15105298871435,21030.0
165.9671543179259,21736.0
168.85954931415554,19751.0
146.36545170927448,16331.0
171.39855102782636,21311.0
186.59443852915666,27022.0
185.01972264885592,29024.0
176.29015855260815,26340.0
175.08880910514787,25913.0
177.21165672357242,26330.0
178.41827706241193,25987.0
181.44071594835273,23152.0
154.99452121669609,18928.0
124.40057705292317,15299.0
94.75790488964483,11127.0
68.5181088998212,7507.0
44.3422935696689,4095.0
59.28894533438909,5178.0
82.8839872391051,7335.0
109.74975060956108,11770.0
131.9555054533126,15964.0
141.70872484452968,18526.0
120.20207812583986,16553.0
897.6642108332968,22877.0
149.93982420352012,22879.0
160.36989704524504,22405.0
158.6027183948756,22233.0
149.87394911335386,20506.0
166.77163725812426,23109.0
181.7128843446274,26980.0
186.325238557516,29200.0
171.4274333304149,25794.0
155.80027757694938,24696.0
173.72099439739665,27753.0
197.93454507384496,28875.0
185.06044641426084,27135.0
170.49788500051193,24789.0
149.45325193872094,21411.0
131.88002237364518,16666.0
89.48026192789081,10443.0
49.80656874077082,4743.0
54.131391369760166,4704.0
64.029745749039,5705.0
95.22621974215198,8834.0
117.98521718787158,13041.0
148.69400452185292,17706.0
126.86143034399396,16347.0
870.6777975491252,22147.0
162.1923329252693,22095.0
172.68920775032853,22183.0
175.61124005698193,21556.0
173.98734362260052,20100.0
173.7269314810812,20896.0
182.5539055678734,22494.0
168.6083545157511,21509.0
154.83539521672014,19995.0
144.21356354072213,18895.0
132.26650709465346,17328.0
110.8475540356244,13128.0
72.34945110935763,8366.0
47.15163698717092,5036.0
30.93165975279082,3207.0
21.777599823131684,2040.0
28.739680790845384,2617.0
54.059973094900855,4578.0
112.76485025008705,11190.0
162.27764155820134,19112.0
167.75867729173743,22239.0
164.67073972594727,20873.0
138.45091717312138,18153.0
93.91571248064032,13516.0
751.1104454231012,18376.0
141.4611419466102,18164.0
150.114140531018,18828.0
160.56572509038833,18393.0
152.09007976857524,16630.0
165.59971180040753,20542.0
175.7941203172264,24981.0
173.0687205607889,25260.0
161.53563731167378,24094.0
159.45294425330064,23611.0
140.61968932309188,20599.0
110.5542749150753,14572.0
79.91707309640154,9727.0
47.3858652790687,5363.0
31.271763469256623,3518.0
22.0069592715084,2261.0
22.521008428701553,2170.0
44.78593881473344,3974.0
103.5355362804331,11040.0
150.96745326782946,19554.0
172.873819922045,24083.0
162.22750343906563,22110.0
140.0597951038991,19292.0
93.07106627669233,13629.0
871.4062457891263,19489.0
144.86714610677598,18742.0
150.41679120454643,19582.0
151.54844713031918,18405.0
148.1348857772132,16150.0
172.32219728010534,20074.0
181.8070336081495,25261.0
173.74760603244678,26154.0
171.97838356778882,26405.0
167.73208315604134,26131.0
159.28046557510953,24114.0
132.68860755085285,18215.0
90.61783035417741,11380.0
56.4569049058962,6566.0
37.361075343353924,4054.0
28.682505883850315,2872.0
27.15691038265317,2601.0
48.62029558648398,4146.0
109.76801076915726,11019.0
153.95683716550366,19573.0
162.31168617922125,23147.0
149.8814111400191,21725.0
138.02472639461786,18997.0
93.19135761151949,13793.0
831.7805512920822,19460.0
151.21816990550096,19686.0
183.24037648084055,21879.0
199.59228891544282,21522.0
162.55781019165693,16609.0
177.4323639655229,20227.0
200.0463734503479,25466.0
200.1663991445703,28596.0
179.62179421946362,27624.0
169.2340887823059,26594.0
160.76482670884332,24661.0
135.97856035003244,19387.0
94.55328589262145,12427.0
58.44042939656172,7175.0
41.734774199725244,4617.0
27.843506019277388,2971.0
27.734998236280376,2689.0
47.41333177482111,4183.0
111.97781073418696,11076.0
148.9636261365055,19638.0
163.28985660702517,23820.0
161.04449446665555,22708.0
140.9957074433381,19902.0
98.5305821769798,14241.0
973.1742330887456,21101.0
159.6190467312568,19581.0
182.00898358702935,20863.0
179.1842477644735,18414.0
160.21972719469332,14726.0
182.992540526823,19331.0
210.88000484861345,24646.0
195.45823994874266,25721.0
192.13169992440655,25586.0
202.71124484479748,26625.0
212.60652686466565,27023.0
179.1689785278125,23701.0
152.63044451672013,18842.0
97.83985820710741,12011.0
65.1507280940518,7658.0
48.44427943437456,5145.0
39.7278350188465,4050.0
60.177642594814095,4858.0
131.30912088670274,11757.0
173.48533419570606,19934.0
162.6735317170039,23005.0
158.03405697429912,22301.0
144.91425304701383,19915.0
100.78165264708684,14717.0
879.6445397132575,20780.0
153.71445867136086,19926.0
174.0531258498752,21389.0
176.25801589541743,19573.0
151.2275723525029,16327.0
170.99052887507983,20709.0
191.69754668311398,26992.0
200.3781072304049,29328.0
184.80660047144067,27525.0
177.9723769769488,27279.0
187.54952915660317,28052.0
194.9276752351166,28113.0
191.98958897641597,26814.0
169.04637877192866,22580.0
154.96612744781524,19163.0
120.57456170184041,14351.0
86.10475817346263,9164.0
44.89889075769682,4223.0
63.79525571276026,5272.0
85.82581920159126,7632.0
109.07218573716283,11540.0
139.73070910821542,16556.0
157.93170883858687,19815.0
134.05235233463628,18388.0
960.5298812259387,25298.0
169.62615465455113,24895.0
165.11667122799713,23248.0
172.55385329833177,22991.0
153.34122367959932,20904.0
169.98075723152934,24220.0
197.29904651905855,28764.0
206.5154968408612,30525.0
197.80837180467438,28397.0
187.57530023410175,27562.0
200.7205245241008,29440.0
213.93989757760792,31323.0
206.88117629289275,28010.0
179.9376052659636,24426.0
275.65295962665283,33561.0
100.71738933541553,10463.0
49.83820942947604,4523.0
48.88554231213255,4465.0
65.41765700950717,5869.0
93.05346181918564,9088.0
123.45452211627567,13533.0
153.98503828729156,18633.0
134.3594049625393,17262.0
894.3051152951349,22881.0
175.14808300778907,22424.0
178.00785570512107,21864.0
172.39170290174428,20178.0
165.32474819101589,18784.0
173.2349434815352,20409.0
172.48608180874663,21488.0
159.84040055023692,20876.0
142.46030458575268,19263.0
128.99796785529466,18005.0
116.22597317315505,16083.0
99.46301902780459,12541.0
68.17758074704284,7907.0
44.989638636981994,4881.0
27.214043770240238,3136.0
24.50112978544326,2251.0
23.644626443282746,2454.0
47.637698150893314,4353.0
112.61544252032122,11511.0
153.97330951948305,19470.0
170.01488097289794,22474.0
159.9811414499626,21218.0
138.97390219752637,18852.0
96.78914022684114,13898.0
768.0521211928306,18430.0
147.60349692480494,17923.0
165.62686141474825,19124.0
176.90227794928492,19249.0
154.67623872595135,16992.0
168.49186883128667,20722.0
181.31830915648064,24583.0
160.24372633023606,24372.0
156.03901911710724,24109.0
150.9088096529808,22847.0
133.65337722499245,20160.0
117.03134171085233,15465.0
84.27483828708812,10133.0
52.11304163775822,5708.0
32.83500948021735,3521.0
22.14034010696936,2449.0
23.048128228731827,2273.0
48.07163629500216,4019.0
112.31560762881962,11462.0
155.86073823034488,20974.0
164.08577667362454,23642.0
155.81225699981164,21839.0
142.10710458565148,19774.0
97.8197925105993,14526.0
884.725289996164,20032.0
165.63764440857508,21748.0
186.7730746119774,23051.0
186.42692657256308,21700.0
154.36963706586903,16800.0
186.14375481617395,21044.0
210.71607465189507,26411.0
200.04247152318965,27502.0
199.0677953094723,28005.0
174.96573671462238,26068.0
160.14389501283526,23870.0
140.37462810799104,18618.0
103.8011225939921,12046.0
65.25579976819274,7032.0
37.42686562078948,4346.0
29.080836594760797,2890.0
28.344194836818538,2787.0
53.18333501318035,4389.0
120.88305246057611,12229.0
158.83713236193304,21879.0
179.0812304686648,25126.0
158.05009213441275,23153.0
147.22126566694214,20456.0
98.78730670235763,14692.0
939.3960780137874,20788.0
160.51140588996606,20374.0
182.15792463625354,21603.0
181.8492013579789,19933.0
154.58777482988654,16049.0
182.34368264198264,20262.0
198.7889286528838,25919.0
187.6756137897196,27915.0
178.6807107328532,27743.0
170.84966847635735,27172.0
170.63798566781912,25406.0
154.10943010466391,20635.0
115.25564900053608,13962.0
68.95737904371187,8156.0
42.339984982432945,5157.0
29.55300945988829,3301.0
31.163585520929157,3083.0
52.061835144354376,4389.0
112.06324431143486,11444.0
164.63297363104624,21314.0
167.60897467234713,24790.0
147.95780058524093,22420.0
137.7493558953727,20263.0
100.29231051343587,15090.0
968.9300198905487,21188.0
165.93836155511784,20659.0
186.4990285101097,21942.0
184.79267327035117,19990.0
170.538463274583,15730.0
201.80839569479235,19888.0
217.7600902044239,25488.0
207.35968624404632,26695.0
197.85237687314802,27147.0
190.56333234650364,26599.0
193.61556833200726,25831.0
180.13884557678648,24189.0
163.62416428563705,20538.0
120.00673567576102,14740.0
82.78677852111282,10134.0
63.44884776250896,6986.0
51.55969724162151,5223.0
53.26368283814598,4497.0
86.79039769784526,8009.0
111.7884810181725,12367.0
120.55049972620206,17370.0
141.34149705870178,20861.0
150.04369442477034,22012.0
115.50723324697731,16690.0
938.4381953635279,23343.0
172.082184817484,22137.0
182.1678049146114,21908.0
174.26704408273054,20454.0
147.35681419707248,17428.0
165.70809121165814,21845.0
170.7490117250925,25651.0
159.2615041201125,24538.0
143.36210366419235,21884.0
144.14747840950454,22016.0
153.68920067393069,24428.0
158.8958330103053,24365.0
152.08170464920758,22073.0
128.29971315783996,18920.0
115.63997628617066,15584.0
91.8292282003145,12132.0
71.79882232787014,8218.0
41.91883282834534,3965.0
53.695638113232874,4761.0
73.0506360363327,6791.0
84.36610075348854,9140.0
111.9916758174047,13861.0
132.46700270559973,17668.0
124.51184254716782,16470.0
817.3462428211058,21932.0
154.85485100194984,22208.0
155.62516554612318,21400.0
158.034134086494,21777.0
143.99594921332402,19845.0
169.6802702634341,22979.0
179.25902716890357,25224.0
168.81395854518203,25275.0
152.13987162384998,22783.0
148.70519450990327,22510.0
153.3677688563067,24320.0
163.4082124610743,26359.0
159.24418592992058,22316.0
136.48725326109079,18976.0
118.2735527642869,15768.0
101.06442873799139,12283.0
75.97079709982533,8493.0
41.14285513039433,3951.0
47.68253434408129,4098.0
61.777944718117844,5338.0
94.87327906385711,8298.0
119.44854863848181,12105.0
150.75418477599456,17144.0
127.39224095643631,15364.0
743.026152552823,20002.0
159.0815874011153,20925.0
156.9785441815863,20239.0
157.29057932152634,19805.0
136.84202223790737,18055.0
140.64461573798476,18726.0
139.76962360777557,19676.0
131.38276197012945,18551.0
131.963280773837,18101.0
136.7871563831465,17884.0
118.07335679237366,16173.0
101.98420098684677,12671.0
64.43444532843749,8210.0
40.68566032617654,4663.0
25.458571692375198,3023.0
19.583896432525037,2118.0
26.637285373737114,2444.0
48.47835026875341,4080.0
97.51305070940242,9847.0
128.26287903618197,16862.0
140.8337456231667,20559.0
138.02990489142368,20122.0
130.4735073548073,17840.0
99.86825826430533,13664.0
781.9846705856652,18156.0
147.44493124765935,18098.0
162.92133286822394,18726.0
165.9573286730313,18721.0
151.2119729690631,17024.0
160.97290082880696,20043.0
168.5206484643923,23797.0
156.3667799770624,23754.0
151.12808908570383,23284.0
142.7043446097102,21947.0
127.86055394997288,18539.0
121.41075377554866,17193.0
80.76069530211723,10141.0
49.999548221163856,5946.0
33.04786314958676,3598.0
24.543156418293485,2469.0
23.29113975877137,2311.0
42.62604054394831,3802.0
97.41527720704413,10504.0
134.0170925925916,19245.0
153.0347618248704,22900.0
139.27585795087884,21882.0
130.52766202233812,19232.0
96.0445852948136,14377.0
851.8190304227455,20483.0
155.26304143822603,20494.0
164.53700979544027,21209.0
162.48723251840477,20439.0
142.84062439865104,17455.0
175.24823234968005,22255.0
202.22566763753557,28160.0
209.7919396322681,30576.0
174.49353917883928,26898.0
159.8114101577716,25760.0
170.90236764714274,24184.0
136.68854809195992,17983.0
91.24890449967263,10995.0
54.291947833626104,6373.0
38.14452972119177,4096.0
27.990760510550004,2778.0
25.13858921263908,2527.0
44.4229065440336,4065.0
101.8718811350267,10908.0
137.47127013338812,19467.0
162.59440263237786,23749.0
154.48592119144104,22820.0
148.11996120068676,20862.0
104.59249737497794,15289.0
934.9359330769454,21490.0
161.26819712836257,21109.0
172.32522394346174,22134.0
166.6108250868841,20813.0
153.22127109309292,17548.0
173.53424647015072,21143.0
194.9959182783865,26150.0
195.7525018592126,28178.0
189.30918709469344,28929.0
185.5445672923233,28120.0
186.90561526177478,26733.0
166.78539807639706,22064.0
111.18077887694969,14061.0
67.3399481907654,7894.0
44.739850489802116,4914.0
32.26516252544711,3263.0
29.29806797282211,3008.0
51.204932131883645,4362.0
109.7198007698733,11125.0
143.01651067541272,19836.0
161.97473754317133,24339.0
160.07934040227065,23945.0
143.61944816505522,21407.0
102.93271402154511,15789.0
944.0827816243627,22472.0
166.32717572383143,22025.0
174.3967067303607,22398.0
174.0024315556429,21145.0
158.28207815351786,17208.0
178.96657539220678,21797.0
196.85604920488947,27465.0
185.39075527229258,28835.0
178.96873176801435,28296.0
179.24881145504443,28401.0
179.52393069913128,26611.0
182.61274572082078,24061.0
147.43783868282867,18076.0
97.85790600680981,11244.0
63.194288034113185,7248.0
46.35413900233293,4913.0
42.79362928623674,4021.0
56.05157662536164,4695.0
116.37943206376251,11575.0
147.64367464047194,19256.0
155.56888852419013,23730.0
149.77586933455675,23112.0
132.63246188613536,20783.0
100.45484029589515,15475.0
851.8246192344297,21183.0
148.01133561783433,20357.0
163.67563343823292,22024.0
156.9045195300991,20524.0
146.3530447365846,17962.0
173.08503715438422,22478.0
185.28500792251978,27470.0
182.30227958098843,28870.0
169.67424313768785,26847.0
162.31198670039186,26287.0
174.7566598457234,27039.0
175.4172069372153,27364.0
172.44251294413624,25599.0
156.24982911857595,21965.0
134.0550855462678,18314.0
109.48840559875796,13464.0
76.87912929471354,8578.0
42.922709357973176,4097.0
58.32384359156072,5284.0
75.93342078055251,7374.0
99.91173740021705,11757.0
124.58667460389346,15912.0
142.90312452014982,19035.0
126.26065201041453,16593.0
919.7472860300112,22711.0
169.83170254545058,22548.0
173.80283157238875,21378.0
177.41042919344196,20940.0
157.33499475842876,18444.0
179.30116496975026,21497.0
208.92973122980985,26203.0
205.20011855799996,27066.0
190.64629966732332,26386.0
178.51142988356327,26606.0
179.51416159857334,27729.0
186.95132575659045,28901.0
181.36485618306673,27398.0
161.83497777906038,24055.0
146.31573301108992,20966.0
124.87593989934952,15805.0
84.22953553600634,9761.0
43.62343061844897,4256.0
51.60522370274106,4515.0
62.023791175414,5990.0
83.12295474672412,8568.0
109.99733568122566,13011.0
135.4631955336171,16982.0
116.92384671051931,15513.0
876.5313457996003,21693.0
155.3130082424727,21033.0
167.38217773045108,20989.0
163.87596881026903,19949.0
157.45282876319123,18778.0
167.42506715878756,19587.0
160.67258840323865,20598.0
156.6403877368099,20294.0
144.27679064299187,19041.0
119.85362352111063,16495.0
109.52357516424193,15292.0
94.49037438573987,12472.0
74.13200327915057,8701.0
42.292481021359755,4908.0
28.188133055749443,3197.0
21.60554394864556,2117.0
24.564668819275276,2468.0
44.89916993205801,4267.0
112.55406320938046,11243.0
152.05667062749595,18894.0
167.40336516875928,21754.0
149.51217441891097,20046.0
127.80282069139163,17525.0
92.04364780052742,13213.0
724.1742906091395,17576.0
129.71074917703135,17194.0
148.97324052191465,19057.0
145.71386733286894,18963.0
149.0516379328937,17328.0
171.08465874885232,20530.0
171.09960497866732,24374.0
161.70949980201405,23839.0
149.86902506587114,23107.0
144.63582704268865,22081.0
127.08673993022971,18421.0
100.46448984892841,13737.0
75.97730935012555,9235.0
47.7184526299438,5405.0
29.28005662371272,3270.0
22.38453969032527,2165.0
21.600616039286614,2062.0
43.34582707036054,3773.0
106.53097244768811,11321.0
155.84811815723936,20710.0
181.49174086111233,24567.0
163.4825348315158,21758.0
141.7416627796098,19446.0
91.39871525896424,13650.0
844.4373563225693,19171.0
139.49545818342676,19114.0
151.6483600935449,20790.0
150.29095550145226,19622.0
148.19714507338142,17374.0
170.0106771645374,21887.0
179.1995979606223,26346.0
168.08462575541478,26220.0
163.625918476827,25408.0
157.07258967786873,25075.0
146.15764797500867,22198.0
122.97096839128777,17474.0
85.83847989723598,11192.0
61.906347643292115,7331.0
37.68642414007549,4248.0
25.057491896134568,2824.0
24.146298434085825,2559.0
46.68526803609203,4191.0
111.38887157636567,11544.0
151.14434868182138,20693.0
173.8048949309222,23794.0
153.3643957745468,21750.0
140.7464813268918,19423.0
94.14231959011903,14007.0
918.6074027125242,20024.0
156.84273667028455,19594.0
165.77287690572552,20271.0
178.48261288055377,19502.0
158.86746253458733,16178.0
190.12799464849678,20550.0
205.20470829880168,24897.0
182.80981389434385,26604.0
171.2420018104051,26754.0
179.9475236801908,27452.0
171.94806865846294,25425.0
149.29483104531687,20872.0
107.82153807344,13746.0
66.99060830390628,8063.0
45.44052781783983,5016.0
29.073063122990412,3291.0
33.4870276955553,3075.0
51.113080286435284,4424.0
120.88610027833,11991.0
157.5043429824232,21073.0
172.7462432908578,24122.0
157.23029109793782,21991.0
141.40404459534588,19925.0
99.78594596168395,14609.0
939.7867636312088,20804.0
159.40664867035815,20400.0
188.84566495477205,21958.0
181.671929246222,20177.0
161.78270762406225,16281.0
195.08099605965796,21191.0
206.55016907534926,27483.0
197.87301237495112,29110.0
187.9171616355742,28779.0
185.726196406894,28283.0
186.32735357734794,26582.0
165.69016722104212,23339.0
131.0216569211962,18016.0
88.57531565181024,11535.0
65.83187624625299,7612.0
45.44735136435742,5147.0
41.06960715315963,4123.0
61.51187522100054,5230.0
126.74527318332176,11913.0
157.58650013736028,20584.0
173.6466643685099,24441.0
166.5131874858653,23156.0
142.347907398416,20964.0
100.17264671918028,15280.0
898.2657277458807,21625.0
153.2358520100792,20761.0
178.69789787587703,22066.0
174.68149159646595,20043.0
164.79164039000648,16627.0
178.53575859581446,20541.0
196.64782114752362,26597.0
192.77730120878778,29149.0
193.46170311703452,27790.0
182.96713797729873,26427.0
180.18065396060877,26919.0
182.04574498429318,27415.0
182.884568167175,25604.0
164.26970023485458,22049.0
130.79410045006762,17875.0
104.64711728726421,13247.0
80.27869930535044,8610.0
47.24472380415315,4409.0
65.92888354395451,5642.0
92.68474311817106,8466.0
116.96850441594506,12939.0
144.3399070473842,17843.0
158.84664811585918,20668.0
134.93677311941062,18063.0
1002.3531100312237,25045.0
181.45317478946316,25183.0
189.80540918951098,24834.0
181.83894641307947,23998.0
159.3238263816399,20351.0
173.24733300087868,23480.0
201.91409610304672,28058.0
201.63464373741053,28922.0
194.37670679577352,27325.0
181.6809175743539,26516.0
195.16148865648407,28075.0
193.41889901481,28520.0
177.86574026985474,26307.0
166.48641574577704,23912.0
154.79811858326826,20992.0
118.91913529222741,15793.0
87.76814257031872,10154.0
45.92494872171289,4766.0
55.045294154597954,5047.0
71.71366460832327,7134.0
90.62973640430262,9881.0
121.70578903648683,14864.0
147.9451313109251,19276.0
131.87175309724194,17758.0
960.508890009173,23500.0
179.10421952477932,23073.0
183.04481912278126,23371.0
177.27521933660606,22570.0
187.83030141935836,21225.0
192.68435979856199,22486.0
194.41380326863194,23867.0
174.92235804205552,22391.0
158.66132897553928,21600.0
150.40764437735413,19933.0
130.90243744372083,17740.0
117.98021968001731,13754.0
76.15452788053496,8593.0
43.90355552237847,4957.0
29.59240118824676,3219.0
21.57766874789894,2150.0
23.772626122456728,2448.0
51.35447427079922,4455.0
123.06960196630361,12062.0
158.83841934882471,20640.0
179.3033085252625,23289.0
180.73225317983696,23392.0
168.84990161560702,21399.0
104.212079736866,14432.0
907.8778073648249,19862.0
140.36328025955962,18060.0
151.41770024517044,19233.0
149.95760621045198,18922.0
142.32137897139637,17057.0
159.27151506948528,21059.0
175.4214984809206,25644.0
165.41231145291528,24406.0
152.23538536716725,23103.0
146.1207842822291,21930.0
128.65027073483,18982.0
103.96689860111486,14503.0
84.75172082788441,10215.0
48.552773546399024,6007.0
39.66588786443922,4491.0
24.25501041412455,2562.0
24.29384983657433,2286.0
50.68598280856117,4181.0
114.9007201933294,11928.0
155.69585495971725,20815.0
186.70217951716185,24959.0
179.5366852459168,23363.0
147.67582919843574,19525.0
98.69480183584511,14049.0
924.7839107060665,20099.0
153.8021166574017,19237.0
170.26375253297675,20863.0
165.1516072751747,19732.0
152.45848417575718,16993.0
173.79077946757047,21087.0
183.08534528525115,26352.0
171.7440039420723,26747.0
163.35306632908922,26650.0
161.09563280411365,26378.0
160.1895541565109,24348.0
136.39649670533382,18744.0
100.5095279044963,12071.0
57.423975621264965,7012.0
40.04651908857313,4448.0
27.218234871649358,2796.0
25.179723333620636,2618.0
53.559141157389476,4235.0
119.99229398555356,11742.0
149.37647414391736,20738.0
167.82188448374993,23963.0
152.18391376819343,21685.0
137.78860511075118,19435.0
99.20682508565775,14176.0
914.0744559931304,20069.0
154.3124204972752,19722.0
175.115948174867,21274.0
193.91786103395256,21998.0
154.58097431460908,15858.0
188.82237269978478,20831.0
206.2676899758017,26148.0
176.15670517301308,26270.0
174.3970804841716,27041.0
178.80420520746938,27240.0
172.11166516952386,25794.0
154.18776107602966,20842.0
107.09961398316699,13328.0
73.55570184978825,7963.0
46.50274731041243,4822.0
33.23165661705791,3127.0
31.483036459816553,2996.0
59.412087993335014,4491.0
126.62498841137335,12340.0
166.6385339541401,21851.0
180.6908219455664,24796.0
163.5361772709704,22876.0
155.5552781102335,20840.0
106.98610640161564,15204.0
1014.6825262704162,22073.0
171.98906336296392,21500.0
200.06011664237553,22346.0
198.20018755187874,20567.0
168.1527708337491,16287.0
202.49157060646425,21254.0
207.1920679210999,27310.0
205.32310799196884,29706.0
199.26336765453016,29430.0
195.9151837283242,29184.0
195.15059525480632,27772.0
186.1925818206982,25079.0
147.93887912796995,18353.0
99.83871169936937,11437.0
71.7528297709808,7606.0
51.98532593149907,5092.0
43.03632081982623,4080.0
57.069248710205535,4790.0
133.8854596413652,12000.0
174.63077597368667,21055.0
182.90942833549096,24325.0
163.0303053199357,22541.0
156.47168441850172,20975.0
107.03333637428591,15405.0
989.1291887195779,21513.0
169.37578254828432,20256.0
188.424783857565,21711.0
187.6219874138811,19412.0
168.03347933007245,15862.0
201.7831713506548,20050.0
216.78515847516707,25451.0
213.55879576378697,28590.0
211.45947904826636,29222.0
199.8879091221592,28608.0
204.5185440499527,29536.0
206.05612569785907,28611.0
197.9429870660448,25640.0
169.76539814906542,21395.0
144.86828504839679,17439.0
113.81349358384269,13213.0
80.60810790468155,8582.0
50.38645220105078,4602.0
67.71705404975086,5452.0
94.66669390432602,8259.0
128.15164231220365,13204.0
151.65476842969727,18057.0
162.7453377306091,20676.0
140.40050907756114,18006.0
944.6700218319405,23863.0
178.88561217267167,23166.0
182.16695267747124,22278.0
179.69576304555085,21969.0
156.1401278456297,19010.0
168.9318698571522,22062.0
196.22750651973837,27058.0
197.01503462791644,28918.0
187.28088134503227,27371.0
175.44914271090124,26423.0
184.0243351295291,27713.0
190.45328040144184,28308.0
183.10122380289005,26386.0
163.30569246881308,23750.0
154.24622613684488,20818.0
128.9083318083578,15795.0
88.25210386432997,10044.0
44.47671818418126,4550.0
51.710570392134855,4760.0
73.59956255142752,6945.0
99.45043631947289,9759.0
127.22290312375262,14271.0
150.61694505158755,17981.0
127.31419584581549,15981.0
952.3602281169439,22131.0
181.8080420797429,22178.0
185.9369469977007,22299.0
178.71970197820337,21232.0
168.4718616184008,19481.0
180.11835870698576,21533.0
175.09295093655052,21833.0
156.90744516215574,20391.0
148.81614383442005,19805.0
145.50449073036373,18489.0
125.44073791275031,16555.0
106.625726091873,13188.0
69.55827951396329,8180.0
42.104595096899,4759.0
29.894034828019187,3110.0
23.083428820373765,2278.0
25.602715552098346,2591.0
52.136067834423336,4506.0
113.9931257314085,11321.0
159.83611912071692,19654.0
171.47612238307758,22711.0
152.51817030548517,20910.0
131.76353735076123,18247.0
94.78795427007023,13458.0
766.8114459039858,18475.0
141.42143792034778,18393.0
153.56046718083468,20140.0
151.52842630734156,19382.0
144.6182367498102,17552.0
161.6524015440812,21251.0
173.89786719891677,25396.0
170.07079729836016,25166.0
161.22469012082607,24030.0
156.71200766367687,23774.0
144.48343608606254,20809.0
112.63859782720307,14681.0
74.82870970508907,9252.0
46.9746531243075,5553.0
30.96353838757358,3454.0
21.43255302399049,2202.0
21.894444527816646,2213.0
46.80695495214686,4086.0
105.39665541373992,11228.0
156.12045832722734,20157.0
166.31310462552713,23261.0
150.85343879810745,21580.0
135.29139145376124,18895.0
95.10759368917482,13804.0
878.2397036649031,19366.0
145.39607512750987,18789.0
156.35029904766697,20441.0
151.0971955322475,19531.0
141.6159309930698,16942.0
170.22819854637444,21083.0
180.19028853816258,26143.0
165.9166355906322,25847.0
159.8708083167692,25910.0
156.51465120131712,26355.0
152.53366050909202,24058.0
124.63204279397263,18334.0
90.84971891623117,11540.0
59.796348875776715,6848.0
35.87243845401764,4231.0
26.154520130764435,2841.0
26.29791773216016,2655.0
51.32035245989573,4305.0
109.81359076049606,11472.0
150.78011409014246,20519.0
169.34435025964396,23785.0
148.95768370167485,21860.0
138.28497914844596,19501.0
97.38311865282068,13928.0
946.9906571111674,19985.0
159.96943839566183,19697.0
173.67272538946398,20587.0
180.0634359243719,19695.0
166.66620728785637,15424.0
193.13522863539566,19403.0
202.13551543750802,24457.0
191.11023095782014,27200.0
198.6276726394964,28092.0
185.05017742981292,27744.0
184.71549782205324,26426.0
158.01140452564462,21242.0
119.73793180375344,14312.0
69.17269257610832,8364.0
47.666381183313824,5000.0
32.63253324403084,3282.0
31.985147344257467,3102.0
52.277013853645194,4507.0
127.45128526298127,12317.0
159.10989703413318,21133.0
176.76915117374102,23914.0
155.25932384876268,21795.0
150.11249172148112,19841.0
93.27195904485177,13899.0
958.7198296463318,20414.0
169.24562999149802,19937.0
186.24528016498832,20981.0
188.20962862015736,19206.0
166.5558275422606,15430.0
201.47450161252996,20412.0
203.81049026798505,26770.0
198.49345920614522,29047.0
184.91349523538813,28549.0
192.25904286015356,28831.0
199.61522766552594,27092.0
175.73978599400326,23350.0
