2172
3773
1613
1270
956
623
587
707
1067
1516
1405
1650
1503
1909
15322
1814
1528
1894
1639
1545
1346
1194
2164
1476
1090
650
650
412
416
670
753
1407
1680
1625
18100
1444
1492
1543
1561
1397
1388
1619
1810
1793
1762
1732
1552
1190
736
719
461
397
440
546
1224
1694
2098
1984
1897
2190
1747
1792
1973
1802
1763
1908
2271
1877
2360
2503
2021
1531
1018
796
699
431
472
552
1106
1911
2223
1985
1728
1690
1969
1751
1903
1834
1347
1797
2210
2238
2196
2199
2297
1689
1104
816
590
677
483
753
1387
1738
2240
2022
1856
1672
1764
2116
1902
1886
1497
8397
2723
2453
2475
2659
2351
2312
1448
1001
761
648
709
603
1123
1893
2015
2380
1906
1792
1856
1874
2311
1705
1570
1949
2462
2665
2366
2396
2156
2457
2692
1877
1606
1172
853
676
606
772
1185
1554
1830
1884
2090
2041
1860
2254
1818
2160
2429
2627
2391
2153
2420
2388
2307
2285
1949
1470
1060
594
704
663
872
1135
1636
1972
1918
2039
1991
1777
1942
1921
1753
1706
1491
1535
1248
1073
822
582
655
500
452
597
1197
2005
1917
1840
1625
1491
1827
1548
1697
1685
1725
2022
2322
2125
2039
1922
3820
1266
887
571
514
559
404
591
1173
1835
2242
1928
1689
1613
1848
13601
1442
1600
1590
1783
2534
2227
2266
2480
2221
1817
1075
701
596
465
712
591
1144
1940
2134
2067
1829
1673
1916
1861
9014
1834
1604
1780
2195
2372
2608
2310
2159
1892
1540
862
598
534
517
928
1130
1859
2262
2031
2124
1679
1825
1772
1966
2036
1506
2025
2182
2414
2760
2340
2365
2158
1700
2038
6534
780
682
748
1538
1973
2263
2528
2008
2278
1927
1959
1968
2032
1843
1822
2177
2340
2364
2643
2356
2151
2190
2034
1835
1309
1001
685
671
1027
1160
1492
1786
2053
2449
2137
2159
2223
1785
2252
2239
2355
2181
2203
2505
2476
2157
1945
1607
1639
1072
642
561
662
1496
1205
1599
1875
2023
2403
2136
1930
1861
2056
2409
2117
1867
1940
1723
1914
1377
1021
834
737
819
588
784
1022
1568
2042
1858
1757
2130
2018
2180
2000
1920
2042
2399
2601
1845
1791
1729
1378
1233
750
558
484
465
800
872
1244
1549
1686
2038
1599
1820
1729
1726
1956
1505
1876
2214
2086
2604
2279
1914
1612
1098
979
557
486
467
574
1435
1836
1966
2070
1905
2075
1816
1771
1797
1821
1743
1832
2037
2311
2866
3051
2188
1736
1124
851
917
547
493
572
1103
2151
2183
2144
2779
1842
2018
1858
1948
4216
1623
2193
2195
2425
2508
2255
2750
2210
1542
983
785
865
1225
613
1153
1951
2388
2068
4641
1777
1839
2288
1863
1952
1651
2034
2787
2551
2722
2311
2270
2840
2099
1774
1525
1182
1131
538
648
769
1044
2662
1714
1844
1927
2381
2401
1634
1425
1661
2014
2393
1855
1880
1967
2151
2249
1905
1566
1227
923
887
571
730
900
1342
1916
1747
1881
1890
1706
2016
1628
1747
2042
1823
1922
1328
1331
1134
1247
957
533
3479
439
725
1411
1727
2023
1961
1700
1777
1715
1604
1749
1850
1979
2065
2266
2103
2262
2434
1934
1223
965
673
819
394
411
555
1109
2164
2269
2112
1739
1623
2122
1716
1990
1831
1584
5751
2336
2138
2332
2176
2429
1672
1093
776
556
1027
456
585
1158
1848
2481
1934
1908
1688
2280
8322
1779
1786
1482
1674
2586
2238
2194
2127
2052
2047
1302
797
587
537
763
592
1161
2000
2069
2251
1817
1721
1821
2000
2271
2101
1551
1865
2394
2982
2266
2303
2363
2103
8479
901
843
620
590
1240
1185
1806
2329
1986
2005
1694
1683
1720
2761
2141
1813
1882
2626
2491
2858
2196
2450
2488
2174
2305
1546
1249
893
611
983
754
1128
1419
1682
2166
1985
2010
1850
1892
2163
1990
2384
2556
2095
2453
2245
2386
2196
1959
2147
1446
1006
605
651
1213
904
1182
1543
1879
7909
2092
1775
1384
1249
1805
1636
1441
1304
1333
1566
934
1005
590
460
774
453
633
1088
1583
4439
1700
1577
1661
1673
4681
1706
1690
1527
1853
2534
2126
1989
1935
1654
1729
929
656
511
541
789
531
1192
1776
2022
2163
1897
1653
1807
1721
2164
1738
1373
1514
1700
2311
2126
1961
1799
1628
1375
687
525
436
455
1011
1230
1761
2375
1977
2161
1601
1673
1675
1758
2087
1355
1700
2072
2347
2895
2280
2023
1749
1407
5860
604
506
469
565
1432
1701
1821
1655
1518
1797
1508
1363
1427
1306
1696
1424
1780
1827
2080
3256
1770
1545
1242
1047
1161
587
519
687
1054
1975
1886
1775
1751
1645
7046
1663
1758
1568
2356
5395
1987
2182
2282
2526
3031
2391
2064
1898
1604
1724
895
653
712
840
14740
1524
1692
1746
1747
2191
1888
1990
1813
2067
5315
2509
2171
2037
2232
3041
2169
2117
275
1813
1826
791
697
756
945
1737
1595
1699
1905
2093
2290
1764
1721
1729
1865
2236
1721
1475
1402
1102
1337
649
510
458
483
7078
1105
1639
2054
2034
2188
1586
1602
1665
1613
2160
1499
1672
2124
2160
2637
2035
1962
1453
1054
1110
558
467
441
3475
1522
1744
2151
1926
1768
2027
1665
1736
1847
1810
1881
1650
1972
2213
2245
2838
1913
1582
1158
811
949
548
477
592
1122
2523
1994
1933
1693
1534
2154
1681
1786
1794
1541
2212
1903
2217
2484
2299
2697
1744
1384
834
669
983
493
629
1109
1867
2546
1965
1740
1790
2099
2236
1884
1728
1646
1682
2569
2344
2599
7170
2300
2704
1637
1123
907
684
1028
659
1103
1750
2163
2420
1664
1699
1839
1756
2292
1804
1646
1800
2267
2973
2429
2309
2465
2285
2728
1786
1613
1372
981
1056
697
882
1146
1574
2150
1924
2209
2048
1903
2400
1812
2083
2281
2330
2929
2191
2289
2295
2245
2424
1761
1584
980
680
1261
749
857
1180
1469
2156
1884
2020
1827
1919
2250
1799
1939
1860
1782
2198
1426
1143
926
6168
964
484
491
630
1088
1987
1846
1822
1661
1535
2008
1462
1630
1626
1476
2155
2103
2167
1877
2008
2103
1285
969
863
539
839
422
571
1065
1641
2240
1733
1536
1342
1598
1916
1560
1542
1537
1990
2762
2333
2572
2632
2392
2353
1401
991
707
595
961
636
1026
1790
2060
2414
1641
1646
1550
1644
2262
1645
1500
1824
2116
2841
2497
2093
2294
1814
1603
824
596
490
473
1018
1087
1755
1931
1954
2360
1780
1821
1821
1860
4562
1389
1970
2530
2419
2856
2326
2335
2049
1560
1543
786
607
586
596
6892
1713
1975
1931
1792
2248
1844
1700
1828
1634
1810
1838
2124
2206
2119
2607
2168
2273
5889
1654
1709
1174
804
588
730
1253
1097
1452
1622
1744
2626
1927
1829
1940
1895
2399
2290
2428
2527
2052
2709
2385
2543
2061
1800
2193
1089
609
624
726
2771
1313
1621
1667
1832
2303
1978
1684
1664
1772
2669
1701
1708
1550
1533
1676
858
643
537
460
921
641
1051
1662
2023
2232
1725
1518
1670
1563
2115
1620
1466
1830
2162
2498
2181
2169
1797
1504
1461
697
566
7931
512
1095
1107
1642
2092
1854
1982
1544
1654
1599
1596
2004
1409
1770
2104
2298
9058
2121
2274
1562
1107
1209
600
480
459
738
1616
1661
1966
1921
1745
1972
1781
1634
1839
1824
2019
1695
2188
2341
2334
2705
2081
1772
1206
836
1152
504
476
614
1099
2475
1951
1838
1680
1727
2198
1606
1988
1630
1427
4997
2111
2264
2222
2335
2857
1885
1714
1115
813
1079
585
683
1029
1749
2512
2056
1560
1572
1710
2025
1782
4765
1718
1838
2756
2377
2277
2393
2239
3562
2154
1859
1694
1356
1396
597
666
837
1116
1940
1681
2018
2110
1999
2436
1994
1826
1986
2393
2935
2324
2169
2573
2548
2811
2020
2977
1058
603
1196
723
1019
1282
1642
2253
1862
1797
1834
2080
2095
1792
1821
1828
1696
2295
1475
1155
806
655
1070
599
454
602
1226
2377
1918
1783
1721
1602
2232
1540
1646
1749
1585
2689
2076
1987
2025
1866
2304
1387
1078
735
547
931
478
579
1156
1823
2359
1803
1707
1619
1766
2360
1839
1979
1531
1687
2680
2270
2311
2062
1933
2212
1074
792
907
531
927
635
1155
1854
2395
2323
1808
1640
1846
1887
2282
1769
1533
1672
2154
2916
2082
2262
2089
1784
1959
842
667
541
515
1074
1102
1726
2167
1926
2244
1728
1760
1834
1731
2692
1550
1725
2135
2155
2647
2160
2040
1995
1739
1844
1331
803
665
633
1296
1233
1641
1730
1833
2265
2216
1812
1729
1764
2020
1596
2027
1934
1921
2346
1977
2001
1863
1634
1862
1181
1011
660
649
1341
939
1174
1604
1676
2340
1904
1750
2009
1752
2469
2117
2044
1936
2022
2460
2136
1848
1549
1471
1628
903
603
567
752
1566
1190
1457
1597
1746
2308
1546
1645
1564
1599
2045
1533
1853
1624
1564
1691
906
592
519
454
871
539
1004
1494
1914
2350
1662
1601
1513
1670
2271
1535
1531
1789
2170
2243
1837
1795
1611
1462
1544
670
548
549
475
1058
1109
1635
2031
1870
2157
1795
1736
1775
1618
2245
1465
2018
2308
2445
2731
2231
1992
1520
1101
1375
574
516
451
571
1656
1524
2094
1930
1655
2398
1735
1903
1688
1748
2214
1866
2249
2175
2396
2766
2156
2593
1347
936
1118
626
463
612
1286
2162
1780
1967
1618
1615
2389
1833
1782
1571
1549
2283
2247
2392
2211
2139
2598
2043
1358
1193
805
1282
631
657
1126
1784
2477
1902
1577
1480
1836
2353
1743
1608
1724
1968
2578
2324
2249
2120
1923
2690
2219
1976
1543
1235
1414
644
667
757
1149
2236
1572
1706
1785
2058
2282
1737
1629
1738
1992
2743
2250
2215
2436
2310
2843
1882
1857
1374
1010
1122
684
734
893
1145
2045
1603
1900
1760
1952
2076
1919
1742
1809
1649
2345
1314
1353
1044
1028
1136
539
446
523
573
1595
1702
1774
1879
1480
2055
1581
1909
1718
1613
2036
1898
2141
2116
1955
2197
1604
1298
1009
694
964
425
440
626
1095
2366
1844
1561
1524
1515
2334
1489
1800
1590
1503
2335
1888
2174
1920
2087
2297
1468
1073
779
597
989
574
625
1050
1773
2417
1932
1586
1775
1728
2348
1802
1694
1454
1886
2656
1990
2136
3441
2249
2202
1360
894
630
549
1019
601
1232
1862
1918
2552
1578
1637
1768
1717
2340
1505
1270
1677
2313
2549
2363
2236
2094
1976
2142
1099
880
634
564
1288
1107
1684
1884
1783
2279
1652
1759
1662
1961
2190
1443
1504
2206
2464
2802
2003
2102
2317
2114
2261
1389
1205
917
611
1244
764
1200
1522
1626
2429
2146
2015
2056
2116
2374
1726
2284
1987
2104
2850
2227
2242
2137
1833
2377
1493
1086
666
685
1338
984
1382
1564
1862
2556
2183
1981
1947
1611
2615
1779
1861
1906
1746
2079
1188
816
567
563
886
410
601
1014
1582
2454
1927
1841
1523
1747
1921
1653
1649
1271
1636
2732
1811
1667
1655
1551
1873
984
674
679
440
915
594
1175
1561
2103
2439
1459
1429
1634
1601
2429
1505
1517
1556
2061
2674
1970
2146
2030
1574
1599
694
544
435
460
1167
1028
1558
1905
1913
2219
1615
1487
1538
1710
2513
1363
1645
2164
2103
3191
2006
1992
1801
1255
1583
517
495
536
528
1564
1864
2118
2099
1523
2248
2150
1932
1881
1766
2262
1800
2294
2507
2334
2927
2080
2087
1484
1247
1547
728
626
581
1117
2463
1999
1942
1878
1801
2395
1548
1847
1707
1360
2175
1960
2336
2317
2262
2876
2023
2116
2068
1310
1863
925
637
627
891
2979
1573
1789
1816
1906
2555
1634
1638
1688
2149
3066
1989
2372
2234
2160
2681
2124
1973
1664
1249
1629
650
614
782
950
1910
1698
1494
1952
1741
2537
1661
1817
1832
1860
2023
1598
1543
1296
1280
1514
624
485
395
405
1138
988
1599
1839
1573
2125
1237
2738
1687
1607
1976
1346
1698
1793
2095
2694
1945
1933
1338
922
1278
550
409
387
584
1663
1808
1903
1661
1585
2045
1490
1534
1584
1477
2019
1911
2076
1961
2234
2739
1880
1512
1043
654
1187
493
470
570
1019
2534
2095
1999
1654
1458
2294
1562
1640
1551
1346
2255
1987
2091
2119
2474
2593
1850
1247
836
697
1064
569
593
1309
1950
2469
1567
1707
1590
1621
2230
1641
1550
1403
1561
2772
2144
2081
1992
2024
2660
