0.379551004468654
0.38023399164030885
0.38019120474304136
0.3792280762057502
0.3794377476785139
0.3779513251437981
0.37681168311310065
0.37743583689993965
0.37693854818494776
0.3760224348922743
0.3756817437134356
0.3754626384593258
0.3754768640733765
0.37539616980858065
0.37517966453698637
0.37492161255139855
0.3749008870477458
0.3749161276155293
0.37486445769096594
0.37454889725355656
0.37450359126967414
0.3744408886137479
0.37431501586501603
0.37446444709111115
0.37446555986560925
0.3742962439760752
0.37402102838322077
0.37385082290335764
0.37350640922355016
0.37338528878068133
0.3732444500932189
0.3732122734455075
0.3731415077705883
0.37303235548974406
0.3728015090428039
0.37276557320530246
0.3728864739326939
0.37297156824394395
0.37295803024599866
0.3728278391526791
0.3727037154055815
0.3725831194923081
0.37239198842856486
0.372201815939959
0.3721110558618926
0.3720722297531313
0.3720328664966334
0.3720552661385626
0.3719784219732892
0.37203991022501315
0.37206796806657616
0.3720333101271578
0.3719622128310897
0.37199936088756813
0.37205565967872933
0.3721832790637717
0.37223891350254423
0.3722944417650338
0.37219840301456236
0.37215144450452997
0.37209079646186466
0.37198866495160815
0.371891309835168
0.37185751720484883
0.37177033363794837
0.3717889468454851
0.37180421369149785
0.37178011612352635
0.37178779576742843
0.3717278932887596
0.37169285555725656
0.37162937337927293
0.37152363624346724
0.3714492980318233
0.3714886768171587
0.3715079892009663
0.3714851253398485
0.3714795307881455
0.37153068582247467
0.37155340067271625
0.37154163866941775
0.37153078739638395
0.3715520393843231
0.37154764690644926
0.37152210051838147
0.37138033937208464
0.37128764442367734
0.37126750031201905
0.37120393953497993
0.3711132910257318
0.3710044606702079
0.37089228204762453
0.37084904084087894
0.37084116756319696
0.3708361017650614
0.3708246165920297
0.3707943623388859
0.37080554426397644
0.37077187855694965
0.3707770459508455
0.3707692520401613
0.3707544933702738
0.3706867059959401
0.37065540639959066
0.3706372879883109
0.3705671733516658
0.37052203428637
0.3705521002031455
0.3705062830174185
0.37046642567078647
0.3704862212360321
0.37045071689993575
0.37047246704317693
0.3704361313538799
0.37045118730644155
0.370515346091896
0.3704558600137533
0.37037846329096086
0.3703813383353467
0.37035768331170943
0.37032600432268703
0.3703101063217622
0.3703214401940452
0.3702967441843629
0.3702889553702985
0.3702363601572643
0.37019263618278764
0.37020665045918305
0.3702068690045703
0.370171630930339
0.3701510965997295
0.37014485929710267
0.3701233609185845
0.37018528758433744
0.3701833073442351
0.37013481226635153
0.37006684222958636
0.3700424138992292
0.37001004272371385
0.37000237666075775
0.3699925245614186
0.36996991858777983
0.3699420848106097
0.3699465433680468
0.3699117687236841
0.3698919690561622
0.36988971243608165
0.3698813451577886
0.36986138503227833
0.3699070086574154
0.3699381842014799
0.3699426668326919
0.36991781605794083
0.36996046999962756
0.36999658144454545
0.37000749111326714
0.3700585737725795
0.37009173582945226
0.37008953773132114
0.37009163698235803
0.3701269944320975
0.3701698170732603
0.370210261532929
0.3702716686683119
0.3703191650874621
0.3703106333221731
0.37030309893192104
0.3703484736092467
0.3703550753530693
0.3703902674018319
0.3703965235592857
0.3703961639963256
0.3703739963210737
0.37037572969790145
0.370408801773831
0.3704461279291736
0.37045516395651595
0.37040511922503705
0.3704241762875557
0.3704358575740716
0.3704639763396349
0.3704859134370785
0.37048075458689056
0.37048412773128747
0.370502720859761
0.37051423988351334
0.37049522881777963
0.37050103008774876
0.370477319675006
0.3704799841890319
0.37046905376101874
0.3704880380313345
0.370500960090508
0.3704866935444212
0.37048307026068805
0.37047102973959817
0.37043924126389616
0.3704373691889107
0.37044427469321645
0.37042077363690945
0.3704229634950699
0.37040879327465326
0.3704132396787174
0.37041627478810574
0.37037699885474473
0.3703648003646898
0.37035740204952905
0.37035543035905655
0.3703554483784998
0.37035560647151833
0.3703598731429678
0.37035248628198003
0.3703419461898889
0.3703565472952717
0.3703528010650841
0.3703394578938585
0.37032287977000883
0.3703298316988322
0.3703497462202241
0.3703648043073157
0.3703584172175887
0.3703417631850407
0.3703409892937822
0.37032738054217496
0.3703734113901636
0.37038780354481843
0.37038491786573186
0.37039907585013465
0.3704125801356027
0.3704172374818597
0.3704298868839342
0.37043047901982545
0.37042578503853535
0.3704095918737866
0.3704114544441325
0.3704055492599776
0.37039097592050785
0.3703909408381425
0.37036004894837354
0.3703232827770062
0.3702987979857509
0.37027589518819953
0.3702832300640982
0.3702682483049533
0.37025352961123154
0.37025500333834277
0.370262917091215
0.3702595180275235
0.37025160876113167
0.37025139394608986
0.3702275634623095
0.37024117121566996
0.3702331636663621
0.37020453266400555
0.370192433826595
0.3701814180291054
0.3701794020530361
0.37017881891312054
0.37016325665637295
0.37014210176272655
0.370121588304489
0.3701534850434598
0.37017402810064803
0.3701673470477643
0.3701356095904217
0.3701161514756391
0.3700960119922234
0.37006442985433513
0.37006402479575873
0.3700583614212875
0.3700229842069111
0.3700140228309492
0.3700110111460875
0.36999269724172373
0.36996184561258166
0.3699559204028811
0.3699414521088773
0.36992170880234615
0.36990878370602825
0.3698952608891086
0.36991218061362546
0.369926684960084
0.36991443950678116
0.3698737996566477
0.3698650377084301
0.36984935879002107
0.3698419775069807
0.36982742221196774
0.3698044257540238
0.36980137602459234
0.3698003920267221
0.369802216496891
0.3697807952913022
0.36977786094900883
0.3697630149781883
0.36976570924127444
0.36975142452576326
0.3697497772871943
0.36975167007803267
0.3697444486084395
0.3697504255158037
0.36976384260250605
0.3697489022142504
0.3697254807759026
0.36971533508155335
0.3697258934650426
0.3697209075993981
0.36971000243753643
0.3696934591147505
0.36966997861426537
0.3696603515880126
0.36963156618659404
0.3696176148206025
0.36959369408876364
0.369595642657727
0.36961273331820066
0.36958997481847267
0.3695657133570314
0.3695374990126262
0.36952149246349203
0.3695084286853718
0.3695122661070155
0.36950774539133435
0.36949702131087864
0.3694962977146034
0.36948385207457357
0.3694684558433576
0.36945575141419146
0.36945713485902903
0.36945497246651926
0.36944421602842936
0.36943264360679695
0.36942659170196684
0.36943174419313013
0.3694357620917122
0.3694253968841713
0.3694183303005062
0.36943568645760383
0.3694288469597617
0.3694047404110617
0.369398928557818
0.369382762360556
0.3693812290751647
0.3694108893620481
0.3694047391957587
0.3693822484494653
0.36937580363822664
0.3693646967635074
0.369366109173054
0.36936261151035876
0.36936517659662654
0.36936051106317813
0.36935002671577855
0.36934880945341386
0.3693462648794822
0.3693376172722094
0.3693282531445273
0.3693310749950841
0.36931636484223973
0.36928550280786654
0.36927197785126453
0.3692465993175167
0.36923592928655385
0.3692545691007739
0.36924920633392977
0.3692281771256751
0.3692214178925393
0.3692087901244899
0.3691997294398704
0.3691897142960649
0.369177194637427
0.36918071564195803
0.36917977484611403
0.36917739707192454
0.3691623388043684
0.3691517213402953
0.36915812746551224
0.36914644397561375
0.36914974772527087
0.3691243087409712
0.3691061637354103
0.36910260354835656
0.36911021843041303
0.3690986947701383
0.3690764065860206
0.36906684033598164
0.3690538689420626
0.36902028484802574
0.36899813746984583
0.36897276871116275
0.36896426239589303
0.3689625379388541
0.36894990431079605
0.36894077449173
0.3689201157544814
0.3689292176653895
0.36892283452621527
0.36892318781708544
0.36892745927745796
0.36893265313411866
0.36893420955100925
0.36891908889129316
0.3689200531960347
0.3689156380837442
0.36892645468147583
0.3689215482166867
0.36890753277883576
0.36890055306744557
0.36888820768907604
0.3688884212255999
0.3688736645240689
0.3688797493137308
0.3688674514708877
0.3688518271710299
0.3688560136433541
0.36885137150114156
0.36886499551458396
0.368859695309658
0.3688524416045227
0.36885067210488615
0.3688547967135826
0.36886329442782906
0.368871405911335
0.368881908897949
0.36887752625948833
0.3688663609822017
0.3688467112775966
0.3688434788836241
0.36884440187201323
0.3688357545999837
0.3688278539225757
0.3688364992126675
0.36885019138763864
0.3688434511329273
0.36884888035113517
0.3688499039844444
0.36884682949925746
0.3688384097977135
0.3688378575124843
0.3688309287850349
0.3688364649920887
0.3688336318809537
0.3688361757694973
0.36883097296656003
0.36882418931853655
0.3688067754085363
0.3688011959316988
0.3688009176379481
0.36880427211197675
0.36879819547524134
0.36879167238201344
0.36878838469063097
0.368795053487575
0.36878316183681376
0.3687819399960014
0.36877987753486663
0.368783787916517
0.3687711177357453
0.3687652476424909
0.36875366387555325
0.3687575652444053
0.3687344930353437
0.36870750173950595
0.3686933359302323
0.36867832512511156
0.3686883705496444
0.3687230881111423
0.36874814043883963
0.3687511758169329
0.3687689289604572
0.3687859138916007
0.36877518815597454
0.3687711023683004
0.3687725557244973
0.3687638019610187
0.36877231346594225
0.36877460025511266
0.3687755751858757
0.3687750730170437
0.3687806424851517
0.36878547997198674
0.36879342460979925
0.36880932916628867
0.36880995851891135
0.36880403590800176
0.36881215237844744
0.3688076637684237
0.36882030649030967
0.3688384951750865
0.36883892981995026
0.3688474521747918
0.36885479644466895
0.3688595423213724
0.36886081925713665
0.3688644270967611
0.3688820427493722
0.3688858290003499
0.36888205858881395
0.36888685334647325
0.368897822985269
0.3688947922428223
0.3689024143911416
0.36891287844830334
0.36890292591475876
0.3689074528718372
0.3689111052908822
0.3689186553342373
0.3689262421527884
0.36892885905773426
0.3689277050143696
0.36891732872713734
0.36890961260604016
0.3689205842259727
0.36892571006310504
0.3689218424806727
0.3689216115716308
0.36892281667824806
0.3689300304763345
0.36893608091113106
0.36894387570473236
0.36893978142576667
0.3689371379286603
0.3689271291029911
0.3689301904244669
0.36892926285776084
0.36892947316423097
0.36894013640229834
0.3689331982345811
0.36893010623540134
0.3689378707908951
0.36894343366995025
0.3689376601022681
0.36893178595347187
0.36893567695519114
0.3689416607864788
0.3689415986922722
0.3689389140600842
0.3689442185959551
0.3689498921270399
0.36895464441835407
0.36896538578303345
0.3689548965080247
0.36894520750965504
0.3689516691668611
0.36894313179606486
0.36893766968445246
0.36893179141039767
0.36892748424297356
0.3689338319133882
0.36892770861926055
0.36890678112792386
0.3689022586735804
0.36889622192299687
0.3688968220036466
0.3688863023463575
0.3688813837203977
0.36887876046942897
0.368877040603888
0.3688794689074465
0.3688857247974769
0.3688863875113252
0.3688800565415725
0.36887364497244646
0.36887004871823365
0.368847942846093
0.3688451430780008
0.3688465724850984
0.3688493352701016
0.3688476264977496
0.36885591053825567
0.36884507222155116
0.3688426021053559
0.3688536769856337
0.3688587495433819
0.36885428269296966
0.3688510345321608
0.3688485885557008
0.36883547127509736
0.3688265136066587
0.3688354753579835
0.36883786330826424
0.36884242539524875
0.3688283102744882
0.3688236256174641
0.3688313935849747
0.3688348759864194
0.3688310891317079
0.36883034644846135
0.36882578523991283
0.3688221513956004
0.36881662276257776
0.36880209285061444
0.36879576599897035
0.368788538441184
0.3687804746980018
0.3687698848777011
0.36876215602642515
0.3687610172695329
0.3687633796487057
0.3687603535118057
0.3687477618782804
0.36874782751433677
0.3687306285604234
0.3687315671600692
0.3687371482668232
0.36872976825530834
0.36871885095388135
0.36871288771219807
0.368704037736784
0.368698527256879
0.36868903620934346
0.36868198836610055
0.3686785209598608
0.3686837180622484
0.3686872430271082
0.36869914383288177
0.36869235118023325
0.36867752598520337
0.36866956940385126
0.3686657684129959
0.3686645673892045
0.368663746333508
0.36866848494613935
0.3686643883983587
0.3686579787338104
0.3686526964499384
0.36865399636740376
0.3686497359759755
0.3686588184274711
0.36866035123238566
0.36866304585912313
0.3686611493637398
0.36865257291493386
0.3686574775039817
0.3686693976130665
0.3686669148509228
0.3686629712640595
0.3686606337359223
0.3686604339374028
0.3686544508547406
0.3686395049552303
0.36864316188948293
0.3686410437783269
0.3686359522576673
0.3686316885813807
0.36861644295122864
0.3686078844947237
0.3686056903567785
0.3686030959332231
0.36860554598151946
0.3686034477782225
0.36859837130909395
0.3686001223321364
0.3686073602027975
0.3686023038016089
0.3686011066641303
0.36859437262499073
0.36858876674400665
0.368591708456665
0.3685895446037481
0.36857803639532716
0.36857839821724364
0.36857810570060223
0.3685788273463988
0.36857287643977665
0.36857553190028075
0.36857715910111766
0.36857509968159435
0.3685645597007368
0.36855633900858015
0.36855479852368783
0.3685473536911298
0.3685396409150045
0.36854403618049936
0.3685465889005657
0.36854026950980107
0.3685416864035684
0.3685386156077811
0.36854207334742717
0.36853855758800075
0.36853685293741456
0.36853874288255256
0.3685413093285834
0.36853783858877603
0.36854126627865935
0.368536650718637
0.3685370339746138
0.36852461486204935
0.36852195827387335
0.36852093133589076
0.368521203832341
0.3685219534585313
0.36851794478896394
0.36851880434081025
0.3685141770120108
0.368510348175157
0.36850286961377265
0.3685063729657522
0.36851008405500185
0.3685147560713015
0.3685141384772879
0.36852162877769234
0.3685218633441638
0.3685188896665908
0.3685235908541465
0.36852183424261364
0.36852036678406763
0.3685270715700738
0.3685310538575113
0.3685251453036903
0.36852906908169664
0.36852181746865836
0.3685249909864896
0.36851581994025756
0.3685163347270763
0.3685098068169598
0.36850879301433315
0.3685082048169058
0.36850564510119277
0.3685053627751123
0.3685078780367725
0.36851270525714974
0.36851782139045564
0.3685213160016834
0.3685204050336469
0.36851366279227005
0.3685057257166701
0.3685097551850112
0.3684999303221005
0.36849936037340864
0.36849216327346196
0.36849042209209765
0.3684932257314675
0.36848587124797677
0.36848676074509185
0.3684828130176698
0.3684842732112773
0.36848145761521467
0.36847986566096613
0.3684789651977252
0.36847899793117617
0.3684752647133412
0.36846650699200956
0.3684638598540665
0.3684638867539432
0.3684692165537706
0.3684702047481523
0.36845967063489804
0.36846371402078254
0.368474052361492
0.36847870120138176
0.368475657847077
0.36847475210884295
0.36847799425507893
0.3684791008627127
0.36848063605378956
0.3684759666743637
0.36847642571840666
0.36848145734000914
0.3684789317980372
0.3684684961959923
0.36845881059350544
0.36845116216057894
0.3684507620998482
0.36844997124526446
0.3684524694133985
0.3684474348755854
0.3684421962543088
0.3684442135700646
0.3684495094676897
0.3684460630984363
0.3684384838380546
0.36843715412305766
0.3684354529508573
0.36843496522655855
0.3684278618895354
0.36841677898221004
0.3684120162558503
0.3684064980494763
0.36840324324417895
0.3684068327094284
0.3684030447661004
0.3683974349737063
0.36840180651076254
0.3683968965600538
0.36839035908621365
0.3683844639660842
0.36837894477403554
0.3683843153919274
0.36837164140787365
0.3683650863990442
0.36836685362263333
0.36836390065378904
0.36836206522524706
0.36835659344476135
0.3683547548896431
0.3683546286078095
0.36835428043317525
0.3683546566306821
0.3683478319458253
0.36834919333774885
0.36835369919889555
0.36834621819356694
0.36834714869278623
0.36834993741200095
0.36834954370737427
0.3683471820480568
0.3683420062103852
0.36833931401115566
0.3683388106573676
0.36833094098520863
0.3683266831025392
0.36832317401489656
0.36831918522971274
0.3683193711515535
0.3683077371478984
0.3683028854161634
0.36829607036625317
0.3682911833796807
0.3682932224907139
0.3682957421950003
0.3683010249200299
0.36829916524120215
0.36829510278810307
0.3682964023952707
0.3683037619742753
0.3683033558641976
0.3683063377936241
0.3682920728626566
0.3682934091338613
0.3682977464263257
0.36829805438390445
0.368297969259984
0.3683014242399279
0.368302724576811
0.3683005288743664
0.3683029392248247
0.36830162566716357
0.3683008647712442
0.3683010972371081
0.368298136887907
0.3682948175289355
0.36829341285887013
0.3682940153061512
0.3682946106611066
0.36829414464468485
0.36829290925122227
0.36828359038841035
0.36827611071982747
0.36828389925205457
0.36828749322567444
0.3682841349098986
0.3682858598928439
0.36828466652104364
0.3682772811335074
0.3682698958326613
0.3682691446023917
0.3682696493904356
0.3682717785776935
0.368266544952206
0.3682646194815823
0.36826804751574094
0.36827035157381294
0.368271623548448
0.36826855325884683
0.3682648777947781
0.3682701009481814
0.3682706229815377
0.3682702972252697
0.36826572116528594
0.36826612914669543
0.3682602426004353
0.368261378193515
0.368252825345798
0.3682516609672518
0.3682459992057899
0.3682464386737021
0.3682458753453021
0.3682482256633805
0.36824974167042634
0.3682482128731812
0.3682432506505654
0.368240713993683
0.3682433713706524
0.36824826035806146
0.3682434817920889
0.36824471809040127
0.36824583998407145
0.3682454315623148
0.36823979630752085
0.3682405947337206
0.36823492603522706
0.3682307036171769
0.36822557286068947
0.3682246547006554
0.3682291543658271
0.36823288276039384
0.3682343488492201
0.3682428986551901
0.368239579547634
0.368234167168546
0.3682268758774955
0.36821986478580937
0.36821831719517495
0.3682219067738731
0.36822717841254304
0.36822389024665836
0.36823374980716855
0.36823699969518336
0.3682336246092674
0.3682327292984829
0.3682275100991071
0.3682214159887286
0.36822123630879133
0.36822293140982504
0.36822914116042915
0.36822528112338015
0.3682189950719555
0.3682162124799076
0.3682129268999326
0.36821087492153404
0.3682120663118585
0.36821144626312174
0.3682032996313481
0.3681980566112363
0.3681975815758556
0.36820419714161684
0.3682030883826547
0.3682067491320763
0.3682028429734122
0.3682051917357323
0.3682014896512573
0.3681966271735877
0.36818692843295525
0.3681819000098349
0.3681777303524422
0.3681759799475353
0.3681686669480028
0.368167258466097
0.36817120802858955
0.36817441866991796
0.3681694442191547
0.36817365572410193
0.36817870947762305
0.3681776229525134
0.3681722030397538
0.3681673347242105
0.36816578525655896
0.3681684479535849
0.3681721288437732
0.3681749993713159
0.3681786141540486
0.3681727754464852
0.36816514473810025
0.36816785116016015
0.368166457537773
0.3681694956242508
0.36817793496895507
0.3681781381834863
0.36818298750069933
0.3681827228284541
0.36817958021492325
0.36817699872335014
0.36817776313571016
0.36817566037968086
0.3681726133316576
0.36817266652279357
0.36817554149505893
0.3681781491571879
0.3681829660755927
0.3681790121031721
0.36817899915541674
0.3681783303730066
0.3681740655944489
0.3681772610766216
0.36817474007983103
0.3681755801778393
0.3681731886056315
0.3681717703566425
0.36817127665769694
0.3681670012741655
0.3681681103115935
0.36816812019454975
0.3681671348519898
0.3681743680139945
0.3681804733269913
0.36817903496768856
0.3681799003889568
0.36818021746282
0.36817942990762953
0.3681782159586606
0.3681744160648385
0.3681689450663154
0.36816206927487594
0.3681621458471227
0.3681563392484227
0.36816336078606465
0.36816831114359483
0.368172581601178
0.3681672102618484
