0.3417655537978223
0.3645704208504973
0.3701448479145342
0.37231081606192723
0.37328980929048233
0.3747084515691914
0.3756765070397469
0.37574342335877925
0.376214613684787
0.3767744592860497
0.3771402422961122
0.3775261927010432
0.3775156767121006
0.3772270835461276
0.37719432755955706
0.3772136790358477
0.3771319687253804
0.3767073618880966
0.37625487056964535
0.3757133536192169
0.3740220621917582
0.37031757339956034
0.3671392559343321
0.364465335016437
0.3620931451378497
0.3599132138258903
0.3578928868972025
0.3560813991439459
0.3544101870170663
0.3526223487062011
0.35080380916853293
0.3489816323673167
0.3473531865563402
0.34575087572737173
0.3442572375795755
0.3429410991437804
0.3416996268712849
0.3405264231786915
0.3395018077781526
0.3386768066756425
0.33803289243929446
0.33729640290595425
0.3365564496748816
0.33584845702917643
0.3352052983710878
0.33460113907888145
0.33400933748459716
0.33347518611825927
0.3329240554377868
0.33239928867353075
0.3318197483969632
0.33127197870989517
0.3306991910628815
0.33020048167392874
0.3297179457564252
0.3293188294991282
0.32885861907709785
0.3284500866996617
0.328025650017257
0.3276659303781341
0.32737164012531794
0.32699952939025856
0.32667917939415647
0.3263430451144995
0.3259884947517197
0.3256371602876231
0.32537529091372325
0.32509205338755826
0.3247479036901726
0.32435663826255795
0.32400292076703635
0.3236771491095252
0.3234450201571743
0.32317636585793946
0.3229316591884161
0.32275027140612605
0.32254896046607984
0.322330501773866
0.32211788931520546
0.32194199777854726
0.32174076799688006
0.32155819626307464
0.3213994117913392
0.32127478641405344
0.32111219719700634
0.32097426702169346
0.32084657396863275
0.32073495158742954
0.32061901939435417
0.3205196205345325
0.32043351358958133
0.3203306632310709
0.32017348578699895
0.32003718851242724
0.3199095036872182
0.31978561051795223
0.31968138059294054
0.31960903743832614
0.31954152731350977
0.3194197209575466
