0.29441375076734194
0.3061203532552886
0.29384634356887407
0.29576174112256587
0.30389334430050036
0.3045319423411296
0.30553419716170677
0.3069480439343453
0.3040618534248067
0.3005456494202475
0.3017749566546181
0.2975985403418391
0.297338862968723
0.29674735422523946
0.2973142650407542
0.2985386927870354
0.2982120481026389
0.2989860515967483
0.29954294483644434
0.3002911899222966
0.29985548480332386
0.3000516729104767
0.3025442675115555
0.3021484195458903
0.30105682147400775
0.30163017826671024
0.30164436525404975
0.30165639834360164
0.30048728194133123
0.29973323290336756
0.298559127381639
0.29742331168131364
0.29702399604972035
0.29617131433730387
0.29640572864950937
0.2963322292639248
0.2972055230026465
0.29561596260359313
0.2953987607115087
0.2959769980232676
0.2961129018738236
0.2960541091255234
0.2956335461008358
0.2953479627382954
0.295497576098038
0.29595737609289896
0.2962726240965295
0.29666036424120745
0.29714029360670446
0.2965228288723042
0.29609910223737845
0.2956013399732724
0.2946328530530425
0.29418571782935005
0.29384502998488016
0.2935088333917221
0.2929119621563454
0.2922977419233639
0.2923470975842658
0.2918849104461354
0.29186089813241917
0.29111151257847434
0.2904675841567535
0.29012145867051603
0.28982195235155916
0.28907123908608157
0.28877193470986545
0.2884106278205286
0.28757056801337244
0.2870095786206253
0.2862508700734145
0.28572661858082005
0.2857668288571319
0.285702228436819
0.28508134173471034
0.2847050022687416
0.28421706627291027
0.2836855708078962
0.28337599125610874
0.2831215618679369
0.28292252778640414
0.28282039921384183
0.28252808547411423
0.28182990881503905
0.28160956064706766
0.28121135332402025
0.28094009683554017
0.280480337484877
0.2798318389950793
0.27906024021600817
0.27870094704139087
0.2785785360358081
0.2785004787977672
0.27822438760319396
0.27837022231366904
0.2784128184494666
0.27804195491078426
0.2778319072897575
0.2778266577680018
0.27776816206508287
0.2776967039176486
0.2774849560159212
0.2776190949356988
0.2774858431067336
0.27755656562971626
0.2778620304304199
0.27798063575690657
0.2780057362858841
0.27815638787196095
0.2780554706111039
0.27789122032455926
0.2778642485315339
0.2778287571052059
0.2780158621799075
0.2778754151150102
0.2781669795659542
0.27823650032736214
0.27814842579689325
0.2779870240825985
0.2782049448810246
0.2781292657804281
0.27783190513688694
0.27757322745684077
0.27724449842226634
0.2771767970582685
0.2771443939893452
0.2774233215698482
0.2773192501351209
0.2770862618283355
0.27714649918030476
0.2772325968730673
0.2772336655370388
0.27710581843814464
0.2773092510143077
0.27713989234771524
0.2771803088917535
0.2769524001187717
0.2769623805936189
0.276639086627001
0.2764953727276503
0.27618374780342997
0.27608300009337
0.27605401303216914
0.27580157490070095
0.27562158408222087
0.27545840217379625
0.275336579740611
0.2752068576524708
0.2750400898177023
0.27485280735593204
0.2764900958929661
0.2796233878065471
0.28292943472950605
0.2861367390837813
0.28924249948643693
0.29216945182595877
0.2951458910488522
0.2983408951731397
0.30127051339628547
0.30408559521946527
0.30694667642016055
0.3099210233571656
0.31261835814753497
0.31553908236407263
0.3182014203848265
0.3209077925439307
0.32362520105352977
0.3262047876891148
0.3289818731836147
0.33153678461233566
0.33407135071822486
0.3367494550558062
0.3391290987084591
0.34173199113967445
0.34427542259876825
0.3465981430846851
0.349000574492866
0.35142684995633067
0.3538094029446145
0.3562181597152468
0.3584317301272627
0.3607717374876672
0.3630429018491215
0.36529707285856095
0.36747104488981774
0.36959685231432327
0.37189705807010326
0.37399768871266553
0.37596061868110847
0.37825175382523396
0.3802535115097915
0.3823440032577956
0.38425700419042497
0.38639318592007443
0.3882353220845041
0.3903034975774117
0.3922886871567534
0.39420916189468397
0.39611807584023206
0.39805453963927634
0.398634460725756
0.3978188070903303
0.3972272076161597
0.3964458562255457
0.3956364118727945
0.39502909370738887
0.394350322968775
0.39362698126185713
0.3929164837017028
0.3922917779455238
0.39172791829406345
0.3911397958544133
0.390312032600291
0.38963727278109156
0.3890790300072291
0.38844613819829793
0.3877531579329583
0.38696080474090705
0.3865147391426423
0.3858141654693335
0.38507883378842594
0.3844024668779463
0.38390232209488734
0.38340940660092504
0.3829265077265967
0.38240892268528204
0.38202983888201514
0.38141422025994726
0.3807084579692077
0.3802494361222946
0.3798190035565293
0.3792480546133265
0.3787632986305875
0.37823898573859954
0.37771019946121415
0.37717324339961533
0.37676376648905574
0.37636795130871764
0.3757526963894355
0.3752517934039601
0.3746974557794981
0.37419482519921976
0.37383832582640003
0.3733918552728917
0.37293400695732637
0.3725509538209653
0.3720865826577263
0.3715599659551194
0.3711863693840573
0.3706047125339545
0.370095264129659
0.36962888411245115
0.3689796358347254
0.3684086816287158
0.36799241272374184
0.3674838078457453
0.3671272331347847
0.3668079562391138
0.366391212008794
0.3659323411100272
0.3656106554151376
0.3651329906986087
0.3646924865591037
0.36434093831470316
0.3638576593517426
0.36350892558484516
0.3630263276968558
0.3626315516948271
0.3621920219620364
0.36182137379061924
0.3615101175852736
0.3610946205957533
0.36059402638435556
0.3602226973972404
0.35976076605762397
0.3592592707929705
0.3588871908464839
0.3585953128660892
0.35823655922969
0.3579564588266246
0.3573863965909502
0.35694893796442767
0.3564214277836035
0.35602160665801835
0.35566254205554854
0.35516093840541
0.35479132995899826
0.3545189085738228
0.3541690293355374
0.3539660799782054
0.3536558205830605
0.3534618315487533
0.35318132169652233
0.35277287036774607
0.35246238810061087
0.35213721730626274
0.3518280562075978
0.3514902117955553
0.3511436861156784
0.35096190543792133
0.3508034790597147
0.3506117656436339
0.35045879969566135
0.35014633908639337
0.34981548770036053
0.3495787784625842
0.3493163684543322
0.34908472035599164
0.3488037345654043
0.34857632946765543
0.3483136701527506
0.3480129302712963
0.3476278370855481
0.3473975395133477
0.3471834001024806
0.3470469889766886
0.3469038446747881
0.3468126486678487
0.3464812251062023
0.3461756942214198
0.3460241644962461
0.34574409049216903
0.3454669926743812
0.34523218277815404
0.34500299597087025
0.3447451106245166
0.3445338210825049
0.3442135451509737
0.3439682901501912
0.3437522035835295
0.343500873176376
0.34333815782501875
0.34316752255095223
0.34308975542416154
0.3428523391934083
0.3426146827332255
0.3424252331356156
0.34215326684325525
0.3418720714175818
0.3416000639023456
0.3413607850697018
0.34103609493566367
0.34077259243063485
0.3404318520492248
0.3402149244865956
0.3399513522626014
0.33967284528723424
0.33933040144519205
0.3390589835352627
0.33877174558078305
0.3385896330059851
0.338332890568764
0.338143435789967
0.337877285990649
0.3375542150135489
0.3373017049537893
0.3369934671034034
0.3368230717042485
0.3366251705364581
0.3363291815297463
0.33609382066321797
0.33580579345333755
0.3355943111491689
0.3354263225614948
0.3353515126394238
0.3352490145096172
0.3350300784748786
0.33473488951902064
0.33446703813589984
0.33421953724567827
0.3339533979339972
0.33380190315853575
0.3336218612364848
0.33334105665669567
0.33314687297020945
0.3329733704559251
0.33268377582634473
0.33238233147892277
0.3322234444308942
0.332055206535587
0.33179922385200616
0.33158596183732986
0.33136140012222665
0.3311548609701644
0.33099385347779353
0.3308105354731704
0.3306626170203526
0.3305065073204653
0.3303025182872495
0.33009481569462784
0.32990745262630444
0.32969818205610824
0.3294872713138243
0.32933262898397603
0.32913515783284436
0.3289465487106742
0.3288560642877152
0.3287192271721418
0.32856489454424015
0.3282472215317199
0.32810185047545193
0.32782751423485235
0.32762574462803723
0.3274085321333201
0.32716910570570346
0.3269649050081661
0.3267552344810553
0.3266378857718352
0.32651526717814716
0.326242667748501
0.32598042524468446
0.3258350088866826
0.32562461325707076
0.32545196314073493
0.325293222299852
0.3250906687455513
0.32487843223618457
0.32467352188935583
0.3244840052018839
0.32426868413939025
0.32404805614194493
0.3238703144245336
0.32366530207474153
0.32348562197129455
0.3232953242009778
0.3231044126227877
0.32294433054394955
0.32279238468035837
0.3225932080286386
0.3223423477663171
0.32218596771990643
0.3220116188564209
0.32178810714008627
0.32162129917829346
0.32145355662824404
0.32136292658168436
0.3212408587824306
0.3210846267880456
0.3208931656821465
0.320721306338938
0.32060581495600315
0.3204582343574928
0.32030186978891717
0.32024017096547014
0.3200837372374304
0.31995732945019933
0.3198075589897908
0.3197317273322327
0.3196180524272117
0.31948400659055026
0.3194183928427944
0.3192221402870001
0.3190979879440198
0.3189341595522641
0.3187190594755091
0.3185303914911276
0.3184759147535054
0.3183241306530146
0.31818306776717536
0.31806209253760476
0.3179511887590505
0.31778794679617534
0.31761984721833914
0.31746850475465743
0.317404025309597
0.31731373823140796
0.3171583692417337
0.3170371847603702
0.316988512177692
0.3169650497230323
0.3169698637925401
0.316853589039713
0.31678672531908125
0.3167077716797721
0.316616540953536
0.31652234759030873
0.3163791157207717
0.3163314753873099
0.3161780289719299
0.31602469455238213
0.3158746488257446
0.3157563447059595
0.31567443079661833
0.3155938825743673
0.31544670959250554
0.31533383248089925
0.3151928223380117
0.3150982286081703
0.31492151270438773
0.3148242792594565
0.3147221641061018
0.3146321261586288
0.3144494690952688
0.31423095729195355
0.31413560131147866
0.31395560879465073
0.31381749272693304
0.31370662959845036
0.3135884829072907
0.31350424882511796
