0.3347985150245521
0.35564207696961236
0.3608719365033297
0.36297243129106915
0.3633570779850682
0.36395231790190175
0.36459055489408393
0.3647671730087826
0.36526544045739895
0.36577969347159994
0.36618033550903983
0.36652332349263006
0.3665915806408196
0.3664181065347289
0.3664865070941787
0.36654588785208675
0.3664993939817017
0.3661710765046818
0.3658447360999964
0.3653164759569152
0.36478996220528737
0.36414934559111023
0.3637047137639048
0.3634213668411074
0.36318132484890153
0.36296761326781346
0.3628376430502148
0.36283554900418763
0.36287334049962366
0.3627723919405719
0.36249895597708226
0.36219982850997673
0.36201882998346047
0.3618551579794408
0.3616799866108652
0.361501189433603
0.3614039723647537
0.3613129614413408
0.3612211695678342
0.36118708928215276
0.36136660282958266
0.3614969399902143
0.3615354060236977
0.36148640862500514
0.3614261221104172
0.3613688449108012
0.36126942057699785
0.361136906545933
0.36109027726878407
0.3610896910559536
0.36106351563674105
0.3610850366214091
0.36104469935511174
0.361032498350465
0.3610163354781861
0.3610841327574709
0.36113860494656597
0.36122958406177835
0.36130304759459947
0.361427439537441
0.36157458955473076
0.3616125881033343
0.3617064860836714
0.3617896665494735
0.3618170061097407
0.361830144998045
0.3619623193991763
0.36201272965563025
0.36204024615811053
0.36203830315495544
0.3619967108328635
0.36196116024782304
0.36194089811026403
0.36184477446679053
0.3617720943808089
0.3617245595200192
0.36163919576208736
0.3615493530124024
0.36145447313621726
0.36141648769562357
0.36135797174073714
0.36134072961426417
0.36134392465978565
0.36136590833221427
0.36135982423386037
0.3613489708781469
0.36134457844112966
0.36131775817196427
0.3612691325527699
0.3612546379683141
0.36130155371560874
0.3613173017143577
0.36129136407632556
0.3612672308495921
0.361246355519902
0.3612510764966341
0.36125945528211856
0.3613051010129347
0.3613661576916096
0.36136645887447577
