2283
906
723
706
747
753
664
645
654
778
728
747
654
611
935
693
652
673
802
801
708
615
1024
598
711
660
676
679
698
961
654
645
627
663
816
617
690
647
645
921
658
641
654
645
814
618
643
607
615
819
658
643
708
697
900
618
654
616
607
854
634
632
624
623
831
602
643
676
616
870
716
661
602
580
854
586
582
585
607
799
605
668
681
695
927
655
638
638
652
882
620
609
600
643
850
565
633
616
574
800
682
638
632
582
906
634
605
642
647
851
618
625
606
579
842
604
603
598
630
908
686
628
614
729
850
605
591
594
565
877
626
650
583
599
839
644
568
626
621
952
649
599
608
624
880
583
593
558
597
855
608
564
631
612
919
601
574
596
612
899
611
601
626
651
802
558
587
620
609
897
632
594
634
579
901
762
604
625
579
913
569
574
623
619
918
675
593
576
649
860
568
590
620
574
882
585
600
610
607
921
566
628
613
606
909
598
609
609
615
956
720
620
598
590
951
601
554
592
590
922
583
596
576
551
885
590
561
724
578
850
585
603
585
590
953
588
587
621
634
932
683
598
581
587
967
611
626
706
653
956
599
582
600
563
865
557
587
595
596
913
565
605
674
552
879
585
617
595
587
879
559
593
574
557
855
552
654
613
614
1041
566
582
586
571
881
610
577
595
732
919
602
631
586
592
937
611
588
568
612
942
595
589
596
681
891
601
555
554
550
899
591
603
621
699
936
569
592
588
563
878
585
598
604
610
947
589
590
558
605
1010
606
630
592
593
886
589
633
762
631
925
571
564
598
680
955
562
537
575
556
876
548
608
575
565
893
579
593
637
622
927
668
574
619
599
955
576
555
617
565
909
590
584
552
579
921
616
594
552
613
925
704
691
583
568
918
571
570
602
583
955
562
549
587
578
911
563
574
615
559
923
663
632
709
597
965
599
597
593
582
888
570
583
588
563
940
590
627
600
589
885
600
555
648
555
914
579
598
611
620
1067
568
606
613
601
952
551
541
596
558
893
691
574
549
595
893
567
602
616
646
901
545
615
586
574
888
579
594
590
565
1540
609
594
605
614
934
591
570
593
595
916
610
590
593
590
944
685
599
610
603
1069
612
659
571
576
969
621
598
624
635
913
590
627
578
558
997
555
564
596
581
946
588
585
575
600
910
607
560
579
560
908
559
571
606
593
983
498
537
537
600
917
598
557
592
559
912
592
753
597
607
915
576
577
566
581
969
637
615
610
636
953
603
605
591
611
953
552
582
597
596
940
570
617
593
607
943
594
578
591
676
917
578
608
602
585
907
577
616
560
603
903
560
601
568
589
1072
559
642
639
609
1060
598
593
619
614
935
593
574
593
633
905
621
605
567
596
905
590
607
589
580
915
602
606
607
596
1028
600
598
580
579
930
593
629
640
607
953
561
595
552
577
929
584
573
751
653
966
606
613
682
588
920
581
575
575
580
935
567
615
567
580
918
567
592
614
592
893
640
610
597
631
950
612
585
585
732
882
589
602
588
582
923
598
580
580
596
866
586
570
577
593
1064
612
584
586
605
935
545
537
582
500
985
605
513
547
535
844
507
539
535
491
870
534
527
511
503
914
512
550
579
597
910
568
620
556
597
913
582
592
697
607
947
585
612
597
565
908
570
620
730
590
963
589
588
568
601
923
581
594
607
567
920
610
557
588
598
1066
569
595
583
602
924
577
619
607
598
944
573
579
572
566
935
615
621
582
654
930
579
581
582
578
931
587
635
576
585
1223
637
575
641
611
930
574
559
576
562
934
672
656
623
596
953
590
597
602
613
889
627
581
605
594
951
576
614
561
601
1084
646
586
612
625
945
598
598
605
624
909
572
587
634
609
940
608
748
618
620
998
588
608
617
579
900
627
575
591
571
958
628
759
614
565
901
624
607
598
620
1005
559
600
599
576
911
590
570
595
616
914
596
581
568
602
934
576
572
575
609
970
655
642
579
732
1121
655
586
588
568
969
581
582
633
556
942
579
581
621
579
1045
585
584
578
610
1016
596
563
580
582
970
579
580
592
557
933
596
609
595
744
942
572
592
612
610
928
578
601
639
643
1022
622
605
633
602
964
645
603
588
573
958
570
615
603
599
1025
575
576
634
599
995
540
604
801
562
921
608
579
582
575
949
568
558
564
585
922
591
616
578
590
926
580
591
590
591
949
582
705
603
606
987
618
588
571
592
923
612
559
593
608
1199
582
668
618
578
906
577
588
567
562
963
565
620
615
613
995
644
580
613
650
956
614
566
597
587
897
574
598
596
569
935
612
628
584
736
971
607
813
600
628
995
593
624
583
594
1054
571
559
622
632
932
560
548
626
581
944
581
597
577
582
949
568
591
602
590
914
613
602
656
647
937
564
573
597
583
925
559
814
603
580
1035
595
585
622
606
933
550
583
596
584
931
592
574
633
591
939
611
616
595
611
940
611
556
638
589
968
603
607
616
584
953
607
602
598
611
883
577
789
607
608
957
583
603
597
591
902
583
595
721
642
1018
639
586
587
593
1013
638
661
610
612
1037
588
554
577
598
922
580
583
574
579
937
562
586
624
589
942
584
616
601
614
1135
601
612
625
617
929
612
605
583
594
987
575
597
620
576
1092
618
610
671
604
984
577
599
662
602
970
660
576
604
595
996
593
603
563
629
997
574
594
611
595
906
552
596
829
581
921
600
573
566
626
945
613
606
601
560
938
604
584
574
580
962
693
643
604
595
1004
608
570
577
572
948
593
613
636
616
973
638
609
600
568
928
583
561
594
560
947
580
578
576
585
1169
589
592
570
588
908
607
550
552
575
925
599
614
581
569
934
581
568
665
646
966
627
628
616
573
959
592
570
580
604
961
674
626
604
644
940
576
556
589
602
929
579
574
631
603
957
791
587
564
578
930
574
601
571
596
950
571
566
565
573
966
547
563
616
584
1043
605
579
592
582
970
629
590
611
590
945
593
618
620
600
1012
585
625
606
602
951
589
600
574
550
907
598
633
596
580
948
825
608
592
554
930
567
583
614
569
961
594
581
575
561
910
569
712
626
607
945
621
623
580
645
987
601
612
630
630
921
545
580
656
623
936
568
570
557
608
946
583
585
594
601
947
594
614
606
594
935
792
594
553
610
941
639
615
622
593
986
591
588
632
846
1003
604
626
622
602
942
588
569
620
592
1067
573
608
574
598
913
607
616
596
703
962
611
574
613
594
965
586
583
589
574
909
559
597
593
589
900
595
593
583
631
2416
593
596
580
608
932
678
607
601
642
961
585
599
601
621
953
569
609
573
576
960
598
566
569
565
956
563
580
618
607
949
565
578
557
601
978
619
607
574
596
943
603
611
615
641
932
583
600
565
601
986
584
570
702
911
968
597
588
620
611
990
616
696
587
634
998
697
596
608
643
983
579
567
606
648
910
581
612
610
656
965
590
580
565
616
950
574
571
606
566
964
605
601
601
583
938
564
614
578
590
1433
626
608
640
615
1027
596
627
665
622
1285
587
561
594
581
929
635
595
628
613
968
624
589
587
650
979
612
591
577
582
937
580
577
570
605
988
620
622
588
586
1066
624
604
614
587
934
623
653
729
651
1051
618
639
577
574
931
573
624
615
627
920
543
579
612
651
1033
579
869
608
661
1014
590
609
605
581
937
600
600
602
673
962
579
600
567
583
944
600
603
592
585
972
585
589
697
735
1003
639
597
598
588
990
587
599
624
619
990
602
576
563
607
952
605
581
584
627
987
602
604
633
620
970
604
627
633
627
983
612
614
625
609
1270
597
577
579
589
904
687
612
629
623
1039
606
627
598
598
950
616
641
633
611
927
641
625
600
629
975
677
635
588
580
992
564
611
600
578
967
612
602
632
625
964
591
605
580
576
955
614
607
717
674
1027
671
661
628
597
975
635
612
629
606
1293
602
598
597
589
956
599
631
595
585
932
609
595
583
585
936
569
648
619
617
1004
634
608
610
647
1095
571
621
616
703
1001
617
631
627
694
930
632
618
596
605
966
599
583
617
600
958
576
559
613
597
960
617
607
585
590
1016
602
576
631
597
1010
611
595
608
571
970
594
723
674
940
977
600
556
563
609
917
585
598
575
578
946
594
590
611
594
998
593
579
634
619
1007
602
597
594
621
940
601
601
662
605
928
600
566
594
840
1043
658
628
601
579
984
584
558
609
600
922
591
598
612
594
969
594
568
588
615
952
614
604
611
624
1036
594
621
629
635
1262
588
574
572
589
1107
603
634
617
607
968
556
568
563
593
933
586
625
650
617
970
621
617
746
579
955
584
560
629
637
1071
599
609
581
615
977
577
613
576
707
1045
658
640
610
609
976
563
588
613
650
990
621
601
625
591
1034
591
578
605
625
955
607
631
611
609
935
633
634
933
617
958
745
653
631
659
984
586
588
621
594
942
599
592
645
620
971
597
615
598
600
957
585
611
634
658
1007
621
620
621
662
1028
735
643
725
686
1013
689
621
648
666
1010
632
639
597
687
1002
603
634
604
605
936
627
675
610
669
993
622
659
642
617
1094
599
611
655
949
973
651
740
681
638
1011
593
595
597
593
1042
589
566
609
604
919
595
598
618
623
961
814
611
623
625
972
653
656
648
645
1004
677
730
640
639
1181
671
612
637
646
967
625
643
618
642
1017
603
658
610
595
983
612
626
617
592
1081
626
639
625
653
1009
642
665
682
936
982
607
682
638
632
1026
644
637
657
632
985
594
648
654
654
991
568
565
614
609
923
600
597
611
619
995
593
575
681
633
988
627
594
581
618
974
588
724
677
670
1057
683
630
592
648
970
610
599
647
666
986
575
610
625
639
969
609
638
635
657
1038
621
643
987
578
1012
586
605
590
614
977
616
760
644
636
1029
611
622
579
615
965
598
590
606
600
966
603
600
627
601
992
580
587
634
639
1022
585
599
577
576
998
598
635
616
643
1016
652
622
683
790
1090
671
648
664
632
972
626
604
594
621
975
596
638
640
622
1039
902
609
665
629
998
610
634
619
610
944
604
641
625
618
980
596
612
641
631
1147
735
671
625
614
1005
638
623
617
618
960
649
624
606
631
1003
598
610
619
605
928
605
611
576
633
974
642
594
586
619
933
603
600
591
622
968
579
611
615
588
988
810
647
669
661
1460
652
603
625
609
928
612
578
586
600
986
617
612
585
612
957
618
575
607
669
994
588
581
621
607
982
646
606
616
746
985
624
633
630
626
1099
659
667
625
622
1028
653
619
641
649
976
616
600
601
599
981
594
624
570
593
1011
670
697
645
653
967
601
595
608
590
3102
612
643
591
579
963
632
620
620
656
996
649
645
741
639
1055
640
663
651
735
954
593
637
608
650
991
582
588
594
603
958
618
581
641
593
982
683
602
581
629
1020
583
655
606
616
964
616
633
648
669
1023
624
639
610
576
1088
681
687
642
686
1056
653
1024
597
594
946
582
645
624
606
982
634
622
615
640
1131
597
598
587
574
964
583
589
580
605
976
638
616
626
741
971
636
626
644
589
995
622
598
636
626
1001
726
671
631
707
1138
631
614
622
615
1010
622
611
610
624
1011
595
578
643
616
1029
627
648
583
640
1340
624
613
623
643
961
587
587
634
611
972
578
592
613
611
955
606
588
653
658
994
710
646
629
659
1070
679
700
614
634
986
723
631
609
601
959
631
630
593
582
1027
610
621
727
640
1015
635
663
601
621
977
656
621
637
619
948
576
622
630
647
1001
643
629
635
942
980
588
620
757
635
1080
691
663
648
656
959
597
622
600
604
1027
578
582
619
599
958
577
588
596
575
934
591
562
572
594
962
571
585
582
576
949
591
602
567
576
990
594
555
588
614
996
538
590
749
615
987
606
618
646
667
1105
615
606
582
574
951
594
585
567
921
986
601
594
607
612
960
591
581
569
594
974
565
579
587
573
1049
586
575
569
594
939
579
583
564
597
925
599
579
731
635
1022
641
659
618
616
1006
576
575
589
602
964
556
613
560
581
950
567
589
586
556
1023
609
580
631
1413
1050
675
628
659
626
966
617
659
686
637
1365
630
622
623
587
1025
636
598
712
596
974
646
620
625
604
987
613
653
745
632
1010
599
590
625
615
968
578
638
708
611
999
628
598
583
603
1084
646
651
656
674
1021
642
649
608
622
1031
639
617
627
591
954
610
627
652
614
1012
671
618
609
655
1031
624
632
601
943
985
641
615
610
615
989
585
608
625
643
1023
623
615
650
586
1082
654
654
648
625
1082
607
702
668
676
1032
579
638
644
604
948
629
617
621
708
1067
615
589
639
606
999
587
621
581
640
966
601
629
627
667
955
629
690
635
591
1018
613
601
612
741
1094
984
690
654
655
1009
634
625
610
633
933
607
599
614
629
971
567
671
592
634
1011
644
602
644
597
958
611
600
635
616
941
641
619
627
612
984
585
632
578
621
1142
614
655
652
616
1027
657
673
631
626
953
578
587
645
647
994
653
630
602
613
973
589
640
617
612
1338
638
626
604
625
973
607
622
600
646
989
615
637
611
620
1201
644
647
674
677
1035
732
649
650
658
1001
637
691
641
639
970
638
635
606
595
984
616
612
611
640
943
629
751
636
657
1010
631
618
611
613
1010
593
596
741
711
1052
700
671
684
645
1272
580
616
606
641
1000
622
632
606
659
1011
655
650
607
635
990
599
638
610
598
985
650
637
655
626
1013
630
596
609
630
1028
655
669
644
676
1069
614
617
634
641
1061
593
623
594
625
1027
627
647
648
643
1020
638
636
601
638
1019
596
593
602
658
988
642
591
647
969
1101
680
679
653
652
1021
628
666
634
604
962
607
635
622
640
993
606
613
611
643
1034
630
657
684
598
990
605
614
624
594
995
645
611
588
718
1070
682
694
685
662
1089
642
625
643
644
971
615
657
633
618
987
606
616
591
601
1034
605
645
604
619
1389
594
615
626
613
974
693
678
678
630
1132
670
629
698
660
981
666
642
638
663
987
594
590
601
639
949
610
656
619
631
1001
617
622
631
587
970
626
612
715
700
1042
683
659
639
618
1054
608
659
622
633
1017
677
608
604
621
972
637
609
619
620
985
3624
630
575
665
1048
665
597
696
696
1101
684
650
615
614
971
619
620
620
613
975
626
613
618
633
984
746
682
615
598
985
612
592
594
613
1009
722
649
685
683
1088
647
632
678
694
1057
592
654
627
606
962
626
638
610
623
1032
596
579
608
593
984
615
641
613
1095
1186
631
630
657
593
1035
659
627
628
621
977
693
611
613
614
1041
635
591
635
599
1002
610
624
623
618
980
639
626
634
627
943
752
659
687
633
1107
625
634
635
615
1038
634
633
659
586
987
662
659
647
588
1007
599
595
643
606
1031
606
637
607
627
983
648
939
734
635
1068
662
691
680
654
1012
637
630
668
608
1046
624
605
642
659
1034
624
689
637
695
1016
663
655
632
602
1049
640
619
612
626
1150
693
655
720
727
1073
616
680
627
654
1011
627
617
602
602
1008
645
610
590
658
1012
663
643
634
599
988
613
645
641
972
1007
779
653
705
618
1073
603
618
648
627
1005
628
652
642
638
999
638
621
603
615
1002
578
634
603
608
987
606
625
655
640
972
588
600
733
706
1093
674
735
680
661
997
628
640
636
582
983
622
643
624
627
999
631
602
620
653
990
612
602
613
604
1347
593
657
720
668
1144
702
685
657
633
1037
632
602
630
620
1017
637
584
626
645
1005
630
614
623
638
1031
631
750
678
643
1002
629
743
672
695
1089
699
662
664
636
1013
682
646
627
603
1038
641
652
659
630
994
595
602
615
634
984
601
600
625
640
1126
677
708
960
682
1023
617
655
642
604
1014
626
630
671
655
1025
613
647
634
601
1000
618
602
632
661
986
616
740
667
712
1081
688
620
612
614
1068
629
638
649
643
1108
612
613
609
630
978
634
604
639
652
1026
609
649
663
633
1017
712
656
690
704
1099
671
595
665
619
1359
634
646
609
631
999
612
611
643
624
997
609
633
609
624
983
632
671
630
616
1128
687
667
673
706
1079
667
622
632
650
997
603
665
620
683
1014
645
643
635
683
999
622
599
616
647
1006
618
610
632
766
1117
719
688
706
689
1027
619
618
629
631
1020
663
1000
673
666
1009
640
618
695
669
1018
653
640
628
616
987
644
609
599
642
1126
665
663
707
669
1085
635
677
633
604
1006
620
654
645
599
1002
661
620
632
644
982
614
630
729
633
1005
658
624
646
632
1048
766
716
687
694
1096
647
606
604
630
983
633
613
633
626
1348
632
664
629
661
953
633
634
627
621
1045
614
637
614
626
999
589
588
629
763
1107
663
710
684
647
1088
605
616
649
636
1022
688
630
652
648
1036
629
661
661
611
996
673
647
675
655
998
648
624
606
685
1007
612
773
688
652
1126
682
696
698
600
1027
643
623
946
616
988
655
600
663
639
1052
646
648
623
584
1004
608
662
653
679
1019
633
661
643
601
998
651
745
674
662
1130
700
712
799
693
1025
645
645
614
613
1019
625
622
623
612
1049
629
646
648
663
978
594
649
609
643
1044
638
638
615
607
1043
671
704
714
681
1098
707
1060
643
630
972
628
623
645
638
990
644
627
660
596
1015
631
644
626
657
1006
663
635
617
607
975
636
596
634
589
1040
651
656
644
637
1203
753
714
683
710
1149
674
725
634
628
997
618
610
626
616
1000
615
603
627
615
1008
650
601
637
669
1067
615
625
675
640
1342
618
637
629
624
1015
596
744
724
722
1194
712
715
672
669
1049
659
645
669
627
1040
628
730
660
654
1020
594
653
678
645
1066
668
632
612
700
1015
621
630
628
625
1102
636
660
598
644
974
621
672
813
662
1112
660
678
670
690
1117
612
606
678
657
1053
686
4630
588
649
996
628
651
637
649
1028
643
620
632
636
1023
653
634
623
653
1044
619
659
601
617
1035
631
664
738
707
1211
802
651
717
688
1109
620
698
684
669
1144
675
616
609
656
1021
599
634
659
646
1050
637
641
695
622
1017
653
649
631
644
992
626
670
620
651
1539
834
687
652
627
1087
727
730
687
633
1002
675
666
644
638
1049
663
692
650
659
1103
631
662
632
673
1135
653
634
659
672
996
625
618
619
640
1058
657
734
667
637
1047
620
637
658
649
1117
642
622
641
718
1104
681
695
631
649
1015
677
658
647
630
1059
641
651
637
634
1372
671
631
664
631
1009
615
610
603
605
1062
694
692
725
687
1184
749
724
746
643
991
663
641
639
623
1088
632
641
672
711
1021
625
640
653
625
1028
660
649
654
625
980
617
648
620
722
1180
733
767
662
681
1255
731
629
620
630
1035
650
637
657
644
1079
637
688
968
662
1041
640
615
633
652
1031
628
607
651
648
1023
710
688
674
667
1142
679
674
650
642
1041
602
620
659
627
1051
655
620
637
632
1001
649
634
632
637
1047
648
628
655
699
1045
618
648
774
713
1106
713
721
685
710
1012
635
649
603
635
1105
693
619
611
604
1037
984
620
660
644
1034
637
663
626
620
1018
601
660
750
669
1135
746
705
708
709
1021
610
662
663
678
1029
619
657
626
634
1069
648
644
616
620
1107
622
637
627
610
1036
609
777
693
708
1169
711
682
669
623
1070
656
624
647
605
1022
595
624
649
662
1029
645
631
619
618
1326
637
685
672
634
1314
718
742
747
730
1148
636
654
640
626
1024
628
624
616
608
1035
665
597
633
646
1052
666
638
609
659
1076
628
686
705
656
1240
680
691
762
693
1148
716
628
680
638
1015
644
669
646
632
1064
646
612
644
636
1027
680
696
666
628
1031
624
634
630
621
1342
671
745
682
659
1186
673
686
741
690
1105
652
674
668
624
1116
696
649
725
629
1084
661
645
653
626
1039
609
650
626
743
1062
649
629
645
635
1034
677
682
817
729
1201
751
675
757
714
1252
649
674
644
639
1073
624
676
627
637
1004
653
653
655
672
1038
646
622
927
651
1008
636
621
669
635
1016
606
640
827
707
1143
675
707
704
728
1096
630
610
659
642
978
604
629
677
615
1029
649
636
656
627
999
619
636
639
624
1047
605
627
634
658
989
615
633
801
715
1173
743
712
698
708
1186
629
601
648
691
1026
669
625
677
676
1206
974
660
624
671
1059
666
629
644
637
1017
648
621
676
641
1021
667
630
608
618
1204
731
654
716
667
1153
720
699
714
742
1060
622
649
617
756
1057
610
643
636
632
1064
631
621
619
604
1022
646
650
635
643
996
661
650
615
624
1026
649
611
763
689
1081
728
734
732
788
1550
697
693
674
647
1066
581
695
609
663
1049
644
645
633
629
1086
627
658
653
655
1040
642
648
651
619
975
297
298
300
264
700
277
263
262
264
894
344
345
362
331
814
367
352
421
338
832
348
313
333
353
826
351
341
325
249
681
285
258
262
264
655
260
307
265
281
677
279
282
266
297
674
281
296
286
291
674
501
383
363
396
841
335
349
378
345
835
339
354
360
350
847
381
364
348
362
626
275
289
267
273
690
272
270
271
276
643
266
272
281
290
671
266
276
274
271
1029
645
848
670
788
1187
719
744
696
681
1617
710
657
652
656
1030
627
684
664
659
1086
633
629
626
616
1026
686
644
624
631
1017
678
656
633
659
1026
645
620
624
641
1011
626
638
828
684
1189
686
683
702
693
1199
696
811
666
666
1052
661
652
647
620
1028
655
626
673
657
1043
632
677
643
615
1036
634
657
620
651
1371
667
623
676
674
1004
647
610
613
862
1202
727
713
733
741
1262
776
695
746
657
1073
639
636
718
631
1127
640
659
654
617
1040
641
694
685
611
1059
645
649
660
663
1059
643
720
630
628
1067
652
655
611
648
1337
724
725
756
726
1180
739
690
706
760
1142
671
985
654
656
1024
701
658
637
596
1062
615
647
652
634
1060
642
619
622
631
1052
667
637
616
633
1002
629
618
631
625
989
739
704
782
705
1241
728
736
698
706
1213
680
624
688
678
1060
668
746
647
627
1035
638
649
663
615
1011
638
638
637
666
1056
615
676
634
668
1068
652
965
642
621
1131
671
785
774
658
1185
694
662
734
760
1173
785
732
648
707
1018
672
695
614
623
1063
663
645
642
633
1052
656
651
608
658
1167
676
652
673
609
1038
644
635
629
650
1038
650
658
869
699
1180
820
758
697
773
1203
740
751
663
650
1030
652
682
644
651
1350
628
625
669
641
1036
640
676
631
649
1053
661
628
640
671
1039
636
648
668
671
1049
660
661
782
747
1155
827
718
694
714
1215
707
722
735
676
1082
682
649
705
676
1100
655
690
668
632
1033
658
649
671
647
1064
678
672
632
648
1061
634
639
641
665
1055
645
636
636
6060
1097
732
720
710
724
1190
725
689
721
694
1062
713
639
635
659
1047
646
672
660
647
1068
645
672
610
662
1051
628
673
633
629
1040
626
637
633
684
1026
654
639
635
720
1187
702
754
753
715
1176
707
728
714
773
1043
674
654
633
637
1070
624
694
671
622
1569
655
635
606
653
1043
650
659
662
659
1040
664
656
670
672
1051
636
630
676
661
1286
757
761
698
740
1229
803
704
699
721
1061
644
648
721
622
1073
652
675
635
625
1022
610
668
664
623
983
684
675
660
634
1020
674
668
625
678
1041
677
686
661
682
1291
682
756
714
1040
1164
717
745
697
786
1127
650
671
634
653
1046
641
688
660
648
1059
632
660
620
623
1015
629
676
666
672
1056
628
646
639
647
1093
671
686
750
671
1337
729
737
784
718
1156
750
717
756
713
1101
675
612
700
700
1062
660
649
645
661
1021
648
695
683
661
1029
925
636
633
670
1026
634
657
646
665
1035
670
656
668
710
1241
753
685
758
672
1242
747
717
687
771
1106
645
672
697
643
1071
613
679
662
626
1008
637
654
594
648
1048
644
633
709
686
1035
628
639
637
629
1018
640
663
662
647
1245
684
687
699
733
1233
714
744
732
2245
1190
715
687
679
692
1273
730
682
776
715
1150
729
721
744
730
1157
753
733
699
655
1052
626
625
623
638
1098
622
631
661
647
1054
618
653
651
756
1168
753
718
710
729
1203
725
746
745
640
1036
651
653
643
650
1063
670
633
630
679
1010
702
925
650
659
988
659
645
647
636
1038
608
625
623
621
1032
650
653
739
746
1210
705
783
716
716
1196
688
769
683
696
1045
685
665
697
686
1087
659
655
683
746
1051
662
687
657
627
1058
644
688
661
706
994
630
630
644
614
1288
711
728
730
752
1181
730
726
711
1014
1075
619
651
630
622
1055
625
638
620
644
1091
655
685
658
696
1055
668
676
663
700
1050
673
661
681
717
1212
730
727
734
706
1306
712
772
696
665
1041
672
638
655
671
1055
647
670
664
737
1089
658
637
624
671
1056
639
681
634
639
1056
630
662
784
690
1180
744
1076
756
758
1161
699
651
659
638
1014
658
701
656
638
1062
674
673
673
698
1088
627
708
650
758
1026
663
673
672
656
1203
733
744
712
766
1182
691
763
768
670
1097
692
696
698
666
1137
645
615
666
669
1028
633
694
691
659
1073
649
621
639
658
1073
764
714
762
709
1522
787
727
767
801
1032
658
676
698
640
1084
651
631
637
639
1014
649
674
635
645
1170
654
637
690
656
1068
746
747
722
691
1173
728
757
779
674
1134
676
671
665
654
1015
635
623
671
683
1067
613
646
646
640
1029
726
693
669
653
1273
678
759
677
761
1501
705
774
676
633
1097
687
673
644
685
1042
654
654
680
667
1135
688
670
658
697
1061
644
741
751
729
1166
770
746
722
724
1145
668
669
659
694
1036
682
661
680
679
1093
656
621
624
650
1012
652
626
636
629
1166
711
720
681
738
1174
735
692
640
610
1062
692
640
947
618
1049
664
647
638
637
1019
626
623
625
625
1052
788
712
698
729
1202
735
703
648
664
1019
633
667
617
639
1034
652
649
637
628
991
612
639
625
644
1039
823
720
710
726
1216
700
722
712
649
1050
718
670
664
667
1085
644
632
650
612
1073
658
620
661
651
1282
713
1021
756
767
1212
639
642
648
653
1048
682
635
635
677
1078
632
665
642
621
1041
620
622
637
668
1178
752
750
735
733
1222
718
667
600
650
1050
792
718
696
638
1053
626
670
659
675
1018
645
640
635
621
1011
610
630
795
745
1236
668
729
725
711
1121
652
641
691
651
1362
669
650
659
607
1061
626
632
671
638
1041
634
672
638
635
1225
725
703
684
718
1204
758
747
679
626
1061
676
625
659
636
1071
645
669
614
669
996
648
627
657
642
1101
655
754
737
700
1122
781
719
719
734
1106
667
626
664
657
1110
650
637
684
662
1048
617
654
655
967
1032
694
660
645
613
1024
667
779
705
713
1196
705
700
762
741
1165
685
618
645
638
1066
670
650
680
641
1093
642
693
654
652
1055
642
641
656
635
1078
807
744
733
683
1225
728
761
737
686
1048
680
681
676
691
1070
691
640
668
645
1076
653
662
622
615
1049
694
994
630
651
1095
646
663
827
736
1202
751
708
704
710
1272
684
624
615
644
1031
598
675
674
648
1054
677
656
684
668
1081
615
648
637
644
1001
653
634
655
644
1319
721
733
770
734
1207
756
747
754
647
1044
635
625
659
659
1055
642
623
658
649
1059
627
652
645
661
1025
959
646
680
625
1079
630
666
763
732
1243
765
752
710
746
1292
758
794
719
717
1081
640
697
660
661
1045
646
663
648
669
1224
658
642
641
619
1075
668
632
695
634
1106
636
821
754
710
1229
754
718
723
767
1199
686
645
667
658
1109
641
660
665
628
1105
669
665
695
659
1394
623
647
620
654
1063
665
678
663
662
1020
667
649
817
814
1209
740
788
720
711
1268
839
730
663
759
1027
635
675
660
620
1090
677
627
656
639
1082
620
629
667
682
1054
672
641
716
638
1084
623
664
664
803
1154
704
731
762
761
1185
706
711
772
770
1034
667
6222
634
639
1035
673
622
641
662
1027
625
661
670
623
1070
612
658
652
649
1104
669
673
671
647
1071
636
782
724
719
1185
769
791
722
725
1212
753
807
740
614
1060
668
646
647
643
1139
635
642
651
646
1095
595
623
622
644
1103
645
673
658
635
1065
656
650
649
745
1052
630
637
638
1335
1019
659
621
673
659
1061
632
645
680
652
1081
702
657
627
661
1050
636
662
700
655
1082
657
674
674
655
1073
671
633
628
668
989
627
695
612
748
1187
750
715
781
702
1213
738
735
725
751
1162
650
669
668
660
1054
658
697
687
660
1045
648
681
686
659
1102
640
631
631
972
1074
745
749
749
757
1265
684
713
769
736
1139
717
674
616
673
1099
671
662
643
687
1026
644
638
661
648
1066
663
632
685
670
1065
608
635
674
783
1183
724
767
736
763
1181
718
754
775
644
1041
642
684
638
660
1134
676
657
676
678
1132
660
640
657
636
1068
633
942
668
657
1236
797
723
694
764
1269
777
708
735
723
1097
665
637
636
627
1030
669
669
708
690
1106
686
676
687
657
1050
628
715
690
694
1389
760
804
764
760
1266
748
780
709
674
1124
672
693
678
680
1109
643
684
709
637
1066
632
674
672
676
1086
659
623
780
710
1553
785
806
777
774
1266
755
654
674
640
1048
685
633
639
689
1048
677
685
670
644
1085
669
697
683
653
1067
774
710
787
723
1229
747
778
742
724
1142
650
674
667
693
1090
699
672
642
680
1053
679
665
671
681
1033
684
678
752
727
1225
771
773
747
729
1180
919
696
656
655
1071
673
685
689
655
1010
658
708
642
642
1063
643
664
782
726
1238
817
751
767
796
1217
655
713
701
762
1107
675
701
681
708
1060
680
642
627
639
1069
646
669
779
759
1238
762
756
726
741
1199
697
714
679
659
1047
692
672
638
683
1038
667
681
699
659
1370
730
707
798
713
1226
794
796
765
627
1065
664
634
641
672
1083
684
676
680
690
1070
630
642
673
673
1279
856
790
770
697
1052
685
662
658
647
1149
644
700
688
686
1080
656
659
672
698
1085
661
798
740
742
1221
726
847
735
720
1094
648
706
691
674
1132
643
956
688
676
1032
635
695
677
763
1208
741
788
804
738
1182
687
705
676
657
1067
706
723
658
672
1057
695
701
660
678
1052
766
766
713
804
1283
777
736
743
625
1032
649
685
667
786
1024
657
647
725
653
1088
665
653
694
656
1059
776
749
819
746
1289
802
755
770
946
1075
681
689
721
661
1156
695
704
621
628
1078
680
680
649
624
1300
701
766
750
730
1257
749
692
703
683
1023
664
646
690
689
1105
711
703
705
749
1108
644
772
713
759
1229
796
756
738
705
1083
681
764
666
663
1123
663
674
657
638
1084
683
680
664
668
1072
808
1066
724
758
1318
740
770
780
678
1037
628
648
658
674
1070
678
687
657
674
1078
630
681
670
673
1025
679
724
733
759
1251
801
688
685
634
1074
708
778
716
691
1050
669
678
672
666
1052
643
693
679
684
1096
626
670
671
813
1259
791
768
721
749
1215
739
672
682
709
1435
671
663
710
663
1097
661
682
668
660
1055
647
770
728
741
1283
765
755
770
833
1130
680
695
697
692
1107
674
660
683
670
1059
644
666
635
662
1263
734
766
732
755
1294
784
725
704
650
1075
697
693
689
672
1101
693
689
669
649
1115
633
651
759
764
1254
741
697
1081
655
1116
635
648
680
681
1065
647
675
654
660
1097
656
693
674
683
1050
864
723
722
732
1235
729
768
736
673
1118
665
747
665
643
1094
634
686
651
674
1102
735
754
785
751
1306
782
769
719
680
1086
677
668
684
660
1055
697
699
749
664
1078
691
662
674
797
1613
792
710
796
758
1195
726
672
671
700
1097
670
725
673
732
1065
651
658
676
678
1060
651
706
730
759
1127
688
676
678
644
1009
654
683
724
685
1088
676
690
689
680
1082
662
717
676
642
1083
677
646
789
710
1226
732
830
717
734
1224
709
625
632
619
1054
667
671
700
1046
1046
649
650
697
682
1337
790
748
710
730
1245
722
705
701
673
1106
632
661
657
679
1069
693
714
694
699
1265
765
718
709
721
1294
830
725
664
695
1103
696
718
652
673
1069
683
684
704
679
1041
655
725
673
909
1285
739
725
696
702
1077
633
667
702
664
1398
660
673
688
657
1070
617
687
656
658
1095
732
811
727
725
1255
828
796
797
817
1140
656
682
699
644
1107
682
684
709
688
1118
637
691
850
778
1229
783
775
830
706
1133
665
691
667
690
1085
668
673
674
705
1076
677
670
786
723
1230
807
781
752
769
1590
694
678
685
646
1088
683
669
663
681
1064
677
675
807
793
1282
743
766
763
752
1120
689
664
693
688
1130
673
633
655
661
1097
662
792
726
746
1219
741
764
737
679
1086
671
687
654
664
1082
651
835
678
629
1066
649
794
793
774
1246
752
743
754
691
1436
667
693
644
650
1058
653
650
676
646
1065
674
789
728
747
1287
795
822
790
671
1095
648
637
669
704
1069
677
675
663
680
1070
659
649
764
789
1234
758
752
713
721
1166
637
652
666
668
1060
716
672
658
687
1058
649
712
646
756
1251
756
745
743
718
1252
1016
677
698
680
1100
675
642
683
685
1102
648
638
648
672
1248
792
779
793
745
1238
748
656
654
662
1047
641
666
691
734
1106
693
698
655
723
1108
661
638
863
699
1350
794
736
801
789
1134
685
683
659
657
1089
674
715
680
675
1109
710
685
692
658
1289
801
755
1097
743
1265
808
719
705
703
1092
665
678
682
688
1092
705
691
672
715
1086
698
665
646
735
1282
768
761
783
745
1275
782
751
657
671
1123
660
662
691
651
1071
702
641
665
667
1087
685
718
796
731
1221
848
812
792
736
1242
671
672
677
697
1069
701
726
1039
654
1092
641
669
652
638
1091
673
675
675
769
1237
790
765
691
752
1267
739
829
681
668
1059
670
707
644
683
1088
697
661
681
779
1065
662
719
685
770
1250
788
815
777
796
1422
772
780
684
678
1075
694
674
669
653
1095
669
671
653
685
1042
664
694
654
1028
1093
674
795
726
791
1206
761
796
770
802
1330
775
675
687
658
1101
624
686
677
673
1051
696
650
653
681
1079
664
680
660
810
1307
783
776
812
784
1239
779
779
714
747
1084
720
687
705
688
1091
703
703
693
689
1119
695
710
688
677
1065
666
661
630
865
9064
814
792
763
720
1354
744
770
805
673
1175
731
706
739
744
1165
746
769
744
739
1138
724
766
738
714
1161
856
835
822
770
1379
776
888
877
843
1283
723
760
719
788
1166
756
745
735
721
1142
734
731
767
720
1144
715
895
811
861
1340
844
796
1595
823
1317
726
705
776
695
1151
730
718
787
759
1194
706
736
716
792
1156
775
740
829
720
1144
778
744
757
712
1165
771
759
722
747
1153
756
739
771
726
1210
740
716
734
713
1178
747
723
733
718
1324
822
857
842
871
1352
879
795
840
809
1219
732
721
753
1057
1170
741
779
734
769
1167
728
722
815
805
1437
809
812
865
835
1282
795
711
766
727
1161
700
726
704
753
2832
903
819
783
892
1390
807
883
836
777
1473
887
841
792
857
1379
825
844
965
855
1349
861
878
888
900
1384
816
873
773
1149
1418
825
828
835
814
1340
910
815
860
846
1372
853
810
845
838
1359
868
838
800
834
1351
885
913
834
841
1353
876
812
763
853
1300
841
858
869
802
1294
748
767
733
717
5018
726
734
735
737
1130
740
737
758
737
1455
724
755
702
698
1193
785
741
734
781
1319
823
772
756
808
1359
766
730
769
775
1154
775
738
708
725
1166
733
790
731
795
1381
957
808
845
810
1228
760
747
729
736
1226
713
771
747
751
1146
721
817
822
779
1341
861
840
853
741
1133
799
763
774
697
1490
763
735
743
754
5426
830
733
776
749
4911
728
724
759
755
1146
734
710
734
721
1166
710
857
758
888
1303
860
872
745
771
1127
722
739
757
716
1134
693
748
769
823
4790
745
704
757
737
1150
754
821
784
702
1153
732
763
716
788
4708
734
715
1040
698
1172
723
745
735
739
4725
740
773
762
756
1328
860
821
822
862
5216
736
841
765
702
4968
762
744
760
704
1401
858
812
807
829
1257
768
703
720
725
1127
748
718
736
738
1425
842
793
852
861
1243
739
718
715
731
1136
789
769
770
872
4810
1058
775
763
764
1135
755
724
740
749
4534
719
815
796
808
1325
844
758
724
722
1163
750
733
726
715
1088
889
853
850
829
1293
725
731
758
818
1156
726
717
745
813
1261
785
784
791
791
1162
748
758
718
728
1111
718
733
887
809
1292
721
721
722
745
4446
742
1040
738
739
4718
756
720
767
884
1401
765
849
834
859
1193
772
755
758
719
4956
744
732
728
748
1343
792
803
849
879
4429
759
731
760
722
1165
765
731
739
762
1324
869
785
781
859
1294
770
739
736
781
1177
757
686
737
733
1393
892
777
757
719
5282
1038
711
741
740
1159
732
744
735
707
1353
845
849
815
775
5093
746
781
762
730
1181
858
787
774
807
1309
828
858
828
794
4909
708
769
720
776
5024
698
693
871
821
1332
841
773
758
781
1173
752
743
761
733
1278
792
820
796
801
1306
742
754
748
766
1469
737
757
760
899
4853
714
721
740
753
1149
707
741
745
718
4970
891
868
878
884
1131
716
746
716
696
1153
739
728
876
796
1294
860
781
711
779
1148
745
702
776
757
1159
867
816
825
801
5184
715
769
721
738
5089
729
731
751
779
5045
682
728
725
1082
4714
764
706
746
713
5049
735
741
724
804
1355
730
747
745
779
4640
756
795
768
745
4949
786
749
843
767
1405
820
817
709
712
1148
710
716
689
737
1290
876
853
794
842
1186
728
685
690
671
1109
743
800
853
798
4455
722
692
706
723
1156
715
739
1093
734
4713
924
883
821
827
4573
740
728
730
728
5059
787
782
751
848
1321
850
827
835
747
5272
733
732
719
719
5099
831
806
818
799
1303
740
758
744
740
4458
741
745
851
862
4820
745
772
769
747
1171
757
746
748
740
1403
854
841
834
760
1548
737
736
741
773
1178
858
847
829
903
4942
764
724
775
768
4972
727
766
728
924
4864
759
741
729
746
4984
862
748
771
759
1357
846
840
817
820
5182
707
761
747
718
5179
773
848
821
820
4665
728
706
781
775
4963
735
748
743
880
1350
1188
775
740
756
5122
722
718
737
797
1349
828
883
812
751
4392
791
768
765
757
1371
841
837
803
732
5319
752
738
765
741
1336
877
813
844
787
4379
735
742
827
765
1363
846
891
771
765
1193
733
746
712
724
5164
755
740
726
750
4995
759
769
1132
729
1281
826
899
792
856
4996
742
764
733
776
4959
797
767
748
834
4881
747
743
757
774
1270
814
865
807
825
4409
711
748
736
774
5001
774
731
734
729
1161
731
750
750
865
4779
714
751
787
750
1190
749
739
864
820
4638
754
775
1153
753
4555
771
868
849
854
4636
737
732
731
737
1228
872
857
873
758
4469
780
715
751
787
5012
755
722
730
771
4984
735
805
849
817
1327
774
754
855
774
1266
847
883
900
758
1168
730
763
745
721
4534
806
722
746
750
4979
740
751
1088
854
4583
753
720
727
712
5091
737
764
717
830
4964
719
735
750
754
5016
749
715
758
856
4923
743
713
762
756
5003
709
864
818
852
1369
810
749
752
755
1139
718
872
825
879
4878
740
769
760
718
1203
864
760
750
745
4696
1171
763
760
709
4630
771
856
819
874
4648
715
732
735
756
1155
826
862
876
798
1174
710
762
740
727
5478
753
728
764
730
4997
794
724
745
707
5013
731
762
756
746
5036
747
840
744
724
4939
757
758
756
803
4897
737
726
712
735
5473
770
723
782
726
4669
777
717
775
829
4863
792
770
732
780
4900
790
870
899
882
1251
775
817
761
749
1218
810
880
835
751
4749
742
767
739
761
4988
751
757
730
750
5013
724
749
741
813
5003
762
767
738
710
1178
723
753
776
762
4808
720
786
740
772
4991
755
836
886
860
4630
765
735
705
769
5017
765
736
763
755
5000
743
738
718
954
4863
734
717
764
734
5032
869
805
887
812
4658
781
757
747
859
4829
797
722
780
771
4950
802
861
924
846
4544
1103
766
768
838
4524
754
759
746
792
4952
810
824
864
785
4697
722
744
771
813
4975
749
797
750
726
4937
727
757
735
722
5093
779
837
874
836
4669
781
773
777
916
4763
748
772
733
776
4956
744
733
726
758
5032
1178
884
827
773
4334
728
742
862
885
4793
769
767
717
755
4972
772
785
737
773
4948
893
881
833
803
4595
736
768
790
834
4860
737
722
777
752
5024
910
841
856
757
4604
732
766
830
904
4786
742
733
724
727
5069
878
887
813
828
4589
737
757
760
782
4979
761
760
747
758
4982
748
735
858
937
4710
728
734
733
758
5039
825
782
794
780
4801
802
785
785
833
4835
765
750
769
774
4916
791
771
887
841
1276
763
761
743
770
1581
900
854
856
757
4484
764
749
851
833
1380
736
784
748
784
5331
770
729
736
720
5031
764
716
725
877
4936
759
801
752
774
4901
878
828
820
794
4687
698
742
745
803
5036
763
734
774
771
4918
734
829
846
845
4778
764
1192
804
837
5384
737
764
789
719
4998
869
846
833
758
4660
750
760
809
943
4753
737
764
764
728
5023
773
793
721
805
4912
822
768
749
861
4807
773
755
798
872
1356
794
737
780
780
5332
724
710
751
751
5054
752
879
1226
839
5284
787
781
746
858
1246
771
736
779
759
4562
746
710
780
781
4991
782
717
892
969
4619
775
776
766
773
4937
774
779
762
718
4972
772
789
832
824
4765
785
853
769
775
4825
763
740
783
751
4965
1673
850
815
815
8875
899
851
886
928
5451
876
876
855
837
4578
824
856
898
895
5469
769
798
749
797
4895
722
757
793
748
5058
772
772
792
772
5405
841
800
773
765
5204
797
919
834
869
4566
797
763
994
823
4652
772
787
786
826
4813
740
772
725
867
4876
766
755
761
773
4972
751
766
744
729
5023
753
765
756
781
4928
750
798
783
751
4894
760
781
752
845
4877
773
741
761
714
5053
857
788
754
761
4779
744
792
744
798
4919
762
798
777
781
4863
782
762
739
762
4978
743
745
1020
781
4715
754
784
744
854
4848
821
819
776
809
4801
771
763
924
881
4639
763
841
890
863
4664
818
846
769
740
4855
870
754
677
737
4899
747
745
746
809
4965
734
755
866
790
4874
741
905
845
772
4794
910
807
879
767
5561
762
755
830
919
4730
787
825
876
878
4654
893
836
786
756
4720
717
912
765
905
4679
740
866
862
743
4849
850
809
759
819
4731
788
767
934
845
1197
790
847
783
713
4325
759
761
757
747
4994
757
799
805
847
4782
712
862
806
786
4826
843
834
949
738
4603
729
723
707
771
5115
747
886
894
774
4690
874
797
726
790
4782
759
750
846
846
4813
769
879
787
701
4876
901
801
781
723
4754
828
759
826
847
4788
752
827
1091
748
4567
943
805
730
758
4789
734
776
753
904
4798
732
768
897
782
4831
794
796
733
805
4856
763
765
738
915
4824
796
842
862
761
4766
978
787
742
737
5733
747
786
728
864
4876
757
831
884
786
4743
900
789
730
780
4797
771
775
766
820
4858
787
774
894
820
4727
781
840
872
747
4728
764
757
742
736
5021
997
747
832
773
4660
754
889
803
774
4781
786
801
789
835
4787
776
837
851
750
4805
819
816
748
711
4887
802
772
844
813
4788
784
718
749
707
5233
679
748
834
812
4715
796
866
758
762
4807
743
769
835
893
4752
788
893
776
729
4897
837
784
759
722
4828
747
769
808
903
4788
771
892
1046
736
4543
935
792
772
771
4687
735
737
828
769
4978
761
843
755
737
4889
805
805
771
912
4727
727
819
869
756
4829
855
799
762
1003
4561
804
797
856
756
4788
906
860
770
795
4671
753
784
902
811
4770
815
781
836
763
4795
750
744
734
884
4859
743
1121
805
745
4602
814
756
759
750
4912
722
808
892
767
4820
924
806
766
824
4655
749
823
856
745
4842
779
765
772
794
4888
737
790
841
788
4863
876
763
758
824
4772
773
754
874
874
4725
899
769
777
822
4703
784
821
765
721
4996
868
763
919
837
4523
781
806
812
783
4837
726
744
839
874
4844
853
835
767
767
4739
737
734
901
802
4842
901
1034
748
735
4554
692
724
819
895
4894
798
867
762
743
4832
762
776
853
769
4842
886
823
766
825
4733
732
880
785
1017
4542
768
756
816
824
1188
843
878
743
781
5404
737
784
831
767
4875
942
818
778
704
4762
722
760
787
798
4914
721
931
843
742
4788
858
893
788
767
4670
740
762
749
797
4963
809
759
750
933
4740
766
797
846
814
4996
782
864
807
760
4563
781
742
763
773
4931
808
780
753
927
4745
754
766
859
798
4836
790
871
832
775
4715
877
819
726
706
4884
759
730
756
766
4981
790
787
872
894
4651
758
837
794
756
4859
786
922
879
767
4635
753
742
784
840
4884
729
722
833
813
4904
807
878
833
806
4680
739
800
803
788
4885
778
780
889
866
4688
860
923
783
762
4646
768
709
784
885
4844
813
907
788
785
5704
770
751
883
856
4760
885
886
733
788
4722
731
734
940
784
4799
847
884
767
814
4672
774
781
816
821
4828
744
851
850
808
4946
790
758
793
855
4595
761
757
868
793
4806
779
861
852
771
4815
894
783
752
762
4764
748
818
817
803
4787
779
760
849
868
4743
770
786
852
1024
4561
794
885
796
732
4812
778
784
759
757
4897
762
756
722
888
4868
762
729
907
810
4802
824
863
757
721
4844
720
785
1036
793
4683
732
759
902
871
4737
758
924
782
848
4642
795
741
788
871
4814
730
891
859
762
4763
945
761
809
750
4956
811
798
844
891
4444
812
931
827
807
4600
767
757
788
781
4931
758
745
793
835
4858
760
733
864
866
4770
782
835
831
1044
4568
881
840
840
766
4644
787
777
767
793
4847
773
764
746
891
4827
760
804
837
868
4728
798
852
884
735
4828
885
799
768
780
4666
738
710
894
894
4779
817
934
840
740
4740
947
826
797
804
4545
776
751
917
1074
4514
784
923
861
789
4613
760
782
738
800
4916
744
805
740
914
4796
749
803
781
788
4884
771
1022
873
807
4596
859
873
751
753
4696
797
772
845
912
4670
801
835
799
889
4697
848
857
774
703
4830
828
796
717
716
4915
790
772
754
919
4746
828
769
968
861
4578
862
963
790
772
4627
778
772
777
1150
5518
827
851
925
781
4597
857
964
743
740
4710
743
821
826
907
4697
799
859
824
801
4764
957
828
1063
875
5232
817
843
867
771
4709
792
760
764
835
4841
757
897
827
772
4716
797
759
811
898
4775
778
874
802
764
4974
814
822
784
915
5460
782
912
819
758
4750
766
778
857
846
4736
787
914
811
767
4729
766
807
856
861
4915
891
812
786
827
5491
759
882
829
780
4745
879
751
754
862
4716
859
807
893
814
4642
758
926
836
757
4907
956
862
777
773
5486
754
795
775
825
4817
751
744
810
918
4775
750
842
842
799
4749
930
798
776
762
4753
766
970
773
833
4662
781
775
1004
818
4609
842
907
784
763
4708
763
764
775
871
4822
839
831
943
781
4646
890
787
771
842
5654
780
765
929
817
4719
868
853
762
759
4748
775
782
891
941
4606
840
942
851
774
4622
805
805
805
816
6779
856
875
881
1142
5270
821
944
860
848
5496
890
924
842
914
5532
813
783
775
931
4589
814
807
874
847
4788
751
916
865
803
4555
883
830
744
775
4740
794
758
868
902
4661
766
857
882
758
4770
882
782
723
750
4837
759
1032
882
847
4482
903
849
831
788
4633
789
787
773
924
4752
770
869
937
831
4531
886
907
792
786
4637
768
804
824
1035
4571
790
863
872
772
4705
777
769
749
812
4888
795
880
899
737
4708
911
842
773
857
4594
769
1095
856
794
4495
998
800
764
805
4637
770
781
842
867
4744
743
814
829
767
4860
745
786
791
832
4839
814
788
920
808
4636
847
904
773
763
4733
797
782
799
855
4754
787
855
893
773
4953
873
851
806
831
5384
772
786
927
811
4702
904
847
780
775
4685
751
824
900
806
4712
780
751
769
886
4815
716
814
938
784
4748
943
829
774
824
4649
857
796
938
799
4622
824
953
771
796
4644
761
809
791
907
4726
791
777
904
866
4661
775
872
916
764
4651
903
829
753
756
4758
745
757
777
765
4949
763
764
953
780
4756
802
788
783
803
4842
771
794
792
781
4871
777
800
806
793
4790
889
902
845
746
4596
1032
915
927
830
5344
781
812
767
777
4854
801
795
910
872
4597
773
748
866
913
4746
777
784
863
929
4599
745
795
885
961
4632
762
780
943
835
4665
797
826
886
837
4660
782
910
914
788
4593
833
826
751
784
5038
834
878
907
758
4401
899
881
742
764
4716
777
777
765
747
4935
767
780
798
782
4879
815
783
770
890
4722
787
777
897
907
4675
765
824
743
801
4834
840
912
856
752
4629
772
774
767
845
4841
804
808
832
912
4654
992
852
847
737
4713
754
744
847
775
4723
732
794
784
920
4796
788
810
946
902
4552
801
853
878
722
4758
787
827
804
931
5628
782
737
864
806
4817
826
863
804
773
4766
791
758
759
800
4845
764
799
801
859
4793
757
845
863
854
4648
868
890
1054
749
5499
753
819
799
856
4779
806
792
837
864
4651
748
869
922
795
4676
858
849
773
754
4746
788
781
742
836
8554
766
830
852
789
5081
901
818
789
761
4712
794
795
805
788
4837
786
895
911
856
4543
906
825
763
858
4660
905
865
926
793
4564
948
850
772
760
4598
782
749
788
879
4839
841
847
846
781
4668
910
942
836
795
4647
776
744
717
765
4845
747
758
775
833
4868
1004
811
774
868
5645
785
786
762
851
4714
793
779
765
826
4993
776
791
724
794
4768
750
795
773
732
4978
942
909
857
749
4510
783
763
775
765
4912
722
722
756
962
4868
919
826
753
822
4687
762
800
755
723
5005
809
831
780
765
4740
842
752
751
740
4931
861
882
835
805
4715
902
830
801
790
4560
916
889
878
760
4574
835
756
792
769
4837
804
868
865
856
4610
839
860
1019
848
4424
869
912
814
791
4635
907
885
821
778
4627
750
771
739
763
4958
779
717
867
793
4837
831
750
809
832
4771
773
792
785
879
4755
744
763
845
763
4914
771
759
1028
868
4539
738
942
872
802
4670
882
890
718
731
4761
795
790
802
898
4851
749
781
872
790
4702
897
784
754
695
4812
652
719
703
782
5132
726
759
771
1011
4758
769
790
817
938
4674
783
764
902
814
4747
781
831
840
866
4680
817
717
689
979
4813
851
920
885
848
4521
876
904
760
777
4626
744
725
779
889
5048
762
761
878
856
4590
779
916
883
771
4632
919
873
839
786
4733
777
779
778
869
4646
808
855
762
797
4808
854
861
892
769
4762
835
753
781
888
4605
753
864
820
759
4770
719
750
772
770
5195
749
866
816
810
4577
758
775
754
858
4857
750
778
992
827
4631
824
925
823
793
4657
743
760
773
781
4937
728
890
878
875
4592
759
892
819
776
4786
722
777
758
852
4868
758
747
891
1006
4591
798
755
686
711
5012
646
663
757
810
5175
714
765
806
704
5031
779
774
863
877
4702
835
868
804
759
4848
763
777
825
850
4672
835
954
845
772
4769
774
915
869
906
5340
896
783
841
793
4688
770
799
765
915
4863
805
791
870
903
4490
900
854
847
794
4618
733
789
770
809
4841
693
710
695
824
5127
741
798
921
903
4691
814
902
922
839
4402
963
873
804
738
4628
837
766
752
895
4751
740
840
890
789
4733
887
810
809
753
4706
701
749
743
857
4973
713
793
751
708
5134
914
846
795
840
5515
746
763
988
813
4742
844
827
759
795
4728
797
783
899
906
4615
739
918
810
689
4885
774
756
682
751
4997
758
716
765
963
4820
823
889
865
836
4569
801
698
710
769
5035
845
837
734
715
4849
685
643
769
914
4996
785
838
759
811
4791
809
810
949
718
4734
745
760
757
860
4904
775
881
889
790
4629
855
797
714
794
4898
673
756
846
936
4794
784
884
861
764
4613
877
843
765
788
4731
693
702
690
827
5051
674
783
846
799
4936
700
916
928
755
4716
853
924
877
784
4567
802
796
785
764
4904
687
729
730
737
5109
692
711
715
784
5084
671
696
754
857
4969
806
756
814
851
4778
739
764
834
815
4864
818
880
864
791
4613
715
895
862
711
4865
809
675
717
714
5189
788
800
751
784
4928
718
747
718
827
4829
728
688
693
693
5200
718
797
855
740
5011
849
778
746
769
4690
779
777
730
734
5005
740
843
826
809
4767
843
785
749
808
5830
794
777
800
793
4866
771
705
844
832
4879
856
926
863
787
5500
790
713
705
783
5124
684
747
817
792
4812
887
2800
761
777
4875
811
915
791
801
4682
809
863
835
888
5569
826
803
887
879
4601
931
901
916
1002
5240
847
889
837
895
5579
887
881
863
728
4556
870
887
852
844
4731
827
773
784
697
4710
784
715
756
879
4887
807
806
799
811
4861
794
793
764
760
4824
792
799
731
900
4795
769
824
850
900
4670
710
728
841
844
4790
692
810
769
870
4887
862
907
806
781
4668
838
850
880
710
4695
735
697
710
851
4988
826
857
951
776
4619
855
892
771
767
4683
685
679
700
811
5128
738
754
837
883
4856
951
849
762
767
4677
709
688
744
819
4952
723
743
900
810
4846
734
831
1024
708
4791
807
786
795
834
4760
704
727
850
808
4821
796
896
839
751
4766
768
786
816
911
4678
721
733
812
840
4976
816
928
908
777
4601
830
754
771
716
4808
717
776
752
722
5078
726
696
853
921
4783
805
884
899
894
4531
752
761
795
846
4879
764
810
783
791
4901
842
810
731
758
4741
696
694
851
769
5081
841
900
782
819
5634
809
754
775
799
4827
789
875
794
765
4751
799
778
775
857
4790
904
701
781
801
4809
852
821
696
737
4906
710
723
1061
923
4671
867
935
765
796
5527
721
709
885
846
4832
824
822
717
696
4960
800
787
903
833
4875
841
762
710
699
4763
730
858
923
936
4728
788
928
809
714
4620
802
807
749
707
4892
711
704
692
812
5115
797
838
869
875
4747
683
829
801
768
4831
889
882
983
774
5493
724
729
715
848
4920
863
779
885
913
4539
760
834
883
883
4681
783
772
768
845
4797
814
849
772
785
4754
754
868
753
763
4918
808
791
713
701
5024
803
777
816
884
4652
736
888
790
681
4874
725
708
739
819
5160
785
840
841
905
4616
987
815
708
783
4638
727
720
911
838
4740
870
806
794
787
4811
1026
899
802
796
5452
723
751
751
845
5047
730
716
780
829
4847
752
991
871
779
4570
941
922
788
743
4576
760
781
748
754
4953
845
801
841
882
4821
697
728
851
718
4861
684
816
833
705
5003
935
926
797
799
5501
800
802
793
878
4664
706
696
794
874
5005
705
750
882
742
4977
712
857
950
822
4562
776
915
898
932
4505
745
740
904
842
4750
706
705
968
942
4733
789
791
873
899
4600
721
715
833
810
4923
779
751
790
918
4757
789
785
775
827
4861
705
742
875
879
4956
786
799
868
869
4434
734
823
889
916
4693
792
871
867
899
4620
740
853
876
730
4720
899
844
777
816
4691
759
787
775
797
4837
724
720
737
817
5280
781
792
931
871
5374
794
873
1031
748
4649
846
840
784
717
4850
704
747
926
829
4792
878
783
869
880
4473
815
966
866
782
5631
740
701
722
701
5045
735
731
747
747
5042
695
712
781
812
5046
796
883
938
836
4494
941
850
815
806
4662
693
737
805
822
4886
889
917
844
858
4531
1004
807
824
791
5491
771
726
851
798
4949
829
863
764
823
4824
833
886
809
890
4514
817
879
816
742
4630
786
749
853
871
4854
791
798
858
928
4590
722
748
854
792
4818
817
908
806
669
4944
731
730
736
734
4935
886
830
802
846
4644
789
850
942
846
4574
740
738
738
735
5022
790
814
840
723
5072
772
754
768
966
4516
867
760
788
748
4825
796
852
833
783
4725
726
703
784
878
4989
808
939
835
777
4560
832
804
784
927
4848
796
881
895
719
4544
786
820
841
940
4738
904
929
785
792
5416
728
753
811
907
4846
838
830
779
744
4788
759
738
745
816
5062
738
849
831
796
4765
722
809
786
811
4835
791
823
886
921
4507
716
793
854
4458
5232
907
948
843
780
5644
723
722
727
723
4940
840
794
776
796
4813
800
807
792
939
4622
724
756
916
876
4818
805
835
781
644
4895
699
763
707
752
5132
809
783
842
961
5555
846
973
921
695
4506
727
699
680
774
5142
846
784
905
885
4596
817
852
739
716
4934
782
753
800
946
4614
820
857
772
742
4921
734
753
794
882
4778
912
783
986
796
4475
838
776
751
739
4904
715
799
743
783
4958
719
925
845
867
4826
772
735
698
730
5107
788
806
724
748
4863
822
859
918
896
5414
744
938
1024
833
4456
962
937
790
787
5626
823
829
815
852
5559
769
735
829
896
4772
802
978
908
886
4399
866
822
749
697
5021
746
745
802
941
4628
782
914
901
837
4589
809
931
786
772
4733
728
748
987
891
4557
874
853
732
724
4805
696
695
741
879
5130
802
888
991
878
5343
820
860
809
732
4926
741
718
729
737
4933
717
744
711
741
5083
850
782
749
793
4976
729
771
750
772
4802
818
814
932
930
4528
845
1023
965
940
5222
904
1016
819
748
4577
837
760
776
806
4820
833
813
783
926
4681
761
820
890
919
4471
734
886
921
807
4778
878
847
824
813
5599
757
774
831
850
4705
753
880
866
756
4816
825
786
815
898
4710
676
728
918
826
4929
944
871
805
748
5504
792
744
792
738
4915
811
855
764
796
4733
791
843
941
871
4599
859
917
845
760
4621
808
829
805
786
4880
755
749
726
884
4745
790
856
966
852
4667
902
816
748
712
4906
817
817
929
910
