2423
899
790
699
1092
688
647
659
672
957
692
681
1010
686
901
654
612
704
671
893
662
621
615
616
912
633
663
758
635
880
636
633
599
646
864
598
604
694
600
819
638
658
611
663
869
667
640
651
624
955
613
614
622
669
883
624
677
643
584
936
610
736
618
570
899
621
595
619
622
978
613
621
570
602
969
685
649
599
588
935
557
600
619
661
967
602
582
665
586
1062
669
621
612
615
990
638
674
680
655
963
579
592
585
585
1050
631
666
572
615
998
655
577
584
585
991
586
651
654
575
996
650
614
603
650
1007
609
579
563
607
1006
589
610
607
580
989
626
671
586
595
1048
655
692
621
573
987
591
599
595
662
950
609
594
637
596
958
570
571
577
589
1000
612
642
567
583
1008
631
586
661
619
978
584
620
586
579
964
593
568
634
591
1000
597
601
723
565
993
625
573
554
654
973
561
570
572
594
929
613
578
552
560
969
594
578
628
595
1086
595
617
597
608
1034
608
637
594
570
981
566
535
575
564
955
563
590
563
588
1008
608
603
683
592
913
554
570
547
623
897
558
560
593
631
968
567
551
574
597
1000
591
598
591
599
1074
643
568
537
573
909
602
562
567
565
935
522
599
543
551
906
545
590
629
563
896
566
590
581
566
990
597
671
571
594
1026
596
589
548
589
942
675
579
601
580
976
660
572
564
553
939
596
657
597
618
987
632
734
642
572
976
556
602
635
589
925
586
600
604
639
953
606
584
601
594
1005
584
564
565
571
969
734
592
611
583
968
614
597
540
547
935
614
621
585
563
952
632
597
613
587
999
599
585
632
559
1511
586
601
578
642
927
563
581
570
573
974
581
535
523
535
874
592
510
508
515
872
520
574
582
550
898
557
541
568
639
1029
569
618
599
597
935
601
651
574
551
912
565
598
623
643
926
599
614
594
575
972
609
592
595
598
1020
624
660
640
593
937
573
589
575
627
918
557
551
595
589
1027
650
606
563
568
943
614
593
578
604
953
608
583
586
603
956
604
551
580
543
926
532
565
564
577
936
615
603
640
584
928
595
599
589
603
1036
560
598
578
591
964
580
600
653
585
936
573
587
625
576
968
665
591
681
579
971
596
580
619
658
915
552
562
576
573
933
641
571
573
538
961
584
617
597
679
950
605
581
633
594
1112
656
570
593
610
946
572
607
604
636
921
599
582
617
619
971
584
607
579
573
935
592
612
670
595
978
605
584
616
718
974
584
559
591
602
925
646
584
592
588
971
599
600
651
569
939
595
580
594
570
998
616
586
608
575
958
616
644
738
606
973
594
587
586
571
1003
544
580
602
542
864
547
601
584
591
950
557
624
629
637
1017
573
606
598
583
974
669
639
768
604
972
583
579
648
587
929
591
598
596
617
987
602
610
610
622
976
584
667
571
601
961
590
613
603
610
1008
609
637
597
711
956
610
629
570
612
991
612
572
617
649
961
567
608
613
585
968
594
697
594
645
984
588
603
633
625
1020
598
575
597
601
965
742
598
657
581
937
567
588
563
589
933
614
592
606
618
1040
611
627
624
591
979
555
608
601
606
1001
624
582
632
589
1018
617
638
673
772
944
596
613
605
600
1002
616
577
578
586
1004
593
616
591
602
960
590
606
589
647
976
612
582
591
592
1017
604
602
593
607
958
577
672
600
780
963
610
617
608
650
918
594
578
603
567
972
579
618
589
618
992
637
592
611
605
938
645
582
649
615
945
594
568
587
642
947
595
592
608
660
1227
628
612
643
639
1018
601
605
609
606
983
635
585
668
605
968
596
660
622
620
933
616
662
655
600
980
586
588
597
621
937
597
595
605
649
1005
595
811
596
622
1062
585
582
606
583
1011
597
617
599
613
1002
589
614
648
635
1023
598
618
600
600
1017
605
592
607
618
1056
619
611
610
597
980
661
603
617
613
1169
604
635
618
593
939
574
542
548
627
1011
631
622
641
601
984
592
583
587
585
997
628
583
568
595
994
615
643
598
603
989
588
603
640
581
983
616
616
630
669
1179
587
597
594
584
1029
576
609
596
589
994
595
589
592
584
931
620
615
588
609
938
606
622
562
559
918
540
579
653
627
927
605
580
639
612
989
602
589
607
592
1012
871
587
623
589
900
538
540
650
560
897
586
604
615
608
1021
619
594
597
650
958
593
646
663
598
960
579
583
552
563
1005
578
614
597
600
950
613
573
623
564
972
568
616
628
580
1205
593
585
609
593
983
611
616
627
607
1013
593
576
580
630
984
612
640
575
591
929
598
603
658
567
935
614
646
610
678
982
593
593
616
575
993
583
598
597
566
927
662
662
810
598
950
615
598
689
637
947
610
612
670
586
1016
567
572
569
578
936
580
567
639
581
953
593
595
590
564
1031
614
638
600
610
916
560
636
644
614
1022
581
579
576
622
1006
551
594
606
627
1185
667
568
608
639
984
595
606
671
625
1009
682
618
606
703
980
580
620
595
586
949
627
570
625
598
970
590
680
604
586
956
557
612
635
627
946
576
617
584
606
1002
606
607
609
594
1021
623
840
591
677
1005
651
619
582
602
988
582
638
599
608
968
594
598
653
661
969
576
600
608
604
1030
662
580
594
571
967
644
589
604
589
956
598
613
674
565
978
605
598
622
650
989
583
575
596
598
1042
595
600
845
581
956
619
597
608
596
960
616
614
574
653
969
578
563
576
584
976
568
546
584
569
896
532
592
584
591
963
616
684
588
597
964
608
605
609
581
1021
609
592
603
628
1034
586
644
576
571
970
583
610
637
871
908
579
568
604
624
1030
586
604
622
562
984
571
585
580
550
948
540
598
596
553
903
560
585
627
590
956
590
576
607
585
934
605
617
602
634
977
602
584
607
622
1008
611
624
615
590
1038
572
614
598
572
997
613
618
632
902
990
640
581
615
614
975
632
608
626
624
1004
651
604
589
593
981
592
672
674
603
1008
568
673
604
598
964
620
594
618
586
947
601
638
625
678
1006
604
588
600
661
1012
611
609
593
610
985
670
612
613
589
996
646
633
601
888
962
591
642
605
564
976
591
589
613
604
1026
600
622
577
635
962
609
607
615
648
966
619
602
581
609
1000
592
600
583
595
1003
591
563
610
601
998
590
571
570
598
976
643
594
573
590
927
604
553
541
554
934
623
646
615
585
955
542
550
898
602
972
618
593
610
669
984
562
591
602
588
1041
601
588
597
626
1019
577
586
596
607
947
637
596
665
601
916
652
622
575
620
978
573
659
631
619
889
592
648
581
595
980
636
644
611
605
969
576
684
623
616
941
606
592
695
634
968
571
904
561
637
996
592
614
639
672
977
601
608
579
636
965
611
576
602
607
984
589
586
623
607
990
576
599
576
598
1027
594
601
600
560
944
607
590
623
599
956
635
573
570
589
959
659
607
623
588
945
660
633
601
610
975
572
580
600
589
950
586
592
676
607
1267
594
596
611
648
961
581
587
594
580
1033
558
572
601
597
943
663
612
659
620
972
595
663
602
592
959
579
548
626
593
1009
606
602
594
669
955
598
585
630
617
1021
578
590
592
600
1007
557
576
583
635
1014
594
602
651
591
1019
672
594
611
608
967
613
652
630
2067
1011
581
585
628
614
935
578
616
616
625
1028
606
605
641
612
1084
608
588
579
589
981
608
693
582
616
1051
584
587
657
624
955
589
606
580
607
1026
585
642
620
613
1892
671
657
659
660
1103
612
608
570
566
925
552
581
598
624
1038
587
566
587
565
935
675
948
572
611
1001
634
594
606
599
996
611
669
653
644
1037
618
639
626
629
944
569
592
685
583
973
579
577
688
581
933
640
593
675
615
1018
553
571
579
578
923
567
656
673
614
986
582
579
665
598
949
615
604
661
590
971
596
617
671
597
997
614
591
654
576
952
564
899
577
548
915
564
617
593
586
938
624
552
572
564
974
610
598
571
610
968
565
545
548
580
930
560
579
570
633
983
621
599
649
584
967
646
675
617
591
1037
662
609
644
622
984
599
600
599
574
923
600
553
574
573
1007
622
602
575
596
1025
595
565
606
642
1033
606
944
617
649
975
579
560
583
567
902
576
649
634
591
965
616
647
600
612
989
641
594
603
597
1000
562
631
615
641
983
580
606
622
617
981
578
698
563
580
960
592
542
580
573
1010
599
574
583
634
911
556
542
625
600
968
567
576
617
656
987
575
614
609
634
996
604
589
966
672
935
589
586
624
624
976
573
585
590
589
925
570
583
620
601
982
604
587
675
606
995
613
634
639
567
926
566
629
579
571
927
595
698
577
528
898
599
557
579
589
995
591
607
589
571
1012
543
569
563
593
990
567
527
622
590
943
576
550
563
579
946
609
574
920
601
1004
628
607
591
572
972
575
564
576
612
987
585
602
746
617
963
582
607
577
576
972
599
621
625
749
939
594
565
614
609
963
659
604
624
633
1033
635
627
690
644
985
620
660
590
581
933
609
570
580
590
988
579
567
649
625
949
649
587
625
585
1016
568
951
642
575
955
603
650
660
626
1022
601
567
605
602
972
578
614
649
620
977
610
628
566
601
1055
667
631
636
663
979
562
588
663
629
995
647
646
585
567
978
538
567
630
556
954
597
578
617
621
986
600
582
669
613
950
602
561
578
617
1035
623
569
620
584
1321
621
598
613
638
1001
651
651
626
628
1066
589
586
559
633
947
598
602
621
614
1064
674
636
655
595
1025
611
603
575
604
971
573
608
630
643
1040
623
651
638
605
1003
656
625
605
668
1020
628
623
688
623
977
594
632
581
609
1042
603
601
612
670
1025
632
648
612
968
1012
600
593
556
642
953
580
611
598
568
913
655
615
606
634
963
566
624
588
565
948
631
602
637
633
955
599
579
611
591
963
587
558
605
589
1007
622
594
609
615
943
576
601
603
581
965
572
567
610
574
963
621
594
604
623
987
610
651
608
577
992
924
577
634
557
952
589
588
629
577
914
633
575
589
628
957
583
625
566
550
975
549
599
596
569
957
606
569
594
588
923
564
611
604
597
1068
583
580
635
554
959
619
549
604
598
930
557
618
597
591
945
574
606
584
656
1040
578
569
640
573
999
587
604
572
978
915
565
654
578
591
914
643
575
570
602
959
558
590
580
655
942
576
556
604
547
919
597
597
684
591
1005
575
597
624
569
909
569
575
607
639
969
550
575
545
566
979
579
624
613
599
904
668
596
581
592
948
611
625
545
564
914
564
585
579
596
943
569
947
622
607
1032
628
616
587
637
991
659
620
603
633
1026
594
662
646
613
1005
593
624
666
742
1027
595
610
627
643
1019
595
627
595
598
1117
610
631
615
615
1048
669
600
649
660
1010
679
608
591
578
962
647
609
625
648
950
611
658
647
615
1035
618
676
611
636
3142
606
656
669
613
1014
626
672
623
615
934
580
613
614
615
968
602
664
659
628
1008
578
678
606
609
935
618
651
623
612
1004
628
652
658
638
1046
667
648
636
630
1002
666
612
626
640
1104
631
601
629
598
1045
622
643
581
672
1014
663
632
592
651
1030
595
1014
704
618
974
642
642
592
629
984
705
605
627
627
1019
607
605
594
601
1008
594
610
647
629
1019
655
709
622
639
1020
673
571
602
614
997
628
627
636
687
1011
605
698
682
684
1035
707
640
643
634
5126
633
618
703
636
4402
669
644
654
661
4358
636
1000
618
675
5061
634
667
645
651
1030
594
619
651
707
4858
666
693
630
688
4290
674
686
676
642
4354
656
660
685
623
4357
631
643
681
637
4425
671
657
654
664
4341
683
671
637
642
4346
611
591
672
630
4493
645
685
624
672
4393
688
651
1030
689
4935
619
667
620
655
4459
622
609
656
641
4445
645
1247
677
669
4775
599
567
651
622
4557
673
616
650
636
4397
720
662
601
603
4470
638
639
620
627
4440
647
602
603
622
4517
627
576
599
637
4588
632
674
599
620
5440
622
652
601
604
4538
585
598
667
617
4528
603
594
615
608
4592
608
559
592
646
4572
627
609
604
630
4534
641
596
614
651
4518
626
589
643
611
4486
679
616
632
623
4481
682
617
611
649
4444
644
630
605
927
5197
612
593
615
645
4505
600
605
681
609
4537
608
641
626
586
4524
655
624
642
657
4410
657
660
679
684
4339
642
656
714
643
4355
690
650
616
600
4418
646
641
641
687
4373
620
981
669
604
4128
625
598
629
640
4550
661
616
680
646
4397
648
699
650
622
4367
656
657
628
748
4447
659
651
646
608
4292
600
625
646
644
4458
590
666
615
627
4515
631
974
624
657
5124
615
642
645
650
4449
634
660
684
634
4405
671
649
634
649
4406
638
719
649
612
4332
594
619
645
658
4522
641
642
661
665
4362
622
702
653
616
4428
661
678
1029
668
4963
635
612
637
615
4478
635
623
618
673
4582
696
611
618
651
4290
637
684
592
596
4518
616
649
615
631
4610
634
647
601
629
4336
600
643
654
575
4851
597
600
627
669
4205
657
598
600
638
4490
609
730
615
626
4452
645
654
654
651
4382
678
648
653
701
4306
676
670
623
637
4415
617
643
635
662
4442
1012
628
625
637
5074
651
706
644
644
4392
641
673
673
689
4422
711
647
625
643
4238
666
690
670
670
4324
693
696
654
680
5270
641
598
665
641
4429
621
600
657
636
6504
722
658
684
659
4248
670
695
673
659
4332
701
654
645
659
4339
645
652
645
669
4480
648
622
657
689
4363
656
585
664
609
4526
628
676
725
610
5231
657
600
633
665
4448
678
656
647
652
4396
605
647
613
633
4696
657
626
650
593
4399
606
638
657
611
4510
613
604
627
623
4606
613
615
619
599
4314
582
607
662
667
4589
672
648
663
588
4324
619
610
626
604
4670
618
706
635
600
4477
613
646
625
617
4335
642
681
680
679
4496
678
634
616
641
4246
626
618
607
625
4623
608
624
670
709
4285
632
662
626
653
4475
582
671
696
725
4424
641
626
641
658
4297
613
695
647
632
4576
660
673
644
619
4373
606
708
612
591
4474
620
620
624
596
4424
670
656
621
678
4482
672
631
619
598
4525
613
689
696
664
5208
645
673
644
622
4542
665
650
647
746
4279
642
645
638
685
4379
646
720
641
645
4378
645
660
660
639
4368
633
628
689
604
4305
613
612
654
673
4600
651
644
619
593
4479
625
613
658
634
4327
627
603
617
590
4695
636
604
583
654
4477
641
634
614
610
4756
657
671
595
594
5279
649
680
629
615
4386
625
673
723
652
4363
613
614
668
615
4499
620
643
676
635
4606
701
643
632
609
5225
596
619
642
627
4470
609
607
659
630
4565
621
669
619
606
4493
613
618
596
623
4499
609
633
622
652
4670
638
614
634
598
4327
636
646
687
587
4413
644
615
661
627
4495
641
612
630
617
4366
586
657
616
573
4694
624
633
640
631
4661
622
609
663
590
4341
650
660
663
665
4396
741
665
654
703
5168
638
689
642
636
4449
664
679
634
661
5326
631
677
630
638
5439
630
685
661
659
4349
648
662
667
595
4445
626
614
645
630
4474
638
619
651
596
4668
633
640
632
595
4512
617
613
655
595
4348
770
666
668
626
5277
697
669
642
661
5379
724
639
683
695
5188
627
639
629
650
4475
627
679
639
612
4632
689
699
682
674
5074
653
660
721
639
5326
669
629
657
672
4387
673
629
725
655
5324
589
656
636
663
4693
643
672
673
617
5123
656
639
609
639
4470
624
616
654
609
4435
562
692
614
636
4500
645
658
617
621
4494
653
719
632
657
5311
687
635
671
643
4365
632
659
642
596
4498
649
660
614
655
4495
638
646
588
625
4430
640
636
623
640
4515
675
608
624
695
4346
695
647
652
652
4477
709
646
658
680
5193
678
665
659
715
5259
666
613
654
651
4611
654
628
675
636
5188
656
615
637
673
4537
668
614
655
705
5238
621
660
646
633
4437
598
609
654
604
4826
662
635
611
650
5135
641
688
653
636
4493
635
659
604
636
4546
614
623
688
625
4425
632
612
616
651
4541
696
616
608
670
5270
608
690
630
613
4423
625
624
658
604
4460
654
603
606
658
4494
666
692
623
596
4719
602
691
633
627
5242
655
669
675
609
5330
627
627
674
647
4486
643
669
637
688
4273
655
598
640
662
4442
819
613
642
648
4397
638
635
627
688
4410
704
641
619
731
5189
633
626
629
677
4404
662
621
608
682
4440
833
651
656
645
5257
681
640
679
605
4337
621
637
676
636
4471
634
654
644
635
4454
672
635
624
661
4489
700
639
848
636
5063
621
612
668
627
4606
673
646
677
627
5378
625
612
658
637
4418
624
603
674
620
4601
624
646
595
623
5325
622
640
689
627
4456
617
622
661
617
4421
742
666
654
686
5291
675
672
642
661
5284
674
719
652
626
4513
675
668
670
662
5243
643
646
697
643
5338
682
655
749
657
5350
644
695
706
720
5172
671
675
705
659
5367
671
638
721
660
5287
615
723
679
631
5238
649
677
710
627
5444
661
659
690
670
5205
684
687
723
738
5493
727
638
645
667
5131
696
624
591
674
5401
759
688
707
710
5076
703
641
621
652
5411
701
669
703
732
5367
702
682
711
659
5112
677
643
732
676
5262
694
701
734
652
5275
657
660
675
630
5138
756
691
676
651
5566
631
682
731
668
5110
690
673
653
708
5327
709
682
651
669
5213
643
695
690
667
5327
618
657
2319
662
4655
725
683
654
710
5323
671
646
653
723
5309
681
716
668
655
5259
703
697
656
702
5251
750
731
678
680
5032
674
674
588
616
4434
630
669
756
685
5420
683
666
643
711
5163
752
684
656
752
5364
653
732
663
638
5127
679
729
716
657
5211
673
666
732
682
5332
635
690
753
709
5132
697
665
643
699
5541
733
672
700
732
6378
712
795
739
772
4709
732
678
663
701
5084
672
657
636
700
5539
684
727
679
681
4965
649
651
705
627
5342
706
692
742
677
5328
705
681
680
743
5284
747
675
669
692
4978
712
633
670
668
4433
763
719
678
705
5145
715
635
664
695
5403
727
679
659
683
5134
689
682
654
628
5343
627
730
706
682
5377
646
642
610
688
5291
704
717
664
619
5322
593
666
641
659
5417
647
604
658
751
5366
693
671
613
676
5190
635
670
619
603
4589
640
667
629
627
5475
593
601
594
574
4536
530
556
604
556
4793
581
570
592
567
4838
666
637
629
671
5307
680
625
631
655
5364
712
681
630
655
5481
691
635
714
695
5162
691
664
733
653
5261
661
680
743
636
5234
671
727
700
637
5295
593
699
675
686
5451
698
688
698
674
5114
721
674
719
709
5195
677
625
703
666
5445
680
684
680
649
5139
605
644
602
576
4739
618
677
732
669
5081
709
629
629
674
4444
594
630
816
656
5367
674
739
659
630
5285
660
652
738
669
5380
641
655
707
691
5209
636
665
695
630
5393
662
620
749
649
5239
711
634
688
634
5415
693
655
708
676
5382
682
676
702
663
5114
720
644
714
643
5307
732
672
713
680
5281
724
667
713
705
5079
754
692
679
673
5149
760
658
857
707
4986
744
681
750
681
5196
757
656
671
713
5356
630
708
631
651
5230
695
631
657
759
5251
729
682
723
649
5256
744
696
633
662
5218
649
661
647
701
5372
651
672
749
627
5302
752
640
703
668
5288
664
659
695
642
5280
651
758
681
673
5291
705
694
664
708
5079
651
682
669
637
4521
587
694
684
724
5244
665
736
650
615
5524
626
612
635
615
5216
659
592
570
587
4898
672
661
729
663
5159
609
578
550
611
4507
599
654
629
576
4612
592
580
685
636
4550
599
714
637
670
5363
702
676
668
728
5271
613
681
638
628
5381
609
696
723
677
5302
672
656
685
633
5528
613
582
631
698
5259
729
607
619
662
4445
700
614
680
734
5202
708
617
615
673
5351
653
609
581
634
4586
661
658
631
658
5419
694
665
751
690
5215
674
665
706
657
5367
572
589
650
587
4466
640
677
645
653
5382
625
699
628
659
5352
595
554
638
548
4799
642
649
675
676
5281
636
592
616
609
4506
575
602
562
569
4741
678
711
646
676
5279
678
713
681
649
5230
734
690
754
660
5268
650
642
707
628
5403
563
612
624
600
4455
625
583
733
683
5545
629
674
715
700
5130
562
601
614
603
4710
687
735
653
662
5213
615
657
561
650
4460
594
660
597
605
4651
666
642
763
675
5161
614
592
596
654
4516
595
734
646
653
5575
598
608
658
575
4439
682
593
549
619
4595
556
645
662
673
5409
643
656
641
622
4488
598
618
719
605
5483
647
647
618
569
4424
679
678
664
615
5395
705
710
682
708
5270
751
684
673
705
5142
688
756
610
661
5142
635
671
671
657
4543
713
715
664
662
5226
757
665
656
669
5269
619
620
620
655
5334
668
675
683
718
5420
655
727
664
604
5252
554
590
574
538
4658
639
661
618
529
4661
681
664
604
606
4327
641
604
569
609
4538
561
622
723
667
4479
577
617
694
585
4642
700
588
561
590
4438
687
681
726
667
5308
616
621
581
579
4646
285
281
378
347
4647
380
296
262
309
4755
316
397
312
286
4694
318
322
349
363
4590
331
397
307
302
4740
265
254
259
284
4889
316
313
393
364
4654
372
359
315
304
4574
278
281
288
403
4762
319
429
386
305
4628
325
289
295
299
4738
293
288
290
376
4818
311
296
387
390
4546
306
352
353
309
4718
388
377
292
292
4697
316
315
286
346
4617
322
298
400
347
4614
376
393
356
311
4783
642
698
633
701
5192
625
689
743
718
5327
694
658
674
2233
4589
660
664
763
697
5233
718
770
680
643
5321
622
615
622
653
5476
682
733
665
646
5227
603
612
605
630
4446
619
658
614
572
4578
635
636
681
710
5254
675
618
594
533
4746
663
653
745
672
6050
612
595
625
662
4742
639
650
607
622
5400
637
660
633
610
4539
690
701
765
676
5159
703
608
611
666
5474
639
741
669
661
5178
618
683
603
692
5389
707
720
752
602
5152
634
686
758
713
5371
682
672
737
578
5235
665
618
766
629
5377
664
639
645
558
4345
654
686
740
698
5398
638
620
721
678
5411
621
671
764
699
5238
671
631
633
711
5317
636
679
613
623
5306
605
592
642
711
5455
710
755
668
662
5144
679
701
696
823
5173
676
730
754
659
5199
641
693
693
754
5240
703
742
708
697
5149
613
617
602
698
4370
692
703
682
665
5383
640
604
719
635
5356
729
633
662
729
5194
600
670
592
581
4586
585
581
688
580
4549
731
611
636
683
5495
652
669
586
603
5387
697
706
771
638
5177
587
604
637
583
4645
588
608
668
696
5508
656
590
652
627
5388
622
581
603
719
5462
655
641
591
603
5480
640
652
634
608
5462
667
687
680
689
5276
697
656
639
739
5195
569
639
597
631
4635
626
665
659
577
5591
685
668
711
621
5110
610
607
607
607
4763
618
674
660
595
5332
656
641
644
597
4434
704
664
672
682
5307
664
662
684
625
5453
630
620
645
742
5282
674
614
585
549
4548
622
613
676
604
5605
673
623
636
641
5359
642
690
616
625
5348
648
719
715
723
5317
654
631
581
658
5386
587
655
650
552
4539
628
572
672
618
4639
775
647
605
728
5150
646
658
618
633
5487
722
784
699
655
5159
634
611
681
589
5370
654
580
645
602
4624
718
709
773
694
5070
757
753
754
759
4936
705
706
620
649
5284
616
611
676
589
4568
700
695
683
691
5268
690
622
606
724
5387
686
782
677
656
5220
626
768
719
705
5079
606
654
769
668
5377
584
616
647
648
4420
704
635
598
657
6948
735
757
663
686
4747
739
629
640
584
5378
669
600
672
707
5398
766
750
686
664
4980
653
613
677
639
5464
778
691
703
751
5036
644
711
631
623
5504
673
675
836
697
5172
708
660
669
745
5104
667
643
694
684
5362
639
696
630
584
5365
657
721
737
661
5197
584
616
652
616
4614
608
559
637
615
4532
674
583
618
603
4615
706
613
597
653
5388
676
588
694
694
5376
649
678
639
698
5352
663
794
665
648
5163
607
669
719
690
5390
621
600
670
637
5324
653
611
660
608
4563
752
688
640
760
5102
701
613
640
694
5389
658
637
600
672
5532
706
661
622
723
5175
698
607
605
709
5420
690
675
734
716
5219
675
618
702
640
5296
567
599
649
608
5483
689
739
676
577
5386
649
798
676
677
5280
619
656
642
586
5475
644
609
644
657
5413
659
630
626
627
5425
613
684
708
679
5418
557
601
617
621
6300
560
705
639
648
4632
605
607
665
686
5425
635
610
578
561
4638
663
690
720
567
5294
659
619
638
796
5373
636
679
625
660
5364
625
669
766
689
5362
668
617
606
687
5270
659
662
667
693
5443
609
670
600
573
4505
607
634
691
610
5445
627
635
711
610
5463
654
696
701
731
5278
673
610
625
702
5212
745
656
656
737
5321
668
635
579
622
4450
704
666
638
688
5374
724
656
634
645
5220
684
589
607
760
5455
729
672
813
635
5000
658
673
787
691
5303
643
671
701
616
5439
699
746
721
743
5019
709
617
595
654
5374
610
559
621
570
4714
661
675
676
616
5405
657
612
706
638
5355
621
672
775
700
5279
669
669
653
697
5221
705
633
616
683
5454
791
728
734
750
4995
785
691
714
726
4934
682
660
721
731
5293
666
604
589
718
5325
646
584
566
632
4667
712
641
603
604
5482
691
687
625
623
5315
693
672
624
663
5326
728
713
648
716
5268
756
685
682
631
5313
763
696
712
762
4961
702
624
669
663
5338
645
621
670
605
5432
651
702
650
696
5335
683
713
611
667
5342
747
721
752
748
5021
652
619
667
557
5513
626
667
647
587
5439
644
614
588
723
5377
691
603
676
667
5445
614
617
655
579
5497
650
718
633
658
5359
646
734
705
683
5267
656
637
606
693
5386
686
729
631
675
5295
699
774
693
685
5067
637
703
777
738
5027
729
638
622
758
5486
785
713
584
663
5160
749
748
616
617
5212
621
604
592
657
4522
672
672
694
696
5370
685
717
744
678
5160
610
675
648
556
5530
659
724
650
631
5364
619
676
631
592
5546
672
704
589
615
5376
634
654
557
651
5404
643
621
696
757
5310
697
616
612
599
5433
678
682
699
660
5359
593
643
601
584
5549
638
730
679
726
5225
626
672
688
630
5346
610
647
581
614
4659
753
800
650
748
5014
689
665
603
705
5267
717
629
613
667
5519
759
687
764
735
4942
622
646
606
571
4527
587
672
600
673
4535
729
711
774
686
5042
588
584
687
564
4488
605
649
713
672
5448
703
742
663
591
5329
609
645
604
604
4543
747
668
690
749
5112
680
639
686
631
5418
703
591
709
594
5331
650
741
627
705
5362
682
603
671
681
5262
572
601
636
611
4623
595
692
560
615
4538
750
731
770
691
5168
596
682
606
783
5392
759
707
800
757
4759
568
622
694
678
5440
673
589
650
638
4651
696
725
752
734
5015
651
626
688
657
5382
588
641
665
731
5392
709
722
712
615
5151
650
701
687
667
5304
666
665
669
599
5460
617
655
631
725
5055
751
666
634
685
5304
633
693
589
601
4513
698
726
689
692
5208
558
600
623
554
4596
624
651
625
624
4596
632
723
610
613
5362
624
717
670
637
5367
620
659
603
620
5449
607
670
656
619
5480
650
687
657
627
7313
665
705
712
720
5191
615
644
659
589
5548
647
740
677
710
5351
633
707
638
654
5253
580
633
606
661
5481
698
710
611
720
5353
657
754
669
634
5189
636
671
647
663
5510
690
615
719
672
5212
642
602
658
624
5414
622
628
687
629
5526
701
688
803
659
5102
611
647
689
559
5512
630
702
729
683
5305
633
700
630
589
5416
663
739
665
759
5225
694
682
576
627
5354
691
624
673
660
5412
680
674
627
614
5397
641
701
646
715
5203
690
880
689
627
5238
646
644
673
659
5363
776
694
681
754
4975
721
685
723
850
5093
628
682
570
575
5412
555
680
602
596
4708
738
751
684
667
5185
625
658
696
636
5316
625
694
683
649
5296
622
600
659
620
5583
610
592
702
625
5414
666
643
676
612
5483
752
696
741
714
5011
635
669
642
659
5471
739
770
718
717
5343
645
702
588
612
5162
753
770
683
708
5091
768
718
683
706
5077
656
752
700
750
5267
636
636
729
662
5192
696
652
680
699
5263
717
823
709
659
5046
619
598
645
642
5489
792
748
727
723
5130
647
727
673
604
5330
593
639
756
757
5221
706
621
604
622
5435
613
681
615
564
5556
588
697
666
605
5463
691
712
773
665
5125
654
568
608
642
4606
713
677
663
746
5193
756
859
701
608
5020
596
606
687
642
5462
740
742
675
698
5320
607
693
672
637
5268
608
613
702
655
5295
694
623
673
720
5439
657
645
606
709
5286
612
697
599
575
5634
694
765
752
678
5013
625
627
656
648
5446
638
615
671
590
5492
634
624
679
641
5524
790
744
694
771
4890
650
743
644
637
5359
705
709
786
743
5142
765
673
723
704
4935
667
692
649
628
5449
671
635
709
662
5418
691
620
600
684
5413
741
724
671
758
4970
654
708
698
682
5333
691
752
662
721
5143
626
685
743
630
5394
695
722
744
717
6146
767
806
789
679
4998
747
659
657
624
5180
696
691
717
648
5256
593
629
576
648
4427
699
626
680
665
5447
777
693
802
749
5008
673
590
695
707
5228
639
648
671
664
5433
656
678
741
666
5245
618
783
642
666
5276
674
758
693
771
5273
815
673
655
707
4957
710
653
638
733
5331
667
628
644
741
5180
759
666
732
697
5276
640
620
699
637
5451
616
665
707
655
5328
720
777
716
695
5100
658
674
619
697
5291
768
714
678
805
5158
659
613
651
588
5677
705
800
689
661
4886
630
704
642
683
5291
724
673
669
599
5290
665
748
702
752
5332
808
733
739
635
4840
632
709
647
696
5409
714
672
671
645
5270
782
681
744
696
5292
613
639
693
574
5289
664
711
666
596
5454
717
770
713
712
5067
691
631
669
739
5322
641
604
622
628
5355
615
632
626
684
5522
719
646
637
728
5374
662
665
700
653
7350
604
702
630
672
5248
746
763
729
671
5041
604
702
659
643
5296
681
668
582
689
5629
695
636
731
615
5188
608
674
665
614
5406
681
652
750
756
5114
669
582
593
696
5391
669
694
630
699
5394
682
691
670
692
5272
684
713
612
627
5466
671
788
620
604
5214
668
732
653
610
5504
636
681
579
697
5240
686
720
601
683
5326
682
685
633
683
5313
704
672
754
749
5058
700
639
618
670
5410
681
656
646
685
5258
684
711
727
755
5224
657
649
579
684
5387
712
640
618
797
5239
725
633
616
670
5415
703
681
643
722
5229
710
622
670
684
5354
672
674
778
700
5081
608
654
653
644
5423
745
767
756
742
5135
706
648
689
632
5240
702
698
794
663
5165
610
633
711
650
5528
715
630
709
682
5127
755
651
665
691
5257
751
652
779
763
5102
708
623
651
733
5242
707
729
631
636
5231
706
702
759
667
5174
725
674
604
673
5251
646
737
778
633
5341
596
681
678
757
5262
677
707
636
648
5366
713
740
850
667
4946
816
716
664
800
5072
630
695
652
652
5365
720
751
647
600
5177
670
639
694
617
5482
651
626
692
704
5236
743
667
698
796
5167
702
672
627
678
5262
681
721
645
701
5352
772
743
634
722
5028
615
754
641
726
5324
654
712
681
720
5289
658
642
737
653
5168
711
681
678
705
5286
665
634
719
681
5173
742
733
712
705
5219
627
646
837
719
5271
728
655
658
729
5021
648
745
646
702
5360
669
670
720
657
5264
762
645
681
760
5161
636
646
624
567
5555
641
710
702
625
5349
631
713
758
699
5239
767
702
688
759
4861
684
693
696
762
5190
721
694
691
789
5105
688
794
673
765
5243
675
779
643
649
5225
717
816
686
728
5127
635
682
624
711
5294
667
691
642
698
5160
723
684
642
741
5264
734
676
677
688
5237
631
590
633
609
5600
643
714
636
573
5336
653
730
649
706
5233
704
663
628
710
5361
788
806
619
663
5094
712
681
654
642
5305
671
720
703
594
5413
656
649
728
617
5253
645
650
660
699
5300
725
647
618
729
5409
814
712
682
766
5017
686
629
595
635
5477
681
731
639
686
5124
706
807
640
798
5119
819
750
692
787
4990
726
793
676
772
5119
708
618
593
680
5291
651
662
671
655
5288
629
599
722
633
5585
693
746
693
735
4956
697
689
688
669
5318
730
706
745
724
5098
659
733
633
641
5398
713
703
605
655
5269
679
611
732
708
5367
675
730
599
601
5354
658
761
657
656
5249
667
725
749
732
5221
644
669
692
649
5163
749
633
692
635
5277
828
727
668
710
5123
624
715
659
633
5403
636
649
697
728
5366
783
711
692
775
4898
671
754
662
635
5375
652
729
757
655
5083
753
811
2819
680
4909
631
662
756
759
5390
736
700
770
774
5080
715
633
697
659
5062
730
623
621
670
5497
746
671
687
632
4993
726
660
661
697
5401
683
758
698
702
5221
647
665
768
773
5204
764
596
646
710
5192
734
745
819
753
5022
817
714
732
735
5151
741
721
841
740
4870
737
689
669
637
5124
673
666
783
740
5073
694
730
778
737
5194
756
706
818
707
4825
778
636
642
811
5234
793
853
791
777
5772
680
684
729
655
5369
701
839
732
694
5260
633
646
716
689
5015
665
698
674
747
5416
744
782
820
733
4939
717
828
738
734
5951
721
714
741
799
4956
711
742
809
726
4869
713
747
780
730
5085
817
745
716
738
5147
654
673
724
705
5094
772
842
736
740
5026
660
649
644
774
5038
672
704
696
679
5589
841
725
715
761
5764
717
717
830
700
4966
778
733
704
735
5144
692
825
833
734
5056
732
700
728
839
4696
741
834
783
744
5048
603
636
698
744
5210
696
789
704
798
5117
633
690
641
634
5281
649
670
732
712
5379
811
706
708
915
4791
700
698
630
658
5150
637
712
642
613
5736
746
736
788
710
4868
658
667
733
650
5131
644
634
703
675
5465
734
707
880
781
5003
696
653
738
745
4979
681
649
662
701
5390
857
700
693
759
5013
644
758
653
615
5252
619
651
714
675
5430
805
695
698
751
5049
639
723
669
621
5263
724
743
827
722
5055
741
633
606
680
5288
646
755
614
690
5501
712
654
717
671
4999
632
670
737
695
5367
807
688
665
738
4971
702
720
653
721
5272
660
770
636
739
5206
657
733
711
666
5110
651
659
787
672
5331
714
634
661
839
5204
771
728
677
729
5087
668
798
811
719
4963
641
729
625
656
5344
873
735
748
735
4866
624
693
700
826
5220
702
746
722
618
5116
628
708
683
682
5375
729
817
746
674
5073
820
793
800
941
5691
841
772
770
716
4841
789
685
729
618
5156
671
659
743
712
5246
880
800
749
717
4808
681
658
778
822
5196
689
737
718
658
5066
667
635
711
932
4980
652
786
666
699
5265
633
633
638
795
5367
678
841
697
671
4998
610
637
783
718
5315
878
710
711
691
4991
686
723
734
751
5077
797
739
764
769
5606
639
599
622
631
4875
645
738
663
659
5316
626
681
939
699
5007
817
643
654
663
5190
618
758
656
648
5410
644
657
688
679
5265
737
687
643
730
5259
619
679
705
663
5197
681
695
931
708
5245
763
668
687
763
5005
719
722
638
681
5306
665
650
623
758
5200
763
753
853
690
5790
756
661
725
694
5341
609
660
804
770
5243
734
727
738
670
5011
687
763
656
779
5239
645
713
669
691
5110
789
739
793
843
4805
642
640
634
742
5331
620
593
594
615
5618
789
723
688
694
5072
644
683
622
663
5496
669
709
790
727
5100
670
629
666
680
5496
839
693
641
633
5017
866
791
732
850
5810
759
702
659
667
5202
757
764
646
691
4976
811
688
700
650
5339
769
726
710
823
5021
653
655
671
645
5418
685
637
630
599
7443
742
765
676
645
5152
840
902
737
692
5676
706
730
734
639
5104
634
636
603
648
5573
762
708
826
767
4952
687
674
717
605
5261
772
813
728
837
4964
636
640
641
650
5476
702
735
852
757
4887
639
749
646
614
5278
854
742
728
696
5115
722
650
726
683
5105
680
751
724
637
5147
666
639
666
708
5350
679
749
859
661
5144
758
678
645
611
5155
599
633
787
717
5449
813
694
631
674
5105
667
701
847
671
5297
755
637
666
710
4961
617
709
711
680
5493
628
659
724
655
5137
710
735
664
639
5224
639
802
691
678
5216
659
621
681
704
5383
726
712
762
858
4927
614
771
648
646
5309
650
656
781
647
5351
719
813
664
712
5189
648
688
677
817
