64,2,132,2
68,4,124,4
58,5,133,4
69,1,128,2
60,6,133,1
66,2,131,1
69,1,128,2
67,3,128,2
62,1,132,5
73,3,120,4
63,5,130,2
54,3,141,2
64,1,125,10
72,5,120,3
60,1,136,3
66,4,126,4
66,2,128,4
61,2,130,7
65,3,126,6
66,2,131,1
71,1,128,0
58,2,136,4
57,3,137,3
78,1,118,3
59,0,138,3
66,3,129,2
68,1,127,4
61,3,132,4
69,3,125,3
66,0,133,1
74,2,124,0
62,1,132,5
62,2,134,2
54,3,139,4
62,3,130,5
71,3,125,1
63,2,130,5
75,5,119,1
81,0,116,3
75,1,121,3
65,6,123,6
58,2,136,4
60,2,132,6
67,6,126,1
64,4,130,2
62,3,133,2
60,6,131,3
53,3,135,9
63,5,130,2
61,1,131,7
60,3,131,6
67,5,124,4
66,2,131,1
63,2,131,4
72,4,123,1
64,2,131,3
65,3,129,3
75,1,122,2
60,1,136,3
64,1,135,0
71,4,122,3
69,2,126,4
65,1,134,1
70,1,128,2
62,3,133,3
62,2,136,1
52,1,146,2
62,7,128,4
54,3,141,3
65,0,130,5
61,0,134,5
67,4,125,4
66,3,129,2
79,4,117,0
73,0,122,5
68,0,125,7
71,5,121,3
60,1,133,6
73,0,122,4
72,4,119,4
62,3,129,5
59,0,138,2
76,2,118,3
73,4,116,6
59,4,135,1
73,2,118,6
73,3,124,0
59,0,140,1
73,1,122,4
69,4,122,5
78,1,116,5
70,2,124,4
75,1,121,3
62,3,135,0
76,2,121,1
50,4,142,4
65,6,125,4
60,0,135,5
59,6,129,6
69,2,126,3
76,3,120,2
84,0,113,4
72,4,125,0
72,2,125,2
74,2,119,6
74,3,122,2
69,4,127,1
69,3,127,2
81,2,117,1
76,3,117,5
67,2,129,2
67,3,129,1
79,1,116,4
78,0,122,0
82,2,115,1
75,0,124,1
77,3,120,0
83,2,112,3
72,1,126,1
71,2,124,3
90,3,104,3
77,3,118,2
75,3,119,3
80,1,118,1
67,2,129,2
64,5,129,2
72,4,121,3
79,2,117,2
74,1,122,3
74,1,123,2
77,3,118,2
75,1,120,4
73,2,125,0
75,2,121,2
71,0,125,4
85,1,113,1
74,0,124,2
64,5,128,2
80,4,114,1
75,2,118,4
69,1,125,4
70,1,125,3
74,0,121,4
68,3,128,0
67,0,131,1
64,2,132,1
78,2,115,4
72,0,124,3
80,3,115,1
76,2,118,3
78,2,118,1
64,1,131,3
74,2,117,6
80,8,111,0
69,1,126,3
78,1,116,4
79,1,115,4
71,2,122,4
74,4,120,1
73,2,123,1
79,2,115,3
76,0,124,0
76,1,122,1
75,2,121,2
74,3,120,3
79,1,117,3
72,3,122,3
65,0,131,4
86,1,112,1
74,3,121,2
79,0,117,4
80,2,117,1
76,0,123,1
77,0,119,4
77,3,119,1
80,1,116,3
81,0,118,1
71,2,122,5
74,0,123,3
71,2,123,4
73,0,125,2
76,3,119,2
77,1,119,3
77,0,120,3
71,2,127,0
89,1,107,3
73,2,125,1
73,1,122,5
76,2,123,0
74,1,125,1
69,0,131,1
78,1,117,5
67,1,130,3
82,0,118,1
71,3,124,3
74,1,124,2
73,1,123,4
87,1,111,2
80,1,116,4
73,1,126,1
65,4,130,1
70,0,126,4
81,2,115,2
65,3,131,1
73,1,123,3
80,3,115,2
70,2,125,3
55,0,143,2
65,2,133,0
70,1,128,1
72,1,123,4
76,3,120,1
62,0,136,2
67,0,131,2
75,3,121,1
77,1,121,1
60,2,131,7
88,1,106,5
69,2,126,3
62,3,132,3
61,2,132,5
82,1,114,3
53,3,141,3
76,1,118,5
63,2,131,4
68,2,128,2
75,2,120,3
74,2,124,0
64,4,130,2
73,1,124,2
72,1,121,6
69,2,127,2
74,1,124,1
69,2,126,3
87,0,113,0
64,0,134,2
70,0,128,2
64,2,130,4
69,3,119,9
70,3,126,1
70,0,124,6
58,1,139,2
67,3,127,3
70,0,128,2
61,1,134,4
79,1,116,4
60,1,137,2
86,0,113,1
84,2,112,2
80,1,113,6
70,2,122,6
66,1,131,2
86,1,111,2
77,1,120,2
67,0,129,4
71,0,127,2
71,2,122,5
73,1,123,3
71,3,123,3
63,1,132,4
74,0,122,4
70,3,119,9
65,4,131,1
74,3,124,0
65,0,134,2
92,1,108,0
69,2,126,4
67,3,128,3
69,2,128,1
68,0,128,4
87,0,112,1
63,1,133,3
68,0,127,5
70,1,128,1
72,2,126,0
65,0,134,1
82,1,114,3
76,1,120,3
51,3,145,1
78,0,119,2
76,2,118,3
66,2,128,3
73,1,124,1
70,1,127,1
66,1,127,5
80,3,114,2
73,1,124,2
65,0,133,2
84,1,111,4
67,0,130,3
66,1,132,1
70,1,125,4
65,2,132,1
68,1,129,2
65,2,131,2
68,2,129,1
74,0,124,2
71,2,127,0
76,2,118,4
70,3,124,3
49,3,145,3
67,2,127,4
55,3,138,4
59,5,136,0
65,4,128,3
64,1,130,5
67,4,125,4
70,1,127,2
59,1,134,6
68,3,125,4
68,2,128,2
71,0,124,5
67,5,125,3
70,2,126,2
66,1,127,6
81,1,116,2
80,2,117,1
74,4,117,5
62,0,133,5
65,3,130,2
66,2,129,3
72,1,126,1
59,2,135,4
85,1,111,3
79,2,116,3
64,1,134,1
70,1,128,1
69,2,127,2
66,1,130,3
67,1,130,2
64,3,129,4
68,1,126,5
75,0,121,4
56,3,138,3
52,5,140,3
64,2,131,3
69,2,125,4
61,2,133,4
67,0,131,2
53,1,139,7
53,0,144,3
56,0,142,2
65,1,132,2
66,1,132,1
69,0,127,4
72,1,126,1
73,2,122,3
71,3,121,5
63,2,133,2
72,3,119,6
67,2,129,2
66,2,129,3
61,1,135,3
69,2,127,2
78,3,114,5
67,2,128,2
61,2,134,2
67,1,127,4
61,5,130,3
72,1,124,2
62,3,130,4
68,1,127,4
62,2,130,6
71,6,121,2
61,0,134,5
63,2,130,5
64,3,129,4
68,1,128,3
76,1,120,3
67,1,128,4
82,3,114,1
67,1,129,3
71,2,127,0
71,1,126,2
63,1,132,4
68,0,130,2
75,0,123,2
69,0,129,2
65,1,132,2
68,1,130,1
76,2,120,2
67,2,127,4
74,2,121,3
64,0,135,1
70,2,126,2
62,2,131,5
74,0,125,2
69,1,128,3
65,1,133,2
66,3,129,3
67,1,131,2
75,1,122,3
52,3,144,1
72,2,120,6
68,3,126,3
66,0,130,4
60,5,132,3
54,2,143,1
70,2,126,2
69,1,127,3
72,1,124,3
74,2,122,2
60,1,137,2
64,1,129,6
68,1,128,3
79,1,117,3
65,1,130,4
72,2,122,4
71,1,126,2
67,1,129,3
67,0,131,2
69,1,127,3
80,2,113,5
68,1,126,5
57,6,135,2
79,1,117,3
68,1,128,3
74,1,122,3
62,2,134,2
74,1,121,4
66,3,128,3
73,0,119,8
60,2,135,3
60,0,137,3
65,4,129,2
63,2,132,3
73,0,123,4
75,2,121,2
72,2,123,3
75,2,120,3
64,3,130,3
67,2,129,2
63,0,133,4
70,1,126,3
80,0,119,1
66,2,130,2
65,1,134,0
72,1,127,0
74,3,120,3
63,3,132,2
71,2,125,2
84,1,113,2
72,1,122,5
73,1,123,3
73,1,126,0
68,1,128,3
66,3,129,2
66,0,129,5
72,0,123,5
71,0,128,1
72,0,124,4
83,3,112,2
59,1,137,3
61,1,137,1
66,1,130,3
81,0,117,2
60,1,137,2
65,2,131,2
69,0,129,2
60,1,136,3
58,1,140,1
73,2,126,0
62,0,134,5
69,2,130,0
65,2,129,4
67,2,130,1
68,0,130,2
68,2,123,7
76,4,120,0
89,2,105,4
74,0,125,1
64,4,131,1
76,3,119,2
63,3,131,3
59,2,137,2
67,2,126,5
69,1,125,5
69,1,130,0
70,2,127,1
77,4,116,3
88,1,109,2
58,0,137,5
76,4,115,5
63,2,131,3
63,2,131,3
75,3,118,3
67,1,129,3
64,3,131,2
76,1,119,4
52,3,142,3
74,0,126,0
68,2,119,11
81,2,116,1
64,0,134,2
71,2,123,4
69,0,129,2
67,2,130,1
74,0,123,3
70,2,126,2
72,2,125,1
65,2,128,6
74,0,121,6
61,2,136,2
62,1,135,2
73,1,124,2
72,3,124,1
68,3,125,4
77,1,118,4
61,0,139,0
64,1,132,3
70,0,127,3
82,0,112,6
65,3,131,1
66,2,131,1
68,3,128,1
68,1,128,3
70,2,122,6
63,1,134,2
62,1,136,1
72,3,125,0
64,0,132,4
70,2,126,2
63,3,129,5
76,2,122,0
73,0,123,4
78,1,116,5
70,2,128,0
74,1,123,2
72,2,125,1
67,1,130,2
66,3,128,3
72,0,126,2
68,3,125,4
76,1,120,3
80,2,116,2
75,0,124,1
59,1,138,2
76,1,120,3
77,0,122,1
68,2,125,5
75,0,122,3
62,2,133,3
79,0,119,2
74,0,122,4
72,3,123,1
63,0,133,3
66,0,130,3
62,3,134,0
78,0,121,0
73,0,121,5
69,2,128,0
72,0,124,3
59,3,136,1
65,3,130,1
72,1,121,5
74,0,125,0
66,0,131,2
66,3,127,3
65,2,131,1
64,1,132,2
68,1,128,2
66,4,126,4
64,2,132,2
61,3,134,2
67,1,130,2
54,4,141,1
66,0,130,4
68,0,127,5
78,2,117,3
67,3,128,2
55,0,143,2
73,3,122,2
58,3,137,2
83,1,113,3
71,4,125,0
76,1,119,4
70,0,128,2
75,2,121,2
59,2,135,4
82,1,115,2
80,1,115,4
68,2,128,2
79,1,117,3
64,1,129,6
81,1,113,5
73,1,124,2
84,1,113,3
69,1,130,1
68,1,128,4
77,1,121,2
77,0,121,3
68,0,133,0
60,1,135,5
74,1,124,2
73,1,125,2
84,2,112,3
77,1,121,2
77,2,120,2
66,2,131,2
67,0,130,4
55,0,144,1
42,1,154,3
55,2,139,4
66,2,129,3
61,1,135,3
55,1,140,4
58,2,136,4
57,2,140,1
59,0,138,3
54,1,144,1
44,4,149,3
50,1,148,1
54,1,142,3
59,0,140,1
54,3,142,1
54,0,141,5
59,4,136,1
56,2,138,4
69,2,126,3
56,1,142,1
53,0,142,5
54,5,138,3
59,4,134,3
54,0,139,7
56,4,139,1
62,0,137,1
59,1,137,3
50,5,144,1
58,2,137,3
53,1,144,2
54,3,140,3
63,2,134,1
55,3,141,1
55,3,139,3
66,1,133,0
55,0,142,3
53,2,141,4
58,1,140,1
50,1,146,3
51,2,145,2
52,4,141,3
46,3,147,4
56,2,139,3
51,2,140,7
58,3,137,2
49,0,151,0
51,3,145,1
59,3,137,1
43,1,155,1
66,1,132,1
65,1,131,3
59,2,137,2
47,0,150,3
59,1,137,3
65,1,131,3
55,2,141,2
62,3,133,1
58,1,138,2
54,1,140,4
58,1,138,2
42,3,150,4
55,2,139,4
54,5,137,4
58,0,141,1
49,1,149,1
58,5,134,3
68,0,129,3
60,0,138,2
50,1,147,2
53,1,141,5
54,4,135,7
46,2,150,2
57,4,136,3
62,1,134,3
59,5,135,1
52,3,141,4
57,2,136,5
61,6,131,2
52,2,142,4
60,1,135,4
42,2,154,2
54,1,145,0
53,2,142,3
61,1,134,4
50,3,144,3
45,1,147,7
44,5,150,2
49,1,148,3
56,1,143,1
57,3,135,6
61,2,137,1
55,2,136,7
65,1,132,2
68,1,131,0
58,4,135,3
39,4,154,3
52,2,142,4
52,3,141,4
60,2,132,6
60,4,135,1
69,1,128,2
76,1,121,2
82,1,117,0
66,0,130,4
58,3,138,1
64,0,135,1
68,1,129,2
75,2,121,2
65,3,128,4
69,2,128,1
84,2,111,3
83,0,116,1
70,1,126,3
62,2,132,4
67,3,128,2
65,2,132,1
74,5,119,2
63,2,131,4
70,0,123,7
67,0,132,1
78,3,116,3
69,0,131,0
79,1,117,3
73,3,123,1
75,1,120,4
85,0,113,2
70,1,125,4
57,1,141,1
67,3,130,0
75,5,117,3
62,5,128,5
73,1,125,1
67,1,129,3
65,2,128,5
64,1,134,1
77,1,121,1
76,2,121,1
82,2,116,0
72,1,121,6
59,1,135,5
63,3,131,3
65,0,131,4
74,2,121,3
64,1,135,0
65,5,129,1
73,2,121,4
70,1,126,3
86,1,113,0
61,1,136,2
77,3,117,3
61,1,133,5
70,3,125,2
77,8,114,1
85,1,111,3
73,0,121,6
63,1,131,5
76,2,122,0
76,1,121,2
64,3,129,4
70,3,123,4
67,2,128,3
65,4,125,7
63,3,132,3
88,3,107,3
80,2,115,4
56,5,134,6
66,0,135,0
61,3,135,2
69,2,129,1
68,2,125,6
72,1,126,2
73,0,126,2
70,3,125,3
56,1,139,4
77,5,115,2
71,0,127,1
68,1,126,4
74,1,121,3
84,0,114,1
67,4,127,1
79,0,118,2
62,1,131,5
69,3,125,2
58,1,135,5
71,4,124,0
74,2,123,0
73,1,124,2
90,1,107,2
59,0,138,3
68,0,128,4
78,1,120,1
65,3,130,2
66,1,132,1
75,2,120,3
69,1,127,3
70,0,126,4
65,0,134,1
67,1,131,1
71,2,126,1
72,2,123,3
71,7,119,3
78,1,116,5
59,0,140,1
64,2,130,4
65,2,129,4
68,3,126,3
73,2,120,5
82,7,109,2
69,2,126,3
74,3,119,4
65,1,132,2
66,0,131,3
71,6,120,3
70,1,123,6
67,3,128,2
67,3,126,4
64,1,129,6
69,3,126,2
72,2,123,3
72,2,122,4
70,2,125,3
73,5,119,3
74,2,123,1
69,3,124,4
68,0,130,2
65,4,130,1
69,2,125,4
67,1,128,4
65,2,133,0
64,5,129,2
62,6,129,3
66,1,129,4
76,1,117,6
62,5,133,0
70,1,123,6
85,2,110,3
88,3,105,4
79,3,114,4
63,4,128,5
68,1,129,2
65,2,130,3
66,1,127,6
75,1,124,0
68,2,129,1
80,2,114,4
69,4,124,3
72,3,125,0
80,1,115,4
77,0,118,5
71,2,127,0
76,3,119,2
58,1,138,3
59,4,132,5
75,1,120,4
62,3,132,3
59,6,133,2
62,3,130,5
76,1,118,5
67,4,127,2
66,6,125,3
74,1,121,4
57,2,137,5
67,0,129,5
76,2,119,4
65,3,131,2
65,5,129,2
82,2,113,4
65,1,132,3
75,3,120,3
60,6,133,2
70,4,119,7
74,3,121,2
75,4,116,5
77,1,120,2
68,2,127,3
79,3,114,4
68,2,127,3
74,1,118,6
71,1,125,2
69,1,125,4
65,2,129,3
89,1,109,0
70,0,126,3
64,2,132,1
58,1,138,2
75,3,120,1
70,1,126,3
69,0,127,4
73,2,121,4
54,1,142,3
74,3,122,1
79,1,117,3
73,2,119,6
69,1,128,2
67,4,127,2
70,0,129,1
70,2,124,4
63,2,133,2
65,4,129,2
73,3,120,4
86,4,108,2
85,2,110,3
78,3,116,3
83,1,113,3
78,3,118,1
74,3,119,4
66,2,130,2
75,2,120,3
82,3,114,1
85,2,111,2
85,1,113,1
75,2,119,4
72,2,126,0
68,3,122,7
60,2,137,1
74,7,116,3
73,0,123,4
76,0,122,2
82,0,116,2
75,3,119,3
65,0,134,1
90,0,107,3
79,1,115,5
79,2,116,3
72,4,124,0
74,4,120,2
71,3,123,3
71,0,125,4
63,2,129,6
74,4,119,3
79,0,117,4
63,1,133,3
70,6,123,1
80,1,113,6
64,2,131,3
67,0,132,1
82,3,110,5
72,1,125,2
72,2,123,3
74,0,125,1
75,5,117,3
71,6,118,5
79,2,114,5
68,0,130,2
74,4,120,2
78,2,119,1
80,1,115,4
77,5,110,8
81,0,117,2
83,2,114,0
74,1,122,2
73,2,121,3
81,0,116,2
68,3,124,4
77,2,115,5
85,3,110,1
86,0,111,2
76,3,119,1
83,3,110,3
67,2,126,4
74,3,122,0
75,0,121,4
77,3,119,1
76,1,121,2
78,3,115,4
66,2,129,3
74,1,119,6
71,2,126,1
82,3,110,5
73,2,120,5
78,5,116,1
66,0,127,7
65,2,129,4
76,2,119,3
73,1,122,4
85,2,109,4
73,2,122,3
75,2,122,1
80,1,118,1
85,1,114,0
83,5,109,3
68,0,128,4
73,3,123,1
72,1,127,0
71,0,124,5
82,4,110,4
64,2,131,4
73,3,121,4
81,2,110,8
77,1,119,4
79,2,117,3
74,2,124,1
84,1,113,3
74,0,125,2
86,6,107,2
64,2,134,1
89,0,110,2
76,2,120,3
75,2,118,5
76,1,122,1
64,3,130,3
52,0,147,1
64,0,134,2
66,4,127,3
59,1,137,3
65,2,132,1
66,0,130,4
60,2,137,1
72,0,127,1
70,2,126,2
62,3,131,4
66,4,127,3
68,2,127,3
57,2,139,2
61,3,135,1
67,2,127,4
63,2,132,3
65,2,131,2
70,5,125,0
69,3,125,3
67,2,128,3
67,2,129,2
66,2,128,4
68,4,125,3
73,3,123,1
71,2,125,2
73,1,123,3
61,2,135,2
70,5,123,2
80,1,117,2
76,4,119,1
72,2,124,2
65,2,129,4
83,4,108,5
70,1,124,5
62,2,134,2
57,1,142,0
71,2,124,3
60,1,135,4
78,1,119,2
78,2,118,2
67,2,129,2
67,2,129,2
71,3,123,3
57,5,135,3
65,0,133,2
62,2,134,2
59,2,134,5
72,2,124,2
65,1,132,2
77,2,119,2
72,4,123,1
66,2,124,8
62,3,131,4
58,1,139,2
70,2,123,5
68,3,128,1
62,0,135,3
72,4,122,2
63,6,128,3
58,1,136,5
66,5,125,5
59,2,138,2
70,0,127,4
60,2,138,1
75,2,123,1
69,5,125,2
68,0,128,5
76,6,118,1
69,1,127,3
67,1,129,3
63,2,132,3
71,2,123,4
68,6,124,2
63,4,129,4
59,2,138,1
75,2,121,2
64,0,134,2
70,3,121,5
54,1,142,2
69,2,126,2
70,3,124,2
67,0,129,3
62,4,131,2
76,1,119,3
70,2,124,3
73,3,123,1
70,1,127,2
62,1,133,4
61,1,137,1
68,2,127,3
72,3,123,2
61,2,133,4
68,1,128,3
69,0,131,0
59,3,136,2
69,2,126,3
74,0,126,0
66,2,129,3
69,1,130,0
73,3,123,2
81,2,116,2
74,1,124,2
67,1,127,6
73,2,124,2
71,1,128,1
74,4,120,3
64,0,136,1
68,0,130,3
77,4,117,2
57,4,135,4
66,0,134,0
62,2,135,1
74,1,124,1
75,1,118,6
72,2,125,1
69,0,130,1
62,3,133,2
61,0,133,6
63,0,134,3
70,1,126,3
78,2,117,3
71,2,125,2
59,4,135,2
80,1,116,3
73,3,124,0
74,2,121,3
81,2,112,5
68,0,128,4
67,1,130,2
64,1,132,3
61,1,132,6
52,0,145,3
67,3,128,2
73,4,122,1
63,1,135,1
70,0,128,2
62,1,136,1
66,2,130,1
67,0,129,3
58,2,138,1
66,2,131,0
65,1,130,3
57,1,138,3
72,1,122,4
70,4,122,3
68,4,126,1
65,0,130,4
66,2,129,2
59,1,133,6
66,1,130,2
74,1,121,3
66,8,122,3
65,2,127,5
63,1,135,0
68,3,125,3
63,2,133,1
67,3,125,4
72,1,124,2
67,2,126,4
73,0,124,2
61,2,136,1
61,3,135,1
65,2,131,2
70,0,127,3
58,1,136,5
73,7,120,0
63,0,129,8
72,1,124,3
63,2,131,4
63,2,132,3
73,0,126,1
64,5,129,2
66,1,129,4
63,0,133,4
68,0,127,5
62,0,137,1
60,3,135,2
75,1,121,3
70,3,125,2
61,4,135,0
67,1,130,2
76,0,121,3
61,3,133,3
67,0,132,1
71,1,126,2
58,1,139,3
66,0,135,0
68,1,128,4
56,1,141,3
74,1,122,4
70,2,129,0
68,2,129,2
62,1,136,2
65,0,135,1
68,2,128,3
67,2,130,2
56,4,137,4
66,1,131,3
63,2,132,4
67,1,131,1
67,0,132,1
65,3,129,3
55,3,141,1
62,0,135,3
78,1,120,1
75,2,118,5
57,3,137,3
73,3,123,1
68,1,129,2
69,0,130,1
78,2,118,2
75,2,122,1
68,0,129,3
62,4,133,1
76,2,122,0
53,3,140,4
68,3,126,3
71,3,125,1
72,3,123,2
65,1,133,1
69,3,122,6
67,1,130,2
72,1,126,1
76,3,119,2
64,1,134,1
75,3,121,1
63,2,133,2
64,0,135,1
68,0,130,2
65,2,132,1
65,1,132,2
66,0,131,3
64,3,133,0
60,0,138,2
69,4,124,3
68,1,130,1
77,1,121,1
73,0,125,2
82,4,114,0
73,2,122,3
63,0,134,3
64,0,134,2
68,2,129,1
61,3,135,1
61,2,136,1
69,1,127,3
58,3,138,1
68,0,130,2
72,5,121,2
73,1,125,1
79,3,113,4
69,0,127,3
69,3,124,3
60,2,136,1
69,3,124,3
68,2,129,0
64,1,133,1
67,1,131,0
58,0,138,3
74,1,121,3
73,3,118,6
62,1,137,0
58,2,137,3
60,1,139,0
59,1,140,0
70,2,124,4
76,2,121,1
80,0,119,1
57,0,141,2
76,0,123,1
65,1,133,1
73,0,125,2
67,4,126,3
55,3,140,2
71,2,126,1
68,2,129,1
67,0,131,2
66,3,129,2
73,1,124,2
55,1,140,4
65,4,130,1
75,3,118,4
70,1,127,2
74,0,124,2
70,3,127,0
66,1,130,4
67,0,134,0
70,0,127,4
79,1,117,4
66,2,131,2
68,3,130,0
75,0,126,0
64,1,135,1
70,2,128,1
69,1,128,3
67,0,132,1
68,1,129,2
67,0,129,4
68,3,127,2
63,1,132,4
68,3,127,2
70,1,128,1
73,0,124,3
73,3,122,2
72,1,126,1
73,3,121,3
60,0,136,4
72,5,120,3
59,3,133,5
67,3,127,3
66,2,132,0
58,4,136,2
61,2,137,0
64,0,132,4
73,0,125,2
72,1,123,4
72,3,123,2
69,3,125,3
69,1,128,2
73,4,122,1
74,3,122,1
62,3,134,1
61,2,133,4
59,2,137,2
73,1,125,1
68,2,130,0
63,4,130,3
81,0,119,0
67,4,129,0
71,0,127,2
67,0,131,2
66,2,130,2
73,0,127,0
72,1,124,3
62,3,131,4
63,2,131,4
80,1,115,4
66,4,128,2
68,3,125,4
59,2,136,3
79,1,116,4
58,1,140,1
65,3,130,2
73,1,124,2
84,3,111,2
73,1,124,2
71,4,122,3
82,4,111,3
87,2,109,2
81,0,114,5
65,2,129,4
69,3,123,5
65,3,129,3
75,0,123,2
67,1,129,3
71,3,125,1
70,1,124,5
60,0,139,0
59,3,134,3
67,1,128,3
70,3,126,1
70,0,129,1
71,2,126,1
73,2,118,7
73,1,123,3
68,2,126,4
71,3,126,0
72,1,120,7
63,4,132,1
60,1,136,3
65,3,132,0
73,1,124,2
72,3,123,2
68,3,126,3
67,2,129,2
77,2,121,0
66,3,129,2
58,2,139,1
62,2,134,2
75,1,118,6
71,3,126,0
64,4,129,3
71,0,120,9
59,2,138,1
57,2,139,2
53,1,145,2
77,1,122,1
63,3,133,2
75,2,120,3
69,2,126,3
72,4,123,1
64,1,134,1
71,1,124,4
75,3,120,2
71,1,127,1
76,0,119,5
62,1,133,4
66,4,129,1
69,0,130,1
71,1,125,3
69,1,130,0
68,0,131,1
70,0,128,2
65,1,132,2
65,2,129,4
53,1,143,3
66,1,131,2
68,3,128,1
61,1,135,3
74,1,125,0
71,2,124,3
70,0,127,3
82,0,113,5
75,3,121,1
77,3,119,1
54,1,142,3
72,1,126,1
76,0,120,4
68,1,128,3
68,1,129,2
60,1,139,0
58,2,136,4
59,2,137,2
73,1,123,3
67,2,128,3
65,4,130,1
70,0,126,4
69,2,127,2
70,1,125,4
75,3,122,0
77,2,119,2
82,1,116,1
68,1,131,0
61,1,135,3
75,0,122,3
78,3,117,2
74,0,123,3
71,2,124,3
63,2,134,1
68,2,128,2
69,0,129,2
59,1,138,2
71,1,125,3
71,3,126,0
67,4,125,4
77,1,119,3
82,2,114,2
66,1,132,1
68,0,130,2
78,0,122,0
62,0,137,1
70,1,128,1
70,1,127,2
64,1,132,3
75,1,121,3
64,1,132,2
68,0,130,1
63,0,131,5
71,2,123,3
69,2,126,2
59,0,140,1
65,0,134,1
76,0,121,3
90,2,107,1
67,0,131,2
72,1,127,0
64,0,134,2
81,4,114,1
63,1,131,5
76,0,121,3
70,1,127,2
68,2,130,0
56,1,143,0
64,2,132,2
63,3,131,3
76,3,118,3
61,0,137,2
75,0,123,2
64,2,133,1
52,1,145,2
76,2,117,5
60,0,138,2
75,2,122,1
75,3,118,4
66,2,130,2
85,1,112,3
78,0,122,1
60,1,138,2
65,3,132,1
68,2,128,3
72,0,127,1
73,1,124,2
63,1,134,2
72,0,120,8
73,2,121,4
74,0,122,4
68,2,129,1
76,2,119,3
77,2,120,1
63,3,131,3
77,2,121,0
64,3,130,3
71,0,128,1
65,1,133,1
64,2,132,2
76,1,122,1
75,2,122,1
68,1,129,2
75,2,120,3
74,3,121,2
75,2,123,0
72,0,126,2
66,1,132,1
67,1,130,2
68,5,123,4
77,1,122,0
79,3,117,1
71,1,126,2
67,2,127,4
80,1,116,3
64,2,133,1
84,1,113,2
60,5,133,2
66,1,131,2
84,3,111,2
74,1,122,3
65,1,130,4
66,1,131,2
72,2,125,1
70,2,126,2
73,2,124,1
74,0,123,3
70,3,127,0
65,1,131,3
89,1,108,2
69,1,126,4
64,3,130,3
70,1,126,3
67,0,131,2
67,3,130,0
77,2,118,3
74,1,121,4
72,3,125,0
71,2,124,3
67,1,132,0
78,2,117,3
62,2,134,2
72,4,122,2
81,0,115,4
79,4,114,3
82,6,109,3
63,2,129,6
72,1,124,3
71,2,123,4
67,2,129,2
82,1,117,0
66,1,131,2
69,1,126,4
81,3,114,2
64,4,131,1
78,1,121,1
67,1,131,2
69,2,129,1
72,0,127,2
72,1,125,3
73,1,125,2
89,1,108,3
70,5,125,1
75,0,122,4
89,3,104,4
81,2,112,5
72,0,126,2
70,3,123,4
63,0,136,1
63,3,134,0
86,2,112,0
74,0,122,3
63,0,133,3
66,1,132,0
73,0,124,2
83,3,112,1
71,2,124,2
77,1,120,1
85,2,110,2
74,0,123,2
70,0,126,4
82,3,115,0
70,2,125,3
71,1,125,3
65,5,128,2
66,0,133,1
68,1,125,6
68,3,127,2
72,0,124,4
67,2,130,1
79,0,117,4
82,0,116,2
72,1,124,3
58,2,139,1
71,1,126,2
78,1,119,2
74,3,122,1
72,2,121,5
81,0,113,6
70,4,125,1
80,2,116,2
85,4,108,3
83,0,115,2
81,1,115,3
78,1,120,1
84,3,111,2
66,1,131,2
86,3,110,1
70,1,127,2
73,1,120,6
84,0,116,0
71,2,125,2
80,0,119,1
70,0,129,1
72,1,125,2
74,3,121,2
78,0,122,0
74,1,123,2
63,0,131,6
63,1,134,2
69,1,129,1
79,1,118,2
87,1,109,3
67,0,131,2
77,1,116,6
80,1,115,4
83,0,114,3
69,1,129,1
74,3,122,1
72,0,126,2
80,3,117,0
72,0,124,4
68,4,128,0
75,0,123,2
82,0,115,3
77,3,118,2
61,2,135,2
80,0,116,4
73,3,120,4
71,1,125,3
70,2,126,2
74,1,123,2
92,1,105,2
70,0,128,2
70,2,127,1
77,1,120,2
83,1,113,3
70,1,125,4
63,0,135,1
64,2,129,4
70,4,124,1
81,0,117,1
76,3,117,3
72,0,124,3
75,0,122,2
82,1,115,2
66,0,132,2
74,0,123,3
74,1,123,2
85,2,111,2
69,2,126,3
74,4,121,1
82,3,112,3
69,0,130,1
89,1,107,3
78,1,118,3
77,2,117,4
67,1,128,4
77,2,121,0
80,3,116,1
70,3,126,1
72,0,128,0
64,1,134,1
74,0,125,1
67,1,131,1
84,1,113,2
84,0,115,1
72,1,127,0
80,2,115,3
72,2,124,2
71,1,127,2
65,2,130,4
80,0,118,3
82,1,116,2
80,0,118,3
60,1,138,2
63,1,134,3
77,2,118,3
83,2,114,1
82,0,116,2
66,3,130,1
81,1,116,2
71,2,124,3
77,1,122,0
83,3,115,0
69,1,127,4
72,2,124,3
79,2,119,1
71,4,124,2
81,0,119,1
74,2,125,0
81,4,115,1
70,2,125,4
67,1,126,7
80,0,119,2
69,1,128,3
81,2,117,1
76,1,119,5
80,0,118,3
66,1,132,2
74,3,123,1
82,3,115,1
80,3,115,3
78,2,119,2
73,1,126,1
65,0,133,3
77,1,119,3
88,3,108,1
78,1,119,2
76,2,117,4
63,3,132,1
64,1,131,3
74,1,123,1
68,1,128,2
65,3,130,1
71,0,126,2
71,1,126,1
73,3,120,3
62,2,131,4
77,2,118,2
73,1,123,2
72,1,124,2
75,2,120,2
79,1,116,3
72,2,119,6
68,1,130,0
66,3,129,1
77,1,121,0
79,1,115,4
66,3,130,0
75,1,122,1
78,0,119,2
83,2,113,1
72,3,124,0
84,1,112,2
66,2,130,1
73,1,124,1
74,1,121,3
71,0,128,0
87,0,111,1
67,4,126,2
70,1,126,2
66,1,130,2
68,2,125,4
76,3,118,2
82,1,113,4
81,1,118,0
80,1,118,1
62,4,132,2
69,1,129,1
75,2,121,2
62,3,133,2
67,2,127,4
78,3,118,1
72,0,127,1
72,2,124,2
65,4,129,2
75,2,122,1
71,2,123,4
62,0,134,4
72,1,125,2
62,2,136,0
74,1,123,2
75,3,122,0
80,1,118,1
74,2,123,1
72,2,124,2
86,1,107,6
80,0,117,3
72,1,124,3
86,2,111,2
77,1,123,0
73,1,127,0
67,0,130,4
71,3,125,2
70,2,127,2
77,1,122,1
78,0,117,6
84,1,113,3
76,1,123,1
72,4,120,5
72,0,128,1
59,2,137,3
70,1,129,1
69,3,128,1
72,1,126,2
76,2,119,4
64,0,134,3
73,2,124,1
83,2,112,3
81,0,117,2
67,2,127,4
74,2,123,1
71,1,127,1
72,0,126,2
75,2,120,3
61,1,133,5
68,2,128,2
74,1,123,2
73,0,124,3
61,3,135,1
68,1,130,1
57,3,136,4
73,6,121,0
66,1,128,5
82,0,118,0
86,1,112,1
72,2,124,2
73,4,121,2
72,1,125,2
85,2,111,2
79,1,116,4
66,1,132,1
87,2,109,2
71,1,126,2
58,3,137,2
68,0,127,5
70,1,124,5
70,2,127,1
68,1,131,0
78,1,121,0
85,1,112,2
73,1,126,0
80,0,117,3
71,4,123,2
78,0,121,1
64,0,133,3
78,4,117,0
83,0,115,1
60,0,139,0
66,3,125,5
72,3,122,2
86,0,112,1
57,5,135,2
69,0,128,2
69,1,127,2
74,3,121,1
76,0,122,1
70,0,127,2
73,0,125,1
77,0,120,2
76,0,121,2
69,0,127,3
68,2,128,1
73,1,125,0
74,1,124,1
59,2,134,5
87,0,109,4
60,5,134,1
70,3,125,2
66,1,132,1
74,1,122,3
73,1,124,2
79,0,121,0
74,1,124,1
72,1,123,4
80,0,119,1
70,1,127,2
66,1,131,2
76,2,120,2
62,1,137,0
69,2,129,0
76,3,120,1
85,2,113,0
72,4,124,0
65,1,131,3
77,2,120,1
76,1,120,3
74,2,124,0
66,3,128,3
71,1,127,2
64,1,134,2
63,3,135,0
60,0,140,1
67,1,133,0
77,0,120,4
63,4,133,1
70,0,130,1
68,3,128,2
76,1,123,1
69,2,128,2
78,0,123,0
62,3,133,3
78,2,121,0
69,3,123,5
78,2,119,1
80,2,115,3
76,5,119,0
76,1,121,2
84,0,113,3
59,1,137,3
68,0,130,2
62,1,133,4
61,2,135,2
74,2,124,0
82,1,113,4
74,4,122,0
68,2,126,4
65,2,130,3
59,2,138,1
71,0,127,2
78,3,117,2
77,0,121,2
82,2,115,1
75,1,123,1
84,0,116,0
71,0,125,4
73,0,125,2
78,2,117,3
59,3,134,4
73,4,121,2
69,3,127,1
62,2,133,3
74,3,120,3
76,1,118,5
62,3,133,2
66,0,132,2
73,1,125,1
71,1,124,4
63,0,136,1
78,1,119,2
75,4,120,1
77,1,118,4
77,1,121,1
78,1,121,0
76,0,123,1
61,0,137,2
81,0,118,1
59,3,136,2
71,5,120,4
70,1,127,2
66,2,130,2
77,2,118,3
76,2,121,1
70,4,124,2
70,2,126,2
74,2,122,2
76,1,120,3
74,2,123,1
63,0,136,1
65,2,131,2
63,1,134,2
75,4,119,1
71,4,121,3
59,1,134,5
71,3,124,2
64,0,132,4
75,1,121,3
71,4,122,3
68,0,131,1
71,0,126,3
58,3,135,4
74,3,122,1
63,3,131,3
81,1,115,3
75,1,122,2
58,4,134,4
72,2,122,4
76,1,121,2
68,2,127,3
76,4,119,1
80,2,116,2
78,1,120,1
64,1,133,2
64,0,134,2
92,0,108,0
81,1,116,2
77,0,122,1
79,2,115,4
69,1,129,1
77,1,121,2
67,4,127,3
82,1,117,1
64,4,131,1
63,0,137,0
78,1,121,0
68,1,129,2
78,7,114,1
73,0,126,1
68,1,131,0
70,1,125,4
58,0,140,2
63,2,135,0
61,0,137,2
71,3,123,3
64,5,128,3
64,6,128,2
59,5,133,3
54,4,139,3
60,3,134,3
61,3,135,1
67,2,127,4
56,3,137,4
59,0,137,4
74,2,123,1
77,3,117,3
67,6,126,1
51,2,146,1
56,6,137,1
62,0,136,2
57,4,138,1
63,3,132,2
66,1,127,6
56,6,136,2
64,2,133,1
64,3,126,7
53,1,144,2
69,4,126,1
63,1,133,3
68,0,132,0
52,1,145,2
69,3,125,3
70,3,124,3
58,1,137,4
58,2,138,2
62,2,132,4
59,6,129,6
66,0,132,2
66,2,128,4
66,4,127,3
50,5,140,5
69,4,124,3
55,4,135,6
67,3,127,3
65,3,127,5
61,3,133,3
59,2,136,3
72,6,121,1
59,1,138,2
62,3,133,2
71,4,120,5
72,3,123,2
72,4,120,4
68,2,129,1
58,6,134,2
62,4,131,3
51,2,145,2
75,2,122,1
54,5,138,3
63,1,134,2
64,2,132,2
59,3,136,2
55,3,141,1
63,0,135,2
66,6,126,2
57,3,138,3
65,1,134,1
78,3,116,4
68,1,131,1
56,3,140,1
57,4,138,1
59,2,134,5
60,3,135,2
57,4,136,3
59,3,136,2
57,2,138,3
62,1,134,3
72,3,124,1
65,4,126,5
59,4,136,1
56,0,140,4
65,7,127,1
67,2,127,4
57,5,133,5
70,2,126,2
65,4,128,3
62,0,136,1
69,3,123,4
60,0,136,3
63,5,128,3
66,1,127,6
64,3,133,0
56,2,134,8
60,3,135,2
67,0,130,3
59,4,137,0
66,1,131,2
67,4,129,0
60,2,136,2
64,3,128,5
63,0,136,1
68,0,130,2
66,4,127,3
54,3,140,3
74,1,123,2
80,2,116,2
86,2,108,4
74,2,122,2
91,0,104,5
70,7,120,3
82,2,114,2
87,0,111,2
79,0,118,3
85,1,113,1
92,0,106,2
85,1,109,5
74,1,120,5
81,4,114,1
77,3,119,1
72,2,125,1
67,1,129,3
86,2,110,2
91,0,109,0
74,3,118,5
84,1,114,1
90,3,101,6
79,1,118,2
104,3,91,2
87,0,111,2
89,1,108,2
87,0,112,1
80,1,116,3
84,1,115,0
74,2,122,2
86,3,109,2
86,0,112,2
83,4,112,1
82,2,114,2
66,0,132,2
79,1,118,2
73,1,125,1
88,2,110,0
82,0,115,3
90,4,106,0
89,1,107,3
77,0,121,2
89,0,109,2
74,2,122,2
90,2,103,5
77,2,120,1
83,2,113,2
86,2,107,5
90,3,104,2
89,1,108,1
85,2,109,3
86,1,110,2
94,1,102,2
72,1,123,3
91,3,103,2
83,1,114,1
77,1,118,3
76,0,122,1
87,1,108,3
82,1,115,1
77,1,119,2
78,1,120,1
95,1,100,4
86,2,109,3
81,2,114,3
92,3,102,3
93,0,107,0
89,0,108,3
94,3,102,1
67,0,128,5
71,2,125,2
88,0,107,5
73,2,124,1
79,2,116,3
78,0,118,4
89,0,109,2
79,0,117,4
97,1,100,2
87,1,108,4
91,1,107,1
82,0,114,4
81,2,115,2
81,0,115,4
84,0,111,5
96,2,99,3
76,0,122,2
86,1,110,4
86,1,112,2
79,1,119,2
72,4,123,2
88,1,111,1
80,4,117,0
89,1,105,6
83,1,114,3
85,2,113,1
91,4,106,0
90,1,106,4
91,0,105,5
82,1,114,4
93,1,105,1
74,3,122,2
74,2,121,3
83,1,112,4
81,1,117,1
72,2,124,2
70,3,126,1
78,2,118,2
70,2,123,5
67,4,127,2
75,2,118,5
62,4,133,1
63,1,135,1
86,3,108,3
67,4,125,4
91,1,108,0
68,1,129,2
71,3,121,5
72,0,126,2
72,2,124,2
79,3,115,3
78,2,120,0
84,3,113,0
73,0,123,4
72,0,123,5
73,0,125,2
77,4,118,1
67,3,126,4
72,1,125,2
75,1,114,10
71,3,125,1
76,1,123,0
65,4,125,6
66,3,127,4
72,1,127,0
73,1,125,1
64,1,132,3
76,7,116,1
84,1,111,4
71,3,124,2
80,2,114,4
74,4,121,1
81,1,117,1
81,3,110,6
77,4,117,2
82,2,116,0
66,2,130,2
85,1,107,6
84,1,112,2
71,1,126,1
81,1,113,4
70,0,126,3
61,4,133,1
81,3,113,2
76,2,121,0
66,1,132,0
81,4,113,1
88,2,106,3
82,5,107,5
63,3,129,4
78,4,116,1
74,5,116,4
85,1,112,2
76,4,117,3
80,1,117,2
79,4,116,1
69,0,130,1
76,1,120,3
76,0,117,7
69,3,128,0
69,3,125,3
80,4,112,4
79,2,113,6
67,3,128,2
72,2,122,4
76,3,120,1
75,0,121,4
73,2,124,1
74,1,123,2
78,1,118,3
69,1,127,3
71,1,125,3
89,1,106,4
73,4,120,3
74,1,122,3
81,2,114,3
71,2,125,2
72,1,126,2
73,2,123,3
75,2,118,6
76,4,118,3
79,4,117,1
80,1,116,4
71,2,124,4
74,3,121,3
66,2,131,2
78,1,121,1
69,3,127,2
74,1,123,3
82,4,112,3
66,2,129,4
72,2,124,2
83,5,110,2
78,1,117,4
83,4,113,0
80,3,116,1
78,3,113,6
79,6,109,6
76,4,116,4
72,3,124,1
69,2,123,6
74,1,123,2
69,1,123,7
77,3,118,2
75,3,120,2
63,1,134,2
70,1,128,1
69,1,128,2
71,0,125,4
71,3,126,0
73,2,122,3
64,2,133,1
64,3,131,2
59,2,135,4
61,3,135,1
73,5,119,3
64,4,129,3
65,3,130,2
67,6,125,2
66,2,130,2
68,1,126,5
73,3,121,3
69,1,127,3
80,3,112,5
72,5,122,1
67,3,125,5
75,5,118,2
74,4,119,3
56,2,139,3
77,0,120,3
73,3,122,2
68,2,128,2
66,3,127,4
69,2,127,2
78,1,120,1
87,1,106,6
68,4,124,4
78,4,117,1
69,4,122,5
70,2,122,6
70,2,125,3
79,4,116,1
59,0,139,2
76,2,116,6
72,3,124,1
66,4,128,2
78,3,119,0
80,2,114,4
72,3,121,4
69,2,128,1
70,1,126,3
80,3,116,1
73,2,121,5
72,1,125,3
77,3,117,4
70,2,128,1
71,2,124,4
65,2,133,1
79,3,115,4
72,0,126,3
76,4,119,2
75,5,117,3
69,1,126,4
77,3,118,2
74,2,119,5
68,1,129,2
75,1,124,0
73,5,120,2
80,1,113,5
56,2,141,0
69,2,127,1
78,1,119,1
77,0,120,2
79,6,110,4
73,2,123,1
78,2,115,4
74,7,115,3
75,3,120,2
76,2,119,3
59,4,134,3
78,5,117,0
71,3,123,3
72,3,122,3
73,2,124,1
76,2,121,1
68,4,125,3
71,4,120,5
79,0,119,2
63,4,132,1
69,3,126,2
73,0,122,5
82,5,113,1
79,0,118,4
92,2,106,0
79,1,116,4
78,3,116,3
75,4,117,4
81,3,115,1
82,2,111,5
86,6,106,2
90,2,106,2
74,2,120,4
91,1,103,5
76,4,117,3
79,1,118,2
92,2,103,3
73,1,124,2
76,1,122,1
85,3,112,0
78,1,117,4
84,1,113,2
81,3,116,0
75,3,119,3
71,4,122,3
78,8,112,2
75,2,118,5
78,4,114,4
103,2,91,4
74,7,117,2
70,3,124,3
92,2,101,5
85,2,110,3
81,2,115,2
69,3,124,4
77,4,119,0
89,0,109,2
80,7,110,3
75,4,117,4
72,4,120,4
84,0,112,4
70,4,120,6
82,3,112,3
79,3,115,3
101,3,95,1
74,0,122,4
76,1,120,3
72,3,123,1
84,1,110,4
91,3,102,3
77,4,112,6
73,3,118,5
86,3,110,0
84,1,112,2
75,3,121,0
83,0,113,3
78,1,118,2
66,1,131,1
75,4,120,0
74,3,121,1
74,5,119,1
89,0,106,4
69,4,123,3
77,2,118,3
80,1,112,7
81,4,112,3
76,3,119,2
87,3,108,2
70,2,125,3
88,6,102,4
81,3,113,3
84,1,111,4
87,1,109,3
79,4,115,2
74,1,124,1
78,0,119,3
81,0,112,7
68,3,127,2
84,3,111,2
87,1,110,2
92,1,106,1
82,2,114,2
76,4,116,4
79,1,115,5
91,4,102,3
78,1,117,4
93,3,103,1
82,4,109,5
80,1,119,1
79,1,118,3
82,2,117,0
78,3,116,4
85,1,112,3
80,4,113,4
82,1,117,1
86,2,110,3
81,2,115,3
76,3,118,4
80,4,114,3
77,2,119,3
83,2,113,3
68,1,131,1
64,5,130,2
68,3,130,0
67,1,131,2
68,2,129,2
71,0,127,3
73,2,122,4
63,1,129,8
76,1,124,0
67,1,131,2
58,0,140,3
81,1,117,2
76,0,123,2
75,1,124,1
65,2,133,1
71,0,126,4
64,0,137,0
63,1,135,2
65,1,132,3
71,3,123,4
71,0,128,1
66,1,132,1
72,1,125,2
62,1,134,3
66,1,131,2
83,0,114,3
74,2,122,2
69,1,127,3
73,2,122,3
66,1,130,2
64,2,130,3
76,1,122,0
64,1,133,1
66,2,130,1
64,0,133,2
60,2,134,3
71,2,124,2
69,1,128,1
71,1,125,2
62,1,133,3
58,1,139,1
77,3,118,1
87,1,108,3
74,1,122,2
71,0,125,3
58,1,140,0
56,0,140,3
68,2,128,1
73,0,126,0
80,1,116,2
67,2,128,2
58,0,137,4
70,2,127,0
69,1,123,6
82,2,112,3
88,2,106,3
72,1,126,0
70,2,125,2
68,4,124,3
59,1,137,2
72,0,122,5
68,1,128,2
64,1,131,4
74,1,123,2
71,3,126,0
67,0,128,5
61,0,133,6
79,0,120,1
77,0,123,0
73,1,123,3
74,2,120,4
66,1,129,4
66,0,132,2
59,0,136,5
62,2,134,2
62,0,134,4
79,4,116,1
62,0,135,3
70,2,126,2
73,1,121,5
78,0,121,1
77,1,120,2
74,2,123,1
64,2,131,3
53,2,143,2
78,1,117,4
79,2,118,1
76,3,121,1
75,0,125,1
76,1,120,4
79,0,117,5
66,1,130,4
63,0,136,2
64,3,134,0
63,2,133,3
64,1,132,4
72,0,128,1
77,0,123,1
72,1,126,2
74,1,124,2
82,2,115,2
84,2,111,3
73,2,125,0
70,2,127,1
82,3,115,0
77,4,114,5
83,0,113,4
74,6,120,0
70,1,126,3
76,3,118,3
81,6,108,5
83,3,112,2
86,2,108,4
73,2,125,0
73,0,126,1
77,4,116,3
80,2,117,1
73,2,123,2
86,1,111,2
73,2,124,1
79,3,116,2
89,0,108,3
63,3,131,3
73,2,124,1
68,1,128,3
72,2,126,0
73,4,122,1
76,5,118,1
65,1,130,4
75,1,123,1
80,1,117,2
86,2,108,4
68,2,129,1
78,1,120,1
85,5,109,1
68,0,129,3
65,3,129,3
75,3,119,3
84,1,113,2
84,2,112,2
74,2,122,2
78,2,120,0
82,2,116,0
84,4,112,0
69,4,123,4
76,2,122,0
68,0,128,4
63,5,130,2
72,3,124,1
77,2,116,5
90,1,106,3
83,2,114,1
62,4,132,2
70,0,127,2
73,1,121,4
69,1,126,3
69,4,124,2
69,4,124,2
75,0,118,6
68,2,129,0
83,4,109,3
81,2,115,1
70,3,127,0
78,4,116,2
73,4,120,3
80,0,114,6
76,1,122,1
79,3,116,2
75,4,119,2
83,1,111,5
63,5,130,2
83,3,113,1
72,4,124,0
81,0,117,2
71,3,125,1
69,4,126,1
70,4,124,2
80,5,113,2
73,0,126,1
70,2,124,4
88,5,103,4
71,4,125,0
79,1,113,7
79,1,118,2
69,2,128,1
76,1,122,1
78,1,118,3
77,1,121,2
78,3,118,2
88,3,110,0
81,3,114,3
79,2,120,0
79,3,116,3
73,1,124,3
67,2,127,5
64,1,135,1
73,2,125,0
67,2,129,2
68,2,128,2
68,0,129,3
71,4,122,3
65,3,132,0
67,1,127,5
77,2,120,1
58,3,138,1
79,1,120,0
80,6,112,2
61,2,133,4
64,1,132,3
74,0,126,0
72,1,127,0
74,0,122,4
74,3,123,0
63,2,133,2
76,1,120,3
68,1,127,4
73,3,122,2
72,4,120,4
75,1,123,1
65,2,129,4
76,4,118,2
63,4,133,0
71,2,121,6
69,2,129,0
55,3,140,2
72,1,127,0
61,2,135,2
78,2,117,3
65,0,135,0
69,4,125,2
71,3,125,1
74,3,123,0
70,1,127,2
70,3,126,1
61,1,137,1
69,3,127,1
73,4,121,2
61,1,136,2
67,3,127,3
71,0,129,0
71,2,123,4
79,3,118,0
66,5,126,3
63,0,134,3
70,1,128,1
65,3,131,1
66,1,131,2
70,3,126,1
65,3,128,4
62,0,137,1
63,0,135,1
63,3,130,3
68,3,125,3
73,5,120,1
74,2,122,1
75,3,117,4
68,4,123,4
64,3,131,1
70,1,121,7
77,2,119,1
73,0,124,2
72,3,124,0
75,2,117,6
74,2,120,4
70,4,124,2
68,1,125,6
64,0,132,4
64,4,130,2
63,2,133,2
69,2,128,1
69,3,125,3
63,2,135,0
73,2,125,0
67,0,128,5
71,3,124,2
74,2,124,0
56,2,140,2
73,4,121,2
74,1,122,3
79,3,118,0
67,1,129,3
75,3,120,2
79,0,120,1
65,1,131,3
74,1,124,1
68,2,130,0
63,3,132,2
68,5,125,3
70,2,127,2
68,0,128,5
55,2,141,3
65,3,130,3
65,3,131,2
75,2,120,4
74,5,122,0
74,1,123,3
73,0,127,1
61,2,135,3
72,1,126,2
69,6,122,3
83,5,111,1
83,3,112,2
83,0,116,1
70,1,128,1
77,1,121,1
81,4,114,1
86,4,105,5
84,4,111,1
80,3,114,3
83,5,111,1
85,2,112,1
80,1,117,2
89,2,108,1
77,1,120,2
78,1,121,0
69,2,129,0
78,5,116,1
78,4,116,2
88,6,102,4
96,1,101,2
82,2,110,6
83,3,114,0
91,1,103,5
71,4,124,1
82,3,115,0
92,1,104,3
79,4,117,0
89,4,106,1
81,2,112,5
73,2,122,3
76,2,118,4
79,1,118,2
93,1,103,3
100,2,97,1
83,1,114,2
77,4,118,1
79,1,118,2
76,4,120,0
67,2,128,3
85,2,111,2
87,3,108,2
84,3,110,3
83,5,109,3
94,3,102,1
85,1,110,4
88,3,107,2
89,3,108,0
89,4,106,1
74,6,119,1
79,1,115,5
76,3,118,3
91,0,108,1
84,2,112,2
77,2,121,0
84,3,111,2
80,1,117,2
76,2,119,3
77,2,118,3
77,3,119,1
86,1,109,4
90,1,109,0
72,4,122,2
89,0,111,1
81,2,114,4
68,4,127,1
69,1,127,3
81,4,114,1
88,4,105,3
78,2,118,2
83,5,110,2
74,2,117,7
82,3,115,0
78,6,113,3
78,2,120,0
87,1,112,0
92,0,106,2
76,5,118,1
78,4,114,4
91,0,106,3
83,5,110,2
77,2,118,3
98,4,97,1
79,2,113,6
69,2,128,1
82,5,111,2
81,3,109,6
76,6,116,1
83,1,116,0
85,2,108,5
81,1,117,1
89,3,106,2
81,3,114,2
77,1,118,4
84,6,108,2
95,2,101,2
82,0,117,1
92,4,104,0
78,1,117,4
77,3,119,1
75,5,117,3
95,1,103,1
81,3,113,3
87,2,109,2
68,6,123,3
73,7,117,3
69,3,125,3
70,6,124,0
74,6,118,2
71,2,123,4
81,4,114,1
75,2,122,1
81,5,113,1
76,4,114,6
66,5,127,2
83,1,114,2
84,3,111,2
92,4,103,1
88,3,105,4
82,3,111,4
78,4,115,3
90,2,101,7
66,4,128,2
73,0,122,5
75,1,123,1
84,3,109,4
81,3,113,3
82,4,112,2
73,5,120,2
78,6,114,2
77,5,114,4
75,3,119,3
80,3,115,2
84,4,110,2
72,3,122,3
85,3,109,3
74,2,124,0
70,0,126,4
72,5,122,1
78,3,117,2
80,8,110,2
73,3,122,2
83,4,112,1
78,7,111,4
74,5,119,2
78,5,117,0
86,3,105,6
70,4,125,1
71,5,121,3
72,5,121,2
70,4,123,3
77,0,121,2
71,6,120,3
77,4,117,2
91,4,103,2
79,1,117,3
72,2,124,2
81,2,116,1
75,1,123,1
85,2,109,4
84,3,110,3
71,4,123,2
79,1,118,2
75,4,116,6
76,7,115,2
73,1,125,1
81,6,105,8
71,0,128,1
80,2,115,3
81,8,107,4
81,4,112,3
82,3,114,1
66,3,127,4
68,3,125,4
79,2,117,2
84,2,112,2
73,2,124,1
78,6,115,1
84,5,110,1
70,3,122,5
84,5,108,3
87,4,108,1
80,2,117,1
68,1,128,3
79,5,114,2
86,0,112,2
78,3,118,1
62,3,132,2
70,6,122,2
76,3,120,1
74,6,116,4
89,1,108,2
90,0,106,4
71,2,123,4
88,6,104,2
73,0,123,4
75,4,121,0
82,3,115,0
79,1,116,4
69,3,126,2
74,2,121,3
75,2,122,1
