0.03315702218362675
0.03200278648554511
0.15644101506773714
0.24591671431294074
0.2727125115534572
0.3113503854133539
0.3311573241949388
0.3316978523903503
0.3425469792262245
0.3543769948454399
0.34971654720230466
0.3352876788664
0.32228809639529754
0.3139597346462335
0.31087071024847873
0.2995401067939928
0.2854323987670978
0.2740360422675989
0.2671090531738782
0.2655877751221432
0.26273458049908105
0.2584343869606725
0.252766357950052
0.24560658273642327
0.24005881187720265
0.2361372301945576
0.23348292737708112
0.23206367357310753
0.2330786087508731
0.23054936888956573
0.22576138218441194
0.22270432939104093
0.22055715925941421
0.21748267506979327
0.2141919100362826
0.21035208548982254
0.2071482963267378
0.20388501241691095
0.2003863272009776
0.19620282887248383
0.19239649752801288
0.18894160375458124
0.18593070478366946
0.18244014282634188
0.17925163585540943
0.1762255832840874
0.17355078648141697
0.17108255878246778
0.16860022868157812
0.16615573468842476
0.16358000425144067
0.16101385633266505
0.15865025065404184
0.15652293901418463
0.1546800462256509
0.1526928470880398
0.15077969928803672
0.1489192161491757
0.1471003604671931
0.14544713648612898
0.14384413785590117
0.14225511457887438
0.1409141103368998
0.13965683746199226
0.1386051715654424
0.13832485021195104
0.13833667768817529
0.13731803825740632
0.1371722746531705
0.1391611544815135
0.1398152509554684
0.13892300488326978
0.13767612777496793
0.13637495338800587
0.13538998183026954
0.13435373531354336
0.1332131662503131
0.13210283786706248
0.1310580248778635
0.1300521071606345
0.1291053087688627
0.12790785494635146
0.12678803538833527
0.12586288437270957
0.12493889855763231
0.12418998557693477
0.12328758424386999
0.12232448957231903
0.12182598626884525
0.12181886227544911
0.12135318521533033
0.12047470588768286
0.11950807960374937
0.11856315131153145
0.1178473548164968
0.11740078519179777
0.11753749632388981
0.11907947768262492
0.11965991545918998
0.11908029238800744
0.11872431813250696
0.11872078671433163
0.11966862397013975
0.12191963852208042
0.12435874402983128
0.1253096230720194
0.1247404853507798
0.12427307278328761
0.12393786439181109
0.12317905210666605
0.12239282962067737
0.12168416758956689
0.12086680138032578
0.11998138055778881
0.11925041890167527
0.11860111956602389
0.11797170857258452
0.1173872145087858
0.1167151050021104
0.11599512416289458
0.11529237021621647
0.1147323290616026
0.11425568100289343
0.1136646026513868
0.11310344944457856
0.11257244142176882
0.1119821389208067
0.1114739408917845
0.11106679353978771
0.11066535215723881
0.11014656020609476
0.10958139561770376
0.10901237521108156
0.10848931097533882
0.1080020106702615
0.10753114665031764
0.10700730505339347
0.10656282510914153
0.10693626129298615
0.10804897351288333
