0.2537240537240537
0.2734727347273473
0.2647450110864745
0.2761049480542349
0.2979038224414303
0.3115147438053593
0.315096308947718
0.3173451764125339
0.3112852892082154
0.30840963698941487
0.3102532463717022
0.307162401416385
0.3040920084900538
0.29799350975821565
0.29453168219924253
0.29216927425454836
0.29538875799394143
0.29572975069642793
0.29932953067147006
0.30184499509478147
0.30020771245371625
0.29957805907172996
0.29863133931265257
0.297707397778303
0.2950099498727928
0.2964156925385416
0.29831155825706235
0.29853452725599766
0.30038329110634704
0.2984162848595159
0.29879600963192293
0.29894786339857754
0.29692550181355515
0.2963319147368227
0.2952110055636058
0.2956205775482884
0.2974585299041242
0.29929722345660725
0.3010307956203209
0.3007140736574009
0.29893171185175027
0.2989068843974479
0.2985666361695639
0.2989259211963847
0.2984368715238769
0.2977821185854393
0.2980129813244137
0.2988682285372731
0.29906463558966134
0.29978428658711453
0.29863234700986324
0.2987811455074965
0.29992828507271424
0.30081103842914664
0.30155494399710076
0.30256786663552754
0.3025551950534745
0.30269324488240534
0.3019023201342069
0.3024969138684011
0.3033738356849182
0.30270677144491615
0.30250150603896936
0.3023376976836867
0.3025100718667164
0.301878080268378
0.3022044013774028
0.30263078484624034
0.3034393894340371
0.303867707528486
0.3039774468345897
0.3025336889993871
0.30251577146067987
0.3028997556244174
0.3028658066761116
0.3032366190044065
0.3035993512937816
0.3048272127047842
0.30589641371610093
0.3063222540547675
0.3065274231515347
0.30655033740031357
0.30663703903216394
0.30626926573969354
0.30598908684504633
0.3061413957652019
0.3063158720984166
0.3062620362728292
0.3055273087411685
0.3055234863688715
0.3062086087069207
0.30570902394106814
0.30564463929426994
0.30554994421669013
0.3057002331824506
0.30613046878534633
0.3064980587057612
0.30700118385150577
0.30707674568708915
0.30760984869633184
0.3078092851571377
0.30715827753756714
0.30775688159027814
0.3084906279259776
0.30797582974500737
0.3069781592450225
0.30698566700861835
0.3068299657209791
0.3068011537214343
0.30624524377251283
0.30722437283193405
0.307440807356108
0.30682051366462015
0.3061730812110138
0.3056436961924323
0.30564613962237935
0.30550760574126173
0.30500580482141637
0.30447288505513626
0.3046389702426149
0.3044683150717912
0.30391639868115566
0.30352163419144507
0.3034211486462847
0.30320626279753493
0.3029416827743595
0.3032824401407248
0.3032344269675976
0.30317178966178143
0.3032226083060453
0.3029945274549591
0.30271358765296497
0.30304715851653086
0.30321205479958757
0.30306609943138796
0.3032439105498841
0.3032744111169898
0.30290313747143777
0.3029374406695814
0.30329426236399276
0.30292813868789514
0.3029833492555804
0.30295721630952227
0.30315942515237937
0.3035442270150663
0.3036547753893407
0.30397532643181274
0.3043015747471324
0.3040099094268411
0.30402355088171296
0.30389428223395226
0.3040845179453958
0.30402859236052926
0.30385758347106107
0.303914917758361
0.3040048587045836
0.3047160397414205
0.30497532910851666
0.30522200024145274
0.3052829151815603
0.3058068833431403
0.30601095402443823
0.3064913260325383
0.3068132996575795
0.3068656918037216
0.3071986692476102
0.3071739718765177
0.307205583746992
0.30744562768564615
0.3078605530245922
0.3083900817829331
0.30897822120004753
0.30941211412049713
0.30964746565912077
0.3096834442286672
0.3098167902954076
