187.09849254324018,28022.0
175.3805134138431,24583.0
151.13155565389388,20638.0
111.28956976340653,15243.0
87.04306197771726,9226.0
41.20279894064805,3927.0
49.732741214385804,4065.0
52.234559082768065,5259.0
98.87047345918067,9319.0
99.87974391583272,13103.0
124.95671635027992,17573.0
104.78168617275614,16159.0
859.5149290483948,21743.0
175.5026028806932,22053.0
144.01287865461725,21522.0
150.37797648300113,21262.0
159.76953093165906,21886.0
171.59286579668358,26250.0
165.75157232065573,24571.0
108.4117832941877,14843.0
101.97220558015681,14734.0
90.38996801771906,13632.0
143.5864244294372,22745.0
114.45585550608703,15831.0
89.7422246607149,8820.0
46.44326253549579,5014.0
27.251837777422555,2989.0
18.065921391606683,1901.0
18.645128891194418,1873.0
37.83743108990133,3313.0
69.91675948953862,8138.0
107.91037888924123,15365.0
127.80455483161111,18489.0
114.29366674614126,18484.0
114.54989928606646,17872.0
85.74450768115535,13486.0
608.1394066625686,16886.0
136.1583176232937,17028.0
134.2899892380557,17820.0
123.80947740244645,16000.0
107.93400200615811,14799.0
124.65103537638501,17540.0
137.40082391228015,21417.0
143.0525646178505,21611.0
132.77762275970665,20100.0
124.54976889853863,18715.0
111.25065094047739,16323.0
88.67291437588682,12065.0
77.00576791663566,7859.0
40.86308891529058,4569.0
26.166014404444482,2768.0
21.331531132564145,1961.0
20.835111604810297,2186.0
47.181108499631016,4320.0
94.75020448979919,11013.0
141.93584909047163,19317.0
179.64979761685547,23002.0
173.30148174076018,23141.0
151.14374937787647,21726.0
102.79101403595753,15081.0
861.9122803302956,19962.0
133.0291403479389,19584.0
144.72686326525147,20659.0
150.3661642488328,20811.0
136.4116044689773,17477.0
157.17985634947163,21545.0
177.38343837031553,26755.0
176.8296688957164,26870.0
174.08467958547246,26814.0
166.01634044536743,26227.0
148.89821740176674,23336.0
123.24639161431976,17216.0
101.72053090017172,10056.0
54.36755650149919,5916.0
30.369957638168355,3548.0
23.209716511826734,2475.0
21.897722267517302,2394.0
44.66662222026551,4065.0
99.09961432043116,11718.0
160.7323982199129,21080.0
182.04963113232535,24379.0
169.5400267326201,23099.0
141.85889979117266,20101.0
98.77479255863179,14128.0
851.9617417704275,20054.0
141.4020222736274,20112.0
151.96827260712018,20797.0
146.18044716820987,18836.0
120.40376746841108,14736.0
150.32640498750752,18337.0
166.12843001595664,23512.0
173.51236862050885,26516.0
171.6269603429438,26069.0
164.39374875510788,25854.0
146.4889815504213,24156.0
118.2222065376128,18233.0
110.2870092369967,11747.0
60.89245627904028,6821.0
36.03928555251669,4201.0
24.011968983219134,2792.0
25.222094254750015,2607.0
47.264130882089155,4297.0
105.65596208935267,11932.0
158.43014813235067,21343.0
190.3792338133234,24660.0
172.80677753232334,23298.0
135.32356200638185,20704.0
100.46620395571115,15220.0
846.1398830389876,21198.0
148.6943457439318,20787.0
160.64715579355453,22246.0
167.54612270448277,21489.0
148.6799300313936,17227.0
173.02015362404637,21588.0
198.83672242324772,28136.0
200.04959295995982,30027.0
201.56992901225155,30196.0
204.50571308723102,29757.0
188.27210154681003,27323.0
171.44713483514425,23319.0
153.80293676960056,15722.0
89.48759864831871,9529.0
54.42547929715915,6232.0
37.01417102942809,4102.0
32.29573703601218,3442.0
53.865470121840474,4631.0
112.09822191916044,12223.0
162.65653229276472,21692.0
185.3952639451857,24654.0
174.3048264830422,23431.0
146.28133373967043,21089.0
103.51275844585221,15605.0
884.8921015233899,21575.0
155.5676240992731,21347.0
175.74432134666472,22383.0
163.4683780782992,20500.0
146.82440519333144,16984.0
173.70346074449304,22013.0
196.016305904142,28179.0
200.3682012264676,30332.0
193.8997682981419,29077.0
185.5887106052962,27964.0
177.27335920528105,28078.0
179.9838396318392,27703.0
209.64269394805794,25489.0
170.02356755528686,21396.0
136.501833628145,17346.0
103.76665421747647,12789.0
63.92190532618498,8074.0
39.3694013649098,3938.0
54.14320141562571,4853.0
65.71206100180089,7052.0
86.50583129082995,11339.0
114.79211202740451,16394.0
132.565878366098,19861.0
114.34863202182724,18801.0
931.1467836294353,24247.0
161.18744501199433,24113.0
152.0613510130531,22588.0
146.63427485972827,22099.0
137.29416480861718,20920.0
155.48550543109369,23575.0
178.53685586016638,28265.0
182.22412211412686,29253.0
157.60303894309217,25058.0
151.9910332728586,24483.0
169.92583504125602,27544.0
179.4030950154826,29282.0
219.60063238404186,28042.0
185.19225530077708,25268.0
159.16331057387833,21787.0
130.68418888923762,16565.0
88.81061974891364,10426.0
42.0404820569022,4347.0
45.27553107844986,4302.0
55.362727108846386,4955.0
67.45684040944762,7751.0
87.75900676792291,12102.0
109.73156856760576,16617.0
100.0212824749016,16214.0
867.4130209650922,22468.0
152.30224826664298,23478.0
155.27246099510614,22860.0
163.84189727425195,22294.0
153.22282843927093,20941.0
150.32979878835692,21015.0
150.88584812814932,21514.0
131.0097785148888,19173.0
108.83412918671901,16385.0
104.12402402963893,15091.0
90.2386359325136,12684.0
77.52667289882524,10759.0
62.23924649704998,6946.0
39.39749902797195,3934.0
24.62390739309653,2669.0
17.77292494277097,1815.0
20.328442738555594,2098.0
40.13416265272355,3869.0
98.16499855579475,11476.0
143.4605037980168,19347.0
149.26099255290862,22042.0
132.16322830924065,20634.0
118.19340280422287,18530.0
83.58472349286956,13246.0
625.5902714615446,17673.0
122.03621816614238,17387.0
132.9031375280314,18619.0
132.78805347261886,19165.0
131.25805832102574,17590.0
143.46473706530892,21424.0
158.33521972914036,26223.0
156.65001489042425,25652.0
154.10834138649705,24191.0
150.49381652199034,22496.0
126.36433137725913,18653.0
94.46144947422475,13138.0
70.62137036361136,7911.0
39.98475966266278,4503.0
28.150941754557206,3012.0
20.089046294346552,2059.0
21.45208104369813,2154.0
46.05930731213723,4196.0
102.19282602445341,11969.0
149.39891409630093,21120.0
172.1745713668686,24626.0
161.06278234794635,22847.0
147.21550785085986,20084.0
94.8606057326096,14289.0
814.7762634806301,19603.0
130.414614238742,18868.0
137.5640974482797,20210.0
147.88709511101217,20148.0
144.89864330382207,17577.0
165.91152875070216,22191.0
180.12631436372774,27871.0
181.08790801278334,28354.0
172.09392084439304,27445.0
173.24154299723094,27300.0
157.7769369596254,23925.0
119.65769989587983,17552.0
95.54979321100168,10638.0
54.56016130770158,6040.0
36.255411753144216,3951.0
24.033640812280453,2624.0
26.361284824334735,2481.0
51.132775633093395,4383.0
110.97253645344263,12204.0
154.9133429775006,22263.0
174.26381041140323,25450.0
172.99283258360092,24010.0
147.07303195234087,20770.0
98.29731591820095,14993.0
947.6845913379605,21265.0
146.29177920024844,20131.0
164.8366137904085,21958.0
174.77050932845444,21063.0
154.56366769405457,17106.0
177.60309823511005,21372.0
192.84667032375546,27083.0
196.89750305921473,28965.0
179.45573331050917,28367.0
183.75415096875648,28239.0
170.78991625406871,25817.0
137.4571936275035,20023.0
111.97670596247318,12674.0
68.1330596545473,7414.0
43.079138651763216,4699.0
28.25943609074891,3091.0
28.234283368728715,2838.0
48.4040750390447,4276.0
114.9513811063075,12048.0
157.57276765433855,22202.0
179.204609990508,25768.0
161.63131409397684,23734.0
144.7109556039203,20718.0
104.45009165607652,15304.0
925.4857415528547,21402.0
148.59019163798172,20314.0
171.68176487772956,22403.0
173.76011934480658,21146.0
159.49070692806316,17026.0
182.29967007934604,21775.0
204.0287390223839,26993.0
210.55234534486758,29114.0
202.3435952493139,29052.0
205.42516984319164,29270.0
195.14089485652713,28323.0
185.99424362281397,25534.0
175.39325826958083,19548.0
117.94883920948794,12570.0
81.7108597724193,8126.0
59.02319464537126,5807.0
47.90407876550063,4453.0
63.11912958440525,5155.0
134.61865998716624,12882.0
176.8164749412643,22587.0
193.5450603570822,26161.0
187.54252210282115,25367.0
172.09502500815842,22659.0
111.8777229958438,16682.0
1043.396040060995,22025.0
178.28770618530328,21705.0
201.54537543737362,22465.0
200.84353298599567,19885.0
169.17084815000882,15949.0
203.53851907241082,19852.0
231.71981015589935,24697.0
239.3154080385623,27578.0
219.32700419488106,27793.0
208.26664949248857,27298.0
197.30384554201132,27816.0
198.2507381997519,27327.0
207.2289654758696,25545.0
189.4595467899747,22142.0
160.91322008500978,18227.0
127.94494725706474,14467.0
94.83292238895325,9582.0
51.097118370765465,4647.0
65.47091715640339,5530.0
80.77341144924691,7933.0
107.39070976566931,12275.0
132.03159529538144,17326.0
149.01081814103455,20590.0
125.32694162588594,18664.0
989.4708705203457,25094.0
174.2232613281404,26076.0
176.8050306290271,25570.0
177.19364339956743,24606.0
166.41205920938762,20845.0
169.31498606707407,22324.0
201.54928302839375,26880.0
198.69855404431203,28434.0
176.6766716304257,26493.0
172.38456769248546,25931.0
182.0817712803695,27205.0
186.3797343070138,27253.0
177.09892227350474,24874.0
164.60096546601835,21947.0
151.58355701681987,19016.0
126.308359539659,15392.0
90.86261913476392,9821.0
46.46878382701064,4576.0
42.31612390152201,4097.0
56.92838604059586,5276.0
79.8466176784724,9051.0
106.11794943407207,13031.0
133.85027631521862,18199.0
127.24871575734618,18413.0
973.0869084447207,25257.0
172.09789553495713,25804.0
176.81957114416633,25169.0
173.37809994989837,24093.0
175.37089171814713,22503.0
175.06276990782766,22903.0
190.392443188467,25335.0
185.89485857849834,25316.0
164.02351696016746,22000.0
151.19570113077998,21162.0
148.42283171367467,20278.0
147.4578458779795,19077.0
110.87819922472355,14166.0
79.14236775608238,9513.0
65.59465318764944,6831.0
50.31118237026162,5137.0
43.07486500269512,4122.0
42.93040054534508,3755.0
74.4733947163349,6547.0
95.08784083043426,9880.0
123.99746016763063,15917.0
139.0804768912476,18784.0
144.67802399790418,19761.0
125.07485240169484,17145.0
854.3526545673974,23618.0
163.4506539241765,22519.0
177.00003813694826,23425.0
183.36947492570005,23211.0
168.8959651208955,21472.0
173.5561736067141,23738.0
182.53597698467325,27149.0
173.88288636392807,25278.0
146.6671864026326,21350.0
141.04857121205146,20121.0
131.85110222535792,18667.0
106.56931828143065,14769.0
74.30981611676921,9464.0
50.79055393488528,5649.0
31.813944680169236,3657.0
23.202493890847247,2281.0
22.140595865640122,2113.0
37.26676109142558,3320.0
74.00122130013214,8062.0
103.05469651611251,13533.0
125.52508509916107,17841.0
138.80472583910645,19251.0
132.5972162714703,18899.0
95.55718637805336,14482.0
748.8808372960112,19612.0
126.62238945140217,19297.0
138.23012017392074,20082.0
143.42669345254015,19670.0
140.81653315091853,17308.0
153.48524384064336,20915.0
173.03378102601192,25997.0
167.51771862957818,26543.0
165.65054062067523,26264.0
159.33856880727586,25400.0
147.13499763725477,22343.0
120.34881932129538,17703.0
96.59382944371833,11095.0
56.227050940927,6649.0
37.46990217361701,4175.0
27.513641021400122,2818.0
27.21208055613505,2633.0
50.57826080935242,4126.0
112.43541978245628,11394.0
137.98580543443796,20092.0
161.1397725586686,23787.0
148.3832074689038,23014.0
147.41841915375898,20458.0
104.04606352369497,15000.0
917.342594374359,20928.0
151.9595569356572,20327.0
160.34958060958527,21086.0
163.82680770963606,20565.0
142.9040514925519,16970.0
166.7374184920053,20468.0
176.76392678378647,26206.0
180.75906423184074,28682.0
169.8797478464939,27400.0
171.3090052637203,27119.0
164.54479049014412,25154.0
138.21453543355167,20238.0
106.64143534708485,12628.0
68.01673751139883,7648.0
45.38636155864034,4852.0
35.2179499265315,3229.0
28.29059229058755,2712.0
51.67718539727386,4282.0
112.43404637961221,11599.0
146.05818805681602,20919.0
165.30142473682102,25021.0
160.43911772409504,24078.0
153.3807507380703,21986.0
117.8828273085827,16310.0
983.4236790247454,22702.0
160.6779414276325,22200.0
171.05694781920664,23079.0
187.16572965319654,22441.0
161.7802675447729,18334.0
185.06954269374984,22813.0
206.82761543230896,28260.0
208.08348569379316,30064.0
213.83256272137172,30851.0
206.4266052946659,30366.0
206.22672973661363,28615.0
179.9281322806148,24231.0
140.6480383653513,16674.0
91.77037812922781,10092.0
61.66855758612842,6477.0
42.09743729140916,4421.0
35.99819923924532,3606.0
57.47820452666108,4733.0
120.56509330384038,12088.0
164.50754700673258,22001.0
180.57040512848167,25942.0
166.13397198060107,24792.0
160.37375341533186,22690.0
113.55833766496099,16835.0
947.0234180808643,22698.0
158.32754280088716,22026.0
175.71637283536884,23601.0
180.40036924365776,22078.0
162.2372152733097,18363.0
184.88616518833385,23467.0
215.30689852169448,29579.0
208.98819184990145,31856.0
204.40701150917343,30218.0
192.33984206112635,28425.0
197.69575856335067,28882.0
196.1084370772982,27804.0
191.1892180084673,25654.0
156.14408681556017,20762.0
133.95707805871618,17069.0
103.47590613155481,12569.0
74.92536224360904,7900.0
40.988666119231944,3919.0
56.23727258238734,5170.0
72.92238571917603,6877.0
97.19394353125907,11040.0
123.20482305042198,16370.0
152.20323614962115,20031.0
129.23751109992477,18163.0
967.691868139525,24573.0
184.22979962857883,26495.0
194.97203586112403,24257.0
163.32262163818544,19617.0
126.96964558725448,16559.0
134.82242369590566,19266.0
161.79391864888623,24476.0
167.99902609738854,24486.0
141.27656097583207,21564.0
139.13111199810146,22590.0
155.27395591225473,24225.0
158.11945103784333,24851.0
150.58340946712303,22884.0
137.22642369177996,20155.0
121.4183119292722,17668.0
101.3334107388542,13651.0
69.32713384216997,8426.0
38.834407464612994,3786.0
44.59540699625262,4208.0
56.19223458680431,5654.0
81.24726182576138,8977.0
103.71014745427262,13215.0
129.73718754189633,18204.0
122.78076239594586,17459.0
906.2612379151631,22727.0
148.8592854731569,22230.0
161.57091333339486,22226.0
156.5759108206462,20563.0
154.4183644574389,19271.0
159.90779766552916,21146.0
172.7636258765361,23597.0
146.75565996595134,21698.0
112.40842426649372,16185.0
99.2242307989892,14370.0
106.54381468896979,15370.0
86.46550095059925,11484.0
90.79651435796745,13477.0
41.04345981079944,4847.0
27.90197625705825,3081.0
21.56035235396005,2213.0
22.59429473144734,2297.0
49.996877467050524,4496.0
110.11116035301113,11677.0
154.11056623303793,20162.0
176.9693560687966,23653.0
167.42660826571455,22325.0
145.2700359002177,19246.0
104.49645172917025,14739.0
803.4421340513522,19943.0
142.0347236989203,19462.0
170.44645023009684,21198.0
177.5978157579281,22030.0
173.6634858171703,19944.0
192.51218559324715,24137.0
204.2168742687382,28759.0
208.36578489588115,28852.0
191.8673730096176,27269.0
181.7452692827659,25590.0
164.48786435439172,22420.0
114.4235670940525,14910.0
81.63861870764298,9550.0
50.8230174550915,5289.0
32.15024865839762,3224.0
20.77383103288103,2117.0
19.340618077784484,2028.0
47.13476753145371,4153.0
118.99162978034356,12756.0
169.14220966906413,22737.0
189.74631012596402,26020.0
189.02765575514854,24512.0
158.45760388688726,21421.0
108.69641664830546,15312.0
907.8241865184691,21458.0
141.9998019349771,20499.0
167.37755639686395,22543.0
161.9815386985193,22020.0
145.79702137599418,18295.0
170.99505758096458,22469.0
198.40041799796657,27921.0
183.9809190760705,28228.0
176.84087893627444,28050.0
174.3867926895382,27840.0
164.92611100463841,24507.0
127.18768505365213,18336.0
87.86552472132199,11379.0
53.08046367131665,6190.0
35.350921788174766,3994.0
25.514599752373528,2650.0
24.760860761616865,2435.0
50.939743162622754,4271.0
114.07049273172892,12374.0
159.63040047001428,21997.0
170.96692931112082,25219.0
165.5959696396461,23461.0
148.78430320633666,20855.0
96.21302703381431,14650.0
922.4920066925807,20999.0
145.41972026076428,20659.0
168.07400774069617,22033.0
166.92084686887716,21002.0
148.6950995791011,17009.0
173.72734966000525,21220.0
186.89900342782047,26517.0
178.85722486366063,28315.0
175.8035463303179,27571.0
175.5350341939214,27463.0
164.7225005644808,25540.0
138.364577606669,20066.0
105.33554509937815,12965.0
64.2007460370575,7487.0
38.99476632916402,4650.0
30.09601738667922,3122.0
29.42843523030424,2706.0
52.600492177224424,4426.0
117.88110759489517,12570.0
167.48961773094217,22784.0
177.77630227665307,25983.0
169.2096514794196,24572.0
144.9980296530438,21302.0
106.04139796512263,15588.0
949.1161688568404,21867.0
162.05950955676187,22299.0
175.9084321743524,23025.0
181.43516483115874,21686.0
157.48079726866578,17342.0
186.14244157456676,22004.0
198.3551182760557,27521.0
188.63645857354027,29632.0
193.7223811671599,29678.0
193.7395690633636,29125.0
186.87096841745947,27476.0
174.48893105529012,24643.0
130.69884402620653,16877.0
92.17128928666018,10798.0
58.69889102402016,6868.0
43.8595136478384,4745.0
37.64013814774098,3815.0
56.32814398271516,5011.0
119.12981417172627,12062.0
155.621096546503,21478.0
180.05642395961928,24798.0
180.0730746013243,23849.0
150.3936005454733,20679.0
101.93018631404726,15242.0
948.5293759888299,21725.0
153.80553132879487,21254.0
181.58634075114136,22411.0
181.01022308236915,20615.0
163.02074160462897,17052.0
184.76074198922026,21887.0
202.576015364666,27412.0
208.95719698286732,30892.0
207.32942645149143,30040.0
198.71475822771154,29299.0
203.9931937312012,30257.0
209.71887590269674,29252.0
202.44895976182335,26347.0
167.3898677237411,22209.0
139.66399316489844,17927.0
111.70008330814771,13331.0
76.77947962153999,8449.0
46.27070795144221,4299.0
61.445495194398525,5227.0
74.58827700400825,7070.0
100.47534778207626,11531.0
130.82841391933417,16700.0
151.92208107914945,20090.0
129.98946305198277,18005.0
981.3630157481433,24577.0
165.258587093588,24337.0
171.08776353120123,23659.0
171.33538170091236,23371.0
157.27616910793853,20746.0
180.093527457359,23204.0
198.68137823689005,28854.0
197.21104107887112,30206.0
180.2329539331549,26507.0
169.30833397736887,25997.0
181.34846361019632,28489.0
196.37057158055788,29541.0
191.15458434293348,28065.0
170.68259485632854,24732.0
153.08893917859277,21240.0
126.64570040134356,16061.0
95.76032956940908,10313.0
47.634198487573556,4601.0
50.514522476424695,4614.0
61.371869961525796,5513.0
79.83209094894532,8616.0
113.25655612472801,13416.0
140.75929634852264,17997.0
122.01615879755296,17291.0
977.7330539422948,24126.0
189.9788300501847,25443.0
186.65363932044943,21397.0
157.05155951906383,16262.0
122.37867152818473,13433.0
117.09236051028786,14927.0
120.79275044849582,17147.0
109.83263145225246,16205.0
105.40844426998333,14669.0
93.37041947547077,13489.0
90.06380294366419,12170.0
75.47956780040317,9419.0
58.718893461303715,7051.0
37.22298255220708,4313.0
24.677396107224695,2798.0
20.065183828821404,1938.0
22.118127784868673,2297.0
49.563405209388435,4485.0
106.4910439721949,11014.0
141.95724068878212,18028.0
161.62224834925843,20558.0
159.99885010186995,19992.0
143.1540391019501,19107.0
98.14100653790207,14976.0
759.0873273745191,18260.0
132.87616568153624,17553.0
146.47277518585335,18728.0
155.77614530513742,19520.0
156.01628230135674,17595.0
170.63054820914797,21714.0
168.76047687712204,26378.0
173.648430477352,25915.0
164.85290324851658,24448.0
154.29267233989773,23504.0
144.55768678880364,20275.0
108.48969559954963,14447.0
74.97558142905498,8890.0
46.98266966110254,5122.0
33.50321191421078,3223.0
20.483800875687468,2080.0
20.121995584968047,2057.0
43.535433502961894,3864.0
106.31131259398977,11614.0
150.0253590216126,20795.0
166.9590257643497,23957.0
158.52050773497714,22224.0
147.68886778191455,19500.0
91.17993548532527,14084.0
908.0815660064482,20320.0
141.17915917441664,19725.0
160.3970672676591,21609.0
176.98148511702288,20577.0
156.83610139231888,15467.0
170.26654616713319,17176.0
189.71589014755068,20402.0
177.16561404882685,22201.0
175.90745754068357,24513.0
168.5252479116967,24624.0
161.44769042525672,22179.0
126.30747818740294,17041.0
86.36904276612204,10440.0
50.57367375522517,5672.0
31.32401510532259,3485.0
20.01636185784604,2258.0
23.151672252949677,2308.0
49.754782268414715,4277.0
116.45727995654835,12339.0
160.19844543606695,21809.0
176.93215238907837,25067.0
172.03099116602823,24248.0
152.88103041801182,21076.0
94.91369689864023,14305.0
894.4519473060476,20182.0
142.3560788534282,19781.0
159.1278663151689,21459.0
161.81439552347962,19842.0
151.0406683041332,15877.0
183.10968374597402,20150.0
183.0225010031932,26051.0
181.4654215985162,27940.0
193.60094732268809,29444.0
188.88510140419524,28282.0
173.71439590088545,25333.0
145.32934834342834,19786.0
109.26860152293115,12788.0
64.32248240862162,7441.0
43.63477799857366,4681.0
28.84542036478945,2991.0
27.18535996226968,2739.0
46.76615171031953,4116.0
104.62319442084915,11125.0
146.53906827436515,20120.0
153.3134601226424,21446.0
136.61399449338455,19374.0
113.46017363575051,17255.0
75.86977653590431,12504.0
782.1306202386631,16916.0
101.8893757662299,14925.0
107.36243211770642,15745.0
117.26140125363398,16610.0
100.13458609630514,12994.0
108.03873465507691,15777.0
119.95231958687081,20574.0
140.10648161410782,22589.0
143.9168422703699,22013.0
140.82281984886762,20936.0
135.16631183369495,19871.0
130.2802572578334,18301.0
111.52458830144859,14204.0
75.50200124831753,9189.0
59.03690792288139,6533.0
38.091832562675194,4248.0
37.07944421632476,3684.0
55.93110994967516,4787.0
115.15537340368414,11096.0
155.44489672308387,18162.0
171.33206931391226,21563.0
157.8059108886556,21881.0
146.63221062081064,20654.0
96.53515568286835,14866.0
965.402463151082,19795.0
161.90470526914322,19392.0
185.79271241614003,20667.0
180.02723176525552,18361.0
163.5467675336247,14429.0
187.48370893311682,18167.0
201.63002618155056,24084.0
200.10922590144716,28225.0
193.53363649134127,29151.0
195.13304241399953,28884.0
195.72535741437883,29261.0
189.4512560135157,28539.0
196.59496963680576,26398.0
170.96355203524035,22090.0
137.82268648488645,18192.0
115.18920994021208,13875.0
80.54417583374344,9000.0
45.442918868406686,4441.0
62.91853511714607,5626.0
85.06317416601222,7644.0
108.92342020045683,12415.0
136.45063382147896,17674.0
153.4042171132608,21113.0
120.76203288640107,18596.0
978.7567405808277,24700.0
166.5438719770414,25361.0
172.87353194339963,24683.0
171.6150844145263,23741.0
151.68180625520122,21127.0
159.20559598230315,23611.0
190.36322945969206,28776.0
191.84593797167605,30115.0
172.23060351278212,26032.0
153.74508643761197,25088.0
173.3889367875739,27642.0
181.05901190779934,28888.0
171.64046616820127,26928.0
324.0372492489205,24230.0
1.1511661104953597,148.0
156.1771326490598,21586.0
120.3713080357146,15094.0
64.72873460011007,7367.0
57.416695112550855,5120.0
68.160739741114,6185.0
79.175486524329,8642.0
108.11405594020923,12969.0
131.92611463102892,17695.0
114.28765023128385,16341.0
906.7694908911511,22649.0
163.3698373855651,23236.0
176.04428387821156,22773.0
186.2488601957433,20815.0
170.21850463215853,18677.0
170.41090734776964,20203.0
166.09547636254604,21505.0
159.68724848771058,21297.0
137.61294866492526,18539.0
131.25100583185906,17574.0
116.74465735662162,15790.0
105.75488933087165,12465.0
72.9358877087227,8349.0
45.55032902685522,5049.0
29.845507685086897,3206.0
21.32034092266491,2211.0
27.512269296883087,2660.0
48.91119094034069,4564.0
116.17693224754525,11451.0
157.0120822644617,19307.0
175.80440764722604,22868.0
166.6571628179253,21772.0
148.08893833085324,18527.0
92.48421069749274,13271.0
837.3740377590137,18423.0
142.13587506673682,18120.0
150.62832874526853,19184.0
160.55815949113273,19489.0
158.94497490858754,17009.0
167.05002759414205,20177.0
176.11594601910534,25023.0
167.4042314312768,25280.0
157.3359400067595,23796.0
150.45174067840296,22722.0
128.5367289634547,19365.0
116.52578988029784,16486.0
77.03333944605448,9344.0
54.892755594285525,5756.0
31.796817372681403,3531.0
25.46388141930059,2427.0
23.392049528610887,2320.0
45.37378341096473,4019.0
101.6961577109965,11054.0
144.35514417455008,20271.0
173.6182681785411,23768.0
166.31731614175683,22481.0
159.6251932222697,19958.0
94.95569633391482,13759.0
939.2939540758755,20038.0
148.71047065482415,18856.0
166.43070963877273,21006.0
180.741445915274,19630.0
166.58149078461787,15807.0
192.1432150501878,19099.0
215.0199716896796,23990.0
193.3870404610247,25797.0
189.67462803148152,27086.0
188.48316591811044,26779.0
170.94191115662503,24079.0
142.66085687554096,18467.0
95.15591209136014,11468.0
53.808199801365404,6394.0
35.55894130096764,3891.0
23.1388573753295,2656.0
25.0370500132017,2590.0
49.25026628027649,4192.0
107.27816085253228,11283.0
154.79529194257293,21054.0
169.40136562511609,24212.0
164.70174965156608,22854.0
140.4410665177794,19909.0
96.57620273633678,14333.0
935.9462146630153,20150.0
146.29466149521951,19463.0
160.70999603161434,20454.0
170.85462992788044,19683.0
153.1301839381308,16141.0
195.5806083971632,20422.0
206.58811766014463,24402.0
184.20001568142175,26895.0
176.13049853614856,27324.0
181.05608600625456,27123.0
171.01060356519025,25754.0
152.92103841167835,20973.0
113.10641305313979,14362.0
72.27287008904679,8156.0
48.03414199983062,5164.0
33.14321713098416,3401.0
30.92800018925751,3094.0
52.83867485185385,4487.0
114.87249967738313,11445.0
162.13236907823662,21300.0
183.84157312115298,24724.0
171.4443580608996,23108.0
151.81416967347576,21144.0
112.55280222104392,15642.0
962.3906154482323,22247.0
165.24727653502666,21199.0
189.84035574448947,22210.0
192.37692178241306,20171.0
173.80128458797807,16069.0
199.30197044670666,20227.0
212.8968722824722,26479.0
206.51235596313413,29019.0
196.1075738315574,29220.0
198.82240155458703,28856.0
194.24399791478922,27915.0
186.53598809866668,25140.0
146.17729610135387,18630.0
99.36754117458335,11749.0
67.64530348223828,7641.0
52.91671141468508,5411.0
43.163714129187014,4280.0
59.958921809044874,5157.0
126.82677956180426,11557.0
168.7086949629535,20780.0
184.2187919952569,24094.0
163.0298628838364,22425.0
147.87887244727384,20358.0
103.47704881323891,15280.0
963.493216152616,21298.0
163.12540690725797,19774.0
192.0454873473347,21754.0
173.29907998658888,19765.0
158.8454984876648,16342.0
189.594183553954,21394.0
209.26914949095598,27715.0
205.4526640910287,30113.0
201.06486109486863,29012.0
191.97232619966258,28311.0
186.7608388404701,28454.0
184.67300110029944,27991.0
186.11709854256722,25947.0
157.37951642768985,22220.0
135.78296955843015,18250.0
114.24879498611693,14154.0
86.80379958521905,9193.0
46.39113906613951,4429.0
62.526001836474634,5297.0
83.54130352827735,7843.0
113.35309026443264,12407.0
140.97750920316903,17857.0
153.5299963720283,21004.0
127.24431030182693,18697.0
1029.9630628312152,25954.0
167.4898776516338,24343.0
156.8184598012284,22837.0
155.56480213679407,21888.0
152.28504448494002,20382.0
169.78951614490398,23251.0
182.08666978079592,26671.0
189.73815861375388,29218.0
181.05767808697829,27433.0
179.4511560804314,26944.0
170.110258485873,27332.0
171.55517925428566,27331.0
177.03491298130862,26776.0
162.1160082551101,23650.0
145.01307065189206,20069.0
121.57997837537765,15122.0
87.41622502935346,9829.0
46.33227994952555,4664.0
55.200508749886346,6084.0
70.5704535734782,6519.0
81.26314070729778,8185.0
117.56985177873067,12286.0
147.05406799947073,16532.0
127.25792086363596,15997.0
921.0728363604404,22936.0
173.7340551080697,23215.0
173.83796372202295,22714.0
171.49081548573488,21743.0
170.12889910730757,20478.0
171.5814970487532,21489.0
167.29710308098691,21982.0
159.9180622977506,20989.0
146.26576719273186,19299.0
129.32744428199393,17357.0
110.65731671497456,15291.0
91.21113390806899,11857.0
70.82060906227254,8605.0
46.66101430984642,5288.0
34.973880843461785,3646.0
29.605551816289243,2821.0
29.948972317627312,2845.0
48.181566179419484,4345.0
105.08432876217164,10872.0
152.3582164829347,17885.0
166.24016835913122,21395.0
162.4410373191712,20827.0
141.20532737017325,17889.0
98.14415936523984,13237.0
781.043363172063,17828.0
136.28042806523464,17569.0
140.972603935371,18324.0
151.5151926999572,17699.0
144.57107084910425,16211.0
152.90790744730626,19203.0
166.9968440806342,23810.0
162.63040997163114,24175.0
155.85904586841656,23220.0
147.57219711901158,21358.0
127.36021284223558,18397.0
99.58338346923128,14108.0
72.82071715287184,9045.0
46.49460421509631,5428.0
29.3150738626201,3352.0
22.551952874347897,2139.0
23.220516601019956,2240.0
42.88047098569638,3858.0
96.30756148685487,10543.0
143.45204763623784,18774.0
175.609333814637,22126.0
160.1761540832159,20562.0
143.86609352040594,16998.0
93.19237766726184,11739.0
726.7463303984803,16369.0
142.23709695032164,16757.0
154.62355183605317,18142.0
162.37927678072103,17840.0
144.41784877383301,15767.0
168.29153995561916,21756.0
191.4727667993367,27880.0
203.19268370780776,29661.0
206.94166223280968,29767.0
200.099291078236,28845.0
194.15570602283387,27273.0
179.57150345124145,22622.0
133.55976412456218,15275.0
85.11742996468222,8961.0
54.8329615654691,5700.0
40.715749452604605,3950.0
33.08823631036243,3312.0
51.10757867451623,4441.0
109.47771987686099,11494.0
159.02532106843123,20458.0
175.36480980222188,24804.0
165.6237172170407,23667.0
145.99190249538603,21091.0
102.4644928691298,15362.0
943.072032418902,21135.0
156.17226628510457,20687.0
173.7805818771245,21016.0
173.1805576342259,19433.0
158.92549869365823,16605.0
183.3580204065571,21171.0
195.40361544789923,26770.0
191.8333422327922,29142.0
181.85475914451857,28174.0
182.59935316116406,27491.0
167.61973700193715,25483.0
146.84265066288566,20229.0
104.51928320799624,12806.0
68.64705284821869,7453.0
39.18972482340316,4513.0
27.245297004187243,2846.0
27.598830169439168,2732.0
49.431596360567696,4273.0
117.96452056755837,11420.0
167.99020637935166,20118.0
171.29992567526,23875.0
166.03808661535248,22958.0
149.98860654272931,21062.0
113.1525728499824,15746.0
947.7412380091617,21680.0
167.94599675012708,21464.0
188.46303492562967,21835.0
191.07452316088106,19885.0
170.81273481933846,16027.0
197.24730155865078,21092.0
205.6295460989381,26489.0
191.6875310790131,28581.0
188.19457375084727,28347.0
180.8301889375509,28577.0
180.10762388096632,26753.0
174.6064983818806,24131.0
136.17758714757986,17243.0
88.1563399503001,10761.0
61.21391823636431,6899.0
47.13031589817823,4699.0
37.491779973114355,3968.0
52.5511514134528,4713.0
116.82484188451056,11054.0
159.37503687174848,19090.0
170.42829300121429,23359.0
155.33820227859928,22458.0
140.5648052751587,20109.0
102.93876635481698,15039.0
918.2633480165949,21231.0
164.35089318996404,21030.0
165.78894661752147,21736.0
168.40849659157107,19751.0
146.08362441330993,16331.0
171.505732764886,21311.0
187.44437276189961,27022.0
185.57417825243286,29024.0
177.26966693213302,26340.0
175.5263601265353,25913.0
177.2620119771081,26330.0
178.40414083220895,25987.0
179.17666623045707,23152.0
151.90697435596473,18928.0
120.40675162178944,15299.0
91.52359666885685,11127.0
66.39679391675635,7507.0
43.22827538502387,4095.0
57.11006014557502,5178.0
78.67865042687146,7335.0
103.2917142608191,11770.0
123.61062962831741,15964.0
133.35647498872967,18526.0
111.69270618547894,16553.0
940.5388332564924,22877.0
148.63745871984327,22879.0
159.14745178580935,22405.0
158.0686614874354,22233.0
149.31332545645148,20506.0
166.85433591202099,23109.0
182.12919583141388,26980.0
186.66209404374894,29200.0
171.25440364786562,25794.0
156.00518496903882,24696.0
173.77424210930016,27753.0
197.44563947945642,28875.0
185.29628416865927,27135.0
170.30181403458425,24789.0
148.8099920637259,21411.0
131.08867715163137,16666.0
88.63797915130483,10443.0
49.286038124311034,4743.0
53.44631719101911,4704.0
62.26799685317995,5705.0
91.01369133863093,8834.0
111.93285490467396,13041.0
140.9539551765929,17706.0
119.01750461384077,16347.0
910.6883663944898,22147.0
161.97933800521838,22095.0
173.2639954264304,22183.0
175.88563864633218,21556.0
173.73443900582024,20100.0
173.5303021415985,20896.0
182.9558825077519,22494.0
168.93110193231996,21509.0
155.47813553609754,19995.0
144.1308477043139,18895.0
131.7945196410806,17328.0
110.07594821453164,13128.0
71.20671378871977,8366.0
46.01349957243592,5036.0
30.388148640683927,3207.0
21.425773297903085,2040.0
28.295890185444595,2617.0
53.11096368329078,4578.0
109.32935118158298,11190.0
159.82656170563902,19112.0
169.68707408055,22239.0
165.87653199869627,20873.0
139.53626136876244,18153.0
93.65009553551613,13516.0
761.7291111026489,18376.0
141.15848740163838,18164.0
149.3216778785496,18828.0
160.07047511344993,18393.0
151.93972427685844,16630.0
165.43580786260006,20542.0
177.0837186749579,24981.0
175.09433696109403,25260.0
162.86753355882064,24094.0
160.16562903078255,23611.0
140.89176128945985,20599.0
110.73929646714595,14572.0
79.63714486290407,9727.0
47.01169606284261,5363.0
30.749685256937997,3518.0
21.620031620889783,2261.0
21.96644647266759,2170.0
43.67641386560578,3974.0
100.37415416324762,11040.0
148.45229915710448,19554.0
173.85127096260825,24083.0
164.0000720565923,22110.0
141.29825844854,19292.0
92.87491661793074,13629.0
884.668119050938,19489.0
144.1740857290796,18742.0
149.62843214896728,19582.0
151.08241903664901,18405.0
147.9641300789095,16150.0
171.53330812622764,20074.0
181.4340086756579,25261.0
174.55375594736685,26154.0
173.59971400620068,26405.0
168.46718765184676,26131.0
159.7605067766569,24114.0
133.13875352647872,18215.0
90.26087534411901,11380.0
56.17037201257734,6566.0
36.91333135831022,4054.0
28.254180193471868,2872.0
26.753062098158335,2601.0
47.96570366479933,4146.0
106.76443421974409,11019.0
151.9353339077943,19573.0
162.9379094205242,23147.0
150.35673119595185,21725.0
138.61646099707815,18997.0
93.07476421241768,13793.0
844.0696640873293,19460.0
150.91857091729244,19686.0
182.27498278687975,21879.0
198.3905737468898,21522.0
161.224590769278,16609.0
176.28423123553193,20227.0
198.89483024826896,25466.0
200.4141227182026,28596.0
180.49407849766416,27624.0
169.6921792553156,26594.0
160.89417458609174,24661.0
136.33938167401703,19387.0
94.11494914957872,12427.0
58.068118950761566,7175.0
41.177801378283114,4617.0
27.361768182696544,2971.0
27.334239329218367,2689.0
46.0926225970533,4183.0
109.05365962256121,11076.0
146.62565484465992,19638.0
163.73651813572985,23820.0
162.2911841103811,22708.0
142.26203522420676,19902.0
98.46283261816662,14241.0
989.937894722114,21101.0
158.55188870522028,19581.0
180.1619229705377,20863.0
176.67779038264285,18414.0
157.35813195437277,14726.0
179.91561872688052,19331.0
207.6952704648654,24646.0
194.47119873904805,25721.0
191.7421617548266,25586.0
202.05553296869206,26625.0
212.8944859032544,27023.0
178.89105040372306,23701.0
152.64246704846056,18842.0
97.64049918577697,12011.0
64.65008512470118,7658.0
47.8508853819066,5145.0
39.293759834751036,4050.0
59.11826454556956,4858.0
127.74713199847655,11757.0
169.6890381043111,19934.0
161.9611961442727,23005.0
158.38595289444362,22301.0
145.94933059284077,19915.0
100.20404726155697,14717.0
897.6489045500485,20780.0
153.47165344308533,19926.0
173.39185950127086,21389.0
175.58383678110422,19573.0
150.86122837166005,16327.0
170.69726844534998,20709.0
192.05237437953625,26992.0
200.3262039944967,29328.0
184.91321943144135,27525.0
178.47078672669835,27279.0
187.18204036545634,28052.0
194.3541880448334,28113.0
191.02351332325506,26814.0
166.98290142209228,22580.0
151.82103174118177,19163.0
117.38828037732928,14351.0
83.56445354651677,9164.0
43.90197107074971,4223.0
61.84870041889607,5272.0
81.37374636177714,7632.0
102.21075081357301,11540.0
130.7102577592439,16556.0
149.68023612980934,19815.0
125.00632378244951,18388.0
1007.0805464761673,25298.0
167.96728866105866,24895.0
163.44164641120798,23248.0
171.49398654674522,22991.0
152.40792865553627,20904.0
169.23169057464742,24220.0
196.50730932251574,28764.0
205.76692464227682,30525.0
196.76800154016752,28397.0
186.96382704901367,27562.0
200.72894142096158,29440.0
213.91417956047005,31323.0
206.75736798888556,28010.0
180.05091440057598,24426.0
275.1242977611745,33561.0
99.90104656603764,10463.0
49.34561662298033,4523.0
47.895785347472454,4465.0
63.29855778379447,5869.0
88.15304584285373,9088.0
116.08207993621733,13533.0
144.86834655241555,18633.0
125.16042333836135,17262.0
938.3471736312391,22881.0
176.26369618395756,22424.0
179.14263243652172,21864.0
172.32763653174902,20178.0
164.53286890568438,18784.0
171.79574043791422,20409.0
171.95269269604847,21488.0
160.86617925844618,20876.0
143.2188331059115,19263.0
129.83169148465268,18005.0
116.69310804599057,16083.0
99.38515890193224,12541.0
67.3684285547122,7907.0
44.01377603642748,4881.0
26.69358889578622,3136.0
23.98876670558666,2251.0
23.09297115199775,2454.0
47.076618220225654,4353.0
109.10240370741698,11511.0
152.33955993392306,19470.0
171.33328484777945,22474.0
161.12390181889182,21218.0
139.49906681544255,18852.0
96.28769104609361,13898.0
779.6694602075427,18430.0
146.69476777190687,17923.0
164.56555574748808,19124.0
174.69487598616973,19249.0
152.97899488869223,16992.0
166.78186840002908,20722.0
180.83277312320942,24583.0
162.8294511358857,24372.0
158.35992167729447,24109.0
152.58332171591528,22847.0
134.31711133483734,20160.0
117.73103089020344,15465.0
84.0363452563095,10133.0
51.69802783281991,5708.0
32.47277213565692,3521.0
21.7895605457341,2449.0
22.6527696554177,2273.0
47.77847526828796,4019.0
108.90001871957331,11462.0
153.83698381626172,20974.0
165.4792525387388,23642.0
156.63514413299293,21839.0
142.82008429538212,19774.0
97.48021978804424,14526.0
899.1525668191641,20032.0
164.56926172177498,21748.0
185.22724852843322,23051.0
184.28976158472045,21700.0
152.78666637156908,16800.0
184.29952571023966,21044.0
208.78266786712484,26411.0
200.0763291933992,27502.0
200.57550064323613,28005.0
175.98278222172547,26068.0
160.67662935292032,23870.0
141.39673267476655,18618.0
103.55110809300746,12046.0
64.88983786884192,7032.0
36.911653538627135,4346.0
28.569330300118303,2890.0
27.916055932539567,2787.0
51.9865264485412,4389.0
117.486852524571,12229.0
156.11512334673148,21879.0
178.88797078365545,25126.0
158.25624153245775,23153.0
147.886518758736,20456.0
98.52686856475155,14692.0
956.760664578822,20788.0
160.27969215251815,20374.0
181.50315073833457,21603.0
180.51543726404546,19933.0
152.90453675110427,16049.0
180.6043357634088,20262.0
196.89174121116724,25919.0
187.72277956015705,27915.0
179.80599532206313,27743.0
172.19789166444406,27172.0
170.68031342263404,25406.0
154.42425845242605,20635.0
114.72064786969558,13962.0
68.33740643329024,8156.0
41.68598707741248,5157.0
29.042892177788726,3301.0
30.76586219818355,3083.0
50.765100261772425,4389.0
108.69191423488013,11444.0
161.58867527425082,21314.0
168.24478615288916,24790.0
149.08577883412426,22420.0
138.57605457369513,20263.0
100.03206097183705,15090.0
986.799294936806,21188.0
165.22784684020527,20659.0
185.4530698956068,21942.0
182.92329763460666,19990.0
168.5405822435879,15730.0
199.05866454278828,19888.0
215.11496180392348,25488.0
206.10041776242088,26695.0
196.73235338641663,27147.0
189.69353631573478,26599.0
191.8338353271202,25831.0
179.30146543502445,24189.0
163.4940321822544,20538.0
119.86192920231287,14740.0
82.13464533740215,10134.0
62.682813804221574,6986.0
50.63480052294988,5223.0
52.23196714932358,4497.0
84.17404793356968,8009.0
108.30407125350051,12367.0
117.611509059029,17370.0
138.6356224760078,20861.0
148.72840743213214,22012.0
113.32132708719409,16690.0
966.4845754426805,23343.0
172.3577852777563,22137.0
182.17880882051807,21908.0
174.02578440343848,20454.0
147.07826824580837,17428.0
165.81767477697193,21845.0
171.51396314016506,25651.0
159.81995451261622,24538.0
143.7127145345958,21884.0
144.46833301359231,22016.0
153.64409803136215,24428.0
158.77728895814485,24365.0
150.26680422374062,22073.0
125.2051324384031,18920.0
112.21118631964231,15584.0
89.24214094229819,12132.0
69.89335699344382,8218.0
40.68812420780066,3965.0
51.5507564144962,4761.0
67.81697067166373,6791.0
77.98363055074422,9140.0
102.89962115400338,13861.0
122.15905738215106,17668.0
113.64874483879136,16470.0
861.2007660133193,21932.0
153.26824294906024,22208.0
154.94842331442712,21400.0
158.16543419888336,21777.0
143.43049967593845,19845.0
169.0274320483162,22979.0
178.3360711711124,25224.0
167.4217327416907,25275.0
151.2048989191592,22783.0
147.5745508101493,22510.0
152.9097222466721,24320.0
163.1742446607357,26359.0
159.60496879612506,22316.0
135.28861351771317,18976.0
116.51721691914443,15768.0
98.79263490021874,12283.0
74.07135394158733,8493.0
40.00241875503154,3951.0
45.96407155775614,4098.0
57.725885754015074,5338.0
86.49726142201182,8298.0
107.17319883532082,12105.0
135.12127169191646,17144.0
112.56283654238148,15364.0
790.9029699236331,20002.0
155.71160388092605,20925.0
155.99910459228178,20239.0
156.26231057146947,19805.0
135.67959292448765,18055.0
139.43035121318903,18726.0
138.68285419164772,19676.0
130.40309482693954,18551.0
130.69606333823623,18101.0
135.4019416092067,17884.0
116.87724265461556,16173.0
101.18431953221173,12671.0
63.201384695236065,8210.0
39.70515634793166,4663.0
24.95523754681057,3023.0
19.308057607140846,2118.0
26.038526663561324,2444.0
47.91406616421576,4080.0
94.6832650553679,9847.0
125.95172550055405,16862.0
141.7476252295818,20559.0
139.0184935422082,20122.0
131.3162085243945,17840.0
99.42392028369638,13664.0
795.0921910396434,18156.0
147.02533771596666,18098.0
162.3152925224094,18726.0
164.9611915112647,18721.0
150.69044194232862,17024.0
160.5254825037719,20043.0
169.3779928311975,23797.0
158.41037930593035,23754.0
152.71736859988758,23284.0
143.58958125305662,21947.0
128.58009870545945,18539.0
121.93785003516439,17193.0
80.56170192424473,10141.0
49.612792685007896,5946.0
32.493178948682036,3598.0
24.183842368030053,2469.0
23.00468828678831,2311.0
41.84356107067129,3802.0
95.29758229497868,10504.0
132.1064518228302,19245.0
154.08726641603224,22900.0
140.0941722822799,21882.0
131.36864666794094,19232.0
95.7098967530964,14377.0
862.324775994711,20483.0
154.53924137885858,20494.0
163.59557792975957,21209.0
161.15627443082857,20439.0
142.38170910221555,17455.0
174.97883944005022,22255.0
202.1909389794655,28160.0
211.05981201361882,30576.0
175.6851219233467,26898.0
160.88907956778283,25760.0
171.72061310709432,24184.0
137.20971682737434,17983.0
91.07443799049992,10995.0
53.89958251661362,6373.0
37.716777651579314,4096.0
27.650661607361876,2778.0
24.884081012490558,2527.0
43.66087511794227,4065.0
99.46972750843027,10908.0
135.3798992829249,19467.0
163.15917975686548,23749.0
154.82955851981532,22820.0
148.7348163502186,20862.0
104.35049330192889,15289.0
947.94908431654,21490.0
161.22424411635384,21109.0
171.42713886067747,22134.0
165.24745467884324,20813.0
152.46399279509592,17548.0
172.52334529827468,21143.0
194.79820707475974,26150.0
196.93713085097517,28178.0
189.72185629839655,28929.0
186.14335435836043,28120.0
187.22540867700695,26733.0
166.9933812834069,22064.0
110.86137627112919,14061.0
66.97776994899081,7894.0
44.27045777145339,4914.0
31.864987565305636,3263.0
29.228677910918712,3008.0
50.28080893679232,4362.0
106.49155269825764,11125.0
140.32678351251187,19836.0
162.54144300195793,24339.0
160.8004298814928,23945.0
144.29944250458624,21407.0
102.54700763502552,15789.0
961.2684299426662,22472.0
165.47676614860313,22025.0
173.18157543409941,22398.0
172.78582432471669,21145.0
157.50925563523134,17208.0
178.12925066120852,21797.0
196.46724993139327,27465.0
185.836015800939,28835.0
180.11105450941398,28296.0
179.93250573699044,28401.0
179.32161704754586,26611.0
182.6682440758182,24061.0
147.2507554895324,18076.0
97.28349020918135,11244.0
62.270012117371195,7248.0
45.452988602160836,4913.0
42.20790811354118,4021.0
54.57591269055503,4695.0
112.22313515027591,11575.0
143.06333792363174,19256.0
155.73665965408892,23730.0
150.61970517412763,23112.0
133.5011138609026,20783.0
99.91544415313493,15475.0
871.5380510067081,21183.0
147.97598626021104,20357.0
163.1401740233136,22024.0
156.4211945024627,20524.0
145.95030359116268,17962.0
172.5647906521621,22478.0
186.14787162851573,27470.0
183.1822105369034,28870.0
170.3722190054725,26847.0
162.53899332909668,26287.0
174.63268834381012,27039.0
175.38819928178117,27364.0
172.5977248047071,25599.0
154.53637895018545,21965.0
131.71661025291655,18314.0
107.3279659831513,13464.0
75.07076169181583,8578.0
41.98503657165033,4097.0
56.31176356496485,5284.0
71.70116202253658,7374.0
93.87709234377213,11757.0
117.0968778691232,15912.0
136.75469235408312,19035.0
119.20991245081036,16593.0
965.5582542912405,22711.0
170.80692573703453,22548.0
175.11902191386935,21378.0
178.18567149180754,20940.0
157.47589551009392,18444.0
179.0664464318868,21497.0
209.1599929151029,26203.0
204.69734005016525,27066.0
190.31897197975334,26386.0
178.5385145023052,26606.0
179.2968245431675,27729.0
186.6198733603296,28901.0
181.00060316393277,27398.0
161.54193836436588,24055.0
145.74366119330193,20966.0
124.0944820706525,15805.0
83.71649913535455,9761.0
43.00169288713392,4256.0
51.26480481829901,4515.0
60.78703700438667,5990.0
80.54567817585468,8568.0
105.28513969756261,13011.0
129.88871093170386,16982.0
112.0182551852019,15513.0
912.1961093928534,21693.0
155.3137360304364,21033.0
168.66522377069057,20989.0
163.69214292333902,19949.0
156.93400285817623,18778.0
166.85219955716775,19587.0
160.54397906362126,20598.0
157.22622055129875,20294.0
144.6543741394064,19041.0
120.46256092692941,16495.0
110.25005498003888,15292.0
94.46269887751464,12472.0
73.30326457594994,8701.0
41.53540604715822,4908.0
27.81752513916445,3197.0
21.154237949400287,2117.0
24.171461628251436,2468.0
43.79084941761607,4267.0
110.89398811761401,11243.0
150.556002116567,18894.0
168.18354086354339,21754.0
150.0281257764325,20046.0
128.51402098082278,17525.0
91.263464068103,13213.0
732.8049004682362,17576.0
129.7167882007385,17194.0
149.19180913791175,19057.0
145.57634355392224,18963.0
149.2414094556697,17328.0
171.2294072758811,20530.0
171.8206640784662,24374.0
163.54156381814738,23839.0
150.79286573463705,23107.0
145.04909461785138,22081.0
127.38774679829174,18421.0
100.53696943941725,13737.0
75.66694072441022,9235.0
47.39421689707321,5405.0
28.891917458228487,3270.0
21.938903546446113,2165.0
21.199344744972944,2062.0
42.271061809399484,3773.0
103.57580571344043,11321.0
154.5212788393684,20710.0
183.3311748477483,24567.0
164.5123423465431,21758.0
142.7699448634611,19446.0
91.29850857554769,13650.0
856.8611588256576,19171.0
138.8763264306911,19114.0
150.82326492280936,20790.0
149.83938041934965,19622.0
147.8573272500098,17374.0
169.73733665558956,21887.0
179.3023699494502,26346.0
169.1050823645377,26220.0
164.7997682962938,25408.0
157.69892688854245,25075.0
146.6422978765667,22198.0
123.3990653937334,17474.0
85.45415407779481,11192.0
61.36860832142776,7331.0
37.24591126067454,4248.0
24.63386887052391,2824.0
23.80580496654222,2559.0
45.75938116516414,4191.0
108.47283418512815,11544.0
149.26692554736118,20693.0
174.84762451969831,23794.0
154.23186433669792,21750.0
141.49238446181693,19423.0
94.02568120640429,14007.0
933.2117309766747,20024.0
156.1865735074655,19594.0
164.4194129567316,20271.0
176.53762533478977,19502.0
156.58198600799096,16178.0
187.94064072853166,20550.0
203.07353082630758,24897.0
182.86801406032973,26604.0
172.37049006844208,26754.0
180.51837552279,27452.0
172.0061254419512,25425.0
149.79069665872967,20872.0
107.3364206538133,13746.0
66.3515628197155,8063.0
44.727614794233446,5016.0
28.587120444902993,3291.0
32.809971914213634,3075.0
50.15018637637143,4424.0
117.77422310926491,11991.0
154.69951792941492,21073.0
173.7603301755171,24122.0
158.04398235237102,21991.0
142.20837046772394,19925.0
99.30219615523029,14609.0
956.0172437430685,20804.0
158.85263523906772,20400.0
187.7480640759976,21958.0
179.71828566755457,20177.0
159.87109293669417,16281.0
192.89858782870462,21191.0
206.33427776555288,27483.0
198.65283498819738,29110.0
188.7505130291666,28779.0
185.78288280678728,28283.0
185.54537854611107,26582.0
165.57582202926886,23339.0
130.83450531901636,18016.0
88.03811867762398,11535.0
64.95283256821004,7612.0
44.58549857824908,5147.0
40.25367974030106,4123.0
60.04733053228445,5230.0
122.63556451164169,11913.0
153.92552928332805,20584.0
173.53841409662974,24441.0
168.12804629464927,23156.0
143.80251853624503,20964.0
99.89758670191094,15280.0
917.0979537195088,21625.0
153.18926370494017,20761.0
177.6203075564428,22066.0
172.87067134472278,20043.0
163.0758395594264,16627.0
176.48885675165053,20541.0
196.34771050404362,26597.0
194.09143624362184,29149.0
194.9068743605831,27790.0
183.52706715745913,26427.0
179.97340497211033,26919.0
181.62733866126078,27415.0
182.57883798140332,25604.0
163.82121976094584,22049.0
129.50761962929408,17875.0
102.65441640660286,13247.0
78.4648856948112,8610.0
46.20299547864025,4409.0
63.76323083589083,5642.0
88.062182842223,8466.0
110.24014804961963,12939.0
136.33112127775496,17843.0
150.76398113590236,20668.0
126.04410297597727,18063.0
1049.3433573892453,25045.0
181.1684634545995,25183.0
189.91623340887296,24834.0
182.57075906525117,23998.0
159.29270502607832,20351.0
173.03373185353317,23480.0
200.57312753390102,28058.0
200.42907302021823,28922.0
191.61616636674594,27325.0
182.01670892138267,26516.0
195.0748779788811,28075.0
191.82842610421758,28520.0
178.2759519859245,26307.0
166.0526453824717,23912.0
154.08409762907758,20992.0
118.16499637059377,15793.0
86.96373260179423,10154.0
45.438736533101626,4766.0
54.28304767485815,5047.0
69.18731805140516,7134.0
86.75985873562433,9881.0
114.94459357832433,14864.0
140.66153770591112,19276.0
123.8554696489071,17758.0
1007.3716037618711,23500.0
179.2467515764361,23073.0
182.92593135650452,23371.0
176.94436506242172,22570.0
188.22299567650856,21225.0
191.85480342073225,22486.0
194.13841708768388,23867.0
175.03737528646698,22391.0
159.19060850599956,21600.0
151.11158057503732,19933.0
131.20756459480825,17740.0
117.55123469045019,13754.0
74.87037908585008,8593.0
42.92642844505651,4957.0
29.183765791500626,3219.0
20.753245602096772,2150.0
23.230898282467713,2448.0
49.925038358269525,4455.0
119.28370159718882,12062.0
157.35530697543743,20640.0
182.2890476089669,23289.0
182.76086288290125,23392.0
170.38498014465858,21399.0
103.99374505155113,14432.0
920.5944025233007,19862.0
139.45609344453922,18060.0
150.22074333301688,19233.0
148.57310470373636,18922.0
142.45909368896275,17057.0
159.63752759815367,21059.0
177.4758375157286,25644.0
167.6832138282999,24406.0
154.23994580225872,23103.0
147.1914543367529,21930.0
129.03914543188523,18982.0
103.901961497089,14503.0
84.1064405994697,10215.0
48.14977150153815,6007.0
39.52361393629937,4491.0
23.923130492086162,2562.0
24.1155018124647,2286.0
49.93085923249774,4181.0
111.77198488309257,11928.0
153.72052504766654,20815.0
187.68091394503216,24959.0
179.64199745731128,23363.0
148.06535980619879,19525.0
97.86346138141838,14049.0
938.5711595945329,20099.0
153.26033584069177,19237.0
168.84790674082984,20863.0
163.69714137222292,19732.0
151.43152600691207,16993.0
172.52912504881436,21087.0
183.0067819821225,26352.0
173.34798559144664,26747.0
164.7973655456574,26650.0
162.07814765208767,26378.0
161.05147775515658,24348.0
137.06328695391898,18744.0
99.74396107776185,12071.0
56.753539917970606,7012.0
39.278247859880096,4448.0
26.533454435294495,2796.0
24.629343953444547,2618.0
51.739331638672425,4235.0
116.50273288094283,11742.0
147.11312119259267,20738.0
168.46025668790833,23963.0
153.19964854921773,21685.0
138.71339969204527,19435.0
99.06859016079066,14176.0
932.0667033619022,20069.0
153.92690772362073,19722.0
173.82558891201575,21274.0
191.73680157303457,21998.0
152.93904901054964,15858.0
187.34810912573894,20831.0
205.80586130474427,26148.0
176.78492713255815,26270.0
175.45876999275114,27041.0
179.78955877476713,27240.0
172.66586229764224,25794.0
155.22353783352858,20842.0
105.88037209044644,13328.0
72.15538351574247,7963.0
45.262589711135824,4822.0
32.34591742488382,3127.0
30.637822292880777,2996.0
57.34729000810056,4491.0
121.32077304959931,12340.0
162.41089506030784,21851.0
181.30487482406437,24796.0
165.0728323909443,22876.0
157.4138815958903,20840.0
106.7132338193988,15204.0
1039.2006669426485,22073.0
171.44496298054915,21500.0
198.6077007004513,22346.0
196.11496354377348,20567.0
165.67550450466,16287.0
199.77685601512036,21254.0
206.50355918975993,27310.0
206.5505105220099,29706.0
200.8086207721455,29430.0
196.90173727300146,29184.0
195.55810060285526,27772.0
187.07538249251212,25079.0
146.59999221119926,18353.0
98.0674715306634,11437.0
69.75630165014789,7606.0
50.409996373736874,5092.0
41.87559671191286,4080.0
55.07753084338418,4790.0
127.93437839084714,12000.0
168.5688617288503,21055.0
183.2012396221697,24325.0
164.71213039772036,22541.0
158.0773081175688,20975.0
106.40841123795371,15405.0
1016.8597625344122,21513.0
169.15502412047056,20256.0
187.4258375492628,21711.0
185.5940405639748,19412.0
165.92187868203408,15862.0
199.19116905920106,20050.0
216.03623501236677,25451.0
214.64744132096095,28590.0
213.5490679792745,29222.0
202.20323530932347,28608.0
205.06185544520577,29536.0
206.60276133413532,28611.0
196.94217339529175,25640.0
167.69045545803127,21395.0
141.5784737784882,17439.0
110.29423125289487,13213.0
77.86287905548173,8582.0
48.70875839323482,4602.0
64.61904421132886,5452.0
88.1225971858142,8259.0
117.75008786275642,13204.0
139.82611293787784,18057.0
151.85487931632272,20676.0
129.48489954628164,18006.0
998.611353677339,23863.0
178.53214216446383,23166.0
184.02244033093027,22278.0
180.82978264804794,21969.0
156.8831647566535,19010.0
169.25445630727785,22062.0
196.24990941890462,27058.0
196.84089551804755,28918.0
187.00946394934874,27371.0
175.5075113850244,26423.0
183.6562188881191,27713.0
190.18385167644033,28308.0
183.11733799058743,26386.0
162.62044164429435,23750.0
153.00737000267532,20818.0
127.2394133499844,15795.0
86.94177715702152,10044.0
43.83937633105247,4550.0
50.819978660353996,4760.0
71.08403205620414,6945.0
94.02142993949795,9759.0
120.34818080738968,14271.0
146.0331915634904,17981.0
121.80447083338157,15981.0
996.6545002599572,22131.0
182.2919266234359,22178.0
186.15409998649895,22299.0
178.29499110019677,21232.0
167.71428000308322,19481.0
178.96566830681422,21533.0
174.18882604969588,21833.0
156.86037154819638,20391.0
149.08866130356878,19805.0
145.3836215436631,18489.0
125.3181633556339,16555.0
106.03106959074769,13188.0
68.14843736700409,8180.0
41.0531636402097,4759.0
29.044450976837435,3110.0
22.507056110950714,2278.0
25.042820884906277,2591.0
50.45647045754532,4506.0
109.82798763516983,11321.0
157.2923474278859,19654.0
173.18291970653024,22711.0
153.812028218821,20910.0
133.34458823534325,18247.0
94.00165120870896,13458.0
781.1794199810047,18475.0
141.32455772209377,18393.0
153.21223465199293,20140.0
151.72823441978758,19382.0
144.79512643539394,17552.0
161.5436277318799,21251.0
174.84653756878512,25396.0
171.62979154615795,25166.0
162.19871809938618,24030.0
157.03696366961495,23774.0
144.51945959435093,20809.0
112.50191114757136,14681.0
74.13859081790173,9252.0
46.23885297020935,5553.0
30.214963070352614,3454.0
20.889698734050018,2202.0
21.165146657093832,2213.0
45.27970792393572,4086.0
100.7762615135473,11228.0
154.46299642369442,20157.0
167.22710716898294,23261.0
152.22436644529486,21580.0
136.74103257291966,18895.0
94.46184599085093,13804.0
894.2826259305441,19366.0
145.15873833536168,18789.0
155.85844533504067,20441.0
150.4618294436401,19531.0
140.7816104753667,16942.0
169.26720487033276,21083.0
179.85296666670604,26143.0
167.25767566341958,25847.0
161.4615789710894,25910.0
157.52051370548136,26355.0
153.18433728832602,24058.0
125.24279742010044,18334.0
90.17350737954189,11540.0
58.9893686909052,6848.0
35.06488087558401,4231.0
25.602857401054006,2841.0
25.83505622706285,2655.0
49.81286760174191,4305.0
107.06186260678105,11472.0
148.86807910634948,20519.0
170.3125172704683,23785.0
150.20189052809823,21860.0
139.38559744717546,19501.0
97.31587646886088,13928.0
964.9207248172551,19985.0
159.58046210126543,19697.0
172.85620133043756,20587.0
178.51223704536082,19695.0
164.39809124268405,15424.0
189.87453517972506,19403.0
200.99832013326483,24457.0
192.07171278880597,27200.0
199.50773861813906,28092.0
185.68534897914256,27744.0
185.56016541729264,26426.0
158.72939007841666,21242.0
118.56995440421855,14312.0
68.0697601485245,8364.0
46.5781801741306,5000.0
31.61339165430487,3282.0
31.292133974857304,3102.0
50.75442066874131,4507.0
123.00514677184663,12317.0
156.81637945869088,21133.0
178.31755095280408,23914.0
156.47725675003844,21795.0
151.16406540742275,19841.0
93.1311325265289,13899.0
979.2969377465258,20414.0
168.8871578176665,19937.0
185.12955797477758,20981.0
186.05945505269676,19206.0
164.4254579147512,15430.0
199.0906675967952,20412.0
204.06510635892135,26770.0
199.55366581699982,29047.0
186.18235528848606,28549.0
192.86995838719426,28831.0
199.1031091582424,27092.0
176.04041222754304,23350.0
