2358
1883
1660
2601
1052
496
1635
618
1902
1256
1344
1705
1647
1674
1807
1635
1542
2189
2025
1348
1376
1120
1746
1327
992
650
469
416
441
567
884
1482
2171
1567
1757
1246
1332
1371
1362
11555
1288
1450
1862
1678
1716
1606
1580
1120
781
795
489
385
374
591
1257
1427
1810
2126
1825
1775
1712
1644
1736
1794
1586
1882
2104
2293
2243
2450
3162
1523
1074
682
651
462
483
513
1068
2050
2056
1815
1870
1688
1766
1647
1661
1597
1342
1725
1990
2273
2256
2066
4871
1690
1159
825
689
678
468
558
7166
1744
2197
1970
1948
1751
1870
1953
2063
1950
1271
1734
2312
2304
2560
2664
2089
2373
1429
820
686
651
698
694
1074
2045
2120
2056
1909
1974
1672
1714
2098
1731
1360
2041
2280
5677
2760
2317
2138
2090
12444
1726
1459
1163
850
736
601
829
1083
1499
1724
1794
1844
1989
1812
1933
1506
1884
2223
2119
2125
1895
2223
2401
2281
2523
1859
1505
1188
650
784
662
879
1286
1500
1837
1778
2134
1966
1951
5316
1829
1991
1656
8583
1561
1248
1097
761
578
731
450
385
547
1150
2054
1901
1771
1770
1486
3376
1582
1762
1556
1770
1924
2162
2353
2131
1921
2029
1263
1027
658
584
586
443
609
1125
1817
2454
6539
1905
1693
1805
2002
1801
1789
1481
1862
2431
2234
2177
2309
1942
1747
1052
757
543
8102
670
625
1208
1803
2191
6606
1767
1625
1765
1775
1958
1801
1766
1920
2278
2427
2165
2351
2368
1733
1469
843
645
484
457
859
1190
1887
2068
1887
1836
1633
1989
1807
2337
1909
1532
1831
2200
2087
2666
2345
2386
2114
1682
1408
883
711
607
762
1435
2024
2121
2032
1879
2147
1841
1905
1910
1725
1685
1854
2160
2238
2307
2327
2260
2325
2155
2798
1708
1274
1109
690
720
1322
1056
1615
2718
1924
2259
2117
2226
2157
1812
2087
2206
2444
2417
2071
2591
2164
2063
1916
1692
1710
1009
587
614
693
1172
1204
1659
1843
1745
2583
2273
2057
1956
1973
2735
2177
1766
1867
1605
1905
1241
1023
804
602
831
555
1293
884
1319
1935
1697
1651
1920
1906
2269
1742
1735
1943
2042
2250
1801
1703
1686
1379
1180
650
583
442
443
766
1104
1366
1567
1612
1907
1491
1643
1568
1821
1926
1526
1815
2011
2071
2223
2129
1721
1422
1101
1003
598
460
451
590
1286
1764
1974
1977
1791
1972
1614
1605
1712
1777
1749
1657
2256
6108
2218
2432
2246
1662
1181
838
890
513
467
618
1084
2026
2111
2022
1883
1769
2238
1841
1922
1915
1597
4895
2232
2287
2501
2440
2701
1933
1452
996
719
815
503
569
1082
1981
2506
2090
2726
1722
1940
2226
1944
1938
1566
2013
2647
2298
2357
2096
2289
2477
1927
1742
1482
1177
1121
549
659
755
1172
1661
1735
1804
1960
2007
2440
1691
1407
1664
1966
2288
1820
1880
1945
1890
1963
1802
1572
1246
1025
903
558
687
872
1183
1817
1701
1855
2052
1685
1880
1678
1636
1999
1840
1820
1400
1358
1098
1253
919
499
468
427
594
1609
1697
1923
1866
1593
1957
1571
1679
1758
1884
2197
1879
2213
2224
2262
2501
1853
1215
968
731
829
422
411
574
1138
2373
2032
1866
1877
1612
2200
1632
1870
1794
1556
2252
2269
2252
2039
1955
2388
1731
1120
700
567
1010
451
617
1217
1727
2116
1798
1836
1583
2000
2082
1707
1871
1433
1765
2424
2380
1941
2159
1994
2055
1211
797
641
474
792
641
1127
1815
2140
2405
1731
1733
1747
1779
2241
1902
1479
1891
2120
2844
2212
2064
2003
1808
1955
976
675
610
547
943
1113
1698
1876
1886
2125
1509
1767
1829
1868
2017
1423
1886
2053
2392
2791
2496
2446
2496
2414
2235
1526
1237
891
641
1027
787
1059
1421
1738
2227
1965
1986
1843
1894
2009
1901
2029
2421
1998
2436
2375
2434
2246
1934
2229
1267
866
609
638
1012
1014
1163
1497
1564
2283
2221
1833
1469
2001
1798
1411
1489
1279
1265
1633
966
776
662
478
922
436
577
1084
1481
1932
1618
1575
1469
1501
2052
1634
1798
1695
1822
2552
1962
1957
1923
1606
1633
931
659
524
387
743
544
1140
1802
2022
2333
1670
1627
1690
1720
2126
1726
1281
1428
1724
2176
1975
1933
1971
1360
1406
1297
595
509
503
1163
1228
1905
2071
2277
2331
1698
1744
1775
1625
2265
1551
1771
1965
2319
2863
2404
2208
1856
1167
1320
714
568
556
657
1944
1579
1783
1634
1508
1813
1388
1356
1410
1499
1599
1427
1741
1845
1817
3077
1588
1568
1224
1182
1184
584
553
618
1026
1781
1657
1797
1618
1574
2001
1563
1733
1509
1451
1935
1914
1818
2358
2262
2902
2297
2028
1658
1604
1721
913
614
694
733
1561
1504
1740
2075
2035
2276
1994
1921
1749
2065
2691
2189
2183
1912
2155
2755
2094
1953
279
1715
1805
758
656
713
898
2576
1412
1602
1866
1814
2430
1559
1682
1674
1762
2082
1468
1552
1383
1262
1468
678
519
449
484
1299
1080
1776
1763
1604
1941
1490
1521
1692
1703
2116
1270
1702
2156
2156
2352
1697
1597
1466
962
1128
558
465
473
686
1455
1633
1926
1913
1683
1757
1734
1661
1746
1712
1838
1643
1902
2134
2008
2577
1845
1591
1023
868
921
484
464
567
1093
1973
1819
1830
1639
1540
2100
1666
1791
1448
1512
2199
2086
2159
2187
1953
2265
1811
1252
900
655
922
509
660
1079
1562
2383
1787
1675
1830
1679
1996
1837
1823
1287
1668
2251
2203
2185
2303
2125
2562
1366
1150
806
633
974
709
1136
1791
1863
2318
1544
1700
1574
1693
2343
1517
1368
1853
2296
2745
2356
1911
2238
2311
2421
1715
1350
1269
865
985
648
743
1104
1581
2082
1917
2046
2098
1926
1989
1631
1851
2204
2420
2475
2165
2231
1857
2211
2321
1709
1301
976
629
1170
871
818
1097
1359
1908
1749
1853
1860
1913
1959
1835
1554
1690
1794
1764
1276
1043
857
582
977
465
457
569
1076
2144
1839
1714
1525
1446
1875
1429
1534
1694
1392
2305
1866
1759
1786
1738
1833
1431
854
582
476
816
465
567
948
1541
2318
1808
1494
1216
1452
2083
1403
1629
1369
1876
2887
2349
2421
2199
2197
2451
1282
884
619
541
962
607
1144
1606
1838
2259
1823
1697
1809
1598
2180
1569
1348
1706
1786
2649
2293
2196
1958
2441
1792
698
925
492
490
2015
1018
1542
2070
1758
2195
1486
1916
1775
1648
1962
1159
1544
1936
2299
3642
2134
2259
1753
1585
1484
780
726
593
581
1660
1601
1848
1572
1611
2901
1710
1894
1768
1718
1809
1753
2090
2250
2067
2566
2029
2163
1759
1549
1921
1025
775
569
613
1188
1299
1312
1630
1684
2251
1891
1950
1836
1602
2242
2196
2273
2045
1838
2796
2059
2090
2070
1907
1948
1025
628
553
729
1179
1127
1549
1710
1847
3525
1861
1636
1896
1718
2374
1494
1568
1695
1488
1834
905
550
515
401
922
545
1043
1597
1653
2197
1537
1397
1511
1825
1982
1378
1601
1788
1893
2360
2057
1835
1841
1173
1495
688
531
399
421
962
1075
1710
1976
1698
2068
1368
1523
1586
1556
1961
1337
1775
2132
2191
2676
2296
1854
1649
1026
1278
666
474
416
582
1418
1501
1772
1619
1794
2014
1575
1726
1715
1854
1749
1642
1870
2201
1967
2404
1957
1889
1048
745
1043
493
510
534
1068
2101
1727
1860
1605
1390
2007
1413
1636
1492
1329
2148
1900
1838
1909
2038
2501
1894
1537
955
828
1361
579
841
1064
1548
2896
1837
1692
1563
1780
2108
1636
1739
1370
1564
2543
2099
2181
2248
2271
2605
1746
1503
1656
1420
1330
643
619
826
1083
1915
1559
1681
2146
1769
2189
1865
1600
1892
2219
2996
1998
1976
2266
2503
2733
1787
2811
1026
638
1007
710
816
1454
1511
2123
1903
1577
1789
1530
2123
1562
1791
1665
1830
1977
1276
1065
914
612
1182
387
415
610
1063
2175
1789
1594
1641
1514
2226
1483
1596
1780
1428
2103
1639
2095
1856
1624
1975
1364
971
723
572
893
452
497
983
1544
2543
1669
1599
1448
1602
2204
1928
1758
1373
1520
2633
2158
2152
1856
1905
2610
1035
740
592
456
903
558
1189
1624
1890
2245
1663
1400
1527
1627
2126
1489
1651
1640
2046
2864
2093
2087
1921
1702
1757
886
629
484
476
1048
1043
1503
1820
1849
2201
1518
1674
1638
1737
2217
1312
1672
1984
1884
2420
2336
2010
1875
1836
1677
912
812
555
609
1403
966
1385
1823
1828
1990
1727
1727
2077
1753
1884
1720
2041
1901
1400
2334
2026
1649
1885
1589
1831
1245
735
653
614
1133
832
1165
1449
1531
1985
1873
1623
1625
1563
2302
1940
1910
1580
1755
2500
1988
1568
1485
1396
1884
791
543
535
677
1327
955
1361
1482
1550
2165
1628
1555
1619
1448
2235
1427
1681
1443
1371
1629
2008
650
500
444
936
527
844
1453
1723
2017
1545
1467
1434
1560
2158
1308
1330
1491
1973
2276
1789
1669
1547
1417
1509
730
551
441
407
1073
1063
1524
2377
1861
2132
1510
1669
1540
1654
2162
1514
1649
2311
2341
2614
2138
1868
1422
1165
1368
499
472
814
540
2359
1540
1885
1621
1867
2225
1965
1532
1575
1806
2096
1635
1921
1912
2216
2417
2060
1718
1326
735
1174
504
434
615
1322
2006
1795
1910
1801
1632
2108
1644
1582
1456
1454
2712
2224
2381
1983
1882
2442
1940
1570
1214
835
1067
464
666
1030
1859
2245
1793
1643
1570
1495
2221
1745
1587
1495
2052
2549
2229
1822
2000
2016
3016
1890
1498
1612
1275
1377
589
729
738
1094
2036
1530
1565
1673
1828
2076
1570
1557
1854
1813
2578
2069
2109
2049
2059
2335
1673
1534
1229
846
1311
605
654
902
1010
1901
1438
1626
1647
1850
2038
1497
1617
1604
1720
1897
1391
1305
1047
817
2058
521
423
488
632
1506
1525
1770
1610
1568
2194
1460
1255
1798
1527
2013
1598
1880
1758
1884
2032
1598
1100
936
634
1145
417
415
502
922
2326
1873
1682
1483
1387
2324
1709
1454
1513
1527
2490
1801
2051
2121
1999
2041
1303
956
705
526
901
448
601
996
1506
2124
1551
1484
1545
1728
2281
1651
1449
1330
1665
2471
2200
2190
1896
1999
2248
1185
873
658
528
1943
643
1040
1633
1909
2293
1472
1280
1637
1360
2279
1481
1414
1705
1894
2980
2247
2069
2117
1973
1886
1010
777
600
515
1251
1050
1443
1882
1641
2127
1456
1871
1694
1602
2253
1352
1565
1792
1953
2499
2097
2126
2074
1797
2260
1598
1057
902
558
2380
960
1004
1267
1593
2319
1650
1729
1828
1958
2202
1924
2042
2111
2058
2416
1884
1981
1924
2046
3173
1270
954
628
558
1208
834
1153
1404
1615
2540
1582
1829
1654
1392
2447
1923
1640
1637
1611
1968
1138
938
599
452
872
376
524
937
1460
2221
1648
1651
1440
1542
1705
2050
1636
1431
1402
3166
1717
1833
1588
1548
1804
1011
692
540
424
933
532
1039
1622
1886
2177
1514
1490
1518
2285
1944
1639
1338
1682
1859
2537
2061
1944
1958
1444
1501
664
596
440
452
1109
1073
1677
1854
1528
1851
1752
1458
1385
1636
2308
1176
1633
1975
1940
2683
1901
1981
1671
1154
1271
621
504
464
517
1506
1602
1768
1625
1658
2098
1787
1635
1802
1413
1680
1912
1788
1910
2347
2724
1907
1663
1546
1020
1294
632
608
627
1007
2371
1823
1598
1628
1422
2324
1452
1733
1767
1351
2243
1787
1847
1942
1823
2742
2161
1687
1607
1449
1600
783
607
573
801
1771
1527
1653
1683
1752
2099
1620
1509
1497
1831
2469
2000
2121
1899
1865
2489
1836
1926
1516
1249
1377
521
525
699
1020
1668
1249
1525
1739
1584
2157
1536
1648
1527
1618
2188
1488
1358
1253
1101
1392
556
468
485
499
1536
969
1627
1580
1486
1863
1208
1330
1659
1478
1877
1302
1529
1723
2009
2299
1646
1597
1410
932
1966
509
367
474
573
1632
1430
1718
1492
1411
1935
1470
1418
1528
1438
1871
1458
1844
1776
1848
2362
1665
1349
1030
749
1053
440
430
573
900
1993
1693
1651
1387
1403
2027
1397
1419
1518
1289
2024
2032
1761
1839
1897
2431
1437
1035
744
648
1139
485
581
966
1601
2455
1615
1511
1374
1565
2058
1503
1482
1320
1600
2807
2082
1909
1936
1867
2358
