0.39273626119427646
0.38149354899130683
0.3762158388480838
0.37474186464929804
0.3763842783211698
0.3762853699802561
0.37590626072760835
0.37656962145270306
0.3778078290984539
0.3779748869530118
0.3780065831209534
0.37900167442555704
0.3779086426511482
0.3774754377351514
0.37717433694191355
0.3769299256420346
0.376794942404842
0.3765927834516005
0.37621988794392014
0.37693332124048856
0.3765634168937022
0.3764273744369642
0.37576857928053475
0.37577203482160504
0.37578060543993264
0.3758955379349102
0.37592625031108473
0.3758403328362667
0.37598825235854666
0.37605022969462015
0.37603191743607
0.3762600913755712
0.3765882474401923
0.3763560084292129
0.3758722153099205
0.37585672521290775
0.3754966899293154
0.3755661843623017
0.37544107938097104
0.37543022921539015
0.37546814482212304
0.37538565877038876
0.37528417690775073
0.3754435208972243
0.37550030699103837
0.3754789522228773
0.3753003023892913
0.3752531125587688
0.37522356191218165
0.3752443072211583
0.37539589642336324
0.37545785762371736
0.37554717862005915
0.3755222070209843
0.3754825153061597
0.37536460614834866
0.375094472895003
0.375193979018714
0.3754144995414212
0.3753550084810242
0.3755118669822331
0.37558897193067814
0.3754833895827635
0.37551179060211
0.37539176299480204
0.37532212542543836
0.37548698552816384
0.37554146738222827
0.37558892238307806
0.3754342422149813
0.37553994415728925
0.3754141355380949
0.3752868989961816
0.3754329772649917
0.375407142460212
0.37552396461682575
0.37560954888382087
0.37573143090558214
0.3756085217198315
0.3754658569838187
0.3755365543112705
0.3754430694557567
0.37538214470063624
0.37530589659307073
0.37519015066563327
0.375005412367268
0.3750549937476715
0.3750828785398721
0.3750563422962696
0.3749518215201634
0.37474617561261747
0.3746701277175251
0.37459206364405523
0.37449353262912244
0.3744908057006353
0.37455549348633865
0.37456984776452223
0.37461480290922206
0.37473632314018873
0.37468682041449725
0.3747126340210822
0.3746430694857339
0.3745853908494303
0.3745108506841147
0.3744777521158196
0.37451201827511804
0.3745114977740861
0.3745448627797027
0.3745857100781905
0.37458417080932
0.37444739696888407
0.374485349331974
0.3745985643357536
0.3745859044831364
0.37453019741489874
0.3745605864277093
0.3745253883420819
0.37451840508708106
0.37448479556500053
0.3744896570872287
0.37444253336466793
0.3744385433004067
0.3744099740987707
0.37440511189703923
0.3744817345416782
0.3744624604149891
0.3745069102189694
0.37450639728142604
0.37443055944540854
0.3744081807880006
0.3744470445104827
0.37446033218879254
0.3744395810244024
0.3743624374394238
0.3743091557806819
0.37430549962771026
0.3743087818165105
0.37433768528391637
0.3743310386529217
0.3742362648281884
0.37416210544373485
0.37416781327760157
0.3742369402208079
0.3741956103589014
0.3742420126224778
0.37413814553375857
0.374115241885279
0.37418990239698796
0.3742377433646593
0.37430467360632796
0.37428297686101597
0.3742686285547619
0.37423977284515797
0.37425952884113883
0.3742636223791533
0.3742630367084803
0.3742744368824451
0.3742669542390281
0.37423021372490595
0.3741877800997101
0.37421538884299255
0.37420339496925814
0.3741808721054259
0.37417933136937565
0.37412218039200396
0.3739988822935217
0.3739112677201605
0.3738670254830634
0.37384065276487277
0.37377182997575575
0.37379991085965747
0.3737621664043426
0.37376546728518334
0.3738242742916466
0.37381167636866475
0.3738146243613641
0.3738307283278854
0.3738287629802377
0.3737940678860015
0.3737333102609339
0.3738111555806981
0.37381414668858254
0.37379484574060334
0.37375557964440215
0.37378531759446426
0.373723252524401
0.3737310708767795
0.3736937176423727
0.3736346151603169
0.37363621830645644
0.3736197269836802
0.37360732070141905
0.3735817954941115
0.3735023131289686
0.37350946505261357
0.37353910452334754
0.3735623442373072
0.3735141950586952
0.3734793784148381
0.373533848616568
0.3735707742875321
0.37360429409627394
0.3735916564742104
0.37363976737719684
0.3736966343986492
0.3737111202258958
0.37366133227047266
0.3736098363259867
0.37351429647636225
0.3734826243554205
0.37348268130707274
0.37349774095626326
0.37349754077631453
0.37352133459351744
0.3735649779405526
0.37354806911294863
0.37348093455690445
0.37344821632378555
0.37345393749905903
0.37352967370816126
0.3735075347439811
0.3734925929356107
0.37347700922573007
0.3734938062166448
0.3734896911311794
0.3734416399047236
0.3733847618531882
0.37337563608200297
0.37334818560243443
0.37335156475930226
0.3733804130256633
0.3733745078839605
0.3733421316761029
0.37329417673888343
0.3732707598501714
0.37324674446268585
0.3731949102377544
0.3732077310482432
0.37318840513213375
0.3731385803142932
0.3732339510565381
0.37328150302544777
0.3732829332205777
0.37329821833814614
0.3733307721488495
0.37337010160472567
0.3733752918189175
0.37335728895761605
0.3733744173263843
0.37335631424050486
0.3733221092441616
0.37326051647982494
0.37318286491985997
0.3731408332769829
0.37305207269412144
0.3730286707150414
0.37302445222755604
0.3730191556797712
0.37301174946555116
0.3730066634718965
0.3729822483847876
0.3729705139323293
0.3729835655037606
0.3729692733128226
0.37295102747172015
0.3729263284486519
0.3729178335813267
0.37283708641388486
0.37282499881641856
0.37279107052178073
0.37275711248660404
0.37274242246662975
0.3727608771887149
0.37284905636087673
0.37280660394543613
0.3727748445946266
0.37274672837262085
0.3727138797251991
0.372702659581126
0.3726963087493423
0.37272587182394584
0.37274084419489395
0.37273032830621744
0.3727381568090728
0.3727616104327388
0.3727692230998826
0.372763919976926
0.3727691874527204
0.3727750596729477
0.37278203649277064
0.37276871132330275
0.37273118482007284
0.3727252448156267
0.3727707149161409
0.37278849325251706
0.37282723675277185
0.37287213912699474
0.3729014299778898
0.3729042129740358
0.372899610791172
0.37292109032534204
0.37292606424357705
0.37289749717090953
0.3728871910216638
0.3728582335503007
0.37283387317370176
0.3728001655050804
0.37279103760569327
0.37280205822966894
0.37280562569160974
0.3727591268092697
0.3727683424722369
0.3727246590312028
0.37271113671545886
0.3727132992386378
0.3727002851068416
0.3726549676192583
0.3726210329293268
0.3725896410058341
0.3726120376775698
0.3726016621048945
0.37256470817365295
0.37257786646058727
0.3725802983029515
0.3725745044051994
0.3726028217139501
0.37262325514566697
0.37262886559484876
0.37264530365233606
0.37264827508777054
0.37261744121626045
0.37261983533177856
0.37259943722614663
0.37259250079812123
0.37258870210906725
0.372618211793783
0.3726187068658963
0.37261526238242504
0.37258561460595263
0.37257316902343485
0.37258027554435025
0.3725748475992191
0.372555191511277
0.37251623822267665
0.37248738431880957
0.3724631468917528
0.37243901578699024
0.37245685112627147
0.37245959686870095
0.37245682166160987
0.3724354661833492
0.37243766507260195
0.372426024338468
0.3723940442468818
0.3723647502306607
0.37234381501375374
0.3723507800595604
0.3723535632655211
0.3723412959060738
0.3723201534707647
0.3723185944229373
0.37231717495963673
0.3723139677976391
0.3723377724760962
0.3723377893807752
0.372345107368756
0.3723475187428905
0.372340949943252
0.3723284421881714
0.3723111545763267
0.3722882024619694
0.3722358417917688
0.37220599576472285
0.37219742243446896
0.37214288290076886
0.37210306602154986
0.37207999418009574
0.3720715127093338
0.3720702375538622
0.37208644691050685
0.3720664541263661
0.3720591882660232
0.3720790881351073
0.37208491900629587
0.37207759096585974
0.3720701338897182
0.3720865025829477
0.3721013633908694
0.37209286045823836
0.3720866945654567
0.3720727305913853
0.3720448524429915
0.37204487494992106
0.37201125269039637
0.3720049216444125
0.37200739648290493
0.3719739090416741
0.3719316537884779
0.37194851386927175
0.37196703230365036
0.371992392094319
0.3720344861672162
0.3720495761664463
0.37205016020355497
0.3720409603086624
0.37203758187379193
0.3719989266431162
0.3719741564620588
0.3719471013786384
0.37190468834307555
0.3718887710710559
0.3718769468300778
0.37186700208098517
0.3718344391740691
0.3718107059070449
0.37178725206330376
0.3717689260474468
0.3717658820405355
0.3717587296662016
0.3717751323984504
0.37177168023893387
0.371767952376491
0.3717586537437177
0.37174790740870195
0.37175677698308324
0.3717686206949733
0.37174981248551714
0.37175821106592644
0.3717874970291834
0.37177297583424745
0.3717526047355155
0.37175286734968793
0.3717611058158708
0.3717546978977375
0.3717507855795671
0.3717728811640951
0.3717773071367005
0.37180227665567445
0.3718001374170325
0.37179061795384
0.3717896988807125
0.37177228857125666
0.3717911132410238
0.37177366823519215
0.37172908310945735
0.37171168113159686
0.3716633957632248
0.37163583911899994
0.3716583006078169
0.37166946742102813
0.37166509423733546
0.3716315172739526
0.37161787933058793
0.3715929856882178
0.3715685888500101
0.3715653560881283
0.37155783897943756
0.3715442478254996
0.3715101247180448
0.37147286766156185
0.3714454603496815
0.3713970834800199
0.3713579468368253
0.3713435249940381
0.37133099009583537
0.3713316364781189
0.37135288953758677
0.371353413613581
0.37135250808074105
0.3713750342167254
0.37140259303618073
0.37140111273439363
0.371384252450944
0.37137577491646423
0.3713758824067729
0.371372774595122
0.3713468687193228
0.37133070846161975
0.3713184714927007
0.37133480106370176
0.37133742064185404
0.3713405970104472
0.37133947573222575
0.371318307747623
0.371341261117368
0.3713278515807854
0.3713008241673767
0.3712792253300135
0.3712693956320587
0.3712621254888859
0.3712431071408725
0.37123607531142183
0.3712439223122183
0.3712090840728312
0.3711919714419107
0.37118371316578014
0.37116123960020386
0.37116475514068326
0.3711626534989511
0.37113243806276985
0.37112632883843577
0.3711593462780016
0.37116601956563006
0.37117222354069
0.3711682396686262
0.37115719223302784
0.371149268905648
0.37118239556261995
0.37119712006729133
0.37122431333996747
0.37123996862965125
0.37122727717072024
0.3712344160887131
0.37125551934060746
0.37127141248516793
0.3712765570139921
0.37127011722523495
0.3712754467540161
0.37126547292560386
0.37124250104117407
0.37121917670010285
0.3712229503240673
0.3712110511486521
0.3712025590532099
0.3711870503268369
0.3711789140373942
0.37117404688684336
0.3711788541047427
0.37117982965795193
0.3711737563934315
0.3711332155520962
0.3711122905706744
0.3710906587103639
0.371058633612785
0.3710583919210942
0.3710448025143979
0.37103824014588177
0.3710077101648428
0.37100089407063297
0.3710170325116106
0.37103875398128067
0.37103656943338786
0.37103934041607545
0.3710480475867642
0.37103369196011826
0.3710198046938527
0.3709814840451336
0.3709717795671868
0.37096220884003606
0.37097599545943216
0.37097742160614794
0.37097844023598914
0.3709826247896068
0.3709759823521993
0.370967932522582
0.3709577839876364
0.3709357162144834
0.37091432795376367
0.3709126436582259
0.37091933493260054
0.3709306170450317
0.3709301908284036
0.37092287240957916
0.37091863190297075
0.3708925573081733
0.37086110721605947
0.37084947461040946
0.3708163735259824
0.3708023123868871
0.3707737407234772
0.37077282733284883
0.3707826228343632
0.370781269958911
0.370774015202634
0.37075736693178135
0.3707472611813002
0.37075585102179376
0.37075326870389785
0.37073415172063223
0.37072381093386403
0.37073403038158054
0.37072550007252836
0.3707166672920286
0.37069899323456
0.37069795692174873
0.37064881982351006
0.37061535502448395
0.37059698386996914
0.370599727693323
0.37060893315310395
0.37062618050259877
0.37062136475734825
0.3706095675711575
0.37059406574739584
0.37058424904642434
0.3705849715790416
0.3705807005523447
0.37057352601554794
0.37056854431719893
0.37056083852434024
0.3705720350102491
0.37054759703744033
0.3705348226887368
0.3705189653452247
0.3705128699982163
0.3705088243891009
0.37049736515988285
0.37050640909888555
0.3704826057163704
0.3704640242750852
0.37042461125088966
0.37039713426688603
0.3703779513006779
0.37037558627156786
0.3703570399026133
0.3703411425197331
0.3703484407946328
0.3703460194519818
0.3703408596850238
0.3703513569176571
0.3703446257977047
0.3703385312174108
0.3703091685999807
0.37029901282152744
0.37029888576071507
0.370308475357204
0.37031447815222934
0.37031209962980915
0.37031376377959696
0.370335656793313
0.3703458826376666
0.3703496277060605
0.3703641919581233
0.37035954948844246
0.37034379979244536
0.37032728058660996
0.3703258316217218
0.3703303097964864
0.3703349675026063
0.37032802160828904
0.3703027458867167
0.37027075053800246
0.3702628030846189
0.3702638707550804
0.3702634157907763
0.3702347482682788
0.3702172653522035
0.3701996917201203
0.3701836559570032
0.3701665339903842
0.3701527164860293
0.3701387190492362
0.3701399421661072
0.37012243288820584
0.3701296201527543
0.37012126738029705
0.37012141272453536
0.3701235446604658
0.3700968346511412
0.3700966061229903
0.3700834752217739
0.3700754472572048
0.37005811907939573
0.3700496692545774
0.3700503932590997
0.3700410602529562
0.37003069722606324
0.37004123605187833
0.3700272946781041
0.3700116459255
0.37002611247681333
0.37003033002927493
0.3700172357007992
0.37000925235909304
0.36999925601385636
0.3700084143183843
0.36999056978290285
0.3699847568137758
0.36996599084780174
0.3699462785289011
0.3699425532680445
0.3699331980054407
0.3699142804509425
0.36990748553034986
0.36990343940120635
0.36989887675081856
0.36989768491357594
0.3698812828135178
0.369876025245021
0.3698711069086308
0.36987162951527786
0.36989123287147635
0.3699044936234854
0.3698916677278869
0.3699035130570158
0.3699012265613112
0.36991156742467796
0.36990488705237984
0.3698932598153281
0.36989371094775736
0.3698890182095287
0.36988418642149706
0.3698726829221488
0.3698693318185182
0.3698662951126085
0.3698666560501851
0.3698463277822067
0.3698392388839617
0.36984200561382913
0.36982176659824345
0.3698170127703221
0.3698156979593679
0.3697934520018239
0.3697868334685753
0.36977457769147776
0.3697577156680971
0.3697466964088935
0.3697579815835086
0.3697514101235451
0.36973533763036825
0.3697397128741941
0.3697559145474746
0.36976417377758414
0.36976970701525297
0.36977363134543345
0.36975042937203867
0.36972172253535895
0.3697179230867779
0.369716191767584
0.36971208786513116
0.3697109743255473
0.36970010977702394
0.3696854077860897
0.3696785712217485
0.3696654826196441
0.3696510420979645
0.3696401743296934
0.36962654254245686
0.369608346993676
0.36959515378357094
0.36960462821913476
0.36960272909851316
0.3696049396825123
0.3696154086154387
0.36960816890491516
0.3695878889183437
0.36959191139636993
0.36958955581853176
0.3695851190130112
0.36959605931622463
0.3696077927118012
0.3696117309788844
0.3696162537492298
0.36960779766087987
0.3696204841115923
0.3696169823559357
0.3696305982407361
0.36963765861683384
0.3696310614992944
0.3696420530317774
0.3696306239111201
0.36963008552962706
0.36963233492019115
0.3696301620691276
0.36962494515375616
0.3696162226477593
0.36960038145351504
0.3695765592034012
0.36958258010397416
0.36959639336431926
0.3695918055918707
0.36958877185669925
0.3695878376196884
0.36959529626058557
0.36959164099391817
0.3695994344611732
0.3696108357750853
0.36960757559914
0.36960135987353016
0.36958715197868186
0.3695794869021295
0.36957531086349715
0.36956506079854196
0.3695468601433376
0.3695574578463618
0.36955230211652484
0.36954347652806285
0.3695604007444314
0.3695562207661857
0.3695567712849284
0.36957729668941486
0.36956515548239227
0.3695669878659672
0.36956676018449613
0.36956068005412246
0.3695599761870069
0.3695689098398945
0.3695598938443321
0.3695552041648363
0.3695483929172536
0.3695313239385589
0.369514710640769
0.3695154801009616
0.36951798064373476
0.36951372975848334
0.36951173389110875
0.3695025598555376
0.3694931401605783
0.36948587948608863
0.36947961582069894
0.3694714205306479
0.36945760643294284
0.36945541382881547
0.36945301726505075
0.3694547737034895
0.3694467695366279
0.36946391280400714
0.36946341352758405
0.3694551885688016
0.3694425238403424
0.36944688138055504
0.3694501582770804
0.3694442915189673
0.3694618253157257
0.3694741727028904
0.3694714547656566
0.3694623460322696
0.3694557333259138
0.36943700998874307
0.36941724689131317
0.36940642925571243
0.36939681963675497
0.36940277058330495
0.3694077270219788
0.3694097708619849
0.3694139798580127
0.3694203898726445
0.3694302557554241
0.36942743757742597
0.36942842481950955
0.36944452337638994
0.3694456986814003
0.36944475448991393
0.3694457403488853
0.369443597276084
0.369454229395676
0.3694552325899136
0.3694533606513625
0.3694509484835232
0.36944821201428635
0.3694443063305394
0.36944366087622105
0.3694506824516334
0.36944550965299944
0.3694459490122608
0.3694313919890343
0.3694260166825397
0.36944159551814576
0.36943269380586363
0.36943364442312987
0.36941312080375965
0.36941338038560195
0.3694160487082446
0.36941236570450436
0.3694023390365427
0.3693927428319668
0.3693853942565041
0.36938866491075806
0.3693992264036784
0.36940276393113797
0.3694016920900805
0.36939706331132016
0.3694022087791917
0.36940432299728054
0.36940021860335287
0.36939324225755066
0.36939349895579954
0.3693887738882881
0.36938247452420325
0.3693798139281558
0.369354076708244
0.36933920439205525
0.3693378821743692
0.369337010586686
0.36931003441364624
0.3693021652046951
0.36929648380261093
0.369292535106927
0.36929452961126
0.36930495502845223
0.36931772506930394
0.3693212449168747
0.36932245933301106
0.36931972482597586
0.36930818793002385
0.36932984296962423
0.3693488559209611
0.3693629364321231
0.369372102295802
0.3693734898922453
0.36937745666606103
0.36937934522775934
0.36936520031022907
0.36937391253666696
0.3693719011221422
0.36937990082582234
0.36937629951117074
0.36937460770927755
0.3693771026865132
0.3693790532423276
0.36937258337990014
0.3693670819447448
0.36935924887110283
0.36935675788176986
0.3693588936699206
0.3693620212172852
0.36935886665243056
0.3693578609525635
0.3693559221433667
0.36934113164706367
0.36932554128851075
0.36932675056369585
0.36931520632982034
0.3693086359427789
0.36930819277331156
0.3693154581030919
0.369319286000112
0.3693013183559841
0.3692965953555655
0.3693061846957166
0.36930770774353905
0.3692999511143284
0.369288257809354
0.3692817651408903
0.36927361659746466
0.36927017282164903
0.369275925442769
0.36928103703058834
0.3692809587174364
0.3692840271160633
0.3692814670251815
0.36928444634797936
0.36927550833535777
0.3692732559319965
0.36926298037255606
0.36925065987644756
0.36924057211592587
0.36925534239447644
0.36925906582647516
0.36924951321890287
0.3692529043502245
0.3692360778211816
0.3692220004085136
0.3692088190424164
0.36921234576841516
0.36921136858490716
0.3692067313330732
0.3692072624612558
0.36919724761442807
0.36918621321535167
0.36919031468056446
0.3691944366873954
0.36919226515987946
0.36919504026965433
0.36918034982626413
0.36917483816413604
0.36917079999203084
0.3691657328550285
0.3691729165249842
0.3691726426087739
0.3691805797247519
0.36917158081665263
0.36915998525249244
0.36917042192813154
0.3691780933315538
0.36919468185629606
0.3692067447662057
0.369200976305457
0.3691963960930192
0.3692012025868147
0.3692141841085133
0.3692120204873061
0.3692199952771894
0.3692218817796482
0.36922145501734704
0.36922064632811147
0.3692278424393014
0.36923325555451764
0.36922639936781365
0.36922586168918636
0.36921978305856235
0.3692143358803407
0.3692072901771915
0.3691965934438646
0.36919671546759375
0.36919887224815534
0.36919075410608554
0.36920258391846095
0.36919786713981306
0.36918887482415197
0.3691833521191217
0.3691774349829182
0.36916070514096466
0.3691523495230364
0.3691456957224187
0.36915161135716024
0.3691439368198559
0.369133125733183
0.36912872269009506
0.36912294598285594
0.36913348010968267
0.36913193679769823
0.3691203226277591
0.36912135622349035
0.369120413867873
0.3691271418022455
0.3691347461797988
0.3691371377149298
0.36912736700053583
0.3691230672474363
0.3691191574986792
0.36912028646064243
0.36911357340013
0.3691198233020191
0.36912423888967766
0.36912661724258616
0.3691320864877357
0.3691320296287437
0.3691277888099088
0.3691273924079017
0.3691254084609498
0.36911955554620773
0.36910944063054446
0.3691071232533403
0.3690883960504578
0.36907302765983097
0.3690639897169361
0.3690564117528708
0.36904377269490257
0.36904621195205456
0.3690521009167141
0.3690468010453769
0.3690391207416974
0.3690329730169631
0.3690301500410359
0.3690339174339551
0.3690383255643595
0.3690353454376657
0.3690320975665763
0.3690292572668055
0.3690203881585284
0.3690209171597821
0.36901189099148457
0.3690050315483338
0.36900506144979145
0.3690004955983571
0.36900630936028783
0.36901391422687985
0.369010962425417
0.36899926584025156
0.36899916715174774
0.3690025444640143
0.36900808485408754
0.3690066663266443
0.36900685893306573
0.36900843943359185
0.3690003191999902
0.3690064430471482
0.3690183927106249
0.36902599286973137
0.3690238353184265
0.3690085834604031
0.3690080425143529
0.3690081515753885
0.3690022160065393
0.36900544990910583
0.36901643278275353
0.3690086432037218
0.3690113670231486
0.36901594152221284
0.3690164451465775
0.3690203693783503
0.3690193026282111
0.36902768716368506
0.36903292301543966
0.36903160825642994
0.36903483672640935
0.3690443402418574
0.36904043059714886
0.3690354641761888
0.36903464351704673
0.3690369761079394
0.36904148142001875
0.36903883062363124
0.36903121478294254
0.3690241232123162
0.3690207128210441
0.3690244969319876
0.36902221972092436
0.36902410737606306
0.36902038739824133
0.3690189189334747
0.36902215041306324
0.3690228366208043
0.3690269485616061
0.3690267242269755
0.3690208201811756
0.3690317071021178
0.369040636406432
0.36905778554758023
0.36905907495796486
0.36906081987274175
0.369060428439144
0.3690558415935927
0.36905671149378566
0.36906240494700676
0.3690532292449077
0.3690451857945193
0.36903664528601426
0.3690318761790894
0.36903583768309456
0.3690407473351234
0.3690462343962304
0.36905092546420143
0.36905561418089095
0.36905863108208464
0.3690636484115978
0.3690561099633977
0.36905836834223654
0.3690601685663313
0.3690633946746832
0.3690573652327681
0.369075635530136
0.3690911696993652
0.36908037893075285
0.3690756361893988
0.36906796280352594
0.369057604359359
0.36905759700837726
0.36905817868159724
0.36905789548268453
0.3690587636117865
0.3690525174845351
0.3690434762972591
0.3690486986385443
0.3690542438219335
0.36905037004968666
0.36905759558367335
0.3690576411277097
0.3690531767132083
0.36904964613716523
0.3690424945319691
0.3690393786856221
0.3690416251862804
0.3690441984275994
0.36904969973222884
0.3690521583369552
0.36904138041713047
0.36904065645565
0.3690408080577854
0.3690333192144366
0.3690237676468631
0.36901361946144845
0.3690068758066956
0.36900493555960534
0.3689986445918641
0.3690001223320274
0.3689965768966394
0.36899742734264496
0.3689844788296023
0.3689774658369723
0.36898242038661233
0.3689850888949937
0.3689848858896563
0.36898276605678637
0.3689825870814298
0.36897389076097886
0.3689695692966101
0.36896495594366724
0.36897576448012476
0.3689671102350897
0.3689638375307444
0.36896486333160566
0.36896508400377465
0.3689684000252442
0.36896301041663576
0.3689538316467898
0.36895087820938666
0.36894584747028775
0.36893926754279566
0.36892797232965874
0.3689310839577778
0.3689305600274088
0.36893920880502334
0.3689416765879721
0.36894240317562776
0.3689388480785989
0.3689226298126383
0.3689117799079113
0.3689017602403989
0.3688942991817363
0.3688959591119067
0.36890179370138115
0.36889782818443145
0.36889786541651304
0.36889539987121456
0.3688946835077904
0.3688933050041958
0.3688847002332213
0.368884855515882
0.3688773545934974
0.36887432556302835
0.36887663552871985
0.36887780535749026
0.3688802308054915
0.3688823134150567
0.3688773788352065
0.3688640781667582
0.36886406752762557
0.36886935123123155
0.36886524121349057
0.368858722435335
0.36885328215076457
0.368843861638217
0.36885248915783747
0.36885670395709014
0.36885301489120087
0.3688517084497218
0.36884703229145516
0.3688479555467022
0.3688488177934116
0.36884963399137116
0.3688469247473381
0.36885355013088605
0.36885456097138924
0.368848352341913
0.36884466814878625
0.36883634875813903
0.36882688542507325
0.3688254868007124
0.36881964756327024
0.36882299621820896
0.3688308690587317
0.3688348653148811
0.36883195053256707
0.368834643193985
0.36883175002593843
0.3688300441212369
0.3688259079077615
0.36883521652792756
0.3688391827099884
0.3688320464227312
0.36883587927348205
0.3688309052474189
0.3688291221594923
0.3688212719459767
0.3688123684585235
0.3688070537865617
0.3688026544610104
0.368797366542649
0.36880242755538917
0.36880358213609227
0.36880969552093434
0.3688159504444388
0.36881118361113097
0.3688156226595719
0.3688116033839658
0.3688009174134277
0.3687992342412918
0.3687902531586654
0.3687910410456996
0.3687979796578841
0.3688082367491958
0.3688208197200546
0.368826969918506
0.36883293030867775
0.3688418706133728
0.3688335490256263
0.36881973917014443
0.3688189897310649
0.3688168412873531
0.3688118064099468
0.3688123288747217
0.3688085121950513
0.3688096636012045
0.36880464842962757
0.3687964230281661
0.36879997355567956
0.36880198178489554
0.3688033788544745
0.36880804062190525
0.36880784827273333
0.3688026396758907
0.36880226453209886
0.36880245286746777
0.3688007502086695
0.36880328392124195
0.36880486917155414
0.3688091250273261
0.36881154184980003
0.36879917804972356
0.3687988313389067
0.36881574473849255
0.36882058667366574
0.3688189574742305
0.3688139579261671
0.3688160040936621
0.3688078858266435
0.3688097545504122
0.36880870871422344
0.36880218067555565
0.36879488186269893
0.36879303566430904
0.3687901604736983
0.36879577237254585
0.36880213328910866
0.3687977128588292
0.3688032005710377
0.36880449870119125
0.368795183247057
0.36880023896057407
0.3688107734046721
0.3688142175243331
0.3688070963731709
0.3687992793932718
0.36879971346106427
0.3687924954483312
0.36878968743901314
0.3687913728317452
0.3687862195330028
0.36877593744924364
0.3687689337062574
0.36876414086597303
0.36876735892933443
0.36877213089304
0.3687806441612541
0.3687805213257688
0.36879122199357983
0.3687983781199055
0.36879946129042906
0.36879010297940257
0.36879244915314535
0.36879388622198095
0.36879528385198096
0.3687986166597161
0.36879910589216547
0.368802766941178
0.36879940021728325
0.36879992768723874
0.36880074468596497
0.36879703114726564
0.36879433558319963
0.36878766482926456
0.3687884842725267
0.36879446507313185
0.3687967441955458
0.36879795340852356
0.36880363009343514
0.3688048548437086
0.3688044738149808
0.3688129670498545
0.368813334332809
0.36881688178339767
0.36881097550502273
0.3688050482312289
0.36879575528611774
0.36879510826355294
0.36879696082374175
0.36878456478726906
0.3687717483325142
0.3687646083969657
0.36876215702230103
0.3687637400460791
0.36876556508962877
0.36875925405551324
0.36875499613841156
0.36874913478305116
0.3687475873430198
0.3687314445622431
0.3687237037327687
0.3687132978733275
0.3687148044974953
0.3687084169221798
0.3687160922748582
0.3687286668630423
0.36873185913744755
0.3687299324315666
0.3687213686081011
0.36870885816305854
0.3687094097247519
0.36870743909277226
0.36870538586870827
0.3687026878226369
0.3687017712255682
0.36870007332319776
0.3687026110540807
0.36870155824627837
0.36870231983445
0.36870492955595063
0.3687068091989982
0.3687124903487035
0.36871199679054484
0.36871106425450806
0.36870234801241925
0.36870204981688137
0.36868772291452384
0.36868002797824334
0.36868048643931967
0.36867784995164454
0.36867463099791853
0.3686706207419856
0.36866836968630723
0.36866015842206473
0.3686629408071627
0.36865743293591896
0.36864611458535324
0.36864316888791565
0.3686426079129118
0.36863735799745617
0.36863630198448377
0.36863290086153827
0.3686330925689193
0.3686273905204134
0.3686186829961972
0.368617765207889
0.36862839970480177
0.3686226576119581
0.3686214652603968
0.36861390549189177
0.3686131789693712
0.3686148181266715
0.3686139039234302
0.36861514680274815
0.36862154956688026
0.3686223244250592
0.3686182592497358
0.36861627866292307
0.3686155959240504
0.36861217059379836
0.3686033402352988
0.36860175046391824
0.3686013647810441
0.3685999795066239
0.3686043186887884
0.3686087867865048
0.3686086608504553
0.368603942988724
0.36860492053631266
0.3686054454375064
0.3686076277134172
0.36860932293829085
0.3686194934842617
0.3686178750475197
0.36861840042026583
0.36862173443143154
0.368621899324688
0.36862189078093505
0.36862573834882
0.3686239986323521
0.3686200265109384
0.36861432658151977
0.3686074400577737
0.36860693297588093
0.3686117248091551
0.36861216773391303
0.3686106305448916
0.3686124624709524
0.3686149025136853
0.368608177538719
0.3685988779922429
0.3685995497608393
0.3685901558569699
0.3685879068495278
0.3685963199413158
0.3685925435679805
0.36859211825797633
0.3685861059498587
0.3685821101373456
0.368575430286201
0.36858086946500634
0.36857610882708375
0.3685687668286056
0.36856020793664335
0.36855443125008125
0.36855584042194156
0.3685570549029463
0.3685598631435904
0.36856222316146264
0.3685446798391609
0.36854177331607924
0.36854211643420826
0.36854329250098267
0.36855028028911496
0.36855305591193827
0.36855392308259133
0.3685520716902034
0.3685500267124457
0.36855038823319436
0.3685424211125851
0.3685417348168849
0.3685376967580342
0.36852096731102396
0.3685193428967913
0.36852029598239644
0.36852164486601513
0.36852139640951354
0.3685244289793528
0.36852638360217044
0.3685273031797973
0.36853159373364214
0.36853690916857546
0.3685283977768441
0.368523489301729
0.3685216658807497
0.3685193831995148
0.36851402876304007
0.3685183791514036
0.36851546141921016
0.3685108345924634
0.3685077133423535
0.36850306056451165
0.36850113692755676
0.36850178568138886
0.3685032471449602
0.36849974239991945
0.36850195684245446
0.36850109688897786
0.3685095638918467
0.36852070191181036
0.36852581268878165
0.36852637177958575
0.36852945744840976
0.36852822451282485
0.3685286481535293
0.3685214103039416
0.3685188417733135
0.3685138436424008
0.3685044689923789
0.36849962240399864
0.3684877218408455
0.36848117080782095
0.3684744705322023
0.3684736037142203
0.3684713263519589
0.36846471138255305
0.3684569898649894
0.36845056730739606
0.3684533019674144
0.36844522331144275
0.3684324941120008
0.3684241942919726
0.3684266147113525
0.36842649034268293
0.3684353613259331
0.36844120489294235
0.3684471540870407
0.36843698604211483
0.3684336137966209
0.36843457289758835
0.36844403266342773
0.3684497903357142
0.3684584089046457
0.3684606313826309
0.36845403022916995
0.36845627463864966
0.36845740459167414
0.3684445083827011
0.3684453402227599
0.36844584080176995
0.36844037446879063
0.36844108156921246
0.36844373136682823
0.3684376909837352
0.36843458879104113
0.3684346595360586
0.3684280903131934
0.3684262810833652
0.36842534309254715
0.36842071952782923
0.3684134984492354
0.3684066047478311
0.36839885627677826
0.3683970494847266
0.3684040745187662
0.36841257856628334
0.3684179923415202
0.3684232944469424
0.36842272480993304
0.3684206159036396
0.36841379851481804
0.36841042052827566
0.368415577555458
0.3684161034769856
0.36842156204390936
0.36842879830641
0.3684192544392675
0.36841373975677166
0.3684075436702404
0.368411345767614
0.36841027956298456
0.36840626611585325
0.36840361054762005
0.3684001653641348
0.368397017785576
0.36839510324575603
0.36839205489789795
0.36838827041904787
0.3683906322427098
0.368386895934797
0.3683913194187042
0.368391692046229
0.36838858873433833
0.36838112330631567
0.3683760020045392
0.3683746897167926
0.36837634117572515
0.3683722652596286
0.36836801969238325
0.36837521801009687
0.368377158355218
0.3683703764071448
0.3683712533823359
0.3683720070731749
0.3683660880648858
0.3683669519736943
0.3683688073282734
0.3683694253479053
0.3683730413453078
0.36837241548385674
0.3683751124149308
0.36838065242250695
0.36837474419392674
0.3683716558365005
0.3683634139779329
0.36835412911900334
0.36834485625649954
0.36834303245239286
0.36834616178468266
0.3683472945323281
0.3683425641135591
0.36834662786316225
0.36834809525684353
0.36834680933863934
0.3683444005656949
0.36834308000932814
0.3683407583402008
0.36834242976775033
0.36833966595824574
0.3683381131678124
0.368348513874955
0.36835248531575915
0.3683491835690742
0.3683516302677846
0.36835273663857954
0.3683507858405425
0.3683394759293894
0.3683366401984875
0.36834117496535396
0.36834708067301597
0.36834956989234663
0.36835073919705036
0.368337960082206
0.36833416609819547
0.3683269726321294
0.36831916764269385
0.3683163529052934
0.36831257820630475
0.368306126960939
0.3683033749066371
0.3682994979405191
0.36830128312471094
0.3682964888967561
0.3682849787646719
0.3682834988211677
0.3682804429975999
0.3682800846881375
0.36827800325463145
0.36826905822827527
0.36827126445034986
0.36826126234759965
0.368257727481678
0.3682535605799225
0.36825344171029334
0.36824857754585205
0.36825447091915264
0.3682545481571108
0.3682528661102585
0.3682512554802273
0.3682486995256194
0.36824765840673956
0.3682423454519311
0.3682357319216441
0.36822883816116736
0.3682256364344339
0.3682231069889869
0.3682135880457915
0.3682079071919817
0.3682051710510277
0.3682049025043215
0.368199710140172
0.36820235097580073
0.36820477632255993
0.36820000752774
0.36820464264209724
0.36821083653005693
0.3682169644654414
0.36821744728160144
0.3682209443563633
0.3682218459917884
0.36822373051133933
0.3682279083220305
0.3682300834562504
0.36823257014916116
0.3682291487307519
0.36822395394857327
0.36822234653259
0.3682201485348241
0.3682155287650076
0.3682090018105832
0.36820566009539385
0.3681981843395402
0.36819677899274583
0.36819488360499447
0.3681948034480702
0.3681860700900373
0.3681857153559402
0.3681881869043563
0.3681913027515987
0.3681870540289745
0.36817811079430923
0.36817194917390533
0.3681656839411974
0.36816959446829783
0.3681713831927315
0.36817159633317487
0.36816928943277305
0.3681692259848342
0.36816632669884053
0.36816971042932584
0.36816977128322614
0.3681698300160117
0.36817330984942154
0.36817099613193877
0.3681660095332106
0.3681628843608472
0.3681574648194148
0.3681578477688396
0.36815831063700394
0.36815834623822663
0.36815452642652896
0.36815497937048874
0.36816265488566724
0.3681646766342154
0.36817124936763124
0.36816877064492703
0.3681666708234403
0.36817057418226656
0.3681698123529322
0.3681676216810729
0.3681652998078995
0.36816259256951456
0.36815886009785226
0.3681544726449588
0.36815309503621135
0.36815236906526966
0.3681545366348034
0.3681522169974437
0.36814957620890193
0.36815175439121994
0.3681516038470049
0.3681522240501776
0.3681516897577979
0.36814677317935396
0.36814401056510254
0.36814730201276746
0.3681496772412454
0.36815292145247247
0.3681493893666882
0.3681469947455237
0.3681423384413738
0.3681456913268429
0.3681474092779524
0.3681461381444448
0.3681445580926535
0.36813710125743143
0.36814019952737265
0.36814291952210687
0.3681378209007913
0.36814141859577015
0.36814141597429434
0.36814287725738104
0.3681453951600026
0.36814670801105054
0.36814808759388423
0.3681496564808708
0.36815075333614533
0.36815924862209903
0.3681617129679781
0.36816392166415324
0.368162672247102
0.36815940421839755
0.36815915580416064
0.36815987018301466
0.3681667099370586
0.36817034575047497
0.36816399998158134
0.3681581435170954
0.3681540745423687
0.3681522924563075
0.3681502400689271
0.3681482864981451
0.36814609705533063
0.3681405246764695
0.3681403396461739
0.3681442343346112
0.3681394270177606
0.36813074250425715
0.368130599420717
0.36812523870883324
0.3681295302523161
0.3681313908180207
0.36812867191554866
0.3681334141284918
0.36813760302030935
0.3681435384737487
0.3681517384105668
0.36816390389797604
0.3681665551834202
0.3681688051190124
0.3681667962803556
0.3681635039984719
0.3681646764178704
0.3681676663974371
0.3681660374252026
0.3681693450850727
0.3681704687606186
0.36817146111033966
0.3681757929697848
0.36818157758922715
0.3681862948039252
0.3681866639412013
0.3681899631219921
0.3681842644014121
0.36817996190527696
0.36817923916251166
0.36817179448276066
0.36816089177216466
0.36815878418778736
0.3681595238384558
0.368158386142998
0.3681550515286829
0.3681480984020838
0.36814135140903304
0.3681382256693505
0.36813556400900704
0.3681359025592769
0.3681354843523575
0.36813304985189993
0.3681303276924362
0.3681285072009662
0.3681350282658482
0.36813748085141096
0.3681360777481148
0.3681337787717946
0.3681369452732299
0.36813912797063103
0.36813613149213187
0.36813059480517685
0.36813287852143006
0.36813847623753904
0.3681377381406388
0.36813587621745547
0.36814048810414723
0.3681414365594651
0.3681376931959272
0.3681389731364578
0.36814640064185256
0.36814439410092076
0.36814156086207095
0.368141911316077
0.3681443794796514
0.3681414283432414
0.36813516446379146
0.3681303743966636
0.36813197437703316
0.3681350676490185
0.3681375608183584
0.36813842427892224
0.3681380440749477
0.36813931532496935
0.3681417528516592
0.3681364239517395
0.3681324500555844
0.36813029891401483
0.36812107732783816
0.3681171875055538
0.36811850558083226
0.3681166756224374
0.3681049648002853
0.36810510556826503
0.36810969548062766
0.3681006509161848
0.3681004802087211
0.3681080403601154
0.3681079884932445
0.36811177038036175
0.3681188981063347
0.3681218904677492
0.3681212551574531
0.3681197009864348
0.3681193418371742
0.3681163419931434
0.3681149963020233
0.368111651724952
0.3681125141933452
0.36811782445206587
0.36811512161959525
0.36811112568322363
0.36811192990500946
0.3681185836304906
0.36811625885487786
0.36811012749525346
0.3681087083326323
0.3681062333148155
0.36810187809289097
0.36810289110010513
0.3681017986879325
0.3681036726442907
0.36810573581492123
0.36810349946842563
0.3681054719609292
0.3681089992815596
0.3681059493268135
0.3681026084621399
0.3680962000057877
0.36808859819245043
0.3680952734283157
0.3681052354599167
0.36810774126057705
0.36810077925282175
0.3681015234730252
0.368097078933412
0.3680909365998156
0.36809406331649497
0.36809417243288506
0.3680917924787748
0.36808986059345894
0.36808346676432535
0.3680800448063783
0.3680776079350789
0.36807065718304055
0.36806943158237904
0.36806898535910765
0.36806581776273406
0.3680703264725282
0.3680704838972773
0.36806488746341604
0.3680674147499322
0.3680683823754728
0.36806556967469184
0.36806278122334934
0.36806164462186597
0.3680624352737153
0.3680550154212589
0.3680495666991846
0.3680448510198363
0.36804889808939034
0.36805162355072735
0.36805446634528527
0.3680491465387617
0.36804805627008913
0.36804453283659544
0.3680401808025507
0.36804119071861274
0.36804439445979836
0.3680548232793787
0.3680532471566739
0.36805203470492603
0.36804610141419924
0.3680491082830825
0.36804939641220336
0.3680470409856613
0.3680425645721831
0.3680468654948821
0.3680462065657525
0.36805270738595286
0.36804858971567717
0.36804998260554245
0.3680514330096825
0.36805100233678795
0.3680535219368419
0.3680603619519759
0.36806254901832774
0.3680612077798197
0.3680548406872926
0.3680553297879678
0.36804982008289533
0.3680481407038777
0.3680493174740606
0.36804978560984714
0.36804806586957595
0.36804679285341363
0.3680445326274838
0.3680416494601339
0.3680488011810822
0.3680592016918028
0.36805574213580033
0.36805942080111875
0.36806440378459676
0.36806787431254717
0.36806683910342236
0.36806289606744935
0.3680629402425693
0.36806343526460317
0.3680589825009889
0.3680577169128493
0.3680511418066568
0.3680523653210009
0.3680561600994101
0.3680573953038871
0.3680552461662245
0.3680563363058538
0.36804949973960405
0.36805282489131214
0.3680588357713298
0.36806032072263367
0.36806052233005215
0.3680676499418068
0.36806814536986426
0.36807013021427404
0.36807000437844417
0.3680728472759104
0.3680696688304445
0.36807650633104694
0.3680753175849008
0.36808278044982645
0.36808979252466384
0.36808973839728976
0.3680918705241759
0.36809203242687355
0.36808863069009196
0.36808130304873804
0.36807859469120163
0.36808223962273534
0.36808729793993566
0.36808960451092765
0.3680922035194471
0.3680950572745832
0.36810005098251375
0.36810288767239413
0.3681092678918055
0.36811098285448157
0.36811241301004466
0.3681121492567921
0.3681118373618651
0.36811926723029137
0.3681276954142397
0.3681294146072374
0.3681229253315223
0.3681222142393371
0.3681264471503063
0.3681243661408801
0.36811930065024423
0.36811919432980483
0.3681256640993585
0.36813149326142897
0.36813310017623074
0.3681368988072908
0.3681346384988345
0.3681349408281299
0.36813601598210927
0.3681327062819153
0.36812655956201745
0.36813224785599513
0.3681397822209722
0.36814141606416156
0.3681430730502963
0.36814739457229584
0.3681437351485251
0.36814466558580416
0.3681431040585171
0.3681352098205629
0.3681369823303847
0.36812862149934356
0.3681236929943729
0.3681254062545236
0.3681277418143237
0.3681277605253071
0.3681269234979621
0.36812051999484247
0.3681166170237948
0.36811584828885174
0.36811651333163226
0.3681164051065048
0.3681204998029938
0.36811767603213214
0.36811543453106177
0.36811094247698084
0.3681100843552451
0.36811286669395865
0.36811688759051864
0.3681162752332434
0.36811048850536077
0.3681097786541138
0.368111145034387
0.3681107715278379
0.36811277758207156
0.3681210989006849
0.3681196870699098
0.3681204753597786
0.36811719457828207
0.36811658541306114
0.3681195637105341
0.36812093629475784
0.3681195463934685
0.36811664189900944
0.3681147351091753
0.36811645882627103
0.36811497664097925
0.3681105763702598
0.3681114735510392
0.36810900885798215
0.3681043957911495
0.3681023604577292
0.3681026274442532
0.36810356349559964
0.3681012765127274
0.36809826950053987
0.3681011499340509
0.36809901671391143
0.3680963642174415
0.3680908339119092
0.3680895343905104
0.36808907947198743
0.3680952322389313
0.36809986792273136
0.3681069237498886
0.36811522659138474
0.368116309928898
0.3681204861279166
0.3681203259358819
0.36811908688906636
0.36811703026402015
0.3681185463055313
0.3681218846281122
0.368126315998693
0.36812474501388487
0.36812393967576457
0.3681207007587698
0.36811499358101823
0.3681095728303752
0.36811315619704355
0.3681133323327911
0.36811015240361905
0.36811009287007473
0.3681095015343236
0.36810370831887773
0.36809904001616156
0.36809539275969266
0.36810082857336063
0.3681025655941815
0.3680987695058536
0.36809250724112014
0.3680935501795964
0.36809086172363203
0.36809500796029426
0.3681045303164258
0.36811414442244833
0.3681184519340839
0.36811796386937057
0.3681160863499806
0.36811629101586607
0.36811867444449775
0.3681213897943713
0.36812314843864286
0.3681207701953987
0.3681167240456956
0.3681154690021325
0.3681198927621833
0.3681240205839573
0.3681230325616645
0.3681249354343525
0.3681262560918437
0.3681219582455259
0.3681129032083552
0.36811117405642624
0.3681120661963814
0.3681134566937484
0.36811419538268203
0.36811986591316076
0.36812138338515177
0.3681223304351643
0.3681205079390304
0.3681233470739576
0.36812345162665605
0.3681227858415609
0.3681257709820693
0.36812746331501806
0.3681266386133893
0.3681223577289994
0.36812300073343734
0.36812369222505975
0.36812496495331093
0.3681266997904998
0.3681251513688227
0.3681301065901425
0.3681337202951226
0.3681349420510968
0.36813422708429744
0.3681377265955397
0.3681429285989957
0.3681405814405703
0.36814136709204215
0.3681415922362837
0.36813748018413295
0.3681326048541085
0.36813243317360217
0.3681310811636256
0.3681280635268104
0.3681260220764545
0.36812292237537414
0.3681208531732546
0.36812017623848875
0.3681197585413286
0.36811646792108965
0.3681154518758594
0.3681153762681702
0.368117408130343
0.36811694520367655
0.3681182009192301
0.3681157585101889
0.3681142010764699
0.3681147063785032
0.3681102697896916
0.36810993917947643
0.3681092004388733
0.36810951793893765
0.36811094865082217
0.36811093435296144
0.3681102823960092
0.3681109970363337
0.3681142435820639
0.36811473947716805
0.3681158171828856
0.36811873187001165
0.368120414187431
0.36812226534718384
0.36812280416631105
0.36812451453694145
0.36812176342049696
0.36812510336399773
0.3681222166515311
0.3681289859651186
0.3681309814805844
0.368131406784519
0.36813197176612183
0.36812969332240514
0.36812708572589986
0.3681309365318821
0.3681339305165359
0.36813605811233757
0.36813411348464486
0.3681291851075636
0.36813310113773146
0.3681338268565137
0.3681317535723787
0.36813080808627746
0.36813250368648576
0.368131301066319
0.3681301071966843
0.3681275762541723
0.36812832359077935
0.36812580520307076
0.3681196557888798
0.36812021546193624
0.36812076244007585
0.36811351515850943
0.3681086524362447
0.36810742070222435
0.36810222476311766
0.36809981681612003
0.3681046307723643
0.3680997072835365
0.36810006062398737
0.36809853340132864
0.3680949862226519
0.36809187778038294
0.36809113927672577
0.3680944692693712
0.3680903149221489
0.3680856401378902
0.3680842791544378
0.36808559120864165
0.36808755222015355
0.3680825317981938
0.36808076395602385
0.36807612366681075
0.368078774804049
0.36808061242327467
0.36807770777043086
0.3680754496315879
0.36807362738383914
0.36806795682044763
0.3680622020024529
0.36806005201363057
0.3680612200894807
0.36806307230824087
0.3680620183354155
0.3680658635580701
0.36806830897040516
0.3680644670967301
0.3680630173875382
0.3680630480956547
0.36805735735745565
0.36804948207061405
0.36805086429255685
0.3680470903707782
0.36804894474815597
0.3680528537693218
0.36805456822906707
0.3680558793049239
0.36806114749871355
0.36806348904217456
0.36806180896685325
0.3680612373230409
0.36806456566379964
0.3680641943155324
0.3680611494365704
0.3680597184734427
0.3680552521217323
0.36804907791295244
0.3680402884129948
0.36804224023135323
0.36804231678181304
0.36804392246156914
0.3680431840584336
0.3680434663499948
0.36804327508691037
0.368037732019498
0.3680360527317075
0.36802926184418566
0.36802997229768375
0.36802957854972235
0.368027028732421
0.36802301291721157
0.36802701867986176
0.3680267625493654
0.3680288801984202
0.3680226571304134
0.3680250423100073
0.3680234955306144
0.36801876322801774
0.368014840130234
0.36801647620307554
0.3680130133752799
0.3680112707049252
0.36801405463419656
0.36801578591182044
0.3680142090289187
0.36801482062143687
0.36801375683022886
0.368014517822734
0.36801396899799993
0.36801001706256603
0.36801042063380907
0.3680095236758977
0.36801448247430063
0.3680129787339343
0.36801290091143546
0.3680113608109025
0.3680107737640458
0.36800674424469026
0.36801013701315877
0.3680121232764899
0.3680090311607644
0.3680072517887593
0.3680054033912742
0.3680061006295095
0.3679996266168955
0.36799416190198775
0.3679945800330569
0.367996972517258
0.3679932961245364
0.36798734020258583
0.36798342473560497
0.3679784577610678
0.3679809009858544
0.36797968673719184
0.3679770725773697
0.3679769820054893
0.36797083425612354
0.3679726455582509
0.36797919171954596
0.3679841330224869
0.36798858550060065
0.3679895856322334
0.3679862612710298
0.36798523363333113
0.36799130500643995
0.36798925444402936
0.36799257647324657
0.367999392433413
0.36800344879142
0.3680085778919288
0.3680052383720617
0.3680070716909164
0.3680090982908045
0.3680096852558457
0.36800946509905547
0.3680054866922484
0.36800329868085707
0.3680028018576168
0.36800258135389924
0.3679991089492717
0.3679945472760645
0.36798773923921446
0.36798795301427706
0.367986021968683
0.3679820689808488
0.36798109894181646
0.36798275457363866
0.36798582220106096
0.36799109746399716
0.36799506643388197
0.36799669191626727
0.3679977977948964
0.36799188594042587
0.36798782966529436
0.36799228122033995
0.3679919379292477
0.3679896228407057
0.36798965456011445
0.36799256088854854
0.36799223457137015
0.3679931578001486
0.367992297500116
0.3679945748797223
0.3679898836205981
0.3679833011154647
0.3679823841238051
0.367982607421942
0.3679830235249811
0.36798372832563664
0.3679841950040344
0.36798004231152576
0.3679767745353005
0.3679800086754983
0.3679776909152338
0.36798182609099706
0.3679848067696526
0.3679860195239995
0.3679889139367687
0.36798827103355314
0.3679862619702253
0.36798481502797775
0.3679795816069873
0.36798374094559977
0.36798602926546214
0.3679900922074372
0.36799058822357217
0.3679844437147362
0.3679819840658806
0.36797870490870277
0.36797972242299476
0.3679783346170424
0.36797712337979005
0.36797537874855474
0.36797354375242536
0.36797393845235155
0.36796940132312095
0.36797154194537285
0.3679769951975645
0.3679745667797464
0.3679739711758782
0.3679766998158038
0.36797953755864427
0.36797942048903354
0.36797835536782453
0.3679800226377305
0.3679805421878444
0.3679795691466404
0.36797491020621625
0.3679753502472598
0.3679796816439785
0.36798047373821446
0.3679794676087535
0.36798152045738214
0.3679820805967611
0.36798431849587715
0.36798217518287174
0.36798259209251977
0.3679893234607379
0.36798982972562055
0.3679905767504903
0.3679938471919975
0.3679991352932723
0.3680005163928108
0.3679974948198024
0.3679938067171031
0.36799235818922504
0.36798967868658355
0.36798686415338855
0.3679906720344203
0.36798828110761833
0.3679832300489583
0.3679753963348469
0.36797260535405923
0.36796852876679587
0.3679706656914027
0.3679748143545086
0.36798020274780247
0.3679806731567116
0.3679761537939574
0.36797259833207135
0.3679691803190793
0.3679690963669101
0.3679715399856897
0.36797168593897484
0.36796997301463125
0.3679650838704883
0.3679618941946464
0.3679567841333718
0.36795860770904226
0.36795321834615047
0.3679515678499318
0.36794438573589355
0.36794087940332443
0.3679416731116828
0.3679415892703754
0.3679381739644879
0.3679359232153986
0.3679374995575417
0.36793833936461645
0.36793606983589316
0.3679371066177421
0.36793715236801167
0.36793393503757954
0.3679321245360402
0.36793017215775636
0.36792907537685415
0.36792977365463436
0.36792615764917064
0.3679243515451997
0.3679204618078607
0.36791883001692427
0.36791831128584723
0.36791694161211286
0.36791623574534466
0.3679179025214802
0.36791817315751885
0.36792284261362707
0.3679303672292085
0.36793145356346757
0.3679308365064147
0.367926748760819
0.36792606331793826
0.36792773811254625
0.36792788850851454
0.36792650657253706
0.3679232791975226
0.36792396564518753
0.3679251448488911
0.36792595048074966
0.3679278286520944
0.3679242819830662
0.3679189017547839
0.3679152619016156
0.36791815835809316
0.3679222155139282
0.36792275833402927
0.3679233683775787
0.3679189532872772
0.36791686156494086
0.36791545408113513
0.3679164760390148
0.36791695318025913
0.36791894473940556
0.36792357480241705
0.3679227766553065
0.3679195697912669
0.3679212237899151
0.36792361747241864
0.3679277739185098
0.3679290768970513
0.36792421106965517
0.36792477459927525
0.36792414784306704
0.3679222951457291
0.36792045391247624
0.3679167309065762
0.36791665279230623
0.3679155820761278
0.3679145227953169
0.367915923474437
0.3679161457333203
0.36791891066077936
0.3679198581857679
0.3679162412088842
0.3679098627946874
0.3679067457234153
0.3679072396876672
0.3679063978161561
0.3679064821039036
0.3679027579214343
0.36790355322504265
0.36790632734536344
0.3679003613794283
0.3678995015158088
0.36789866978739666
0.36790064655076715
0.3678991193795196
0.36789937619736346
0.3678998578065037
0.36789992521761544
0.3679065902253342
0.3679074721780383
0.3679059786491342
0.3679103361899682
0.3679109760287442
0.3679062072312213
0.36790660003849324
0.36790802353372176
0.36790517542270607
0.36790199717122973
0.3679048925752048
0.3679097625621808
0.36791329542297685
0.367913327365685
0.36791864522948137
0.36792062867874864
0.36791854325716117
0.3679166842915013
0.3679161160777022
0.3679128844814855
0.3679180975945136
0.3679183737226483
0.36791666469964296
0.36792229119239284
0.3679241118825932
0.3679233902635903
0.3679183397936658
0.36792320112207044
0.3679202618856555
0.3679164832466101
0.36791237769256036
0.3679090319085717
0.3679094768001879
0.36790561858920795
0.3679036155682767
0.36790086063173966
0.36790183263078596
0.3679012076114621
0.36789953466235203
0.3679023357121254
0.3679069096623877
0.3679069489514697
0.36790801661568
0.36791205815957995
0.3679112665484547
0.3679090563837774
0.3679079227519355
0.36790523073715015
0.36790512061369246
0.3679023793447571
0.3678993015704651
0.36789751798652853
0.3678973620241699
0.3678948540225498
0.36788964157350446
0.36788366498703456
0.36788445016124743
0.36788621540354305
0.3678823397934398
0.36787965795632677
0.36788012899982614
0.3678809656270455
0.36788137496225953
0.36788500502196375
0.3678875707462191
0.36789015375262174
0.3678890407618781
0.36788683931575844
0.36788421577034136
0.3678829218924612
0.3678795744118493
0.36788204043715567
0.3678829670390758
0.3678863881534879
0.36788402186845043
0.36788004162387133
0.3678794357300124
0.36788140083070303
0.36788151452040535
0.3678826345972361
0.3678846408343031
0.3678849693421297
0.36788342681146924
0.3678815365422069
0.36788328730876985
0.3678808684286828
0.3678797336752649
0.3678809214331852
0.3678791768989822
0.36787830052596676
0.3678763194033424
0.36787889753214514
0.36788235041421385
0.36788582418878624
0.3678852183802023
0.3678859951930998
0.3678886501274997
0.3678903060932909
0.3678870443630507
0.3678905507334066
0.36789132108200134
0.3678886253128332
0.3678916830411188
0.36789580296063074
0.3678991461447832
0.3678968723075566
0.36788930246767637
0.3678846891751532
0.3678839619746562
0.36788356794470817
0.3678850872176032
0.36789203669981557
0.36789563306234385
0.36789626876878984
0.3678992868878028
0.36789768107089527
0.3678960950267676
0.3678940474821071
0.367896680368135
0.36789917974675485
0.3678991582978629
0.36789892938940383
0.36789750046659736
0.3679004919825138
0.36790060615862874
0.36790293499669074
0.36790214965307655
0.36790348443761994
0.3679016055762361
0.36789844483354855
0.36789154895768156
0.36789005179000034
0.3678892386078441
0.367888267912195
0.3678879409724087
0.36789075945468835
0.3678943527486846
0.36789316439645964
0.36789379829342433
0.36789650793956824
0.3678968755427136
0.367896631018565
0.3678951135888644
0.3678995656279276
0.36790294697403836
0.36790221416280106
0.3679031679378118
0.3679063844096314
0.36790861283996396
0.3679116389926962
0.36791249211504773
0.36791393585877524
0.36791424484561663
0.36791719653533805
0.3679207219537539
0.3679216909784017
0.3679202510493778
0.36792231784935214
0.3679179554033998
0.3679176420599105
0.36792011492886245
0.36791812901189036
0.36792178120254526
0.36792248034743513
0.3679200000613666
0.3679203601537253
0.36791937049165446
0.3679191813034436
0.367917550063814
0.3679175128386167
0.3679141932955911
0.3679111428855191
0.36790269572703566
0.3679031177492101
0.3679048135786027
0.36790586837836686
0.3679027952230471
0.3679062466931293
0.36790315399379564
0.3679049205054347
0.36790765928415736
0.3679115301748713
0.3679096314863718
0.36790744953940124
0.36790277489346707
0.36790746036737126
0.3679031556047715
0.3679027478021291
0.36790210842518095
0.367905968323217
0.36790712494250155
0.36790799651807976
0.3679068976357288
0.36790940475332157
0.36791306126131973
0.3679161623043809
0.367914914131315
0.36791616834508795
0.36791362926811616
0.3679128947326676
0.3679095712680994
0.3679094121806769
0.367910129004185
0.36790979226471243
0.36791524379551943
0.36790947461898393
0.36790960588134486
0.3679108023496285
0.36791491092145584
0.36791466540671264
0.36791245682084145
0.367910206397782
0.3679069419822286
0.36790313315040846
0.36790222433771486
0.36789982493405987
0.36790361035989433
0.3679064963043971
0.3679085787585272
0.3679080423184363
0.3679088347386319
0.36790546803199575
0.36790169012876617
0.36790040671313934
0.3679026619536141
0.36790328883732076
0.36790045783713476
0.3679001690558241
0.36790193674912
0.3678999342208126
0.36789947785869265
0.3678948323928517
0.3678975220007131
0.3678978313080235
0.36789738287255297
0.3678927325905061
0.3678923696050273
0.36789663288554186
0.3678973009024754
0.3678981091028408
0.36789889708803786
0.36790041605496804
0.3678989417924075
0.3678941666731416
0.3678962402887673
0.36789715833030373
0.36789794925003244
0.36789993652881114
0.36789926121355665
0.36789896241007736
0.3679016874814368
0.3679043207232649
0.3679006069272952
0.3678989440352953
0.36790065417282375
0.3679038514121351
0.3679007649945064
0.3678961917642706
0.3678919846981968
0.3678951492920435
0.3678910540295608
0.36788861623566094
0.36788671529714406
0.3678896920112439
0.3678927362350741
0.3678877572699088
0.3678863048693289
0.36788445370869705
0.3678839022597069
0.3678829507390564
0.36787700948921975
0.3678760937029716
0.367877009174965
0.3678808138810985
0.36788299135480357
0.36788308533717834
0.36788344725563565
0.36788843372978797
0.3678875748869314
0.36789045630614137
0.36789398717120103
0.36789306950750617
0.3678935282080042
0.36789373069746995
0.3678912272970396
0.36788888941013403
0.3678935931055229
0.3678939651229025
0.36789402436894614
0.3678945533927597
0.3678932494250963
0.36788809801416195
0.3678843966069943
0.3678810819278024
0.3678832898686288
0.36788362289265847
0.36788471271697787
0.36788349872671916
0.3678828872436872
0.36787572773619576
0.36787274488550153
0.3678748776073511
0.3678767542309446
0.3678791080606849
0.3678786215379677
0.367880301384256
0.36788027643538274
0.367880594044941
0.36788290152601966
0.36788468507700195
0.3678902034097064
0.36789086066789056
0.36789085720529674
0.3678862532582088
0.3678862193441359
0.3678878304012411
0.36788395918992206
0.3678808688054717
0.36788115312935865
0.36787690958211827
0.36787647108863064
0.3678753847851119
0.36787438454314564
0.36787835962007104
0.36788146742386446
0.36788037842376786
0.36788318259820313
0.36788362338759
0.36787901375556714
0.3678748661965981
0.3678706761233638
0.367868828080301
0.36786840650514024
0.3678714532645203
0.36787184233868336
0.3678732913145274
0.3678782228867828
0.36787733173296555
0.36787505959135
0.367873807183583
0.367871467342355
0.3678682991173855
0.36786592298836157
0.3678650950969916
0.3678662994640984
0.36786646453615934
0.36787115226681727
0.36787266997906526
0.3678693437933881
0.36786580862362633
0.3678645123074711
0.36786297629359505
0.36786209005551135
0.3678663299137735
0.3678669186266098
0.36787169535281233
0.3678714241566124
0.3678723790822731
0.36787039108594105
0.3678691558732594
0.3678683343585147
0.36786919960036873
0.367871295249295
0.3678722984546143
0.36786772127130135
0.36786536917723117
0.3678650430028608
0.3678650947148483
0.3678598029800191
0.36785631708770256
0.36785244838343745
0.3678506791175964
0.36785226721388636
0.36785314771931155
0.3678549916822205
0.36784988806638746
0.3678492575809636
0.36785195648664143
0.3678503291556835
0.36784833731908545
0.36784639302080296
0.3678447603876475
0.36784751469789834
0.36784541714189795
0.3678454381336021
0.36784457242695245
0.36784308437802016
0.3678428951908853
0.3678436414358559
0.3678447397939431
0.3678447293120401
0.36784319720602127
0.36784015907375506
0.36784110975455636
0.36784186650795997
0.36783760432487966
0.36783150465476694
0.3678287485407287
0.36783110061228136
0.3678287112959817
0.36782869629056586
0.3678277315804809
0.3678223152107519
0.367820961984717
0.36782159024575134
0.3678219183382681
0.36781763087684644
0.36781417137762434
0.36781451192127407
0.36781219759424516
0.3678139656188705
0.3678140420259318
0.36781071495414963
0.36780907740241514
0.3678078605265721
0.36780698745086904
0.3678040251273246
0.3678068621008693
0.36780838158112283
0.3678102978567803
0.3678091229164446
0.36780690575480035
0.3678030836643485
0.36780109349756057
0.3677988734788294
0.36779608161597227
0.3677984245093293
0.3677998584757976
0.367798069229423
0.36779514386971507
0.36779590468992185
0.3677960994097161
0.36779533267448905
0.36779295584637256
0.36779143699300704
0.36779257864690673
0.3677910623002495
0.36779097485311385
0.3677880319378058
0.36778796420580273
0.36778831858124716
0.36779139803361827
0.3677909544652338
0.36779283308914024
0.3677949296495294
0.36779100593080544
0.367787106293945
0.3677871316491792
0.367788315935437
0.36779211145237667
0.36779393802675026
0.36779437049607333
0.3677953312916458
0.3677938630175944
0.3677927462388101
0.36779009093280185
0.3677898819888206
0.3677920994085134
0.3677932347964929
0.36779535149847525
0.3677935206636634
0.36779221090030095
0.36779124499565563
0.367788086775849
0.36778691712490674
0.3677839643585256
0.3677851695823349
0.36778542194248176
0.36778759450057513
0.36778899859445624
0.3677874234260813
0.36778476690058354
0.36778606870541447
0.3677857697015083
0.36778529555830686
0.3677886801948521
0.3677877273392903
0.36778908481068867
0.36778473482568125
0.3677878924259966
0.36778690451976837
0.3677899427973392
0.3677903664191858
0.36779518618263674
0.36779692953842824
0.3677952166368566
0.36779882243446366
0.367799184566677
0.36779833285717084
0.3677988432796604
0.3677984215079316
0.36779765402951353
0.36779641900742815
0.367789972827702
0.36778826959117716
0.3677867453413626
0.367786360285503
0.36778621079873247
0.36778338771041763
0.3677835785875099
0.3677857483934736
0.36778474296185504
0.3677806695614701
0.36777746142998596
0.3677752518177759
0.3677750078864175
0.3677741878655637
0.36777376370793813
0.3677735849867648
0.36777076707741035
0.36777481787793376
0.3677773561464427
0.3677790914103504
0.36778186744503766
0.36778225516172636
0.36778326277047024
0.36778039349435643
0.3677798470917605
0.36778097743403965
0.36778171196503956
0.36778132926970414
0.3677825488594202
0.36778457998861935
0.3677804346481143
0.36777763169033273
0.3677740716282807
0.36777048309516597
0.3677710073215754
0.3677731702942363
0.36777472507169917
0.3677763205775887
0.36777868768787375
0.36778089607024217
0.367780449673466
0.36778405756145766
0.36778410475759377
0.3677856618856715
0.36778595871055475
0.36778440720114375
0.36778721640382744
0.36778918549970596
0.36778893478092706
0.36778827206871617
0.36778636349213717
0.36778465244030817
0.3677832310140235
0.36778230291267433
0.36778083402318895
0.36778457680903953
0.3677851694305041
0.36778816043374934
0.3677862204556056
0.3677882338119493
0.36779076370257247
0.3677891262350494
0.36778863849289617
0.367784352711361
0.367780564519608
0.3677833438113876
0.36778622177496284
0.3677883942244987
0.3677912193127037
0.3677907779045016
0.367791250226156
0.3677892442374543
0.36779055754483686
0.36779088870792975
0.3677892078900162
0.3677858843042426
0.3677811063393031
0.3677807858611278
0.3677815521738677
0.36778348775122593
0.36778400514427856
0.3677836898823112
0.3677843391048662
0.36778228136111135
0.36778248731094476
0.3677833504076963
0.3677839285288832
0.36778589578177007
0.3677837199057134
0.36778132414804454
0.36778606688930154
0.36778678931739656
0.3677913422403382
0.36779638104033197
0.3677997164546661
0.367799407029756
0.36780054367646275
0.367799581733797
0.36780254119129674
0.3678048281099749
0.3678044358720831
0.3678073929886857
0.3678104585189397
0.36781140543458213
0.36781490530184885
0.36781305787932883
0.36781227652519827
0.36781220472379555
0.36780830305778495
0.36781105655238655
0.3678112641600135
0.36781144944364447
0.36781437303899445
0.3678168960908263
0.3678190587216291
0.36781639580866915
0.36781288030755777
0.36780813635820825
0.3678063302617805
0.36780624002869083
0.3678067716292648
0.3678073283868473
0.3678088343387693
0.3678116372050304
0.36781126241698797
0.36781057041143805
0.3678103736342815
0.3678098204651717
0.3678158832412304
0.36781837067329115
0.36781867934392387
0.36781899435969484
0.3678172841868964
0.3678159394025329
0.3678188101813228
0.36781826879798485
0.367819399562863
0.36782019203714916
0.36781902741771494
0.36781785813684886
0.3678173641877562
0.3678134006245434
0.3678120669618184
0.36781398828806416
0.3678131595017264
0.3678158433881567
0.3678201404938434
0.36782216359753817
0.36782763333268664
0.36783132897240295
0.36782658277251506
0.36782408395253186
0.36782453401307696
0.36782457010796016
0.36782219973215835
0.3678194441658509
0.3678184230672077
0.3678222176304036
0.36782280317710414
0.36782374635909015
0.36782295365207185
0.3678183537568061
0.3678177320064185
0.3678174880452085
0.36781662691716477
0.3678202818271077
0.3678196512794004
0.3678167492122735
0.3678164165801809
0.36781657988978556
