0.2537240537240537
0.2734727347273473
0.2647450110864745
0.2761049480542349
0.2979038224414303
0.3115147438053593
0.315096308947718
0.3173451764125339
0.3112852892082154
0.30840963698941487
0.3102532463717022
0.307162401416385
0.3040920084900538
0.29799350975821565
0.29453168219924253
0.29216927425454836
0.29538875799394143
0.29572975069642793
0.29932953067147006
0.30184499509478147
0.29973208103796023
0.298028071988289
0.2971776516086563
0.2964783739068778
0.294339907806242
0.29574771896706115
0.29661147208831135
0.2962992885836756
0.2984256913315576
0.29747902675788196
0.29806754487140574
0.2982503575697016
0.296811561176627
0.2966635347003445
0.2955330149018766
0.2959335176202646
0.29748220294560274
0.2994124327260159
0.3016624184421039
0.301770340161565
0.2999862844602935
0.2995077261708235
0.29926661729040505
0.29969210686871267
0.2991858416898986
0.2981375222127267
0.29857311618152615
0.29982718070661
0.3002099797655862
0.3004002543672614
0.29917745266991774
0.2988170999173049
0.2996790463090325
0.30060337567346185
0.3013510911788356
0.302461103882383
0.3025551950534745
0.30269324488240534
0.3019023201342069
0.3024969138684011
0.30353910976443343
0.3036321119240458
0.30329550953495493
0.30294229142973783
0.3027684475449526
0.3025132162949142
0.30256453094979535
0.3024241260435812
0.30291676803719625
0.3030826206271814
0.30303014384647037
0.3016013605089823
0.3016456806204718
0.3020213471728852
0.3019826179172984
0.3025907667655883
0.3031636530874059
0.30421236231572407
0.3052202014483523
0.30520268014503216
0.30523773376578567
0.30575057369413583
0.30586043588535006
0.30546352353284695
0.3053433553203457
0.30536027548567346
0.3056679439699156
0.3057386127159475
0.3050251431520655
0.3050007241429251
0.3055947728466297
0.3051895924824102
0.3051641876697429
0.3049914509601991
0.30500003265860653
0.30531608916810477
0.30561792003274935
0.30608955488449535
0.30617437131452135
0.3067165429065937
0.307126318181539
0.30620959747991655
0.3064838400809351
0.3068291199255721
0.3061152162741658
0.30517847635429646
0.3053442989700879
0.30528884525060435
0.30540963368775564
0.3049081449162622
0.3058312246186159
0.30614540603081286
0.30553662644917395
0.3049005052235437
0.3043822338664898
0.30439559852286513
0.30426779838825047
0.30391838578685537
0.3035352825048573
0.30357594822287304
0.30336186539220056
0.30281905516691304
0.3024624733572174
0.3023975529665782
0.30222460200595935
0.30196784363487916
0.3023162989962867
0.30227586307059967
0.3021284567607684
0.3018851376793979
0.3014620256457556
0.3011927393575824
0.3015377878402489
0.30171398980021175
0.3015791720017072
0.3017679563044657
0.3018092692831206
0.3013462980171396
0.30133301244768895
0.30170133496165913
0.3015407325399022
0.30172440117083044
0.3017850722735523
0.301998029929585
0.3023319194016207
0.30243298164339744
0.30279979270157875
0.30311392330901954
0.30277289372721644
0.30276012700300164
0.30268846972549307
0.3029111102962447
0.30286287890746744
0.30269946396760483
0.3027642939044902
0.30280526677225617
0.3035091248289218
0.3037125870535627
0.30389011562472007
0.3039593806477579
0.3043608351697376
0.30416566337587286
0.3043709806692269
0.3046553331898716
0.30474185644223806
0.3050063591166609
0.30510530549901943
0.3051492672069104
0.30540151440220675
0.30582849901128556
0.3063699455866541
0.3069698638420092
0.30741539903885723
0.3076416238850999
0.3077096134050704
0.3078542060150746
0.3076935989843988
0.3075313240065517
0.3071827484015091
0.3070822114243859
0.30700604269900383
0.3068225643537082
0.3068636503539551
0.30723259967908934
0.3075881819611307
0.30752997314645664
0.30759815846348865
0.3073350913059366
0.306934661518965
0.3064622360333421
0.3063168502263309
0.30606467916670693
0.3053540221702757
0.30502266499510333
0.3045125500239607
0.3040493307948055
0.303184341221151
0.3025131344953572
0.3019575283211901
0.30141120486140116
0.3009706944482927
0.3006497385422698
0.30042705732810254
0.30047652413408193
0.3001445823863036
0.29966688593922247
0.299341481860112
0.29870805184451404
0.2982168814520737
0.2979991101918391
0.2975318090780866
0.2971985092181567
0.2970432145564822
0.29691828645277685
0.29680776059787223
0.2966209229517729
0.29622197702565156
0.2958255642682605
0.29540452964723896
0.295314103807941
0.2950240608702225
0.2945683161529265
0.29414884910627837
0.29389663581704545
0.29368956197295015
0.2935456409329928
0.2936662497036292
0.2935307508431486
0.29318789018285746
0.29273935648024874
0.29235952107418206
0.29180751868472343
0.29157513825502646
0.2914742822096918
0.2913495429048247
0.2914989817020909
0.291335520529103
0.29108870747662824
0.29102306284761853
0.2908595125245168
0.2907409546249028
0.29047206439030876
0.29024102795150425
0.2899256994668918
0.2898270381899475
0.28980109071982985
0.2898780234337242
0.28970193959980944
0.28949001314027806
0.2894514830566132
0.2890983418716226
0.2887705889716007
0.28867669455995343
0.28864246771809615
0.2884964552424333
0.28834433790186004
0.2878126962812155
0.28763325254878835
0.28733150420627585
0.2869697596806843
0.2870174091687815
0.28651186505491705
0.28627495244074785
0.2859213032264412
0.2856804800011202
0.2853935771263302
0.28494159665909263
0.28464206350854604
0.2846279935353201
0.28461677649284584
0.28446552979218154
0.28429402576851986
0.2841029404769186
0.28398682853396345
0.2838504246692707
0.2835061917597055
0.2831309620283119
0.28280159000264704
0.28248876831590125
0.28229523475096013
0.2821963870348731
0.2818640511008927
0.2816411345565148
0.2815743807141193
0.28136489773247503
0.2811819622545236
0.2809701404105236
0.2807353159037185
0.28053934815214204
0.2804892974185446
0.2805084367609468
0.2804406243448762
0.28029434916293666
0.28022183945032275
0.28006975491459846
0.27993917099592874
0.27983486662544577
0.27992796067715303
0.27968212019132344
0.2795034614663262
0.27947923150082477
0.2795378747397321
0.2796704070326226
0.2798488444696641
0.2797455498592132
0.27948856277491874
0.2792767536890355
0.2788563490773026
0.2786895807947113
0.27859329595790977
0.2784956433057201
0.2784323050735278
0.27851554243973936
0.278483654571266
0.2783805267527512
0.27825183567818845
0.2779394584769249
0.27777213969231607
0.27768959589440656
0.2774758065606773
0.2771666676296515
0.276995002294375
0.27675855904482455
0.27665294736098944
0.2765243989431214
0.2762692032716439
0.27606737260818354
0.27596779999962306
0.2757185082462856
0.2753871775705837
0.27517775798019867
0.2750712704291495
0.27490267497619086
0.2746295895268926
0.2744659060083152
0.27449123213723897
0.27433993898803793
0.27409736282347436
0.2741458006232916
0.2740306800557819
0.2739778724083108
0.2739304351283984
0.2736792590550032
0.27342631078621116
0.2734840951157411
0.2733800353391613
0.27327942651410286
0.27331048975147393
0.27313201518299474
0.27300790004927594
0.27296163037869464
0.2727986667579846
0.2727683129063722
0.27266828362835027
0.2725723011880571
0.27231086315957626
0.272317194163511
0.27231278457211233
0.2725287932242729
0.27257876473002185
0.2725034630722631
0.2724337006244461
0.2724590002026363
0.2723099312422416
0.272118665738638
0.27195479287102764
0.2718932056004406
0.27198345871986485
0.2721496066025773
0.2721180623422358
0.2720700277731961
0.2720478400369534
0.2720347198401217
0.2720140675845633
0.2720884656147447
0.2722689904474462
0.27241183134706914
0.2725002820659985
0.27252205310357985
0.272434730700603
0.2724150293874783
0.27252454942163845
0.27252601834234635
0.27269165704940934
0.272776485433433
0.2730690339285114
0.27329299085346864
0.2734832953410465
0.2734803671555613
0.2737012261509131
0.27393739359709396
0.2741048721381057
0.27432119384957987
0.27438958773543914
0.2745117736062801
0.2745137884158266
0.2747337465107988
0.27489700431238634
0.274969910731297
0.2748734160590483
0.27478233528919466
0.27482054427855646
0.27496223501247585
0.27515737846863675
0.2753753630022326
0.27561632408257336
0.2757085001799438
0.2759198920260119
0.27587155228558174
0.2758400299065871
0.2761030887839295
0.27641827135826136
0.27664154167770283
0.27687000189586475
0.2768739789634832
0.2768755598935701
0.27703393460286124
0.277243889709459
0.27750505546631976
0.277708766493182
0.27778350280893516
0.27789859688740687
0.2781048974445511
0.2784597692102513
0.2785584972495234
0.2785708793751514
0.27858378235994785
0.2784464572693446
0.27842645772920244
0.2785353241381491
0.27867981801470854
0.27878730657373907
0.27889515441891133
0.27884786530709305
0.27876755045823337
0.2787800186812829
0.2787443487065485
0.2786876780400672
0.2785667932188311
0.2785908407174729
0.27862066452827067
0.27868167144129447
0.27870864423826724
0.2788663273387253
0.27906496190107194
0.27906955477131684
0.27896574082138526
0.27892280804845515
0.27892576030961536
0.2790866232994003
0.27918922362942045
0.2790906692150678
0.2791584306310952
0.2793064726227373
0.27947369207346473
0.27957512951963565
0.27961446252327465
0.27959047923589947
0.2796118360912196
0.2796588926100116
0.2796373818897374
0.2796643834791925
0.279573552002712
0.2795158740622657
0.27950123521758835
0.2796616979548321
0.2799254769172955
0.2800991339642098
0.2801479355818804
0.2800634762864532
0.2802097559887644
0.2803795040577923
0.2805365146924917
0.28071424194900396
0.28069738610301304
0.2806870919709886
0.2808094940144234
0.2808969968677244
0.2808989923617642
0.2808445942901574
0.2807552230867952
0.28066417191960913
0.28062620656833737
0.28068210688656275
0.280722233051641
0.2806449685258716
0.2806177590501168
0.280560525426111
0.28052222765577556
0.2805463815212882
0.28065399896050813
0.280741586382983
0.2807323098442206
0.2807743542982367
0.2808162287058154
0.28084647304972227
0.28080921104161305
0.28089964874143725
0.2810746688559262
0.28108141507836765
0.2809953886132417
0.28102983731701703
0.28114694389473
0.2812469120818361
0.2814159811770233
0.2814041437553653
0.2814637695466029
0.28158178649142074
0.2817651336098638
0.281895180391544
0.28199666513103083
0.28201496671047344
0.28196984314533174
0.28197225798463477
0.2819619459651421
0.2819322755200157
0.2818716469532315
0.2818651675475542
0.28184656997377316
0.28197823428972707
0.2820892318602878
0.28216382056226097
0.28225891626174454
0.28226993004189466
0.2823505735560475
0.2824753118396277
0.28254728649997246
0.2825576700965059
0.28275675997659366
0.2827562167827195
0.2826728289693386
0.28267291028629365
0.28268156942662165
0.2826969069015908
0.2827433684529027
0.28290907749570904
0.2830612824876113
0.28309876785654814
0.2831182318694054
0.2831385390601133
0.28325675893282354
0.2832543924745708
0.28324202175775637
0.2833275978189145
0.2834062843286298
0.2833276188471675
0.28329668070648645
0.283427306109978
0.283525944232308
0.2834608890821041
0.28341535670354634
0.28337066100763453
0.28343449984861335
0.28359401748005697
0.2835993360785217
0.2836499729420092
0.28368157117994897
0.2837064127135975
0.28367369269180653
0.28357621753775103
0.2835621281052489
0.28350983192233403
0.2835024948999132
0.2835578428247336
0.2836143068499802
0.28352233716362174
0.2834581509557728
0.28339092780948466
0.283301790811734
0.2832157849726696
0.28314544496488386
0.2831274120014387
0.28310060067345294
0.2830812019214728
0.28301223059227526
0.28303123716238754
0.2830180557830865
0.2829418561523111
0.2828473536005395
0.2828767393233269
0.2829083631870475
0.2828458269774394
0.28275722480260346
0.2826866988476418
0.2826673172112337
0.2828223788875078
0.2829118686844767
0.2828732904022972
0.2828430246523156
0.2829707675086571
0.28284343087477876
0.2827254995883073
0.28257441978457254
0.2824456904414969
0.2824079352174595
0.28237383113632053
0.28233259756669243
0.2823415041339561
0.2822940678376904
0.282213634898718
