1999
3949
1984
1182
1722
571
508
697
1014
1170
1314
1533
1620
1881
12524
1637
1898
2157
1998
1472
1446
1223
2038
1501
1063
624
447
381
414
627
776
1377
1594
1539
1701
1295
1587
1413
1571
1700
1330
1570
1808
1877
1948
1710
1388
1332
858
738
444
470
430
570
1272
1821
1943
1963
1655
1917
1700
1736
1766
1794
1767
1827
2388
2358
2322
2345
2107
1516
1019
767
673
454
475
602
1269
2005
1909
1784
1814
1648
1913
1778
1855
1684
1342
1691
2199
2635
2104
2101
2177
1659
1125
801
607
673
441
638
1096
1842
2234
2058
1810
1676
1860
1899
1730
1804
1455
1975
2454
2364
2409
2319
2350
2194
1500
918
745
595
730
585
1229
1915
2064
2255
1803
1716
1846
1868
1883
1810
1499
2036
2442
2884
2197
2237
2292
2198
2184
1761
1423
1284
832
711
603
779
1142
1319
1845
1975
1778
1851
1928
2099
1769
1759
2461
2340
2060
2036
2308
2214
1951
2278
1949
1477
1072
601
768
675
866
1236
1503
1684
1860
1858
1928
1648
1876
1735
1987
2165
1399
1616
1158
1006
822
540
629
409
422
584
1069
1959
1806
1940
1627
1447
1706
1447
1621
1632
1465
1927
2225
2242
1943
1879
1924
1204
811
602
473
530
398
564
1124
1692
2268
1757
1640
1455
1647
1954
1718
1578
1568
1853
2795
2192
2131
2200
1860
1660
1013
749
590
524
620
587
1134
1643
1988
2159
1749
1518
1831
1694
2015
1812
1484
1773
2220
2443
1962
2163
3193
1709
1325
770
599
445
481
774
1096
1745
1977
1857
1784
1658
1535
1584
1800
2029
1547
1811
2092
2209
2856
2291
2109
2167
1560
1429
833
659
591
598
1403
1840
1815
1959
1815
1972
1748
1681
1838
1548
1575
1660
1907
2304
2189
11901
2298
1850
2205
1630
1639
1215
1169
704
678
988
1074
1610
1771
2278
2417
2052
2141
2032
1865
2251
2264
2318
2227
1974
2342
2267
2137
1828
1717
1657
934
668
610
606
1247
1248
1608
1752
2076
2361
2002
1963
1947
1915
2281
1955
1878
1793
1665
1896
1181
1045
821
692
857
712
858
1013
1388
2142
1752
1780
2233
1975
2433
1937
1830
2135
2303
2441
1809
1741
1645
1352
1380
717
546
414
430
755
887
1291
1571
1659
2133
1544
1723
1670
1772
2043
1503
1681
2152
2125
2291
2003
2017
1554
1095
1052
594
447
458
589
1468
1655
1949
1619
1623
1890
1572
1757
1616
1865
1757
1930
2005
2357
1894
2253
2148
1766
1129
803
1012
545
556
597
1080
2028
2122
2100
1988
1680
2098
1952
2163
1933
1522
2254
2259
2344
2213
2461
2417
1989
1516
1081
796
853
452
653
1027
1835
2464
2165
1884
1951
1889
2193
1781
1923
1593
1851
2572
2345
2374
2286
2262
2665
1889
1722
1516
1162
1161
690
749
763
989
1517
1597
3090
1979
2319
2351
1722
1258
1546
2082
2251
1840
1614
1889
2224
2157
1519
1295
1161
812
807
584
632
924
1070
1976
1782
1873
1895
1814
2105
1656
1768
2045
1856
1709
1344
1268
1149
1273
918
478
435
458
629
1286
1584
1973
1769
1602
1809
1747
1574
1717
1736
1935
1976
2206
2033
2348
2356
1893
1168
953
694
797
409
476
574
1194
2507
2067
1983
1850
1570
2007
1759
1822
1839
1640
2210
2079
2263
2182
2475
2267
1480
1073
712
569
747
444
579
1182
1691
2195
1943
1738
1732
2031
1987
1710
1615
1418
1759
2705
2466
2114
2163
2204
2053
1246
823
598
542
804
600
1143
2128
2118
2293
1764
1648
1912
1987
2101
1719
1494
1843
2177
2675
2378
2296
2198
1940
1833
1022
758
606
700
1182
1101
1532
2117
2071
2321
1760
1608
1714
1876
2135
1534
1728
2258
2468
2755
2354
2506
2399
1981
2115
1480
1207
880
567
1035
775
1072
1451
1715
2266
2012
1880
1992
1847
2030
1747
2264
2364
2066
2304
2274
2383
2294
2067
2127
1494
1066
625
581
1049
943
1168
1568
1792
2458
2101
1711
1458
1272
1700
1581
1304
1320
1206
1754
954
792
816
495
771
452
637
1088
1528
2166
1449
1592
1595
1684
2172
1599
1529
1277
1754
2438
1843
1911
1769
1588
1625
885
619
516
423
1038
578
1041
1642
1819
2025
1579
1620
1621
1603
1954
1798
1416
1368
1728
2232
1963
2063
1911
1484
1342
727
526
422
454
1049
1213
2751
2029
2104
2158
1812
1678
1535
1673
1988
1511
1702
2060
2239
2822
2261
2082
1645
1639
1217
622
495
469
527
1491
1688
1729
1520
1368
1651
1414
1267
1324
1601
1813
1352
1713
1949
1794
2014
1671
1567
1139
926
1373
576
533
667
1023
2027
1821
1786
1678
1701
2135
1525
1608
1688
1336
1805
2071
2352
2186
2089
2528
2220
1920
1864
1502
1876
996
576
677
842
1609
1429
1681
1794
2000
2718
2041
1864
1826
1912
2553
2197
2141
2036
2159
2721
1987
2021
281
1874
1696
1152
777
752
868
1612
1436
1650
1737
2002
2137
1574
1495
1679
1587
1965
1580
1447
1249
1198
1276
697
517
432
459
1463
1093
1693
1704
1822
2111
1610
1590
2274
1505
2076
1469
1722
2190
1886
2314
2013
1847
1462
1014
1318
559
486
486
656
1579
1562
1892
1884
1578
1862
1761
1595
1841
1678
2166
1564
1947
2231
2154
2553
1847
1589
1084
786
890
486
440
565
1116
2308
1772
1798
1715
1493
2161
1651
1603
1437
1287
2072
1829
2178
1898
2037
2532
1768
1295
884
616
939
467
646
990
1767
2278
1809
1594
1702
1753
1997
1841
1635
1398
1902
2686
2155
2266
2199
2125
2204
1486
1126
892
624
1048
646
1019
1851
1865
2262
1567
1487
1719
1643
2319
1555
1224
1778
1930
2701
2173
2071
2273
2279
2949
1641
1290
1109
927
1278
573
902
1017
1482
2218
1715
1814
2014
1712
2228
1503
1929
2180
2383
2662
1888
2093
2025
1957
2202
1707
1249
1021
1332
1127
617
761
1147
1549
2052
1793
1672
1526
1572
2005
1899
1858
1799
1660
1973
1112
1107
794
664
992
467
472
618
1142
1988
1661
1702
1650
1476
1968
1571
1625
1496
1355
2066
1874
1946
1896
1632
2177
1226
983
651
568
2127
469
541
1018
1627
2262
1584
1347
1371
1431
1794
1678
1368
1382
1665
2709
1990
2095
2078
2245
3058
1297
901
676
561
1063
556
1093
1517
1981
2398
1642
1598
1774
1785
2337
1568
1368
1612
2284
2703
2196
2081
1828
1768
1611
841
696
502
481
1003
1162
1673
1805
1887
2288
1699
1855
1946
1629
2317
1384
1839
1841
2104
2784
2310
1911
1908
1478
1633
826
605
569
624
1537
1671
1758
1824
1728
1870
1710
1626
1536
1790
1896
1844
2012
2208
2273
2440
2225
1999
1853
1608
1687
913
1003
586
723
1303
967
1298
1508
1611
2406
1746
1696
1672
1713
2312
2001
1870
2112
1987
2527
2411
2206
1733
1722
1926
967
860
550
651
1367
1399
1363
1516
1769
2423
1945
1668
1592
1581
2196
1813
1569
2816
1609
1684
788
579
518
409
1938
568
1019
1710
1744
2121
1632
1318
1548
1479
2015
1522
1384
1579
1692
2582
1981
1768
1618
1135
1477
666
535
398
484
1051
1116
1776
1803
1875
2069
1593
1539
1540
1585
1907
1428
1741
2041
2042
2534
2218
2009
1529
1177
1343
594
457
477
575
1467
1383
1706
1518
1621
2054
1610
1495
1684
1753
1943
1567
2031
2089
2046
2816
1939
1537
1076
790
1052
456
443
629
1039
2350
1957
1926
1616
1621
2495
1553
1714
1560
1442
2022
1954
2951
1994
2251
2630
1981
1652
1269
843
1164
606
588
1138
1657
2415
2032
1594
1444
1655
2003
1646
1668
1549
1835
2643
1948
2030
2182
2312
2587
2181
1770
1437
1211
1536
629
557
864
1000
1923
1454
1723
1708
1849
2342
1806
1710
1830
2365
3003
2391
3041
2223
2355
3175
1789
2445
1071
693
1099
712
965
1276
1302
2458
1790
1962
1946
1473
2001
1648
1794
1701
1437
1873
1466
1073
873
592
976
440
450
602
994
2280
1534
1754
1504
1725
2029
1376
1360
1778
1527
2259
1680
1967
1926
1660
2069
1221
921
632
463
886
394
514
953
1679
2366
1498
1588
1473
1354
2291
1975
1830
1403
1492
2127
2016
2112
1949
1909
2077
1167
845
591
521
975
556
1027
1843
2140
2378
1507
1447
1737
1703
2052
1715
1509
1583
2056
2784
2318
2155
1888
1774
1671
777
697
510
430
1032
1033
1952
1809
1635
2017
1540
1685
1478
1772
1958
1423
1606
1926
2252
2561
1811
1989
2027
1661
1627
823
731
659
610
1403
1087
1408
1470
1620
2487
1774
1753
1507
1553
1759
1756
1966
1814
1839
2074
1915
1718
1606
1625
1770
946
754
474
541
1258
977
1148
1297
1494
2316
1510
1567
1575
1728
2145
1829
1764
1811
1689
2267
1994
1733
1495
1314
1613
839
537
590
656
1660
1091
1337
2483
1678
2068
1756
1564
1425
1541
2081
1499
1482
1458
1305
1616
924
627
504
394
950
518
828
1283
1621
1892
1424
1327
1701
1447
1839
1545
1361
1367
1918
2139
1981
1830
1478
1346
1446
802
537
478
403
1318
855
1564
1667
1789
2027
1323
1542
1638
1684
2073
1406
1669
1877
2209
2694
2070
1734
1327
866
1323
657
538
424
553
1545
1503
1617
1994
1914
2016
1671
1657
1533
1711
2033
1544
2007
2140
2059
3418
1970
1665
1450
912
1037
523
633
592
937
1975
1774
1682
1604
1424
2424
1946
1616
1687
1231
1943
1941
2122
1928
2098
2430
1879
1292
1025
756
1093
517
700
1102
1542
2108
1659
1571
1624
1741
2039
1719
1413
1364
1574
2829
2056
2009
2036
2237
3443
1838
1798
1421
1163
1780
578
818
777
1135
2105
1334
1677
1602
1762
2010
1505
1468
1503
1922
3309
1821
1915
2003
1906
2437
1736
1588
1364
884
1038
640
707
951
1167
2102
1429
1564
1671
1957
2012
1525
1499
1698
1598
2072
1379
1307
1224
850
1176
450
416
413
625
1681
1522
1677
1445
1542
1722
1346
1388
1541
1367
1814
1621
1729
1764
1799
2315
1402
1033
869
637
1010
401
471
529
1021
3100
1850
1557
1478
1543
2128
1656
1468
1619
1377
2001
2122
1806
1763
1892
2139
1491
998
694
549
954
422
520
978
1566
2095
1638
1431
1542
1670
1904
1544
1629
1197
1685
2368
2105
2042
1903
1984
2017
1035
813
655
527
1026
542
1017
1509
1748
2171
1381
1313
1708
1443
3205
1612
1276
1637
2010
2734
2141
1919
1807
1759
1867
1044
733
650
537
1201
932
1553
1750
1762
2059
1433
1601
1468
1665
2162
1186
1460
2161
2077
2537
1889
1922
1899
2245
1979
1293
1156
829
540
1338
779
1011
1421
1716
2309
1845
1813
1695
1893
2318
1875
1920
2170
2086
2436
1981
2006
1896
1891
2405
1201
892
629
690
1235
877
1158
1325
1645
2138
1593
1660
1863
1580
2579
1626
1523
1615
1620
1898
1064
824
600
454
925
425
628
999
1559
2287
1752
1746
1477
1552
1974
1462
1519
1527
1589
2532
1653
1688
1652
1375
1726
903
603
615
487
945
532
910
1560
1789
2512
1733
1303
1502
1384
2265
1353
1348
1587
2082
2607
1961
2034
1826
1432
1481
698
519
470
440
1001
981
1612
1710
1577
2155
1469
1605
1544
1733
2177
1314
1459
1899
2056
2753
1963
1978
1537
1128
1273
595
485
441
628
1586
1603
2508
1677
1790
3129
1460
1632
1490
1660
1992
1500
1851
2299
2129
3232
1981
1781
1418
1123
1315
558
582
569
1228
2078
1616
1700
1668
1452
2222
1530
1677
1467
1275
2135
1694
1994
2164
2236
2585
2084
1839
1687
1274
1577
792
590
601
941
2723
1309
1694
1678
1598
2156
1702
1737
1483
1627
2536
1868
2011
2000
2203
2687
1991
1759
1665
1188
1427
590
570
809
865
1683
1447
1561
1914
1518
2287
1642
1476
1711
1603
3116
1452
1346
1238
995
1425
587
442
417
460
2316
976
1454
1600
1587
2105
1375
1566
1583
1541
1921
1243
1734
1772
1891
2421
1605
1833
1198
840
1136
522
418
394
593
1469
1544
1567
1681
1388
2830
1550
1579
1722
1714
2042
1421
1772
1871
1865
2374
1644
1409
1085
730
1322
498
448
540
1071
2126
1637
1532
1481
1448
2082
1559
1684
1526
1121
1970
1671
1865
1993
2135
2547
1532
1067
821
570
1124
424
548
1170
1479
2318
1597
1498
1477
1484
2050
1582
1370
1153
1462
2675
2014
2035
2043
2153
2125
