0.03496752552953137
0.03535296541051826
0.035573319750981575
0.0342823431224583
0.032225562556255624
0.031556322053413
0.03099128799614938
0.031119521494462198
0.0315608399416722
0.031384894670200184
0.0318715021999286
0.032076069333202985
0.03258844242955613
0.03331401068911637
0.0339324212957542
0.03401914830047715
0.03395785198679135
0.03382528533131019
0.0337648475880863
0.03376336618292835
0.03365391416655056
0.033648084135300384
0.03299225922592259
0.03298332973736269
0.03291822459742117
0.03293632762803469
0.03304791598281376
0.032987168311656816
0.03304074875845073
0.03294429378876389
0.03276707937523364
0.032814751920582454
0.03266124058071668
0.032521352332761794
0.03228797601938939
0.03215214156730668
0.031885351876549874
0.031750487134726724
0.0317351424709782
0.03175059816302888
0.03152737219900964
0.03157392855871292
0.03146791664341561
0.03146434064919744
0.031434483954827
0.03149727493766091
0.03145147867475169
0.03144120805016819
0.0314593050011652
0.03151786296286313
0.03143272801705407
0.031318998452334705
0.03124330347576394
0.031030047312737334
0.0308953413341202
0.030750932131823786
0.03077344913120768
0.030766640031719056
0.030795361074568997
0.030879604727727845
0.03087569028837667
0.030800394257680264
0.030738236375929387
0.03073986546510232
0.030780592529025496
0.03076055534271087
0.030762389831794308
0.03081565306244636
0.030853969448305537
0.03088909417423406
0.030953897085013223
0.031045236816462814
0.03105230082072709
0.031004351858649443
0.031064826988147123
0.031006168957202554
0.031065791285010854
0.031065988228347517
0.031162038264774403
0.031110495122046666
0.031112862866656998
0.031085976813888867
0.031154154777400404
0.03116518980135002
0.031224724721841148
0.031231936120703376
0.03131547222439761
0.03123813770416701
0.03126557393063121
0.031256172024764446
0.03130260020711487
0.03134943905438377
0.031354629946249796
0.03131678856264569
0.03118812738416699
0.03118075470126764
0.03117953697218223
0.0312503144018406
0.031232954717647286
0.03125169241118186
0.03128482405943407
0.03134423109089891
0.03138462570014344
0.0314787070011349
0.03148152229421425
0.03150345745533247
0.031483259436892674
0.03151859076401173
0.03154447549337037
0.031602519979779545
0.03171918130091854
0.03173043050739382
0.031807798379837986
0.03186894325181977
0.03191513205808012
0.031944121365665046
0.03195285180016178
0.031969327167375876
0.03195703019340363
0.031996296073250864
0.03202086021602093
0.03205880181217858
0.03208634473938797
0.03208890789297935
0.03215443278680956
0.032186087840380725
0.032231124599347606
0.032264207939281093
0.03232028553744855
0.03240403475475526
0.03251232972844187
0.03260213383029706
0.0325992816841702
0.032572022750062754
0.032594130910106614
0.03261239145733842
0.03258725711691341
0.032597030362232306
0.0326372761262402
0.03266548759534693
0.03270464449558145
0.032723679947134904
0.032701137654605604
0.03269200412556445
0.03274178036902323
0.032788119874170796
0.032860341041537594
0.032935696598539156
0.0329995799579958
0.03307375484735595
0.03318767967741745
0.03323496780639273
0.033259165968964916
0.03328105989067102
0.033348238358565686
0.03342584184624772
0.03349298642556187
0.03349945625358931
0.033519889192516965
0.03352998949646972
0.03361172020619246
0.03359758695923091
0.03361031787620154
0.0336442920605315
0.03364483446342205
0.03363615350490343
0.03363525433624444
0.03364599722218946
0.0336495021563132
0.03366984669186547
0.03373877254177422
0.033779222293437806
0.033792580842081456
0.03379217046916075
0.033807817856606824
0.03381297514366821
0.0338324535167796
0.03385102329685159
0.03384839517002038
0.03384282472971407
0.03389279760720471
0.03393320320587506
0.033944875114203535
0.03394692404646811
0.03394694862874612
0.03394196837010203
0.03398080945982356
0.03399463512949001
0.03398612048519838
0.03401235614050826
0.03400989329324209
0.033990103870404804
0.03399920753969472
0.0340015857315293
0.034021528107185804
0.034030969492463495
0.033996304725310476
0.03398206042526838
0.033957807219073884
0.03396341447667693
0.03394396554554077
0.0339068718609768
0.033904271756591976
0.033882191644015805
0.03383963747880173
0.0338631424598754
0.03387256927955657
0.03386122958764181
0.033821795326045255
0.03376176811415918
0.03371696196162235
0.03372051425203031
0.03374546128536025
0.0337536959567275
0.03373283666711015
0.03372765704961804
0.03370622983248125
0.03366211564777245
0.03361605839055596
0.03356959036849771
0.033553154907327465
0.033507192888066306
0.03349256178580782
0.033467794157581054
0.03342839598084667
0.03338580146130245
0.033335139576682916
0.03329552157684318
0.03324365072559735
0.03319737115632019
0.03315614971554435
0.03314078335878443
0.033111674371661154
0.033088879625498446
0.033062924954126695
0.03306437909896383
0.0330774086930038
0.033071261834413036
0.033065951123414226
0.03305899356352657
0.03305560701791714
0.033056684414499604
0.0330709561520089
0.033071437955901034
0.033081454552637585
0.03310744267572832
0.03309900268092011
0.0330982145487276
0.03314008182981993
0.03315131096115289
0.03314839698605445
0.033156279180674424
0.03317788603270219
0.033164409287826546
0.03317054764826717
0.03316879400082035
0.033150309251998106
0.03311301064957184
0.03308861142039253
0.03305694991885804
0.033035253747179284
0.03302909492821561
0.0330059882621123
0.03297642258035085
0.032980485276315086
0.03299099498999354
0.03296324397898572
0.03292404430284931
0.03290324994075282
0.03287210619289283
0.03283045036160945
0.032825756031433576
0.032806999266004715
0.0327920287133834
0.03278243201369317
0.032787045377411304
0.03276432870126236
0.03272737488195564
0.03269777959413106
0.032685129813805384
0.03265977354309734
0.0326394607495688
0.03259613928515092
0.03257955168121979
0.03255885516678408
0.03254974119989807
0.03254473417712514
0.03252973108358121
0.0325011434621544
0.03247910244303753
0.03245943285813131
0.03244926069072919
0.032418054420826695
0.03240070657746064
0.03238391389609284
0.03235777979274477
0.03232690955257666
0.032306302736277166
0.03229063205296005
0.032280061741678724
0.03226816266301731
0.03225798417083014
0.032230136821661697
0.032216291099872486
0.03219075600728435
0.03218046812857202
0.032162629399105476
0.03211368472410816
0.032103675975075234
0.032100249185810614
0.03208635907068968
0.03207497666998455
0.03209202644348738
0.032087577156816545
0.03207054425969348
0.032071843220744425
0.03207427958156551
0.0320476601079935
0.03203112264703802
0.03200758945425222
0.03197501171208992
0.03194092143363398
0.03192884520888866
0.031920262509913304
0.03191476083008072
0.031893865339828034
0.031873117682408136
0.03185432465349154
0.03185280445852805
0.031833334025405786
0.03182046205666256
0.03182141591374864
0.031797562125394335
0.03176874554857086
0.03176096481000336
0.03173853547725305
0.031710271549236405
0.031692505755472895
0.03170040622152667
0.03170651113321798
0.031697430607911366
0.03169066127537007
0.03165787396150169
0.03165165751819187
0.031639641438851174
0.031671920122523955
0.031691739921426744
0.031679263063121396
0.03166538268992285
0.031663414375985265
0.031671915458305624
0.03167109889926658
0.03166634801894042
0.03165905970830651
0.031652326669420534
0.03162984229227811
0.03161162876026059
0.03161942618846687
0.0316088331722075
0.031600656995135805
0.03160996822523183
0.03163296108302488
0.0316631097043862
0.031683430839648634
0.03169796439004595
0.03172715366725647
0.031787255334824537
0.031835839284055506
0.03186382690984488
0.03188974911910696
0.03191171385725242
0.031950372568950766
0.03199098975731809
0.03199065325196179
0.03202119688068877
0.032046993482750835
0.032064727521527205
0.03207595029914995
0.03207825585723906
0.03210585437781423
0.03211287380529773
0.03213073891202335
0.03214112987769365
0.03216411321990004
0.032178119853546884
0.032208623360303876
0.032215315150123026
0.03225829588999912
0.032277672942753195
0.03230287791394701
0.03230256856841046
0.032315296559391506
0.0323141233391784
0.032312155265725215
0.03230982344380071
0.032333190424027096
0.03235564588858335
0.03237170219537761
0.03237091855895016
0.03236374019139773
0.032370458990969006
0.03238581751916393
0.03241735639680734
0.03242318218434473
0.03243110753880276
0.032427047345677404
0.03242685526650463
0.03244066712486252
0.03245162515934335
0.03246332888252023
0.0324951556347014
0.03250573208652497
0.03251178115287875
0.032520662992377616
0.03253869668226865
0.0325617138909142
0.03256424117274405
0.03258287065122983
0.03260593672270453
0.03273315675545706
0.03283490486105513
0.03284741143964211
0.03285477798490795
0.03287722812523009
0.032890059545339315
0.03289870315096691
0.032906434417616724
0.032929931308920364
0.033013239972757756
0.03310628723080764
0.03315599514029197
0.03320102369715118
0.03322455869056387
0.03320838927832684
0.03321829144250692
0.03323353875451485
0.03327042415581764
0.03327645785678687
0.03329577819467174
0.033294460363076116
0.03330154872292753
0.03331234463563827
0.03332657968367811
0.03334530266621342
0.033374405609310376
0.03337871923324841
0.03338505881895651
0.03336877790478636
0.03338566768739868
0.03338367333915263
0.03338648293082892
0.03335280421033572
0.03335060484050712
0.03334094044144864
0.033330092309194086
0.03332320223110314
0.033323348732069755
0.033315055709980314
0.03332416277250875
0.03331049149219649
0.03330318608389277
0.0332811693617658
0.033265588374641684
0.03326335052927466
0.033263973739994755
0.033267336895689954
0.03325765484760258
0.03323432030195012
0.03322424505338677
0.033221839168890065
0.03322763901286356
0.033234451985786374
0.03326043461489006
0.03327694409855271
0.033287019443225985
0.033294546357611726
0.03331432636316721
0.03331490559692001
0.033297816357794496
0.0333008198384861
0.03330335224993369
0.033301351813726565
0.033306014938663475
0.0333052235980214
0.03329117287873388
0.033280340392262436
0.03326575859030342
0.03326210346648372
0.03327229520537807
0.033266520060955346
0.03326049100322876
0.033263248208833474
0.03325975371402226
0.03325217331339334
0.03323719699181923
0.03322881274969889
0.03323311846000603
0.033235078389545536
0.03323279561065989
0.03323054143252163
0.03324102287105809
0.03322735714210879
0.03322011786192122
0.03321464947753165
0.033205905151796514
0.03320474826535427
0.03319047060139392
0.03318723958114353
0.03317788715835627
0.03317765246975431
0.03318917187707653
0.03321655421450213
0.03322175471668731
0.03325274557584317
0.03331692459460862
0.03338835516822571
0.033376909014922906
0.03339716996713628
0.03338838978411042
0.033400973759352894
0.0334005819944944
0.033409581420548215
0.03342191524907663
0.03343822769962734
0.03345991298593463
0.03348959497543551
0.03349077523136929
0.033506010336134984
0.033537493648755565
0.0335533617101123
0.03356632054380851
0.03356886340139801
0.03358549593791761
0.03361608730490291
0.033667594526304294
0.03368086804898971
0.03369043049143954
0.03370509968560036
0.0337135366644115
0.033711492998514794
0.033727049597705824
0.03374934737464193
0.033757271191120784
0.03376614510342139
0.03377357603528948
0.033800381577479756
0.03381012698040013
0.0338114571798708
0.03380914443580566
0.03382527778080114
0.03384281220617337
0.033878755504010254
0.03390725966013989
0.033953345009379514
0.0339724942642549
0.03397801977815174
0.03398519508900047
0.033989008438413765
0.03398634199466975
0.034002346615923586
0.03402018311847916
0.034043190242481786
0.034053540234023405
0.034051815127991936
0.03404646260660006
0.034051402146547144
0.03406354733290462
0.03407246587253225
0.03407970833748205
0.03409230930504801
0.034116677218527194
0.034126834851324235
0.034144855458204726
0.0341589513984095
0.03416858195985123
0.034174820495600375
0.03419040425327167
0.03420077898836174
0.03419778688521675
0.03419988366455909
0.03420443765306763
0.034206682956044926
0.034233909993741554
0.03426525954232199
0.03427682377787594
0.03428293253846445
0.03429561668008203
0.03429805913496114
0.03432006714426751
0.03431597370530521
0.03431119438608996
0.03430959905538188
0.034314695964518485
0.03431942903136389
0.034326109719347304
0.03429990223381419
0.03425504142983756
0.034213691760762624
0.03416802041106366
0.034117108527149095
0.03410046919664794
0.03409442582549886
0.03404995280727424
0.03399921831731249
0.033948064709860615
0.03389594018277118
0.033843003139618355
0.03379065639897323
0.03373706388448051
0.033684309097338175
0.033631378175522655
0.033577405087976214
0.033626389105505514
0.033739713562388224
0.03376793174368537
0.03379568577616394
0.03381207697412077
0.033843739068701154
0.0338676118587526
0.03389423552650594
0.033909418573571756
0.033929350222374026
0.033952435319059365
0.033973833596876245
0.03398535031131876
0.034002027400935206
0.034030900062480544
0.03406211524311387
0.03409844889497155
0.03411417509442471
0.03411137823824121
0.03409679756888378
0.03409423042199208
0.034076445438855206
0.034072828133877214
0.034069729548300634
0.03404311079645482
0.03402094798322172
0.03401082801512185
0.0339893006746168
0.03398881916977633
0.03397837700372402
0.03394634416858814
0.03392149075047365
0.03390781928533094
0.03390573587253235
0.033878485771571015
0.033849737370376116
0.033819068682080684
0.03378867527154729
0.0337626579539486
0.03373102444125436
0.03369878518886371
0.03366250307649538
0.03362880848067865
0.03360082236940504
0.033559350637878536
0.03352596047635781
0.033493439357685215
0.033461079497507554
0.03345377255415434
0.033435375553925485
0.03339193193069154
0.03335484717524181
0.033317766626902584
0.03327730157692603
0.03329958837537046
0.033383077355395675
0.03359292079018276
0.03378587411766489
0.03388616622363229
0.03399184649550905
0.034090163153460896
0.03419640805639068
0.03425121454935082
0.03430006769488029
0.03434823158129273
0.03438310546296992
0.03441766761993913
0.034450913233665274
0.03450278172465512
0.03453813708318975
0.03456076491379811
0.03460686081460024
0.03463771442216438
0.03467528333279565
0.034698524127564176
0.034737289940992934
0.03478306973287806
0.03483813255733176
0.03486439428946329
0.03489399859313879
0.0349258504174506
0.03495193456507826
0.03497608432341007
0.035019336385233225
0.03505875405085166
0.035109210541311706
0.035151915804895614
0.03520243419453503
0.035234686022995065
0.03527377579746646
0.035291760385586624
0.035310186282314686
0.03531365300898531
0.035310858909090366
0.03531448456947606
0.03532863504373083
0.03534772497551525
0.035363944110623706
0.03536548728627209
0.035384489324012725
0.03538699765409848
0.03539649505442334
0.03539437644382535
0.03541412065734875
0.03543624961696532
0.03545026802240447
0.03545300209073566
0.03546417910683863
0.03546420138993499
0.03545651689785559
0.035446600025246716
0.03544670921229448
0.03544631270580474
0.035438586923481195
0.035435895656283335
0.035433785247650895
0.03543245713962399
0.03543256942547115
0.035436049539265414
0.03544513854916462
0.03544879554518256
0.035446778631807896
0.03545252883010438
0.03545160054878632
0.03544270688644211
0.03544135179768305
0.035446148654077844
0.03546098433070965
0.03547396067887321
0.03548071635522712
0.03548040040367673
0.03547966255618361
0.03548755957772025
0.03549040801186006
0.035500763752419166
0.03550097460973438
0.03549424298540076
0.03550489119506448
0.035512804865778694
0.03551536281255378
0.035531404991532116
0.03554330700451181
0.03555024739317481
0.03556454317768857
0.035589417685671906
0.03560545097124505
0.03562077611382456
0.03562118380456779
0.03562837052217261
0.035652514101656506
0.035670741694129884
0.03567393386504327
0.035685508031216194
0.035695833928438135
0.03571015740054349
0.03571798506246623
0.035731637382933314
0.03574647013578023
0.03575170742010249
0.03575847359251482
0.035760734586450425
0.03576887862705997
0.03578043235173231
0.035782334843813955
0.035777333267761974
0.03577052369262828
0.035768581678966
0.035760269267810146
0.03575350517790318
0.03574644644613091
0.03575064376575355
0.03573989220001656
0.03572756440002826
0.035716591136024656
0.035713443776542876
0.035701198574289945
0.035692469270896685
0.035686275949923116
0.03569182771466051
0.035681363379927236
0.03567936300325737
0.035679058921923794
0.03567877511735542
0.03567849131730199
0.035678207521763386
0.03567792373073951
0.03567812693120773
0.03567847218552942
0.03567816812906363
0.03567788434770455
0.035678574512720655
0.0356791023444055
0.03567930552557125
0.0356796710232752
0.03568068578908207
0.03568186285593522
0.03568155879009474
0.035681234458910166
0.03568069010796679
0.03567761518966853
0.03567469379284673
0.03568024590142311
0.035679822995687435
0.03567574286294931
0.03566852236030949
0.03567356967207468
0.03567852925760334
0.03568285259052005
0.035673549794949085
0.035677651910383884
0.035681360243583475
0.035691171043526294
0.03570134919459307
0.035707762772069274
0.03572182232915032
0.03572228239693046
0.03571720999227246
0.03572866576442374
0.03572604731976385
0.0357336198543711
0.03572990887634055
0.03574366270921722
0.035750255365691215
0.035751526433954
0.035747663323173494
0.035748886252332294
0.03575295788997916
0.035758177914383654
0.03576610810625767
0.03576095732598135
0.03575734858769366
0.035754408231430446
0.035748622354570485
0.03576153847339713
0.03576255014307493
0.03578608389277853
0.03581439917945918
0.035846615177057936
0.03588373228782692
0.03591068894626009
0.035932716625657016
0.03595712730203425
0.035989825576674975
0.03601503469515091
0.036045267616107345
0.03607102893593805
0.036103693451255754
0.036130195234383634
0.03615172815666596
0.03619100536245948
0.036216123628662104
0.03623985545025775
0.03626397952051297
0.03629050394288716
0.03630108352114168
0.03633266782113478
0.03636582256494038
0.036428269508074665
0.036489306816666484
0.03650453968211944
0.03651202200847819
0.03653921680528551
0.036552240530148015
0.03657311540136422
0.03658600893390598
0.036612241007564564
0.03662716382489081
0.036643258267860586
0.036664057384320645
0.036685945157999084
0.0366978977685337
0.0367012761713041
0.03671449262844092
0.03673244601775251
0.036733188720942285
0.036740089044076794
0.03674894983109737
0.03675696776885398
0.03676514000208879
0.03678256254930572
0.03679847072910988
0.03680498555649027
0.036810429275506415
0.03682916262202421
0.03683413401981024
0.036846532616787574
0.036859348322407524
0.03687212254626294
0.03687860460241434
0.036882063573159214
0.03688627936888111
0.03688467724944562
0.036883266960988016
0.03688630535403402
0.03688913635284643
0.03689197931941847
0.03689360003136873
0.036894955556380095
0.03689638926122824
0.03689944151856603
0.03689561688709464
0.03688615042157818
0.03687762301096558
0.03687709882911552
0.036875405699662335
0.03688158556495422
0.036877805335890614
0.036875375813749105
0.0368787431136753
0.03687542144359443
0.036876543404342925
0.03687191746660129
0.03687334997526627
0.03686537300906297
0.03686604583280424
0.03685965957598721
0.03686094446024631
0.036856731307042534
0.03685699312914664
0.036853611035720935
0.036861024216768457
0.03685671171031379
0.03684936843670228
0.03684497827219399
0.03684144333144493
0.0368464791818283
0.03684663213659842
0.036853494679550056
0.03685456670903645
0.03685319797028287
0.036846055650214884
0.036847659609975804
0.036844896291792016
0.036848977688485704
0.03685290897464891
0.0368657193590116
0.03686299987093073
0.03687112247537619
0.036872654010556616
0.036884856479894874
0.036887623452040635
0.03690222529512983
0.03689676164984389
0.0368894831097455
0.036892783906104655
0.03689333779803189
0.0368922791640966
0.03688806974788611
0.036890771070553385
0.036885737725721665
0.036887475312366115
0.03688656125828537
0.03688498163865879
0.03688109637076555
0.03688057194342779
0.03687020173069662
0.036856468537105926
0.0368489869790856
0.036848254429039405
0.036844448360771505
0.03683907755045042
0.036830581767463545
0.036821439903349074
0.036816014534732044
0.03680571440386679
0.036799516158948935
0.03679815834628795
0.036789974358154905
0.036788942933995185
0.03678907040874305
0.036784502319699666
0.036770660131646996
0.03676193527298407
0.036754696044809874
0.036747077015736956
0.03675002145747925
0.036747806525460114
0.03674406447722804
0.0367298833769242
0.03672832459244749
0.03672748797594524
0.0367267950602023
0.036719629497991686
0.0367190114989003
0.03671105316742727
0.03670463756789391
0.03669282524916005
0.036694131852846756
0.036691525841828394
0.03668384051151624
0.036682705437986504
0.03668191786557047
0.036671547832161325
0.03667314872382337
0.03667145461960768
0.03667123250078231
0.03666643304534835
0.03666302142835937
0.03665610497987422
0.03665210323539376
0.0366493744014851
0.03664530446243213
0.03664169218560359
0.03664309575611815
0.03664202564726202
0.03663872976918881
0.03662816881932662
0.03662793272394052
0.03661658998427834
0.03660791652865214
0.03660340179386188
0.036599207787520835
0.03659079167809907
0.03658423408828166
0.03657482353113294
0.03657734599440416
0.03657116421850483
0.03656555833524868
0.036558659545522815
0.03655499120720865
0.03655478630661637
0.03655489624807236
0.036552259921213505
0.03654432544171118
0.03653349423947834
0.03654007897481886
0.036544464909816964
0.0365420665809345
0.0365333989922262
0.0365250348208142
0.036522181444540995
0.036519197492591825
0.036517211105551145
0.036511152974209295
0.03650539013660157
0.036500649502896686
0.036495099825667246
0.03649041840360634
0.03649159209215394
0.03648372588069679
0.036480855934593985
0.03648143176838682
0.03648203928228528
0.03647488922142273
0.03647155594077427
0.03646679705758592
0.03646386839001543
0.0364641127092703
0.03645915484800234
0.03645737085189018
0.03646220279802779
0.03646831776826573
0.03645889772396736
0.0364642123570151
0.03646206818548187
0.036465007231481196
0.03646257878208684
0.036467925165045205
0.03646960200024024
0.03647151707401784
0.03646832046124438
0.03646983100280517
0.036476443972903325
0.03648187406728885
0.03648637333637465
0.036486400172907656
0.03648572174007667
0.03647905764922043
0.03646969729979233
0.03646182410975383
0.036461630384972916
0.03647038532567154
0.036479396507318414
0.0364796239234323
0.03647459373309837
0.036470051911201604
0.03646560997853569
0.03645429137766895
0.036453735016223475
0.036455209819652994
0.03645249238199862
0.036452615831070206
0.036450505419824794
0.036450979688210795
0.03645012525723896
0.03644167630401204
0.03644426774830048
0.03644701788097462
0.036454553379378744
0.036464126304991094
0.03647126989994995
0.03647682064404052
0.03647798433811632
0.0364729500374129
0.03647827112424017
0.036484418832199446
0.036485017890696116
0.03648114919290796
0.0364770807214212
0.0364695708219558
0.03647087839087138
0.036476420244174496
0.03647835095281285
0.03648128489417634
0.03648707302772588
0.03649023214627026
0.03648870956235739
0.036485849923370256
0.036483833751458535
0.036485158838895436
0.036485869905732056
0.036492061398345085
0.036494934612303104
0.03649439598258323
0.03649604973259169
0.036493290973080475
0.036496781550516826
0.036507733987311435
0.03651316823140533
0.036520526959755564
0.03653061816534426
0.036546221227612544
0.0366032294322908
0.03665373104406351
0.036651173621611875
0.036648732191322794
0.036645036569224375
0.03663837983593263
0.03663683523413623
0.036629863557781625
0.036631922934841625
0.03662593627201356
0.03663309777124774
0.03663503816869676
0.036634371081324335
0.03662856049621627
0.03662676037536617
0.03663026796590279
0.036628560350123046
0.03662847073862458
0.03663205036885087
0.03663234090569702
0.03663432647381903
0.03663816923179432
0.036648653127388575
0.036657311680082946
0.036657492152613845
0.03666004639108313
0.03665684702649534
0.03665277286802696
0.03665249938821603
0.036663572273666144
0.036669625792175566
0.03667448853183041
0.03667847818176498
0.036679305798778206
0.03667874460716496
0.03666724259906209
0.0366679818605823
0.036666099194798366
0.03666161965512325
0.03666031355759953
0.036657947929674264
0.03665200279797728
0.036650812559179596
0.03664902200044734
0.03664672345792759
0.03664816830860526
0.036650247039398176
0.03664117229645326
0.036632117309461976
0.03663182069806045
0.036623767634805376
0.036622959914337325
0.03662228954553784
0.03662285078901288
0.03661661131593854
0.03661790445566283
0.03662048991891383
0.03661462462946716
0.03661060725467367
0.03661218072944839
0.03661066686058033
0.03660466080005965
0.03660523477586806
0.03661283717266083
0.03661207692172088
0.03661330542566888
0.03661254537941294
0.03661338266598426
0.036611911282297016
0.03661544040935474
0.0366167393170989
0.036619046027729384
0.03661846311905689
0.03661906771491904
0.036619416074541666
0.036620339186320294
0.03661535199320652
0.036611718533463615
0.03660789849387076
0.03660713073820813
0.03660364705217053
0.036605134040196614
0.036603663745270396
0.03660086559301999
0.03660031487422568
0.036599340351433016
0.03659457508643758
0.03659176686120574
0.03659477483526781
0.03659285147591602
0.036595267107962653
0.03658304480165075
0.03657292567242889
0.036581047297309315
0.03658974301661126
0.036654860867586285
0.03672415896165806
0.03672761832059044
0.03672912716717035
0.036762741118986905
0.03679402927820486
0.03679903457306875
0.03680464788176491
0.03680555137333988
0.036793017471982555
0.036782941727138835
0.036775528407293395
0.03676901547310436
0.03676392024469176
0.03676012038386087
0.036755967119763075
0.036749204684651156
0.03674887249419392
0.036742722077865726
0.03673413066886952
0.03672793687682329
0.03672073716110825
0.03671228896382454
0.036702510020180525
0.036696609750871925
0.03669668548056799
0.036694543474166647
0.036688196300302005
0.036678883356288244
0.036675375279634284
0.03667271394708604
0.03666440559486394
0.036656573501266415
0.03664880020355598
0.03664310683278738
0.03663605211748135
0.03662728156499656
0.0366211480880874
0.036615213572361145
0.036609916717343254
0.03660302478878276
0.03659330480320371
0.036590014453492435
0.03658511385740326
0.036581332686894515
0.03657218951387755
0.03656982434756537
0.03656302810319938
0.03655355900522264
0.0365474614237275
0.03653772896352667
0.03653146943995822
0.036524365261637506
0.036521167008561395
0.03651510758407728
0.03650336753614652
0.036496978991492623
0.036494237515851534
0.03649068311696839
0.03648668598481701
0.036479755370912595
0.036469904351535166
0.03646356705668277
0.03645506422482039
0.03644457056030104
0.03643376800456683
0.03642948688085088
0.03642134013343053
0.036415510474670176
0.03640994800832525
0.03640451874071713
0.03639857182830125
0.03638609795572659
0.03637803500895547
0.03637114837982844
0.03636579659225038
0.03635666659028588
0.03634883256141862
0.03633809792053747
0.03633056659101255
0.03632587677461523
0.03631800807888378
0.03631174150481409
0.036305404412916575
0.03630830012476961
0.03630614091707733
0.03629549203388894
0.03628564927307958
0.036274014258680716
0.03626668416074204
0.03625722182492572
0.03624851221438784
0.03623952193508986
0.036235010101487254
0.03622683826818869
0.03622620368547687
0.03622035813798689
0.03621047797804213
0.03620282612621824
0.03619433421944623
0.03618449464195317
0.03617567541653916
0.03616361488085306
0.03615474015105041
0.036153856835077644
0.036157390070680695
0.03616223855047786
0.0361533178155202
0.03614632159506669
0.036140533347410055
0.03614134957923144
0.03613775363981008
0.03613773656609114
0.03614041039532918
0.03613699609399625
0.036136470257811366
0.03613544740798647
0.036129618463630435
0.03613191481308354
0.03613068569258986
0.03612732467677601
0.03612776313634945
0.036132455387883525
0.036134154285125085
0.036135631684230216
0.036142889369232926
0.036147689518605516
0.03614773317972076
0.03614507613615259
0.03614682750735697
0.03614903033285246
0.0361532650105061
0.03616029390684722
0.036163795775006474
0.03616501802635336
0.036168275371621
0.036168230731234936
0.03616962302427134
0.036167816558400186
0.03616252377866918
0.03616178349390536
0.036153479611109623
0.036153505943731824
0.03615233321781482
0.03614860699675227
0.03614197584104894
0.03613971895405228
0.03613237712124555
0.03612822964912171
0.036123160326104395
0.03612093138429735
0.03611365163535758
0.03610257909750331
0.03610155357364826
0.03609744511393336
0.036091981988070676
0.0360895675965109
0.036083435474197664
0.036084181582647354
0.036087663088697354
0.03608991106476829
0.03609599896998348
0.036102396473276226
0.036105919424484
0.036106762578914035
0.036107309536177294
0.03610616404669671
0.036106240672304696
0.03611137102875978
0.03611699210714569
0.03612613650413526
0.036130048440429996
0.03613607943229575
0.036134291563670345
0.036134169317098966
0.036145919513265595
0.03614876277836871
0.036196485457783915
0.03623417271750705
0.03627797364528671
0.03631226273973145
0.03631873121703311
0.03632234272389762
0.03632630924595132
0.03632857464133154
0.03633869320049589
0.036340682085832285
0.03634449434827783
0.036351453817892336
0.036362802463911915
0.036366035366052235
0.03636806639885376
0.03637450444946712
0.03637697352531536
0.03637865875527409
0.03638406770907149
0.036393642490809563
0.0363917047624718
0.03639499191558214
0.03640344804594639
0.03641362603932048
0.03642047036043298
0.03642345967419216
0.036428265789976946
0.0364297363624422
0.036435798464889174
0.03644213259199619
0.036450793326332935
0.036453672754948
0.0364526851040072
0.036455489620943485
0.036452451269852956
0.03645475924083829
0.03645459497772625
0.0364574209809052
0.036455576566469805
0.036462825057988216
0.03646670483275604
0.03646837101324192
0.03646206998629282
0.03646010319165987
0.03645896770561703
0.03646411988506608
0.03646181411018987
0.03646528744623609
0.03646236549170017
0.036465612573468476
0.03646122690023647
0.0364583628079764
0.036455877755733564
0.0364493075833916
0.036447010820659737
0.03644475932556963
0.036440798391327925
0.03643443670570286
0.03642850212185897
0.036423146225570434
0.036417662618488916
0.036414390834156624
0.036410009366603185
0.036405697161803405
0.03640205038779961
0.036396128219023376
0.03638912985239823
0.036387379664282335
0.03638319986723152
0.036374549762217316
0.03636546209844324
0.0363561623742509
0.036348104374368896
0.036343518503594706
0.03634046533162262
0.036333184299677614
0.03632526555353663
0.03632062937881181
0.036312455576333655
0.036304605326923194
0.03629950167678056
0.03629572734682714
0.03629216416523594
0.03628529474663551
0.03628022632117023
0.03627411810073383
0.036270190024502595
0.03626312736680359
0.036252298772529536
0.03624584003451286
0.03624119907845696
0.03623408589107867
0.03622797862384574
0.03621829452925812
0.03621524678752482
0.03621221754979233
0.036209046360955094
0.03620682302365294
0.03620198835209286
0.03620158072582245
0.036192068755914235
0.03618727357563864
0.036186234823693625
0.03618210251116267
0.03617733588484169
0.03617367198961735
0.03616925750999391
0.03617132097690908
0.03617420638446824
0.036171117661638705
0.03617032992383002
0.03616560739032408
0.03616457665508481
0.03615931156240488
0.036153690118618645
0.03615137171605991
0.03614847546451168
0.036144417128293735
0.03614039536446843
0.03613718384940172
0.03613525404227532
0.03613652340110468
0.03613649825018111
0.0361307374503303
0.036125258389492244
0.03612383147023066
0.03612138916534935
0.036112312261321396
0.03611072470762057
0.036105030703385714
0.03609800421249413
0.03609449929140698
0.036086500902596776
0.03607959120116572
0.036075846411388175
0.0360713060174607
0.03606790331995408
0.03606078627249526
0.036055500881217235
0.03605521109111257
0.03605041239188071
0.036046787415602244
0.03604632282570394
0.036040219007997726
0.03603625690742612
0.036029145909659686
0.036022398907832036
0.036022648523802374
0.03602514514233096
0.03602103566812162
0.036021396572656364
0.03601591402764907
0.03601846570885354
0.03601304104601703
0.036009412023699755
0.03600466254380073
0.03600484908650283
0.03600129477664065
0.03600125132769102
0.035992715915954876
0.03598926847957286
0.0359924205723302
0.0359876825962992
0.03598778682997478
0.03597861887479665
0.03597418883688384
0.035969082402800744
0.03596806778475139
0.03596194507116692
0.03595889971475762
0.03595554901824277
0.03595030676996826
0.03594518284089666
0.035943211663738595
0.035944397554532215
0.035943250560324554
0.035939101692178906
0.035934806690541256
0.035927688039289245
0.03591913138185928
0.035907106960549745
0.03590286879244598
0.03589306928836288
0.03588708726362228
0.03588584419176103
0.03587976090900925
0.03587290318022035
0.035867221341000864
0.035862762162933826
0.03586136283775544
0.03586120918108846
0.03592759689385373
0.035986915626244745
0.035979864166290565
0.035972584624709376
0.03596562836028712
0.0359592662164973
0.03595271642464704
0.035945360016673374
0.03593390077338784
0.035923103054556586
0.035915693541848315
0.03590898139194009
0.03590086783587984
0.035892035575396185
0.035881056543010464
0.03586863837089546
0.035863923736633684
0.03585528590592611
0.03584500588461182
0.03583752376048306
0.03582796959506523
0.035821654617097874
0.03581257625461277
0.03580221254610021
0.0357966470006536
0.03579070521500007
0.035782764821020024
0.035776832516232975
0.03577177379810456
0.03576724661173434
0.03576302815438902
0.03575488871060574
0.03574918800780115
0.035748842486854795
0.03574624582185308
0.03573899334490459
0.03573085007100917
0.03572985150037482
0.03572481168301912
0.03571858016510523
0.03571516442032212
0.035710694386707396
0.03570333970244914
