1607937
41729
38190
26495
41742
34437
44760
37584
46083
46133
46839
39554
41702
55519
54923
40140
58338
69715
72501
47487
48989
79268
39098
50780
54654
53953
50199
57805
83670
94151
89281
92127
96636
95768
72224
79129
59092
62091
65521
61883
101654
102572
83413
86923
85265
68093
88407
87909
72794
71384
93884
90532
75383
100014
50540
95748
99587
116672
103001
99879
97781
101726
104609
101057
80035
79615
81866
105251
135704
100923
136408
110949
86796
85503
115247
114618
114212
136611
142245
141071
144277
118630
