0.18803418803418803
0.22993029930299302
0.22064547918206454
0.21870047543581617
0.21775585696670777
0.2015921067384236
0.19409811177531075
0.2009375771033802
0.20367225488061544
0.1993765828949932
0.19727363534872788
0.19922742636407534
0.20283330865294438
0.20541158188217012
0.21055364058045023
0.20771527528962141
0.2045102659037361
0.2050989103988152
0.2051769572033757
0.2065128643311497
0.2053463379391312
0.20504032836763397
0.20317068487890508
0.20289923579925945
0.20451396760623694
0.2059246351557395
0.2047136635692494
0.20347404564734398
0.20242967582667445
0.2017531747526099
0.19834881320949432
0.19674366660788808
0.19524487741886476
0.19522467252528602
0.19311615592407735
0.19446443783793183
0.19410879453490928
0.1938511167069899
0.1947642636143574
0.19429053578962172
0.19405659946052212
0.19449724118443165
0.19473997589276637
0.19424225655869123
0.19408868361558412
0.1940151114366717
0.195991451970427
0.19755973960160605
0.19805546011020755
0.19780795271761492
0.1974089147997409
0.19574060091803594
0.19580526458105552
0.19581213442702386
0.1966794640935911
0.19707069696059787
0.1965260708550454
0.19733359095739542
0.1986579305542367
0.19744603159783816
0.19727195747763188
0.19751502925561276
0.19724666449402029
0.19696342305037956
0.19657412989597986
0.19647000065963682
0.195955039493591
0.19527062244534057
0.19529460528568468
0.19570511283403938
0.19583606930545705
0.1963725515586288
0.1965366638571757
0.1967080677533402
0.19675722251219976
0.19563763601729903
0.19542194143893368
0.1942114862335635
0.19413896948395568
0.19447666519149995
0.19410515339022688
0.1939457281560751
0.19422560396232202
0.19375512829042202
0.19324027202536176
0.19288039907882673
0.19233047188862487
0.19188764029091626
0.1912790576025778
0.19121373250850004
0.19183052673937212
0.19200345388190693
0.19151869423925155
0.1908158886710369
0.18999470930574333
0.19005164200906158
0.190327429496159
0.19032533758760184
0.18975178438265686
0.18916122308451044
0.18928871937550285
0.18905734041194608
0.18849565515870864
0.18801519570131023
0.18754511249328112
0.188357058021636
0.1887387778994894
0.18911454475508013
0.18971435723266147
0.18993117210356317
0.18992844334958858
0.1899445856099735
0.19046411974168628
0.19100604201676102
0.1919827061062324
0.19198050438491013
0.19186919502593527
0.1918721993706628
0.19125529354773177
0.1911290864105703
0.19076216966586243
0.19065022683512922
0.1904463894305625
0.19012989869001745
0.18985815497350012
0.19037473133352023
0.19068405720726656
0.19065545437381087
0.19085018181468832
0.19059099423734147
0.19076904157147653
0.19080731697013223
0.19090278068937244
0.1904974593002557
0.19027163961284815
0.19068053334791066
0.1906176658120006
0.19049196665454596
0.19047860985208062
0.1906265071969345
0.19040150426809713
0.1901770641121275
0.1901377031001607
0.19003867015945528
0.18948222760456046
0.18918203454112736
0.18877639157492027
0.18876208889391066
0.1887804006168452
0.18859615440195873
0.18896558512667183
0.18910360619135508
0.1891216268178856
0.18893432899440643
0.1887486566066984
0.18877019994522048
0.18869680798614807
0.1887254613789833
0.18869923163498573
0.18884593206630057
0.18896234505939952
0.18882429607206877
0.1889994264203693
0.1891520279070821
0.18879845702985754
0.18881317623890884
0.18868610026729543
0.18892979411038513
0.18944534194938073
0.18979384484284356
0.18977405609317244
0.189641483017143
0.18968650141881277
0.1900085029475699
0.18980965620677823
0.1897762724263943
0.18995799803454583
0.18982052378816172
0.18946119877307827
0.18937616704321542
0.18969971171503905
0.18934971211301901
0.18907728159805723
0.189069527279088
0.18893204728018495
0.18873282554514023
0.18868004461522678
0.1892539809520047
0.19028420421836473
0.19118303316948915
0.1919927159377744
0.19224275477937977
0.19261396977480208
0.19312170831219955
0.19390731167030045
0.1947568664968
0.19499464407439868
0.19562318922111896
0.19622923138637785
0.19686632693789274
0.19747305422404476
0.19762467107177759
0.19778576414608348
0.19816609489837084
0.1988294561710117
0.19947674959975248
0.20016560102110667
0.2008252047394239
0.20156196803235252
0.2018497402761941
0.20204680677616202
0.20245622944264954
0.20275374064294616
0.20308951974534448
0.20354130515483498
0.20389150977173973
0.20413754957389968
0.2046276666695047
0.20505566714409612
0.20570136586435844
0.20623091156965334
0.20655391415091448
0.2067824634701866
0.20704487142308722
0.20736433149390018
0.207429123587878
0.2074769920886033
0.20788367669762509
0.20800099411365852
0.20836312093362275
0.20878637669748995
0.2092614368105717
0.2100722404084331
0.21079520671250584
0.21134827941110665
0.2115941801063643
0.21180720312993456
0.2122575430334313
0.21304263430465942
0.21366189088116205
0.21438379545145386
0.2149632321931096
0.2151820373212781
0.21536811845497478
0.21582836614078804
0.21608472313366975
0.21611513025274265
0.2164271159894154
0.2166153723865378
0.216994599194951
0.21719337931442342
0.21745095584860555
0.21751238818850094
0.21803257532038406
0.21847882240800973
0.2191283801903271
0.21933488794072278
0.21976368722717238
0.2203185928616287
0.22068082940254377
0.22102085451128978
0.2211774647754338
0.22141377372377774
0.22165765943042406
0.2219225715812639
0.22233288927017872
0.22269009748945542
0.22285356944242532
0.22291788798999493
0.2229350044319845
0.22317973433374638
0.2234385763881784
0.22374716564845207
0.22405620668097562
0.22416960685767226
0.22471371373389884
0.2252445087389131
0.22542224713552614
0.22560713153759374
0.22554334263105705
0.22561732674029916
0.2260499650249211
0.22637902892765138
0.2268564423803396
0.22717124576100187
0.22737530782519205
0.22743402299742102
0.22743264220337128
0.22784506792132295
0.22835144637835048
0.22845528973543355
0.22870283902854274
0.22894911777554083
0.22934598583743973
0.22975986116089114
0.23005019646180744
0.23022490366178885
0.23044781817540497
0.2306547637511141
0.2309003110064118
0.23123871500496077
0.2313152717125373
0.23156150585949856
0.2319033353061652
0.23204709516946112
0.23220365352714284
0.232413566708758
0.23274576992486334
0.23293335654359226
0.23335387585535672
0.23376890336150324
0.23416501697252887
0.2343156368578139
0.23464053445801067
0.23485423916435558
0.23501141612814236
0.23520621602803765
0.23533874200704177
0.2354514427912764
0.2356546283899312
0.23597634138966408
0.23606296763491214
0.2361490566723896
0.2361506566758065
0.23644671190167757
0.23674929217418678
0.23706211869421615
0.23741977800772393
0.23764861071180937
0.23797159605019866
0.2381144486841147
0.23838268729086715
0.23853161276429058
0.23859339341340308
0.2384436952273394
0.23854731849300576
0.23886678443479553
0.23906254858173345
0.23931186278103284
0.23960589019252762
0.23985286946243695
0.2400626130840378
0.24027365510877538
0.24063190165307227
0.2409242804592017
0.2411313534112653
0.24105968051391405
0.24109606561046187
0.24127146068132183
0.24134235489642333
0.2415135809122273
0.24181870226661678
0.2422170038472382
0.24230677220572083
0.24249424080487691
0.24269350377396823
0.24287918218509918
0.24284799165686796
0.2429612640952927
0.24308764266422161
0.2433883144212774
0.2435360349976692
0.24378919693014497
0.24383413230901424
0.24370473108337187
0.24376991787123872
0.24398969917758476
0.24418174580379234
0.24422802142118902
0.24438129699515035
0.2446113835116849
0.24463054072600812
0.24440533656801872
0.24430892495029574
0.24409435321304304
0.24381155282014863
0.2436420691249453
0.24354085214999696
0.24350116360801657
0.2435374813556951
0.24327608331346048
0.2430888665602009
0.24284872809077251
0.2425982529588156
0.24243962504354638
0.24236124121123617
0.24232510672550345
0.24214897755348788
0.24195818417837264
0.24192843411796217
0.24177364258740253
0.2415792784738876
0.24131796514636106
0.24106394092981887
0.24088005144742833
0.24060563211017622
0.24037681037582959
0.24015317745384412
0.23990557313667266
0.2397735472397207
0.2396982825718729
0.23959387429105572
0.23947771597355455
0.23945330965198514
0.23933257947898592
0.23918321741341017
0.23899267924906498
0.23887033275317007
0.23870506619279247
0.2385981890234987
0.23846386343848822
0.23839409335487421
0.2384165420892199
0.23827258355613476
0.2381281282622908
0.23794990187470566
0.23784011299183833
0.23798071734093876
0.23789497904802362
0.23783525284763515
0.23782219814773223
0.23765895035286502
0.2375797527682447
0.23757701372582457
0.23736227622840808
0.23710995924963624
0.2369500057168578
0.23680697240235127
0.23674498940475008
0.23675400510779693
0.2365143479027672
0.23620627747521955
0.236095447286055
0.2359315884427699
0.23582729908694286
0.23563249182516702
0.23553360796109393
0.2353386694207763
0.23520965569083546
0.23515988084252928
0.2350601651581586
0.2349978119202113
0.23479680104455689
0.23468493859945802
0.23465856778026356
0.23462095358442828
0.23461889929894558
0.23454954004295414
0.23439625973225212
0.23429172520149025
0.2341939576799179
0.23404439741386499
0.23395279234004357
0.23375569466392807
0.23352143626434368
0.23337358165327088
0.23332860065527308
0.233290832331524
0.2333191972309395
0.2332359393282366
0.23306537769145289
0.23280647478261568
0.2326271689762819
0.2324419780017819
0.23227007610641343
0.2321100515966313
0.23199887791949336
0.23199275376670772
0.23194001415058915
0.23183911627546183
0.23176488646963667
0.2317438622536948
0.2317764896617585
0.2316491521733746
0.23151740798413944
0.23145579948047498
0.23129599618622715
0.2311751269133964
0.2311484186233115
0.2310548803487131
0.23101054830367707
0.23080025485905192
0.23060337052346355
0.23051862746224525
0.23044315255848205
0.2303336600895846
0.23020660061232853
0.22997319435422706
0.2299416588006505
0.2299690163543712
0.22990212919650801
0.22976191821802247
0.22968218695283252
0.22954924394511925
0.2294682679668805
0.2293091355754629
0.22920808266166381
0.229334494682732
0.2291651962222891
0.22891699075258373
0.2288306021442517
0.22883810353761944
0.22879471881030736
0.22870344829277203
0.2284867594356533
0.22824601700534486
0.22810420955006405
0.22803910192553994
0.22796283954798557
0.22778292680267362
0.22757566633898374
0.2276014042303102
0.2276947314030923
0.22766724487575718
0.22760291254098686
0.22758696664786696
0.22750272187623619
0.22742405103303
0.22736163642186294
0.22724551716435024
0.22710185610143985
0.2269727131441612
0.2269900845758625
0.22698168448929876
0.22690788149685948
0.2268111013615343
0.22665864733585872
0.22664485424645928
0.22651665130772888
0.22633064389210059
0.22623586399649065
0.22614817679570845
0.22608840804999425
0.2261253599821354
0.2261566302767413
0.22600242761253644
0.22586191621823437
0.2257260619758165
0.22560332149214962
0.22555494914753907
0.22562438686232253
0.22553397648759346
0.22541818425936355
0.22540412661744347
0.22530010803775993
0.2252186498196825
0.22514087823986068
0.22497544982349804
0.2248488879435593
0.2247396368677116
0.22460499271713205
0.22453172516534425
0.22446632009733436
0.22434628222585787
0.22417591470100712
0.22415884096235328
0.2243769820273998
0.22450731266587612
0.2246079981962446
0.22468427259959467
0.22481996522099207
0.22491076130201101
0.22493561106118018
0.2249954265570793
0.22502003829419168
0.2252054591161192
0.22530915652489433
0.22528544344483492
0.2252433551687932
0.22524130201745288
0.22533771757559626
0.22540528104778476
0.22553859523709405
0.22565573002941622
0.2256938064830842
0.22580511606006098
0.2258528661936165
0.2258673156904054
0.22597838833349873
0.22609078194586912
0.22610602295359833
0.22627852986978247
0.22626605585280277
0.22630778849419061
0.22626087893217756
0.2263834461934869
0.2263380410655704
0.22647161728967102
0.2264620890537761
0.22639102239897632
0.2263795722225881
0.2263888236650773
0.22645846942102954
0.22646422854789341
0.22649758747543086
0.2266073333271139
0.2266676601068569
0.22677696059440533
0.22678812144239924
