0.26896008762921886
0.2562935545045354
0.2534164301287589
0.2622018474438469
0.2603236645409038
0.2612435866265188
0.2609082804496563
0.2603656613038171
0.26016330021340367
0.26412233303374516
0.26623819834295104
0.26894536433220917
0.27037860021342724
0.2722507982229538
0.2732919945039222
0.27444375861435777
0.27591168970440616
0.2764445149874492
0.27857612880384514
0.2796277831413865
0.27953837944353277
0.28105673823343175
0.28130026656424745
0.28035859428239557
0.2800056547231635
0.28171803116431127
0.2817226926098035
0.28246635915737967
0.2817476389355146
0.2817548913277233
0.28166621130708436
0.2820190579456915
0.28252292063009704
0.2830372397216874
0.2832129115240143
0.2844182854250406
0.28492925842308153
0.28499762694473935
0.2847757211048137
0.2833720971622099
0.2810004513097721
0.27938499397190636
0.2778261911505196
0.27599959636953314
0.2747956108248237
0.2740935946222774
0.2725241101000246
0.2716397846551255
0.27095448095047187
0.2698543140136077
0.26835639108058024
0.2669238969826877
0.2657848480038565
0.26453819562626957
0.2638155680017014
0.2638825709478518
0.26344506778783505
0.2628655708412878
0.2622743475974669
0.2614607558181421
0.26023556192669
0.25907714371904916
0.25816533856562895
0.25765337230320245
0.2572369257042173
0.2566365987140361
0.25649817679446896
0.256494931990467
0.25609623491917594
0.25653041698924384
0.2576434947443996
0.25861958486633124
0.2593485159595426
0.2597725362958857
0.26027364534094505
0.26101443173100375
0.2616720616720617
0.2620959880562514
0.2621011346445111
0.26224901833152375
0.26243437972196554
0.2627889304193822
0.26315309259945124
0.26338811616309094
0.263690384152575
0.264228842611143
0.26449319230706714
0.26424227531199945
0.26412850531660753
0.2643125823084648
0.2648991836702214
0.26528553122799287
0.2653294539371756
0.2654771139565309
0.2659538758048473
0.26615409972755744
0.2664316958940883
0.2666788363657339
0.2667862229644879
