0.03326228257151127
0.03198606757227447
0.027467988434531184
0.025578902229845626
0.025421448981278114
0.026197507306952583
0.02791416233530038
0.028628133492107112
0.0296169239565466
0.029167406005402102
0.030124597483865423
0.030969917697483522
0.032360212552156147
0.033455223478106776
0.03463809010834117
0.03505655733635008
0.035767088125402094
0.036142814187290005
0.036174196687001045
0.03634251926934854
0.036456132438668666
0.03702291516138112
0.036895473749732316
0.03729338239588809
0.037287775314336
0.03683324973595462
0.037092021067002615
0.03705624680467448
0.03674159762521488
0.037132686535911216
0.03715403250105685
0.03742252910172382
0.03721243730447596
0.03690546917146389
0.03664590748332716
0.036467557908142496
0.03623728872207145
0.036086016639437085
0.036014641419746855
0.035938979074598795
0.03623300535490642
0.036786056817806
0.03749079257250894
0.03755879587201467
0.037584059908703435
0.037527256639514006
0.037350755276661894
0.037428066475004455
0.03736853529110352
0.03745834656664802
0.03749344169882225
0.03740382033406219
0.03725746932931557
0.03727893472765909
0.037106197596522734
0.03704240745674033
0.037007348029392116
0.03700055945947608
0.037038684656606695
0.03710593112385314
0.037259400757427695
0.03739361885575985
0.0377159641998732
0.037844746705177894
0.03801575209487251
0.037926410191936974
0.03790712311885719
0.03764477765331736
0.03769295296822502
0.038312387179355985
0.03837572640935654
0.03828512594996902
0.03805594607749289
0.03797297381410316
0.03808089087061998
0.03827394300754174
0.03839140844847935
0.03850844416110314
0.03870721806680266
0.03888709714123392
0.03908312509838665
0.038917312970056225
0.0388524007304645
0.03901407128311145
0.03913061771139768
0.03944846976872019
0.039540529710474
0.039534613445815533
0.03950923402612896
0.03950692365269461
0.03951631243893531
0.03956881416227737
0.03949775759038333
0.03943030012144483
0.03959572189453079
0.03994163435806801
0.040151361005141196
0.04047463207195908
0.040655814716483815
0.04075679304765914
0.040768381846497136
0.040824139102783534
0.040850615404038455
0.04082991108505245
0.04088962739328884
0.0409458066955531
0.04091963347906337
0.04093797543425829
0.04090706825598151
0.04079508218918407
0.04072589367020777
0.04073214472898636
0.04064657859790556
0.040503963251964654
0.04044899001529602
0.04046618355496564
0.040499913743120036
0.0405129232690856
0.040458786332927835
0.04039812965493613
0.04032908341704919
0.04037933121982804
0.040485855824019895
0.040529147797870264
0.04055489821610304
0.04065582901408275
0.04074498027196714
0.04087967250213203
0.04097761628304674
0.041106503804493634
0.04116065887910262
0.04117312122271904
0.041152496587002325
0.041131321986715944
0.04114258948869896
0.04115342295394109
0.04108885933857269
0.04099279919939608
0.04090717298577487
0.04089509428552114
0.04084586740466501
0.04070312200707844
0.04056345499143854
0.04052663275464218
0.040386412946126014
0.04028889425058997
0.04024147609336153
0.04020735397440361
0.04027942831186985
0.040262239687198165
0.04026911842614563
0.04033101401522454
0.04030308013278974
0.04026307181670075
0.04031266841224066
0.040348685351367757
0.04036097652578164
0.04044611290113137
0.040421924099074684
0.04040866166039364
0.04041095834339581
0.04034070129613093
0.04028969733573503
0.040245115990870925
0.04019428358069357
0.04016433299818051
0.04011720269032089
0.04007294008164796
0.04005867208239133
0.04004053912114582
0.040014214462291295
0.04000720931085687
0.040019613821871414
0.04000407915847106
0.03994797300682251
0.039899013871389034
0.039848212535168924
0.03982101317718319
0.039793082353058805
0.03969506932830755
0.039568187368670495
0.0394863228666821
0.039432902472585546
0.039424600596587256
0.03939358547572746
0.039375591229645464
0.03938621199398171
0.039376416970450336
0.03927995925202405
0.03915635664452548
0.03905284324119726
0.03906324555361972
0.03908701204126542
0.03898888905178213
0.03900552097887941
0.039009205540391036
0.0390575308893345
0.039078549429550406
0.039087285384332114
0.03910304361267584
0.03910659738299269
0.03915437137108964
0.0391531273183318
0.039190932539387664
0.03913102194639759
0.03906059093627383
0.038991141486016685
0.03895546154324895
0.039008496375594996
0.03898747162858606
0.038895330034554
0.03882526993633737
0.03877516824348414
0.03870563908332817
0.038668374753463214
0.03867328469746938
0.03861727150368246
0.03851670044671105
0.03847587333454186
0.038397415524370204
0.03834723718894085
0.03837415566346768
0.038313656469445824
0.038266929327104446
0.03822387738400857
0.03822446579523507
0.03824859746498503
0.03822148886424688
0.03820739186272424
0.038269098222039395
0.03826124383195034
0.038389094087885704
0.03844602737472827
0.03844508602652729
0.038477644607655556
0.038488736982750064
0.03852340193317262
0.038483307525577055
