0.20693333333333333
0.2214654225539856
0.22510471924492081
0.2211360530225117
0.22097036707848192
0.2206415242527816
0.2204144483416405
0.21956145272252148
0.22067885746553104
0.22048978148288492
0.22001374423831474
0.21994671489687315
0.22050514863524368
0.22161168557968652
0.22245477366141625
0.22201406931434028
0.2217652129645342
0.22243887454001052
0.22328504897191412
0.22314258169063197
0.22395101754112115
0.22432073821882384
0.22484231035892696
0.2243266940137189
0.2240608120683744
0.22371566877382315
0.22321360885118716
0.22238610638390716
0.222311366858009
0.22225659855459587
0.2222133113008354
0.22175468501987278
0.22184992184711572
0.221679559647049
0.22119976348100312
0.2215121407082737
0.22158694589648334
0.2216490064105983
0.221695176154014
0.22189430790574272
0.22231076433813
0.22197808213896733
0.2216826646337446
0.22188033949113112
0.22242998624731464
0.22244268973459574
0.22253317390818145
0.22263134120975822
0.22262335155998714
0.22257506121162657
0.22278029639369193
0.22295166328805213
0.22310332416514922
0.22293150705415288
0.22281849821285715
0.22305069657155624
0.22311006647740547
0.22293547951404602
0.2229922502034202
0.2229940423128895
0.22299059167333338
0.22306743588576186
0.22323002899218555
0.2232279132466976
0.22300438204267933
0.22312969239506805
0.22299063445935036
0.2232608200442082
0.2231749648169019
0.22313931866449493
0.22286216049067503
0.2227699978181452
0.22295990775019725
0.22282640366753365
0.22271003805041412
0.22296701843147915
0.22288798740855778
0.22273177489534998
0.2229330099214741
0.22299462315274654
0.22312080632504414
0.2231766034999612
0.22308935804358299
0.2228957349289897
0.2228317269783104
0.22279237359110282
0.2227191549777784
0.22289780963832287
0.22292629875559936
0.2228263977723248
0.22269051367849677
0.22265640081688926
0.22261562428623682
0.22274719564292836
0.22286053719970367
0.22281513875798514
0.22294032210591772
0.2230448251102677
0.22298328439435475
0.2230709418031963
0.2231085409493482
0.2230218410354397
0.22299225908681108
0.22274492488105038
0.22274811023531618
0.22279158662687745
0.22285714457428546
0.22290303695627095
0.22288288530102535
0.22306500513292635
0.22312653182392486
0.2230997800683833
0.22314134476909783
0.22322822753178276
0.2232083487350772
0.2233206886877734
0.2232898527932203
0.2233106048896409
0.22332114386796434
0.22329891437887273
0.2233135079326612
0.22335009202464087
0.22337752030383087
0.2235031351729544
0.2234460512237206
0.22339530860026202
0.22347003475395527
0.2234515513470945
0.2234011337917895
0.223398310283792
0.22344286944819955
0.22346544172449145
0.2235279796390951
0.2235938523865601
0.22350989194671395
0.2235543591666347
0.22354942779355436
0.22353880537525855
0.22366380511982162
0.22355004287070254
0.22346205345321918
0.2233370134257597
0.2233357329537958
0.2233821728743348
0.22342487383140056
0.22345246684977305
0.22342498859984217
0.2233500248153763
0.22329473335434497
0.223242630504411
0.22313123440087396
0.22315758166258717
0.22321655513964267
0.223177998712613
0.2232283546034286
0.223294329381076
0.2232402491673547
0.22309439275836057
0.22304112986878602
0.2230683898345468
0.2230691580492644
0.22315576967376147
0.2232387078033494
0.22333330690956957
0.2232919617822933
0.22326677124549518
0.2232907724945522
0.22333470862598903
0.22329350106713072
0.22326919426134526
0.22318698709361062
0.22320668590208595
0.22321634235650695
0.22320758271984653
0.2232105945812119
0.22326739742388704
0.22331135412251854
0.22337822109739636
0.22341522691569013
0.22342834755517324
0.22344561336633992
0.22354269895949733
0.22362894286346807
0.22368389463794056
0.22370143032762893
0.22359097996001923
0.22342119715243564
0.2234195224044905
0.22340433467806112
0.2234654091103873
0.22344332970058145
0.22350147705458062
0.22360038817762243
0.2235798388747279
0.22354127056926554
0.2235740310973701
0.2236017092033557
0.2236183673841405
0.2236490642312025
0.2237126452960862
0.22369848470640813
0.2236287006946278
0.2235598335121083
0.22352755428789342
0.2235447028009303
0.22356892878068532
0.22352614587106734
0.22345164104926907
0.22348320315872477
0.2234765202215675
0.2234651453851314
0.22347912233816195
0.22342379904484558
0.22339644797020178
0.22344839963970214
0.22344787952250042
0.22342199943461383
0.22338356258609623
0.22343168998742272
0.22343718050819814
0.223404794067011
0.22339882143237683
0.22345471079045634
0.2235171331769052
0.22349952443146484
0.2235322979548466
0.2235243146251565
0.22353184661074021
0.22353586742830733
0.2236033179774909
0.22361695107623264
0.22357133481821181
0.22356635989972867
0.22363018349456848
0.2235774358904376
0.223507324157541
0.22348712414774122
0.22353973957552595
0.22356063419224015
0.22353913646210352
0.22345919567282024
0.2234117726175746
0.22343224061112824
0.22347246415857458
0.22350185905962308
0.22347695230584483
0.22349188524284228
0.22350185656586227
0.22348219818004164
0.22343691414297692
0.2234020813671807
0.22344154230082247
0.22346182696131162
0.22343476629379083
0.22342774530314058
0.22341690153634675
0.22347841920829414
0.22352608187061826
0.22357348221898632
0.22359314036961847
0.22353888606514205
0.22347207976467096
0.2234825076231708
0.22348710216585727
0.22349782025126166
0.22356676866704936
0.2235099106455346
0.22351068529121923
0.22355165302738433
0.2235312661138183
0.22348826821921172
0.22347876939487832
0.22346563636283567
0.2234741940815213
0.22351048449265035
0.22352089417661383
0.22348927625382836
0.2234357932488904
0.2233884304310544
0.22332980473607958
0.22328451152139128
0.22331899616836554
0.2233273845644609
0.2233356460618629
0.22338502037688554
0.22340208020095462
0.2233980048503498
0.22339394576875826
0.22333889174380328
0.2233179803188151
0.22332543663214124
0.22334065168578035
0.22338459332117758
0.22339314939016802
0.22339232098192413
0.22337681271425724
0.22335196676036123
0.22334534181850008
0.22327374412844264
0.22326853299133223
0.2232234003496054
0.22315107938272474
0.22311555446834114
0.22311968316936073
0.22308646791853035
0.22307733294927104
0.22307758739593453
0.2230359007000194
0.22301391736326343
0.22303182665428686
0.223053803303364
0.22304662168148695
0.2230753555406227
0.22311755899333355
0.22314022345871357
0.2231266398182001
0.22312289108504268
0.2231422148934585
0.22322161710980237
0.2232145899336936
0.22319148746966389
0.22317190612442092
0.22312783366678768
0.22312698708974146
0.22321280797162998
0.22324322415657416
0.22327442922067775
0.22328097268155186
0.22330067985226967
0.22328130280467132
0.2232754288065545
0.2232807553043237
0.22324288293706882
0.22320470997415462
0.2232185626057479
0.2231894049272477
0.2231707549580711
0.22320827205337726
0.2232034928305989
0.22322495461266134
0.22323513382395263
0.22321765930159698
0.22326311115782344
0.22332472307450468
0.2233967999721353
0.2234230420060083
0.22345370002481804
0.22345310443655367
0.2234206850643575
0.22341266712824945
0.22343430472267076
0.22340273621565648
0.22337042635636925
0.22339565854458845
0.22341885107271198
0.223391999819983
0.2233722552885937
0.22341367255721326
0.22339745153714416
0.2233736056207965
0.22335968578893936
0.22331097880626904
0.22329618395573234
0.22331541925935708
0.22328480234389145
0.22329162129776045
0.22325421513578994
0.22322410174084817
0.22319158324333419
0.22314002630425253
0.22312872757892918
0.2231237893852854
0.22310979968968275
0.22309068809869298
0.22308035949824043
0.22307729677622085
0.2230741194405639
0.2230747275125688
0.22302636718605523
0.22298752304214248
0.22296999090722744
0.2229449734484512
0.2229127418553704
0.22293928796783496
0.22289862218546663
0.2228720473539772
0.22288275606563146
0.2228904764116618
0.22291357380019663
0.2229201813504757
0.2229132297796283
0.22289252711214186
0.22289824264627206
0.2229183742713241
0.22295082677265146
0.22296171722432634
0.2229649377335936
0.2229550545630179
0.22295867550599466
0.22298920329794103
0.22298077648668488
0.22298759938434257
0.2230229522858378
0.22305577470373364
0.22305513925077006
0.2230392834914012
0.22302958422914382
0.2230209784993203
0.22305872427923099
0.2230798450876876
0.22307572115501728
0.22307651926263966
0.22306166730501645
0.22304834199873283
0.2230328962998345
0.22302016182055343
0.22297721570529289
0.2229461341917312
0.2229481552702128
0.22295460757719499
0.22296107789842148
0.22297845388852777
0.22297733628071437
0.2229882420275688
0.22299355152383152
0.22299418408448918
0.2230358781024191
0.22302530396096576
0.223016068066517
0.2230408269657899
0.22301677238329284
0.2230066519899333
0.22301081896412206
0.22302163802529051
0.22302844081542478
0.22305246871570208
0.22307167290537475
0.22305561521477776
0.22303540857699272
0.22303058613675766
0.2230113590694676
0.22298860251584293
0.2229474743402588
0.22291778554389635
0.222900139925583
0.22288333918414804
0.2228790905711253
0.22287386702776624
0.22287922447505362
0.22290602373187518
0.22289452750365132
0.22289836774287852
0.22290033545330393
0.2228989753970039
0.22287690012804662
0.22286581460390498
0.22289192669794664
0.22289889762678078
0.22288877741962218
0.22291852002733276
0.22297701060969943
0.2229698404843106
0.22296318012981003
0.2229575550675049
0.22296174183354073
0.22298836110860495
0.2229702096792863
0.2229348300186943
0.22289936916516193
0.22288095756961335
0.22286453530334394
0.22284483014578324
0.22281951435065458
0.22282361571373663
0.2228484175654659
0.22286232914565468
0.2228717569388192
0.2228463522937163
0.22284978897521954
0.222835496348447
0.22282791863848064
0.22286121223952385
0.22285888626839812
0.22284904116048493
0.22284737469093252
0.22286694815065022
0.22283984625566777
0.2227957738932807
0.22278913653837493
0.22278048676055417
0.22277347576663228
0.2227631495640073
0.22275862828462484
0.2227776791308189
0.22281446859795925
0.22281009456694154
0.22283621060094014
0.2227946046204992
0.22278070424173857
0.2228081239264737
0.22283821002873
0.2228220470347059
0.22286036146868698
0.22287031886553738
0.2228883893595495
0.22288146027195005
0.22286583596894244
0.22285222344908684
0.2228588174310577
0.2228540281437869
0.22285499167420483
0.22287345230280944
0.22288024337016646
0.22287214556791599
0.2228602400837693
0.2228664205961333
0.22286997108381137
0.2228771101061729
0.22287590845081243
0.22286960628258184
0.222849423947561
0.2228247172785762
0.22282660084578032
0.22285404513915724
0.22287891348195937
0.22286627478888302
0.22283866797837953
0.22283493359447193
0.222842968779694
0.22286543013200574
0.22287201783743518
0.22289940489125976
0.22291804905528578
0.22287831525915486
0.22287211646605878
0.2229019500991519
0.22287412228153178
0.22286834269378117
0.2228591861351526
0.22284792893380198
0.2228761075486981
0.22287541281418097
0.22285736814627427
0.22283293090004952
0.22283105016927787
0.22282404010392493
0.2228340909834447
0.22285060920023753
0.2228489661234382
0.2228589934992932
0.2228572714627129
0.22286453600486772
0.22287014332737554
0.22285249836872048
0.2228371813560899
0.22285168959516388
0.222843977251411
0.22283502876496808
0.2228146529999291
0.22282597529600404
0.22280792617007628
0.2228250394085547
0.22282324653934574
0.22281480224490804
0.2228140995126596
0.2228001765672596
0.2228254516054593
0.22285268704186356
0.22283447650981253
0.22283153687710988
0.22281856511425743
0.22281746721634355
0.22281434265025
0.22279815518645668
0.22280284944368803
0.22279649451103023
0.22280624964858434
0.22282821675984882
0.22284268469119795
0.22283802063653863
0.22286302580759937
0.22285332976106675
0.2228543619488572
0.22287419158869595
0.22287512545327395
0.2229002084514105
0.22291671419988784
0.22293709159229697
0.22295481489320246
0.2229446684358745
0.22293687143969634
0.22291789096178494
0.2229158376124182
0.222924922310239
0.22294724525213902
0.22295434292949803
0.22293809390257163
0.22293716466830713
0.22295495262054948
0.2229242425328856
0.22290815303746506
0.22292781388847255
0.2229461815767345
0.22291924215275663
0.22290947632877828
0.2229160534396713
0.222924418972727
0.22292022692750396
0.22291363715286955
0.2229104091741207
0.22290842552623172
0.22291643918736959
0.22293200853334064
0.22294331034736092
0.2229401102752997
0.2229323861945668
0.22292897881407878
0.2229211352400158
0.22292256515099126
0.22294534149787693
0.22291272956497837
0.22291631213093208
0.2229065572857935
0.22288717275512818
0.22289346251195122
0.22289873550613157
0.22291072225614975
0.2229322436580676
0.22295225500168184
0.22294850150153991
0.22293756398732534
0.22290784832815105
0.22289491116089097
0.22289324912503278
0.22286791676402923
0.22283358111783733
0.22285151799793293
0.2228423773514798
0.22283953792735053
0.2228438549717186
0.22282439942123253
0.2228271089951177
0.22284123721349783
0.22283920259454215
0.22283969308430868
0.2228372283741112
0.22284508130298536
0.2228514426228727
0.22284178483715472
0.2228347162460468
0.22281743462204465
0.2228136852702948
0.22280349693194101
0.222795762237258
0.2227710262291069
0.2227790566755903
0.22278805504329094
0.2228010829353784
0.22279671671317025
0.22279629297572204
0.22280683016042513
0.22280038541880545
0.2227926823907677
0.2228071262447623
0.2227868646230881
0.22275514203952115
0.22272754941723547
0.22271412930993872
0.22271931700270906
0.22270732447611033
0.22271377887550392
0.2227161170303946
0.22272198297460852
0.2227209262845539
0.22270069404524004
0.22268652720546653
0.22267242400998605
0.22269094908393822
0.22269188426189127
0.22268666970564402
0.22269258698892955
0.22267522266795295
0.2226794232130983
0.22266185118753198
0.22265249026699227
0.22265136791758453
0.22264664931661082
0.2226564099344734
0.22265766586979482
0.22265327857588324
0.22263981892371476
0.22263429686475752
0.22261796855725802
0.22261682876383718
0.22262606625512604
0.2226047229950278
0.2225973119527634
0.22261132884382995
0.22260547460388322
0.22259074485799712
0.22260887657890313
0.22261652119152217
0.2226263537245419
0.2226351649758443
0.22262660425702538
0.222619390897322
0.22259877327767283
0.2225770527784052
0.22258091467532964
0.22259244129402567
0.22261304628989695
0.22264044583468087
0.22265057149939885
0.2226488946597418
0.22265264766372236
0.22263324647320523
0.2226329053897551
0.22263714526736092
0.22264845890656024
0.222645940633062
0.22266165266155283
0.22267705173496347
0.2226984642946559
0.22267550213540463
0.22266505901889488
0.22265433892296155
0.22263262537502462
0.2226082516744213
0.2226065648253197
0.22261326848724686
0.2226152250184347
0.2226230041443306
0.2226306767134062
0.22261955916217532
0.22260959735263963
0.2226076005073218
0.2225991550992448
0.2225922730471918
0.22256164086702396
0.22256507849086418
0.2225594143286099
0.22255814111371103
0.22253985636839071
0.22252312046363426
0.22251235559044308
0.22251264368432655
0.22250261294672058
0.22248636052134474
0.22248046123041387
0.2225023574692
0.2224817677332791
0.22248037408838395
0.22247606070420237
0.22247969954632912
0.22248277237903172
0.22247118319125794
0.2224507465290167
0.22245280360924663
0.2224391348991772
0.22243629019785763
0.22245400777647803
0.22244435906577154
0.2224264006812283
0.22242911106723157
0.22241843320864937
0.2224262467043521
0.22241930657881082
0.22240339788796182
0.22238888744887098
0.22236627522197505
0.22236131965354072
0.2223721082741598
0.22236300100504963
0.22235647705788353
0.22239853695384248
0.2223944847129595
0.22237523980724783
0.22238419554406397
0.22238309390088326
0.22239843756429892
0.22240045274313638
0.22239865307745207
0.22240533857309663
0.22238275460442222
0.22237021678406077
0.22237405051069895
0.22236108176917763
0.22236310862649206
0.2223649933166954
0.222369494429326
0.22237689317509152
0.22239294058089853
0.22240067897425236
0.22239803014947743
0.22239037171590884
0.22238814143375124
0.22240262353945878
0.22240611579024958
0.22240681005181756
0.22239899725555728
0.22239288405060811
0.22239710145072153
0.22238493292598763
0.2223813301362207
0.22238968492598468
0.2223789021865023
0.22238418970920953
0.2223981878985576
0.22243425123886335
0.2224450072691328
0.22244904409040203
0.22246569237963784
0.22247679210636018
0.22247239239979294
0.22247474971929185
0.22248827992564163
0.22246988377486088
0.22245317933212772
0.2224471312230282
0.2224416920206918
0.2224268702849626
0.22241833099435188
0.22240605208154557
0.22241449182324396
0.2224374086301716
0.22245400421350833
0.22245238209746115
0.2224541745013925
0.2224360109720327
0.22241968073284987
0.2224233134133887
0.22242008355644388
0.22240335553673649
0.22239164962268143
0.22238869625596544
0.22239482088131363
0.2223908641929274
0.22238455932804696
0.2223693882096305
0.2223623732144754
0.22234316221281342
0.2223285741237164
0.22232879481947376
0.2223186449806169
0.22232532975220817
0.22232472410660106
0.2223387464079255
0.22233507782946643
0.2223315393015313
0.22233619320693326
0.22234910544556574
0.22234743093194848
0.22235084371846875
0.22235489546284917
0.22235979807311168
0.22234506498114115
0.2223522363530336
0.22235861872776969
0.22236752395294793
0.2223581514651426
0.22232710072854844
0.2223175302753128
0.22230549537674338
0.22232749768097537
0.22233715645155247
0.22233857376451557
0.22235321349834988
0.22236623299634492
0.22235474011804884
0.22234598312202522
0.22232448703678268
0.22230822208650158
0.22230864331636122
0.22228740807750538
0.22228294783321664
0.22228520380594277
0.2222801686092746
0.22226010455208534
0.22225690834859407
0.2222285733772319
0.22223912384930056
0.2222406425947676
0.2222542042302633
0.22228116197207004
0.22227561335429352
0.2222595768529562
0.2222456328070974
0.22223979186351814
0.22222052422953686
0.22222659850479676
0.22222621692975567
0.22221574162084912
0.22221149101649645
0.22219941431661544
0.2221945670022483
0.2221829655791754
0.22216681373513314
0.2221634668604602
0.2221636958661001
0.22215999356247884
0.22216616886038051
0.22216755951813258
0.22217911364388632
0.22217858472907473
0.22216764692748694
0.2221601504738965
0.2221636046731689
0.22217463981389962
0.22217911069264945
0.22216549296424898
0.22216208147089814
0.22217664498030767
0.22218540362422337
0.222189351459279
0.22219740258604442
0.22220757266481253
0.22222337895805636
0.2222330996686154
0.22221802332188123
0.22221733187260717
0.22222770589965388
0.22221919400706414
0.22220042422164257
0.2221966210730204
0.2222122879315931
0.22222629350481116
0.22223481100977938
0.22221513974181148
0.2222147275426574
0.22220938608526478
0.22222857857507242
0.22223681780851265
0.22224420500271677
0.2222403415480272
0.22224638223084175
0.22226703378299525
0.2222630080198547
0.2222721767955047
0.22226580745888147
0.22225333720964385
0.22226172642127584
0.22226103937751693
0.2222564373159856
0.2222703615840713
0.2222851770229057
0.22228807167240547
0.22228206993961921
0.22227709517484603
0.2222737593562393
0.22227931026785433
0.2222977494653555
0.22231510154401712
0.22231821204178123
0.22232418015064445
0.22232021716072758
0.2223182082462535
0.22230580706421668
0.22231565261756123
0.22231965456703914
0.22230582359136541
0.2222860387529993
0.22229820630071817
0.22230479432344735
0.22230297537333596
0.22229559411735883
0.22228103888959663
0.22228093764934628
0.22230463366293085
0.22230346847708005
0.22230006776572372
0.22229102961657896
0.22228897593524105
0.22229531963232663
0.22232278005722028
0.22232457741672385
0.22230848065040199
0.22232610267694247
0.22232677326065425
0.2223225700038648
0.22232910295692349
0.22231726817050515
0.22228839917358637
0.22227114895681782
0.222264388017594
0.2222729392554019
0.2222649122187663
0.2222604148990723
0.2222659212416878
0.22226580651244732
0.2222782104420692
0.22228204729867132
0.22228805457409118
0.22229108467689004
0.22229110606083513
0.22230350571244734
0.2223027369454495
0.22230279208208445
0.22229715249602894
0.22228932162858092
0.22229201964436257
0.22229265913977825
0.22229942951011833
0.22228991213924407
0.22228469953913194
0.22227726493344666
0.2222780990258094
0.22228567373688612
0.22229106972110368
0.2222912367089034
0.2222984070242573
0.22228734759457752
0.22229039149678084
0.22229850511178387
0.22231936309730402
0.22233378050734354
0.22233827650016713
0.22234268250802666
0.22235299304829767
0.2223437251103744
0.22233414990133188
0.22234195699269355
0.22234921742954775
0.2223519668297285
0.2223459252521278
0.22234877795884778
0.22234536155790818
0.2223338271775064
0.22233671879725295
0.2223372613416674
0.22233675582471157
0.22234172505685423
0.22236307266863098
0.22235931574469744
0.2223520735035614
0.22235460777665872
0.22235045811595905
0.22235431518501286
0.2223503007492389
0.22233660918082526
0.22233606303049802
0.22234094029182963
0.2223509748872325
0.22234934884946017
0.2223423357076827
0.22234031586518724
0.2223253656126681
0.2223227182953316
0.2223221139061179
0.22232159176597216
0.2223315640121686
0.222332716589379
0.2223318137545555
0.2223327178968018
0.2223235193712847
0.22231999843916964
0.22232629220853847
0.22233562689701272
0.22234207896274852
0.22234851097945105
0.22235450423909
0.22236135729141565
0.22236617138856804
0.22236771338429645
0.22238572242582846
0.22239355035240418
0.2223968443185028
0.22241555762252585
0.22242652762305032
0.22242409500086843
0.2224205437340756
0.2224048006170168
0.22239068770242137
0.22238895269463252
0.22239002290923499
0.22239840581057982
0.22240471521173852
0.22239312719107135
0.22238688872425622
0.22238997072088337
0.22239613307561046
0.2223925154795169
0.22239886683474455
0.2224020031416901
0.22240135920269488
0.2224004659183129
0.22238792961445972
0.2223845460903796
0.22238774110747908
0.22239320847816235
0.2223980109563993
0.22238383781891083
0.22237799249278573
0.22237842038175887
0.22237060177570053
0.22237830712406084
0.22238646408575077
0.2223709984486862
0.2223729557601272
0.22238878725847605
0.2223983341840098
0.2223992574826831
0.2224077084799053
0.22240765090767425
0.22240855281983715
0.22240911449361175
0.22239798912448944
0.22238483685582525
0.2223714988113265
0.22236853641434365
0.2223674514378783
0.22235067186808116
0.22234104476073077
0.2223463493485283
0.22235514315406438
0.22235941599940495
0.22236969300384182
0.22237475479116395
0.22237345520226778
0.22236635715005937
0.22234819109687345
0.222364794354566
0.22238123688109968
0.22237738241810792
0.2223862313102804
0.2223852269358255
0.2223805482122321
0.22237152449518938
0.22237654318782663
0.22237301193251527
0.22236649848747808
0.22235374957471776
0.2223517518511823
0.22235117735832088
0.22235491900668913
0.222372335782328
0.22236811950616994
0.22236418740616817
0.2223678167740415
0.22235588574083281
0.2223490899537098
0.2223481036708771
0.22233796525329566
0.2223469107047621
0.22234366080851878
0.22232243225480702
0.22232887319824451
0.22232767106984816
0.22232832176000114
0.2223358718036284
0.22235043999664816
0.22236727660660047
0.22238364481642747
0.22238411041081096
0.22237838354506884
0.22237589430516078
0.22237852253011134
0.22237225429625795
0.2223616116717347
0.22235265668024165
0.22235789766965883
0.22236345793928122
0.22235824019856457
0.22235517722254783
0.22235405741041514
0.22237020695105417
0.22234759624283282
0.22234698397537175
0.22236753879366236
0.2223740331150335
0.22237535180389326
0.2223781821902251
0.22236629042323658
0.22237612005876733
0.22238210761672705
0.22239490774572698
0.2223983000474561
0.22239537259718575
0.22240359552734024
0.22239437451140462
0.2223976294723342
0.2223965747914542
0.22239987491238622
0.22240306529643306
0.22241122166198504
0.22240724741930532
0.22240140438810338
0.2223915362051561
0.2223928179982565
0.22239598990880594
0.22239027331100536
0.2223931956380185
0.22240419793655308
0.22240925702706135
0.22241308747122412
0.22241536107908827
0.22242307125817404
0.22241780543436304
0.2224223120756122
0.2224330254182577
0.2224451228454777
0.22243622102455932
0.22243523622508296
0.22244035553178745
0.22244434766590115
0.2224496796480219
0.22244243050971937
0.22243765842554972
0.22244779862300726
0.2224595544838205
0.22244637610505677
0.2224294488342211
0.22242092100053726
0.2224294659062212
0.2224337069928475
0.22242684611664182
0.2224262771561504
0.22241693939514462
0.22241420849740254
0.22241323138076402
0.22242235105745986
0.22241823615250214
0.2224133220307762
0.222411468239852
0.22241872453405243
0.2224295098937235
0.22242386378208004
0.22242340135173844
0.22241696602643587
0.22242355397978267
0.222430524288473
0.22242528025709873
0.22242318165510414
0.2224129447935662
0.2224118100820837
0.22240941835067216
0.22241251666080772
0.22240426443729872
0.22240581629715708
0.22240352385094364
0.22238379876216208
0.22237120158549847
0.22237245892886331
0.222368579534955
0.22237188784335088
0.22237839097344786
0.22238518878564442
0.2223783234942478
0.2223758197003746
0.22235518781012506
0.22234922422954984
0.22233614486995132
0.22232428161410736
0.22233434865877755
0.22233985458217975
0.22235291026220075
0.222362745487095
0.22237330591418022
0.2223679224530173
0.22237210841319735
0.22238100214329096
0.22237998736806977
0.22238873194078032
0.2223780259833549
0.2223714187065186
0.22237932865302756
0.2223885784666407
0.22238256751982508
0.22238642299000988
0.2223785247999183
0.222387637759388
0.22238892654805342
0.2223962382882853
0.22240026697428203
0.22239234269720604
0.2223816829702864
0.22237959664922477
0.22237460311891413
0.2223771751164147
0.22237576927491665
0.2223755336925817
0.22237126291520953
0.22238184939040428
0.22237372717298412
0.22237844620383204
0.2223889037517639
0.22238741332742737
0.22238944316854137
0.22238825130154427
0.22238991884441348
0.2223853566189091
0.22238386926154724
0.22238573447696458
0.2223760786726846
0.22236733205990178
0.22238405104949172
0.22238237931693308
0.22238947028509445
0.22238852278502194
0.22238404842872403
0.2223821386294479
0.22237795991733925
0.2223780309195967
0.2223759390592722
0.22238655635004168
0.2224043326102303
0.22239693558223111
0.22239232988168622
0.22239132578492637
0.22239388521141976
0.22239712131534195
0.22240261530044741
0.2224062573993949
0.22242058684549904
0.22241724972593702
0.22240601241920113
0.2223899335801344
0.22238396417854958
0.22238370537590874
0.2223812527048408
0.22238334750073413
0.22238705253171323
0.22238476169266247
0.22237922916044942
0.22239865564051797
0.2224091280787627
0.22241717759799978
0.22240216752694714
0.22239035805759874
0.22239084979241971
0.22240077814528206
0.22240084872881521
0.2223914883316831
0.22238719262113674
0.22238875384614923
0.2223955475771193
0.2223895568306042
0.2223873640207173
0.22238963032190884
0.22238692450010142
0.22239237071504248
0.22239977758746232
0.22240232262210682
0.22240478284969986
0.22240334302727907
0.2224038235401711
0.2224043057165758
0.22240273831276955
0.22241014413491011
0.22241392177335012
0.22241781660641177
0.22241453503641487
0.22242480740889553
0.2224322707814645
0.22242886715990676
0.22242546289421547
0.22241720251965513
0.22240492310739907
0.22240033321265962
0.22239116011431334
0.22237771040837642
0.22238601569689467
0.222389983168024
0.22238630105868848
0.2223842070672752
0.22238061054488006
0.2223817033298007
0.22238299256524613
0.2223887100787788
0.2223932350162711
0.22238668406510223
0.22239616587727645
0.2223954782585371
0.22239322069650083
0.2223842363040489
0.22237701843495342
0.22236829609843978
0.22236853897463027
0.22236168169740791
0.22235008077267937
0.22233424045075859
0.2223271258330246
0.22232568268936032
0.22232348729322549
0.2223311323189672
0.22234672672643183
0.22235315070382983
0.22235024827468058
0.22234462205486208
0.22233954351675778
0.22232680710331357
0.2223204138578777
0.22231837208092697
0.22231958301470078
0.22231554477995907
0.22231500704407298
0.22231071562532148
0.22231153594062875
0.22230723391616586
0.22231136001216928
0.22231023790019455
0.222317280643823
0.22232161854401455
0.22230671237286265
0.2222807942720508
0.22228303433398702
0.22228983016485726
0.22229474413450293
0.22230686295360527
0.22231063358174616
0.22231285031012746
0.2223197664189541
0.22232113367146
0.22233070295459817
0.2223351462055912
0.2223334388435715
0.222329492428124
0.22232086782477414
0.22231265182333337
0.22230241754950786
0.22229869417726977
0.2223099170945113
0.22231733390398453
0.22231542082474465
0.22231737760114506
0.22232445221641026
0.22232946696433345
0.22232255446520952
0.22231863051557355
0.22232751207951923
0.2223337351680279
0.22234406320034725
0.22235559284922418
0.22235321433181884
0.22234810315478712
0.22235333064436175
0.22235324769818277
0.22235053531348709
0.22234063736741216
0.2223474887340367
0.22235016355056705
0.22233933751314675
0.22233760690017262
0.22233639499185182
0.22234071712372133
0.22233039762674736
0.22232507844501848
0.22231586038247944
0.22231818749317905
0.22232075691037276
0.22232048734465834
0.22231227700187886
0.22231545077175022
0.22231526244016425
0.2223147273287997
0.22230947226446077
0.2223071409752277
0.22229819704486783
0.22229800480615566
0.22230687307071953
0.22230756766812543
0.22231306428168368
0.22231206084747937
0.22230873889138458
0.22231022727614266
0.22231777870794878
0.22232209967559904
0.22233965221768284
0.22234628531661138
0.2223403491277796
0.22234529693116212
0.2223462186555806
0.22235098617927782
0.2223485084899586
0.22234470767120706
0.22234939839871304
0.22234721474161015
0.22234339955297477
0.22234663576288347
0.22235538367543325
0.2223560970823877
0.22235161766298644
0.2223478724038836
0.22234218193892286
0.22232164594872814
0.22231700526531425
0.22231978139975972
0.22231929949058604
0.22231233204898293
0.22230774963202593
0.2223084696028816
0.22230645555666148
0.2223076953351945
0.22230984910817653
0.22231339398095107
0.22230947910704982
0.2223082129538446
0.2223120775949395
0.22232027662087384
0.22232293982322185
0.22232974592183438
0.2223422399850336
0.2223495320925221
0.22235297568084816
0.22235576701457402
0.22235444152934994
0.2223547101935266
0.22235034890026542
0.22235075615883568
0.22234841365292046
0.2223493112019389
0.2223557279606206
0.22236020771928636
0.22236265871829303
0.22236115520875138
0.22235849447471873
0.2223586126210418
0.2223663403393463
0.22237265220325442
0.2223837324870721
0.22239551526102336
0.22240580894901102
0.22240288889957682
0.2223953375116779
0.22239664495923656
0.22239699801359192
0.22240140962733318
0.2224027168165633
0.2224025826793256
0.2224058317150258
0.22241199087350835
0.22242207613557893
0.22241829724936024
0.2224298932603488
0.22242937853284134
0.22241091736637925
0.2224011279433966
0.22239759567500492
0.22238955002576133
0.22240367000233144
0.2223961457790301
0.22239118972050995
0.22238580635755603
0.22239446011558536
0.22239479365964326
0.22239303688449358
0.22239588005823682
0.22238822239902736
0.22238457266049408
0.22239764405051224
0.22240057601352703
0.2224001856910117
0.22240367761202648
0.22240049000504583
0.22240286771195927
0.22241145359286868
0.22241860979267125
0.22241139243075433
0.22240373656996865
0.22240035674983047
0.22239584687745279
0.22239162158553857
0.22239710190429535
0.22239272111007577
0.2223950832615286
0.22239896820603366
0.22239155474622782
0.2223914077902001
0.2223910181588399
0.22239149747004966
0.22240127717610778
0.222406488552631
0.222404052205789
0.22239985962802952
0.22239953523702835
0.222413132697162
0.22241641662282047
0.22242501008900903
0.22243648935881663
0.22243979359625515
0.22243676560649878
0.22243692532832507
0.22243785877247743
0.2224349149658274
0.22243493898470898
0.2224367219032664
0.22243436023374055
0.22242746820405962
0.22243085813805807
0.22243553269565142
0.2224451777889758
0.22244429577144317
0.22243146685012144
0.2224246074172693
0.22242647749296157
0.22242891862861322
0.22242045961449247
0.2224166848637001
0.22241881034086133
0.22241986686876425
0.22242131768497733
0.22242561417386378
0.22243520079981843
0.22243970046481404
0.22243283585737234
0.2224342557301611
0.22244067160675374
0.2224351581827989
0.22243237844438768
0.22243055005097692
0.22243727507876576
0.22244600555841237
0.222439757920092
0.22243682761346878
0.22244087447821004
0.22244449665614754
0.22243998268277826
0.22244671115663953
0.22244998559918158
0.22245075760813893
0.2224524262643926
0.22245067524033235
0.22245168135709087
0.22244977600236998
0.22244970121251487
0.2224466375492965
0.22243265804966358
0.22243241375529238
0.22243796605771776
0.2224420405710723
0.2224496690355539
0.22245914775780404
0.22246240653507318
0.22246034665909528
0.22245947829876092
0.22245745337200498
0.2224527574112357
0.2224475159227887
0.2224413176862467
0.2224337095307884
0.22243402693477043
0.22243295586643896
0.22242946158358243
0.22242391663243982
0.22242025391852505
0.2224183106657157
0.2224300721694155
0.2224409267885251
0.22245059583189258
0.22245217320480268
0.22245202156931243
0.22244897500723823
0.2224384277082105
0.22244147444762663
0.22244660161866261
0.2224488314990471
0.22244811522997565
0.22244202101358673
0.22244467400351464
0.22245112411760729
0.2224612018297357
0.22246021401174118
0.2224504955006018
0.22244986360429586
0.2224542887562625
0.2224472805400937
0.22245150677485043
0.22245346273170083
0.22245463415986763
0.22245849236899645
0.22246400518145762
0.2224596897534272
0.2224581941090752
0.2224550789776269
0.22246273048710755
0.22246252032592162
0.2224643366831017
0.22245678263369098
0.22245723735322295
0.2224529762473427
0.22244724322082304
0.22244887893369072
0.2224491504757683
0.22245339109845716
0.22245740435066721
0.22246444428248807
0.22247040271343238
0.22247801539485507
0.22247934779234402
0.22247659977789794
0.22248004538823915
0.2224834157681005
0.22248812990808492
0.22248761740135523
0.22248575632431877
0.22247789071698262
0.2224851042351876
0.22248041518175043
0.22247664117008642
0.22246520457420488
0.22246927927192348
0.2224801534574849
0.2224747162260396
0.2224715587016719
0.22247482421465567
0.22246985726059812
0.2224612526064607
0.22245800876087288
0.2224586151892218
0.22245464753511096
0.22245773706555244
0.22246478839982298
0.22246532851482154
0.22247401262334546
0.2224772315136726
0.22248575002513188
0.22247789042265256
0.22247341451124003
0.22247506197491293
0.2224764841299926
0.22247476780182157
0.22248109738254357
0.22247230152364186
0.2224696021691129
0.22248067708566566
0.22248478133783572
0.2224697941520083
0.2224581181701971
0.22244761165985283
0.22244581509782912
0.22244664875327264
0.2224540624206362
0.22245731997839202
0.2224634285565242
0.22246209607041298
0.222470873704259
0.22246938030357039
0.22246536871574893
0.22246492161008707
0.22246293257345856
0.22246511696981275
0.22246541924274588
0.22247070683644085
0.22247773106013402
0.22248402280519913
0.22247898472004865
0.22247981483123375
0.22248574397986162
0.22247781736948105
0.22246973625137598
0.22246940638183924
0.2224632703147063
0.22245827516397126
0.22244704143841376
0.22244351276875574
0.2224400337057421
0.22244623722317883
0.22245354068622886
0.2224563517163028
0.22246148966328383
0.222467904714739
0.2224647431175343
0.22245690194268497
0.22245507812686122
0.2224452543525531
0.22244366837602267
0.22244662193765952
0.2224443792172877
0.22244883061384205
0.2224528041103631
0.2224487685663101
0.22245486654305716
0.2224525200326961
0.22244466762010412
0.22244416188657062
0.22243407269555052
0.2224358726570047
0.22243462790128632
0.22243728368103277
0.2224309028478096
0.2224282002920077
0.22242837599550622
0.22243513986787083
0.2224291220207014
0.22242626041983612
0.2224297537885027
0.22243360948092034
0.22243114521409962
0.22243259467865267
0.2224341047714384
0.22243749890220593
0.2224474094800467
0.22244416329622893
0.22245307069922404
0.2224520957179931
0.2224482511967443
0.22244928377866416
0.22244851554286443
0.2224532253231063
0.22245301714352547
0.22244874402290016
0.22244342127269048
0.22245195322497832
0.22245258146467695
0.2224549225778141
0.22246085476343652
0.22245837971881
0.22245658426571313
0.22245522373034876
0.22245539698871147
0.22245313940714048
0.22245878292161278
0.22245911711185476
0.22245089737561896
0.22244337434945952
0.2224507781688255
0.22245292647409637
0.2224517835682284
0.2224486042875031
0.2224434746754342
0.22244198859619027
0.22244319109354377
0.22244596737171954
0.22245225525263074
0.22245786920410018
0.22245238665846334
0.22245358262194234
0.22244903709629782
0.222448443078302
0.22244168469701686
0.22244224003105653
0.22244432891020918
0.2224463365548858
0.2224417850712173
0.2224449976149882
0.22244727505856826
0.2224525831268466
0.2224548267860063
0.22246620686533258
0.22247060329757168
0.22246847930697367
0.22247249183738077
0.22248357458810572
0.2224894699659221
0.22248879635339985
0.22248022993753988
0.22247736395483916
0.222474249851052
0.22247128977075825
0.22246525534556527
0.22245601525487238
0.2224477405047302
0.22244887311407222
0.22244858423839306
0.2224483498720464
0.22245515144572336
0.2224572689298477
0.22245289439013163
0.22245023105327066
0.22244789119575709
0.22244906321488644
0.22245297091068147
0.22245611950430674
0.22246051348446932
0.22245587982829002
0.2224602388431598
0.2224656141236339
0.22246761555250394
0.22246286275475816
0.2224587453100028
0.22245370072136061
0.2224626006626803
0.22246833565852
0.22246259585386724
0.2224585478981313
0.22245987503944725
0.22245962076442338
0.22246952934083677
0.22247477326019896
0.2224682189091499
0.2224611268406966
0.22246650653074115
0.22246672899444217
0.22246611814126366
0.222462781582724
0.22246891958611784
0.2224691514866318
0.22247899655554051
0.22248535751899762
0.22249124995156097
0.22249218563185386
0.22248710837706825
0.22248651466316333
0.22247918405779954
0.22247885784518234
0.22248524348171853
0.22248636002665176
0.2224767516204397
0.22246830059794365
0.22246826115974802
0.22246976967726528
0.2224693678781951
0.22247030163970333
0.222480139953452
0.22248162259778645
0.2224792588537733
0.22248497395886346
0.22250104800018292
0.2225075148413163
0.22251072861569743
0.22252308707861698
0.22252994383418306
0.22252845795185358
0.22253033289764412
0.2225299906101638
0.22252236465216113
0.2225176280140903
0.222511161927035
0.22251017232465498
0.2225092274434331
0.2225113125710813
0.2225132062915243
0.22251590320920397
0.22250965854949215
0.22250273214273464
0.2225140110226348
0.22251956898508626
0.2225278120570151
0.2225294188065007
0.2225383824565922
0.22253861484061738
0.2225424788724342
0.22254398758085212
0.22254304429978844
0.22254213641020062
0.22254259248808414
0.22254019947681397
0.22254193840693812
0.22254471480781784
0.22254711404588917
0.22254781809585686
0.22254882411213608
0.22254936606081901
0.2225504502866827
0.22254718241566135
0.22254198637274417
0.22254339897072145
0.22254929968622245
0.2225574767436536
0.2225516089713186
0.22255056465067105
0.22255686522147486
0.2225580724108246
0.22256444035088044
0.22257112701616247
0.22257626198960972
0.22258297700124807
0.22258948696780617
0.22258526938212583
0.22258713860100163
0.22258647136171084
0.2225917280321047
0.22259525211311568
0.2225972523062333
0.22259476390953004
0.2225919464805929
0.22259184070840032
0.22258937219837635
0.2225939999117879
0.22259109335757052
0.2225887849264187
0.22259381113315763
0.22259924441592946
0.22260031023053198
0.22259710988597478
0.2226016310812379
0.22260293018507635
0.22260636423838245
0.22260015365136349
0.22260228104880464
0.22261224118735481
0.2226156396991314
0.2226288444248098
0.22263088528583483
0.22262968858021262
0.22262912051097228
0.22262744444518295
0.22261800754953084
0.22262201091718828
0.2226181387445774
0.2226190138977974
0.22261850304803996
0.2226160566317688
0.22262186176670526
0.22262515241342912
0.22263834620461193
0.22263753291859395
0.22263073349997126
0.2226259198420168
0.22262718288346822
0.2226203693988813
0.22262138767298736
0.22261842360010398
0.22262358157157888
0.22264066486745107
0.22264122218606788
0.22264631417871444
0.2226506855160409
0.22264477130400018
0.2226459078129228
0.2226458160371792
0.22263549795811444
0.22263812351626583
0.22263386378950578
0.22263016472222924
0.22263127365154786
0.22262764239643917
0.22263091645131217
0.222634973154401
0.22263713150037218
0.2226319669399427
0.2226301205689663
0.22263016280442124
0.22263023758364128
0.2226367423780539
0.2226418558088645
0.22264457475585694
0.2226488533014857
0.22265606729519222
0.22265445510571694
0.22265632890577877
0.22265458172893893
0.22265450053651986
0.22265548347542657
0.22265854625040388
0.22266409747416246
0.22266162432285827
0.22266639944812538
0.22266748718979398
0.2226634189844709
0.2226671151406844
0.2226690504052848
0.22267079039389331
0.22267069888541488
0.2226644031138398
0.2226636350673384
0.22266520100544265
0.22266281001457558
0.222661134176608
0.22265974514984108
0.22265632413593
0.22265693777095524
0.2226580108503749
0.2226546056560391
0.22265381365116502
0.22264593564797863
0.22264655720150406
0.2226495147751242
0.22265057869243324
0.222646161593065
0.2226468169370603
0.222643228546514
0.2226436934828411
0.22263732080572204
0.2226290212658584
0.22262244181602533
0.22261743807939693
0.22262352083547413
0.2226337824985527
0.22264038321410254
0.22264161326046708
0.2226331100900615
0.2226284434187825
0.22261839755282287
0.2226123251457436
0.22261425232883678
0.22262137599877918
0.22262745345607796
0.22262697194454395
0.22262783801552335
0.22262951556752061
0.2226299862315162
0.22262669910495006
0.22262353210793911
0.22262168433991986
0.2226234127974581
0.22261835531913302
0.2226137918146714
0.22261949391537134
0.2226252928841731
0.2226230320364359
0.22261508431346255
0.22260956661793574
0.2226149110580734
0.2226124220026426
0.22261379857728555
0.22262105694459472
0.22262768150711126
0.22262615417144824
0.22262966521381966
0.22263249493298387
0.22263335650395435
0.22263805712978646
0.22264692288861876
0.2226486105658479
0.222649463567044
0.22265457183139736
0.22266486151640444
0.22266210291469504
0.22266463975247533
0.2226703470355856
0.2226796858553227
0.22268221163834975
0.22268028345229032
0.2226874376837887
0.222692139808274
0.22269785012725093
0.22270070751851556
0.2227087205993723
0.22271036351423826
0.22271388539146786
0.22271922740430486
0.22272717538398665
0.2227292530085614
0.2227284549703697
0.22272272043884944
0.22271771740662213
0.22271803220684644
0.2227151244753052
0.22271064229460474
0.22270727026987946
0.22270922089494133
0.22270165512399498
0.22269907938833924
0.22269575359240687
0.22269719005372057
0.22269940570415397
0.2226977702481248
0.22270234751305581
0.22269886010727016
0.22270088601109583
0.22269680707820164
0.22269849441627002
0.22269798241060598
0.22270027897736783
0.22269423599325158
0.22269453788146096
0.22269839157750082
0.22269880357911356
0.22269502640609942
0.2226962867816213
0.2227001682029325
0.22269983421726627
0.22270566845885495
0.22270357324780085
0.22270854056096845
0.22271125462969577
0.22271266242900004
0.222715076090843
0.2227103496050808
0.22270392377090606
0.22270334421546736
0.22270594984248648
0.22270996356311765
0.22270584156957213
0.2227065144270608
0.22270703271859504
0.22270582661566835
0.22270320965222265
0.2227075882726444
0.22270364511414242
0.22270390529003306
0.2227000567410316
0.22269904567621912
0.22270060940953643
0.22270284555230382
0.22269839308682662
0.22269478110249588
0.22269850196503796
0.2226998831926891
0.22270202118081084
0.22270400520281497
0.22270764667503706
0.22271018128852887
0.22271387315558633
0.22271646938278236
0.22271536986821247
0.22271715066284306
0.22271069455512527
0.22271314247246152
0.22271378619610505
0.22272265216206205
0.22272622880608212
0.2227265420297886
0.22273275389143313
0.22273119952444068
0.22273797541791493
0.22274590135191452
0.22274749803136817
0.222747186623284
0.2227581605812289
0.2227577134696597
0.22275500639154008
0.22275579697474304
0.22275791883494772
0.2227596190647578
0.2227612550868705
0.2227656198815645
0.22276225396214047
0.22275785676349535
0.22275272594255893
0.22275264687966367
0.22274785925977764
0.22274676938699484
0.22273933534516135
0.22273701391962666
0.22273693837091532
0.2227397297901481
0.22274000482963455
0.2227385522637227
0.22274289711245163
0.2227460946219432
0.22274490799438984
0.22274589897889907
0.22274807987794099
0.2227437810756552
0.22273391726369393
0.22272923553817353
0.22272848969637515
0.22273339519739402
0.22274120876430265
0.22274663172108028
0.22274658509340525
0.22274471994558645
0.22273913044256752
0.22273317969092427
0.22273883454417073
0.2227477298699868
0.2227459101297549
0.2227414553778491
0.222740994651186
0.22274130742839762
0.22273941215711232
0.22273529552649135
0.2227335204181583
0.22273222012628036
0.2227359327707027
0.22274160172448876
0.2227424476412797
0.22274313031386947
0.22274280429651339
0.22274534964698825
0.22274385545973638
0.22274606373480163
0.22275417067070719
0.2227615773349324
0.22275986470052037
0.2227608355473605
0.22276179788139203
0.2227668277605064
0.2227598921261544
0.2227563809071244
0.22275933624677782
0.22276016108365757
0.22276424035408193
0.22277087887839025
0.22277533591306375
0.22278008742229508
0.22277237293632923
0.22276400436990618
0.22276217886625269
0.22275769094941322
0.2227585816945376
0.22275703551630086
0.2227580557941492
0.22276241784298823
0.22276585513397082
0.22275907008479504
0.2227537550310074
0.22275684084393796
0.22275506017351432
0.22275343594567443
0.22275458323524572
0.2227541495449881
0.22275522714539733
0.2227571771257536
0.22275259485981724
0.22274700439865233
0.22274665552900708
0.22274150313337002
0.22273330556008253
0.2227257191136064
0.2227324389307868
0.22273065945995357
0.22273178919439862
0.22273938996760398
0.22274436388020558
0.2227516909296112
0.2227607809525368
0.2227631960215978
0.22276766758847452
0.2227579613704323
0.2227530578027581
0.22275483869286886
0.22275286910455383
0.22274722419042323
0.22274398524457623
0.22274462678443835
0.22273922485381542
0.22274165598514734
0.22274546061242984
0.22274502753905673
0.22273584816150918
0.22273200079597855
0.22272536525284484
0.22271800162662958
0.22271817354519324
0.2227229687314143
0.22272430213529867
0.22272493421650674
0.2227311689559954
0.2227357362621891
0.22273292095679995
0.22273281188360947
0.22273676861932154
0.22273888045579646
0.22273829726604963
0.22274617661199925
0.2227509522383387
0.2227483019904072
0.22274669722971324
0.222747723529176
0.22274652180915908
0.22274685390077828
0.22274652376136542
0.22274431170109088
0.2227471396919783
0.22275269235502523
0.2227497290721008
0.2227472342089499
0.22274793962977477
0.2227453076502343
0.22274995754844354
0.2227477223461773
0.22275238444829093
0.2227526997860436
0.22274466035193385
0.22273897538078563
0.22273575171267562
0.2227344104611079
0.22273770039253388
0.22274554639486427
0.22274777502433288
0.222748154624459
0.222745783000479
0.22275280047735785
0.22275331871963344
0.2227461303334953
0.22274404532590591
0.22274591989326833
0.22274705658919708
0.2227434132549653
0.22273920100689137
0.22273782023144842
0.22273623378506632
0.22273834179548194
0.22274325176377335
0.2227451525779677
0.2227365675515198
0.2227329611899705
0.2227309780963873
0.22273487403931724
0.22273927355623227
0.22273401454064246
0.22272477893450435
0.22272232717453508
0.2227221686465273
0.222723310703307
0.22272520060597048
0.22272783256584855
0.22272760794012592
0.22273137649905447
0.2227255146458247
0.22272583906827936
0.22272212929969942
0.2227171249354306
0.2227229390885615
0.2227242311424404
0.2227247844894749
0.22272810459151668
0.22273254485076793
0.22273733930138973
0.22274210618180573
0.22274229357355693
0.22274041634871847
0.22274259380594397
0.2227396382653317
0.2227359920171937
0.22272896292400077
0.22272827342566492
0.2227233658127024
0.22271948110326745
0.22271616815637468
0.22271271722395053
0.2227105917865679
0.22270973213149606
0.22270959571788423
0.2227114861251329
0.22271854922254086
0.22272071459689038
0.2227147801000479
0.22271804246146268
0.22272059625977392
0.22272022480066783
0.22272330175215418
0.2227191695668572
0.22271583854951188
0.2227164801610701
0.22271513209212157
0.22272071820471276
0.22272522588372054
0.22272641446318553
0.2227238649071657
0.2227178237261025
0.2227119508303122
0.22271468548709691
0.2227187206115702
0.22272315964282277
0.22272384255916097
0.2227177928289261
0.22272162603261514
0.22272187293031082
0.22271521858481663
0.22271017486369415
0.22270919034904
0.2227050941858679
0.22270696737022136
0.22271015137067338
0.22270173267571677
0.22269449953116138
0.22269110451218255
0.22269672179033137
0.22269677763186332
0.22269568659388436
0.22269133164054056
0.22268690977445876
0.2226919139391879
0.2226898118061182
0.22268889068294
0.2226890599349645
0.22269515835600465
0.22269536725156427
0.22269039026576817
0.22268335105014644
0.2226850361234033
0.22269104967198824
0.22268821437565073
0.22268454584031966
0.22268673480472675
0.2226885257868744
0.2226922116822452
0.22269150318896258
0.22268736543022294
0.2226863955110433
0.22269134177873542
0.2226961003187108
0.22269600781163382
0.22270176672950417
0.22270116278672097
0.22270308803992095
0.22270482086890853
0.22270582309767936
0.22270757414975276
0.22269859512265922
0.22269713848427808
0.22269985109180804
0.22269547671070353
0.22269983609813784
0.22269759109623477
0.2226952088910938
0.22269075044818226
0.22269054782981676
0.22269677973980717
0.222695788557269
0.2227013271558972
0.22269815321685735
0.22269669192965771
0.22270042109757215
0.22269597565878763
0.22269401877365452
0.2226938315248744
0.22269567432767878
0.22270284798324275
0.22270170726135208
0.22270567797135868
0.22271332114556927
0.2227149992488937
0.22271019946163476
0.22271532741029382
0.22272116537180736
0.2227209979986028
0.22272048653731363
0.2227163387894413
0.22272669642762488
0.2227326345974449
0.22273320019130208
0.22272489347757096
0.22271918727171328
0.22272000247892226
0.22271999420036911
0.22272331603011145
0.22272520845172536
0.222732612652009
0.2227361337510278
0.22273977256849117
0.22273951245891707
0.22273832940671534
0.22273529994694777
0.22273482696281924
0.2227360453734349
0.22273275352600555
0.22272726109932506
0.2227231074695073
0.22271926382391247
0.22271414160612485
0.2227152037125936
0.22270813937115866
0.22270819962055283
0.22270657937190497
0.22270695240573324
0.22270956225586344
0.22271105306788197
0.22271006999669016
0.2227119579095985
0.22270998987633736
0.22270711564140128
0.222701169430598
0.22269904253824574
0.22269719472412758
0.22270077952368972
0.2226973910876954
0.22269262271687026
0.22268592311593793
0.22269077716003807
0.22269578984590443
0.22269769674274612
0.222693169648195
0.22268397030536932
0.22268153580685185
0.22267982737810607
0.22267691742114887
0.22267915692519416
0.2226818038075884
0.22268716439290162
0.22268825952072882
0.2226808997992663
0.22268265468296844
0.22268834982851404
0.22268711064029492
0.2226772139085498
0.2226795142355839
0.22267493948373787
0.222676999508007
0.22268109803196878
0.22268294721496615
0.22268005538934973
0.222680223859365
0.2226773545467763
0.2226761987381384
0.22266987315446765
0.2226728911522854
0.2226676848196447
0.2226642939185758
0.22265732757903647
0.22264871432605446
0.22265041805556354
0.22264536522121145
0.22264181669753927
0.22263963160376488
0.2226391311185774
0.2226339105183524
0.2226316651896607
0.22262340875152034
0.22262152955158288
0.22262203282298262
0.2226214587762198
0.22261649118717858
0.22261358133025974
0.222614878185101
0.22260865158301685
0.22260636842055675
0.22261232436231299
0.22261364649131782
0.22261943360123765
0.222615611868288
0.22261619151166148
0.22262488271512576
0.22262721039500522
0.222626629718713
0.2226272886995788
0.22263514915899446
0.22263634105044863
0.22263372028864142
0.22263554300641414
0.22263717506349526
0.22263828695181742
0.2226401077834954
0.2226437552871004
0.22264672485378956
0.22264593675507408
0.222648684712074
0.22265077997824742
0.2226530003257503
0.22264994772690497
0.2226487505090258
0.2226489018502408
0.2226442458882053
0.22264154419087254
0.22263993175380825
0.22263534198120952
0.22262963880980363
0.2226280286097111
0.22263016983187686
0.2226331019738934
0.2226361250581405
0.22263156307618315
0.22262749715478966
0.2226196893243091
0.22261875987987592
0.22262317718346553
0.22262855752211447
0.2226287769226313
0.22263012401624976
0.22263203987942343
0.22263388138975823
0.2226405445479996
0.22264218840128622
0.22264058345510898
0.2226474543717296
0.22265310596068752
0.22265686683361768
0.22265470717313024
0.22265699772323316
0.22265534577430351
0.222660122147665
0.2226595524135437
0.22265856342866422
0.2226632192848737
0.22266184848768214
0.22265923439616275
0.22265770383185793
0.22265069843388627
0.22264748500688056
0.22264826674020863
0.2226527106547386
0.2226556529634215
0.22265669292500792
0.22265428810210597
0.22265139891529
0.22264957944444755
0.222648966838463
0.2226518817908669
0.22264708156430324
0.22264326219411898
0.22263856442959057
0.22264156296846566
0.2226411088775656
0.22263734787291695
0.22263392434351928
0.22262915902345323
0.22262585091619033
0.2226264217338189
0.22262614440123954
0.2226246080202142
0.22261491569877423
0.2226114250533233
0.22261195905668266
0.22261698301011604
0.22261942104768648
0.22261751313751849
0.22261392367029323
0.22260634955829128
0.2225991860740355
0.22260049783503635
0.2226012720691326
0.22259963906656707
0.22259600279453204
0.22259659156464878
0.22259482997424973
0.22259551038144515
0.22259392800192607
0.22259340830537527
0.2225992735017143
0.22260445864783057
0.22260348089053136
0.22260561216712205
0.22261066265491966
0.22261215035624968
0.22261463734893153
0.22261343305902542
0.22261487635974062
0.22261220297684803
0.22261386311816006
0.22261749662315206
0.22261744269322428
0.22261842257389447
0.22261667456816361
0.22261213336818855
0.22260730811734503
0.22260165713704333
0.22260302576956875
0.22260470904632274
0.22260969986021178
0.22260750897849188
0.22261056151035125
0.2226137306080809
0.22261184088880234
0.22261268187279787
0.22261382247895775
0.22261271797536605
0.22261064315958976
0.22261212762463503
0.22261050131081583
0.22260713940168717
0.22260876872611532
0.2226078432587238
0.22260575953684922
0.22260211631410168
0.22260158799543842
0.22260749450201192
0.2226166972401514
0.2226158278527989
0.22261832307617746
0.2226187075867958
0.22261693687988704
0.2226145672082411
0.22261664424557145
0.22261087719293118
0.22260773156300767
0.22260681938373086
0.22260847481604973
0.22260823039441824
0.22260643132778693
0.22260720821123864
0.22260847855563515
0.22260466773661072
0.22260994196115952
0.22261530531126872
0.22261855131223468
0.22262074815909857
0.22262628745686439
0.2226249285993787
0.22262205225610254
0.22262220524405477
0.22261659285637198
0.2226133597868809
0.22260839817619996
0.2226136521862398
0.2226164247384778
0.22261490219208563
0.22261440296228488
0.22260707898057372
0.22260291741418217
0.22260693996370948
0.22261344706209776
0.222623140394319
0.22263164252357026
0.2226364637922278
0.2226365716665725
0.22264245857108247
0.22264751679426364
0.22264965947416068
0.22265439993333896
0.2226560261346928
0.22265654485480538
0.22265810426913307
0.22266542965668132
0.22266459491886306
0.22266823578676107
0.22267632623960545
0.22267773093687357
0.22267296238384948
0.2226778947935738
0.22268168571295605
0.2226826398303447
0.22268360262527143
0.22268447811860195
0.22268107798696804
0.2226847014924838
0.22268515384989407
0.22268349388556138
0.2226845681033276
0.22268175305490248
0.22268475155968495
0.2226866116907979
0.2226868150780755
0.22268641627556918
0.22268697656571013
0.22269142612951656
0.22269306168554534
0.22269397347250003
0.22269537874454712
0.22268779814162723
0.222690424153509
0.22268771611159974
0.2226883863768118
0.22268980843294225
0.22269137517876192
0.2226952124185218
0.2226974296124403
0.2226962696214614
0.22269531833929485
0.22269722562651903
0.22269599345280122
0.2226963997944421
0.2227000394911763
0.2227056876503566
0.22271227471114446
0.22271601351920206
0.22271722164611576
0.22271478455675708
0.22271626292742655
0.22271868769477607
0.22272210731945077
0.22272273841608586
0.22272396200732889
0.22273135661991877
0.22273421768745422
0.22273297222242255
0.2227347628742984
0.22273030466513352
0.22272774231745457
0.2227295322406496
0.22272571233497787
0.22272377882838368
0.2227213787488341
0.22272418818222564
0.22272907130291275
0.22272520118040257
0.22272620691237033
0.222724490908924
0.22272497264178073
0.22272790899208306
0.22272794802488452
0.22272822127192862
0.22273181781438853
0.22272641426456108
0.22272214240894564
0.22272069467580996
0.22272620015486153
0.2227269544231979
0.22273150098195865
0.2227377210014964
0.22273623599533474
0.22273791129950934
0.2227400074618932
0.222744809970825
0.22274643231345798
0.22274529851731484
0.22275181664932245
0.22275267087056755
0.2227579587358604
0.2227568392849582
0.22275057932342707
0.22275111719901403
0.2227488212365165
0.22274331287763055
0.2227397499373691
0.22273414293359275
0.2227262455013755
0.22272224249060169
0.22272251247825223
0.22272106220824892
0.22271977838381063
0.22271895057921082
0.2227191397888657
0.22271597680898886
0.22271537895910334
0.2227262939130184
0.2227324256317499
0.22273029134214825
0.22272895607329599
0.22272658108686683
0.22272395800785844
0.22272010669744094
0.22271706092917506
0.22271456372802634
0.2227143875680829
0.22271636501835068
0.22271625886627192
0.22270992309498097
0.22270880355093803
0.22270960449285251
0.22271590628860455
0.22272284053843291
0.22272410201605844
0.22272580301445064
0.22271797743796254
0.22272060110563366
0.22272468706068513
0.22272203184689046
0.22271858774150546
0.22272358422852773
0.22272067992419667
0.22271915405106493
0.22272075512414383
0.2227249416265604
0.22272682739255015
0.22272432721065447
0.22272438464556893
0.22272280649274415
0.22272179099628925
0.2227201686215643
0.22271644906374966
0.22271515101878248
0.2227162322214932
0.22271723096405743
0.2227145052692448
0.222712712883988
0.2227120722991572
0.22271059480106886
0.22270876743510404
0.2227123701884167
0.2227122640061498
0.22271320616751275
0.22271417506006227
0.22271060716953003
0.22270477442888634
0.22270116667679155
0.22269502336482788
0.22268797694494982
0.22268786844136795
0.22268640392449404
0.22268506009021635
0.22268450817462257
0.22268338262703696
0.22268363521369638
0.22268342175532907
0.2226826393806827
0.222675162768184
0.22267791104055484
0.22268101225611167
0.22268097772295042
0.2226777344539455
0.22267281970616037
0.22267257156228124
0.2226720219980751
0.22267631006573146
0.22267910025631146
0.22267837374312077
0.22268185859668513
0.22268050191733893
0.22267858999084467
0.2226809430091287
0.22268035024798763
0.22267528142680823
0.22266979194207256
0.22266763037418777
0.22266171731548368
0.22266402926595372
0.22266751001064664
0.22267301723127197
0.222671921384332
0.2226740192292735
0.2226781707446856
0.22268217600638449
0.22268278453202942
0.22267912556807803
0.22267426344761698
0.22267188428714846
0.22267493419212855
0.22267041086001468
0.22265968025466043
0.2226504289280915
0.2226470031129998
0.22264631934950788
0.2226444069725862
0.2226409242275159
0.2226391688019994
0.2226407100599662
0.22263807136207336
0.22263214304933307
0.22262689763280943
0.22262484513581418
0.22262570886000432
0.22262743422238512
0.22262666791767857
0.22262478856436177
0.22262096523680672
0.2226164919784579
0.22261624017469178
0.22261110723684924
0.22261330279884475
0.22261075400982103
0.22261027699312405
0.22261392175525252
0.22260758044493725
0.2226039246947051
0.22261185689022336
0.2226140216796984
0.2226141357381083
0.22262024862055077
0.2226233896879359
0.22262314891820548
0.22261787086895654
0.22261673502462764
0.22261101961450766
0.22261310995820896
0.22261664992060973
0.2226159525202006
0.22261665975269726
0.2226129430118893
0.22261772113219888
0.22261663340050297
0.22261058937160622
0.22260669141055137
0.22260922538361946
0.22260127915846833
0.22260031216128678
0.22260235258511793
0.22260327344291966
0.2226064022600543
0.2226065470268965
0.22260811306345368
0.22261091819916373
0.22260874311346543
0.22261337417143992
0.22260793846492985
0.2226040587503767
0.2226076960873529
0.22260604659257568
0.22260506328372562
0.22260481649014313
0.22260404966295017
0.22260085550235814
0.22260212367575677
0.2226056187075708
0.22260433501246799
0.22260474028264943
0.22260719856849104
0.22260975132103503
0.22261138512600218
0.22261251434248777
0.22261235131605153
0.22260844385480386
0.22260579240651343
0.22260822439259512
0.22261294282070015
0.22261173791581876
0.2226109742306625
0.22261220596905493
0.22261087661628853
0.22260460268535637
0.222605661498063
0.2226091417845197
0.22261006097564967
0.22260920512805407
0.2226071270686782
0.2226052266077807
0.2226008616839651
0.22260033606326451
0.22259831233896457
0.22259439188257882
0.22259323738629988
0.2225924538150749
0.2225898288555149
0.2225924157327194
0.22259436064359228
0.22259534814461307
0.2225980618784343
0.22259524859740257
0.22259036937311888
0.22259233241157392
0.22259398673853487
0.22259457015117473
0.22259164934552156
0.22259277624134252
0.22259632081782138
0.22259627720003042
0.22259428970117537
0.22258803892115434
0.2225830199872625
0.22258508288060144
0.22258411121297111
0.22258596383131485
0.2225828085929674
0.22257775634531585
0.22257556705593293
0.22257795978964018
0.2225799935376548
0.22258040362991163
0.22258255433949103
0.22257612999092397
0.22256930129448352
0.22256507515042043
0.2225605390443286
0.22256022276333787
0.22256146914322583
0.22256035030290586
0.2225570932486344
0.22255540130504553
0.22255281856584175
0.22255553013835808
0.22255082501413304
0.2225531139924386
0.22255243058342583
0.22255257809768095
0.22255360373288113
0.22255053333341915
0.22254796910053265
0.22255718359101406
0.22255974065970524
0.2225636313455639
0.22256354238269366
0.22256728793298694
0.22257092998212968
0.22256863611007868
0.22257085889968178
0.22256966847592843
0.22256421565402085
0.2225608196785421
0.22255871627238066
0.22255730266761745
0.2225558973465588
0.2225600832868601
0.22256204893841317
0.22255919254225184
0.22255618179387474
0.2225523915052202
0.2225552211648302
0.2225544869190347
0.22255241617268168
0.22254851360076536
0.2225491559063825
0.22255063025942173
0.22254621115769418
0.22254984268074812
0.22254840030580278
0.2225554076379164
0.22255795306407636
0.22255691717133883
0.22255925875500132
0.22256364820913263
0.22256950053171484
0.22257051258055097
0.2225710845871512
0.22257557965223218
0.22257488215766422
0.22257198654747556
0.22257206912650515
0.22257811709319922
0.2225809023754373
0.22258075826659077
0.22257769668933747
0.22257733471754423
0.2225791577291006
0.2225817798737634
0.22258503231578167
0.22258894242639016
0.22259422157863046
0.22259373353225756
0.2225909430872393
0.22259157680991834
0.22259199947386094
0.22259137295956394
0.22258956155191298
0.2225879249521901
0.2225882526395302
0.2225888381273002
0.22259319498261412
0.22259158676224783
0.22258980172594872
0.22258828336689093
0.22258995359732617
0.22259119868467406
0.2225875607292997
0.22258438214142437
0.22258834784437248
0.222589677265864
0.22259102860260072
0.22259338327155528
0.22259235784248688
0.22259353769193585
0.2225913954042245
0.2225899729305435
0.22258998100269353
0.22259592446405174
0.2225926315122219
0.22258700241117158
0.22258785961008096
0.22258529842973956
0.22257883767067774
0.22258320757022518
0.22258639643031428
0.22258104598420247
0.22257518723420505
0.2225699988546974
0.22257011605230706
0.22256695878426175
0.22256525709812416
0.22256497622561383
0.22256617782196308
0.22256603876361714
0.22257352884569148
0.22257828677307406
0.2225797958599066
0.2225772196320136
0.2225730946092164
0.22257065902097142
0.22256869700048107
0.2225721789701667
0.22257163637197222
0.22257776221227818
0.22257840232888548
0.22257566128003786
0.2225725094264988
0.22257265138168805
0.22257319150010366
0.22257446932560068
0.22257420355375174
0.22257703849760055
0.2225798007390037
0.22258458634578365
0.22258659371342207
0.22258412233148786
0.22258825949710956
0.22259289935706744
0.2225954914826403
0.22259379267414148
0.22259421592357342
0.2225922666962921
0.2225935476051078
0.22259753514855493
0.22259489567510884
0.2225941015331352
0.22258953208596655
0.2225889309549167
0.22258743959657104
0.22258785335307602
0.22259113639184674
0.2225968393908732
0.222598634868147
0.2226007309506108
0.22260170189029158
0.22260277422999475
0.22260766639713606
0.2226100317557033
0.22260953042967446
0.22261229005609343
0.2226161701224372
0.22262181379846932
0.2226269523034538
0.2226289771932572
0.22263133976443347
0.22263487598122036
0.22263481797318815
0.22263632950495574
0.22263440905145418
0.22263353671496688
0.22263398747285842
0.22263393591292127
0.22263295225213212
0.22263576486568587
0.2226379509873623
0.2226407277931927
0.22264404729887935
0.22264654655835386
0.22265164903373252
0.22265198567632224
0.2226503715598514
0.2226512182885251
0.22265409291430663
0.22265557688218957
0.22265801505836672
0.2226600308328398
0.22266185482159878
0.2226641350834417
0.22266765111856235
0.22266494045555288
0.22266349596559856
0.22266720646370938
0.22266509517436228
0.22266096238590047
0.22265635152841648
0.2226542390418669
0.22265371953513255
0.2226527979161764
0.2226561682519271
0.22265463927999202
0.22265406092781348
0.22265448174402863
0.2226531022966753
0.22265800089948745
0.22265551329985517
0.22265927865369156
0.22265682636505144
0.22265230932728222
0.22264627397174175
0.2226409568698023
0.22263670776587433
0.22263648124875215
0.22263230995181438
0.22263240377454635
0.22263275585405234
0.22262988588024576
0.22263197530850748
0.2226358181398625
0.22263501869141128
0.22263802955836592
0.2226352944419305
0.22263338088314047
0.2226283286520808
0.2226248792536318
0.22262314329146035
0.22262432904549675
0.22262285515066377
0.22262379262675425
0.2226207914944599
0.2226147683464368
0.2226091568975407
0.22260960960852408
0.22261112921063342
0.22261415249831681
0.2226134233240889
0.22260704451524474
0.22260780460537768
0.22260988805685164
0.2226122088138815
0.22261285415507942
0.22261096672034605
0.22260856010074806
0.22260446665644246
0.22260625690723318
0.22260813807044502
0.22261310555353642
0.22261901240441131
0.22261348315549906
0.22261620270664095
0.22261748747712615
0.22262026189968145
0.2226233343805481
0.22262267248157874
0.22262150976564768
0.2226182062125275
0.22262051459655316
0.22261771541939604
0.22261673366904464
0.2226177124818819
0.22261734289975865
0.22261391903202613
0.22261213826246568
0.2226126489277133
0.22260741568546905
0.22260652648631274
0.22260879502002057
0.22261077107124422
0.2226094916386453
0.22261199731017725
0.22261175061480457
0.22261260660376764
0.22261665650886978
0.2226225434561456
0.22262445628227356
0.22262285969254508
0.2226226374163989
0.22261839949945497
0.2226186671921319
0.22261807984691262
0.2226150106940966
0.22261289500810472
0.2226149767139186
0.222623044678235
0.22262505361466087
0.2226260191889327
0.22262276988583649
0.22261842652594382
0.22262419104526285
0.22262533029458406
0.22262982192010047
0.222630592291767
0.22262524143607196
0.2226242291931581
0.22263048689451345
0.22263279114342344
0.22263345660446682
0.22263253464964378
0.22263296198983687
0.2226352709123617
0.22263165937567858
0.22262844092241507
0.22263243180923212
0.2226321008900824
0.22263165751301636
0.22263325758925376
0.2226300460471438
0.222633834321299
0.22264006659810057
0.2226411873054776
0.22264327724637165
0.2226422144023908
0.2226406589567804
0.222644507436279
0.22264724510946504
0.2226501749047302
0.22264198682568173
0.2226414986269964
0.2226458891929194
0.222647889006815
0.22264611580688218
0.2226483541472284
0.22264427667758743
0.22264220623596823
0.22264045741588445
0.2226349871906087
0.22263410730395397
0.22263698323144107
0.22264088015513522
0.22264377901597482
0.22264066054230677
0.22264183264727352
0.22264013724903736
0.22263288469766762
0.22262910250030074
0.22263029231948883
0.2226342807932254
0.2226345603542129
0.22263712481745082
0.22263955181447642
0.22263867082904906
0.22263582623495717
0.22263080410481828
0.22263059692939505
0.2226264265863418
0.22262419428541422
0.22262470214905997
0.222621918303908
0.22261953775375778
0.2226185272785363
0.2226199703353815
0.22261964535674678
0.22261983834375318
0.2226180439810171
0.22261871726362698
0.22262195838998014
0.22262326040959254
0.22262619424436855
0.22262601288061518
0.22262530413685436
0.22262378356828277
0.2226280823234419
0.22263065365322654
0.2226322225617785
0.2226338063084214
0.22263231328797714
0.2226345598044978
0.22263380701485236
0.22263644315925807
0.22263360056802953
0.22263378869541678
0.22263538375850456
0.22263699508894882
0.22263772811885776
0.22263968426836264
0.2226401185211198
0.22263804346482954
0.22264066745875036
0.22263718447272268
0.22263057640780987
0.22262562469170624
0.22262061997164712
0.22261843104268553
0.22261362069695417
0.2226168037825247
0.22261786714333995
0.22261625296186627
0.22261709336168553
0.22261777854255493
0.22262187038113232
0.22261994448786795
0.2226149065337312
0.22261390509373546
0.22261535671991095
0.22261939788941335
0.22261561528084933
0.222610472792324
0.22261302202838362
0.2226162976240545
0.22261108227124554
0.22261137774444145
0.2226135693725374
0.22261637596047323
0.22261743659555744
0.22261280630617988
0.22260386263179685
0.2226049922517364
0.22260552914911383
0.22260496651014994
0.22260672318875643
0.22261003765346574
0.22261250638668345
0.222612919673365
0.22261089717843874
0.2226105916749817
0.2226109863344873
0.222604533214449
0.2226000581849558
0.22259952773865085
0.2226005998369971
0.22259810265799163
0.2225946866718766
0.22259379912618962
0.22259558041932545
0.222592164242475
0.2225931373086009
0.22259650957996815
0.2225961790726113
0.22259326995641818
0.22259704969963198
0.22259965870745713
0.22260161580771914
0.2226012797732525
0.2225982388205026
0.22259716774295038
0.2225994254611396
0.22260245145566318
0.2226016390225966
0.22260098298033348
0.22259873760238366
0.22259729737850817
0.22259691427347178
0.22259868600209765
0.22259962960172613
0.22260016619824072
0.22260342504258798
0.22260932485795284
0.22261051641928023
0.2226174951508703
0.22262066072023357
0.22262107015715923
0.22262084418905775
0.22261736689638573
0.22261250372385463
0.22261020515088012
0.22261007752874515
0.22261210113988655
0.2226113306510083
0.2226110425345053
0.22261150597487345
0.22261142200296194
0.22261380813067147
0.22261641864660706
0.22261585949306698
0.2226159479188194
0.22261755383954562
0.2226149862424536
0.22261049487915388
0.2226110210181664
0.22261352029389156
0.2226153741505012
0.2226170947816132
0.22262264399725143
0.2226301920472628
0.22262771220146862
0.22262594134874641
0.22262349228299014
0.2226266460271676
0.2226242740611484
0.22262040098848063
0.22261619642535807
0.22261214163420373
0.22261355451431863
0.2226140141362192
0.22261624333158067
0.22261630533441787
0.22262281836736636
0.22262693654211865
0.22262915354424298
0.2226304028701429
0.22263422370772618
0.22263441882299817
0.2226361410246597
0.222632689445542
0.22263629756488984
0.22263547633256167
0.22263137527115937
0.22262890904252144
0.222631375441129
0.22263051153069993
0.22262861470039463
0.22263022363059906
0.22263331769965394
0.2226355990582301
0.2226343668572364
0.22263331116607463
0.22263823686320952
0.22263806554452878
0.22263765189730136
0.22263936915260327
0.22263532512842976
0.22263588965527972
0.22263960934370386
