0.3417655537978223
0.3645704208504973
0.3701448479145342
0.37231081606192723
0.37328980929048233
0.3747084515691914
0.3756765070397469
0.37574342335877925
0.376214613684787
0.3767744592860497
0.3771402422961122
0.3775261927010432
0.3775156767121006
0.3772270835461276
0.37719432755955706
0.3772136790358477
0.3771319687253804
0.3767073618880966
0.37625487056964535
0.3757133536192169
0.3752307159058292
0.3745713707284047
0.3740714595827982
0.37379125937617663
0.37355028441537497
0.3733692766936556
0.3733012687638532
0.37328318965558255
0.3733147406668177
0.37322558851438464
0.37299671601790757
0.3727572591984326
0.3726525898017497
0.37256572083107103
0.37246581255646866
0.372335374199833
0.3722735749398375
0.37222836087589334
0.3721846280231661
0.37220494536151216
0.37238373094859795
0.37251680926656283
0.37258921244103826
0.37255354625577297
0.37242474098949463
0.37230678781305265
0.37217103316324784
0.3720099788762362
0.3719289869462034
0.3719189973421594
0.37190705276672575
0.37190663681598407
0.3718334862070678
0.37180935686882344
0.3717851193265949
0.37183475960618645
0.371879612206316
0.37195422354368546
0.3720111152182705
0.3721328210498276
0.37229343030558737
0.3723249489419523
0.3724020458173263
0.37247500542069273
0.3724753507714478
0.37244817967273686
0.37254260318081395
0.37258776803986016
0.37262190919516036
0.37263959434516725
0.37262355395048596
0.3725906964954499
0.3725727081358744
0.372468000730638
0.3723792363362579
0.37233373621442234
0.37226850850883164
0.37220060989982073
0.37211174824188414
0.3720640360420902
0.37201032215095525
0.37198145479852185
0.37197565838489377
0.3719832912413317
0.3719688387705055
0.37196857741749023
0.37198341017020614
0.3719522475903051
0.37189026116966173
0.3718605859068994
0.371879492480394
0.3718917940111966
0.3718632876422474
0.37184332592041025
0.371804656919591
0.3717895295443898
0.3717830745769872
0.3718097406387114
0.3718565170498054
0.37185687056838085
