0.22414694001957453
0.22521754759556387
0.22423759286828213
0.22425775786976124
0.2230602746745837
0.2226630079308985
0.2218444821629395
0.22235160404777501
0.22225063460892133
0.22186356659036444
0.2224339090182063
0.22239705323705855
0.22227509683492438
0.22258177142985955
0.2226063369983384
0.22214646749165687
0.22146785189584436
0.2212263939793043
0.22100154873299055
0.2208612036014869
0.22090408022823504
0.22102475321402465
0.2212052432065819
0.22124263532738866
0.22108634612917624
0.2212270829109209
0.22101877803644127
0.22070261941171584
0.22051642605340077
0.22051597956163432
0.22049030012545623
0.22044944857648263
0.22035057798221766
0.21999077099117756
0.21978917517609617
0.21984886546156174
0.21996526023894233
0.220132684276586
0.22009744442877852
0.21993190146703923
0.21986809140343158
0.21972705352177052
0.21982668169507158
0.21989196143742923
0.22014909019967627
0.22028706225541006
0.22026104380234887
0.2203219179702601
0.22033219749137042
0.2204275991690622
0.22052798361064221
0.22061494076345595
0.2206179481371559
0.2206671786132802
0.22086229583301895
0.2210681201820098
0.22118036237922858
0.2212088711587694
0.22130930285132422
0.2213197838406818
0.22140208344431442
0.22152790000487904
0.22161884728250594
0.22160165896513415
0.22159299838824018
0.22171751931338077
0.22179954667018725
0.2219663655772825
0.2221615121668692
0.22213371027326545
0.22215334803518988
0.22217790467565487
0.22224408382005023
0.22228933975955917
0.222215715864286
0.222246767224637
0.22222056682263513
0.2221448298354349
0.22212759609424043
0.22212256147915588
0.22219391384255469
0.22222173922726565
0.22222344590265364
0.2221672016033164
0.22217745203721556
0.2220901303389726
0.22215082043593568
0.22222364521300622
0.22235610297227074
0.22237920955322651
0.22238059365300775
0.2223383154320095
0.22236623239737294
0.22237791996067216
0.22238171064693493
0.22243963353319599
0.2224418362384008
0.22231519942728079
0.2222349285948605
0.22221028094241438
0.22222791882131582
0.2222930760107094
0.22228698908871913
0.22240380550377362
0.2224302316850414
0.22245303565115734
0.22247852094140805
0.22246191862439169
0.22243234886371543
0.2223817176029435
0.2222978178587233
0.22225652557526374
0.22231346552954473
0.22226398445558124
0.2221630796471574
0.22220034426254776
0.2222120948558305
0.22223336079351177
0.22219272267476112
0.22213097736662815
0.22210627444183434
0.2220721217193863
0.22199782719427236
0.22196151219233276
0.22194541947457982
0.22193083372958655
0.22196077441956147
0.22197070354680618
0.2220003015007013
0.22201968730838514
0.2219707991928316
0.22189198465400328
0.22189733020861313
0.22192855839088482
0.22191454581439407
0.22193711676201608
0.2218912960942254
0.22179230807388015
0.2217562438836642
0.22172352211074967
0.22178229706607727
0.22177429621786512
0.22180352556291563
0.22178883293929733
0.2217922013561326
0.22178479958777328
0.2217292181601163
0.2217474800862953
0.221848312210848
0.2218405468671335
0.22185824947377775
0.22184610779892733
0.22181731705359825
0.22182437352274134
0.22183924837051733
0.22186055360554008
0.22185093984778667
0.2218516136248959
0.221846797457817
0.22183757251135683
0.22180270880265712
0.22178989199258045
0.22178875870599526
0.2217782611549285
0.22177147923618473
0.22180000670040298
0.221825553454419
0.22186913162971383
0.22189812768304468
0.22190977168518639
0.221895759589993
0.22186365483912615
0.2218537034996831
0.2218471092788213
0.22185231621508722
0.2218808738617773
0.22189830100077806
0.22186475067549946
0.2218670227466571
0.22186195725850652
0.2218211574203203
0.22177357072600626
0.22176173331414417
0.22177990265123992
0.2217948870032278
0.2218014193546755
0.22181287131669433
0.22184811836056464
0.22183590850785306
0.2218461054051305
0.22188580089723467
0.22187827855224007
0.22185207675144406
0.22179366425871716
0.2217691506140588
0.2217916912131931
0.22182112147421956
0.22183765756279206
0.2218395654567828
0.22185544589472547
0.22189417361230052
0.22188284955079854
0.22184308446172823
0.22180841021204928
0.2218292060003699
0.22185233508184235
0.2218594809037205
0.22182731759760474
0.2218315373500038
0.22184250655377383
0.2217883153570453
0.22176092321314483
0.22176927766281007
0.2218019491874549
0.22182653048477596
0.22182805665699395
0.22180145357553244
0.22181689876093572
0.22182082981832113
0.22183833724096846
0.22187630159898966
0.22187171315386833
0.22187443452348138
0.22187116267351764
0.22188343051894302
0.22188828418142037
0.22190256256789992
0.22195041354704667
0.22199616959210272
0.2220274696378571
0.22202108135552862
0.2220027893217032
0.22198009430490245
0.2220076964601474
0.22202517709718175
0.2220477896447622
0.22206726471036128
0.22205992977076727
0.22205382208541086
0.22201562933146615
0.22196612658077894
0.2219815660686955
0.22198368628548248
0.2219756241685424
0.2219974051105936
0.22202055814965155
0.22203338996177702
0.2220442224798545
0.22204939842238763
0.22207922659100243
0.22207409688492563
0.2220811175096492
0.2220776704998285
0.22205386683074196
0.22205715088155556
0.2220901126582258
0.22209108242875017
0.2220719049604193
0.22208351201727772
0.22210389501461267
0.22210502002200946
0.2221206390094974
0.22212106487641728
0.22211937678451069
0.22215198239486397
0.22219582153348041
0.22219712161661226
0.22222018227456947
0.2222412903995805
0.22221965147536984
0.222192747615486
0.22220107792151983
0.2221913455741999
0.22216991859686408
0.22217918680559598
0.2222128528204361
0.22219094621984956
0.2221671046112946
0.2221438020337765
0.22212723847231902
0.22210903226627282
0.2220987404862226
0.2220820322787685
0.22206399445875535
0.22205792147660453
0.22207329085672464
0.2220692934219829
0.22208467504472013
0.22208412243297837
0.22205865948155049
0.2220520049739386
0.22202749934243465
0.2219866060815842
0.2219800887907402
0.22199865227160917
0.2220057934763863
0.22200053150597232
0.22198374374517968
0.221962389886013
0.22198147812121363
0.22200429463400048
0.22200154988411502
0.22197699369053842
0.2219792644801845
0.22198378078219574
0.22197727948390014
0.22196965370358082
0.2219493831403791
0.2219583697230507
0.22199795459778418
0.22200515370459653
0.22201906579076153
0.22203176581169043
0.2220209687096894
0.2220478142483619
0.22203859292629097
0.2220348019717827
0.22201566605874085
0.22200735633157173
0.22200621449648003
0.22200359968913913
0.22202502632987017
0.22204076062432698
0.22205905156416597
0.22204829853047406
0.2220575012483868
0.22206694469679855
0.22206974514270578
0.22206949278952137
0.22206450370163505
0.22207279509123456
0.22207819118357922
0.22208891433544872
0.22208222335744063
0.22208745824276618
0.22208071801495613
0.2220639257563176
0.22207427501056545
0.22207098298804667
0.22208932582755544
0.2221021539821967
0.22209991047833072
0.2220903473293968
0.22210245845937002
0.22209287158552757
0.22208312322768556
0.22207340052190058
0.22207235336968675
0.22206835571434416
0.2220439661052351
0.22203648462199563
0.22202505582436277
0.22201283794955665
0.22204226421033793
0.22203916401244503
0.22203830256776028
0.22204157305772337
0.2220431836236508
0.2220329625113649
0.22204734633807383
0.22204280084080055
0.22204659982098796
0.2220404880800995
0.2220430150428757
0.22202215098193012
0.22202231283691912
0.22202209167072787
0.222004288445911
0.22201416496217696
0.22203101950158297
0.2220466197418684
0.222042821431542
0.2220508786281889
0.2220408394395798
0.22203854464993467
0.22201900205114458
0.22200599767986348
0.22200103681199657
0.2219906377429746
0.2219965299593106
0.22200505007247764
0.22198249174437326
0.22196203302383152
0.221967852315602
0.22197530983829372
0.22198139278123374
0.22199152429218358
0.22200775675009413
0.2220037973695492
0.22199032764033888
0.221989372368758
0.22199713196188597
0.22199928325889856
0.2219993520290583
0.2219735305124972
0.22195193255058734
0.2219399232278393
0.2219268472239476
0.2219095165662966
0.22192268936561
0.22192898365471952
0.22191083579405868
0.22190746870043973
0.2219184785358039
0.22193525436922293
0.22193284042753814
0.22195577509476552
0.22197157606359202
0.22198291462996184
0.2219754683123343
0.22198365182314678
0.22196880737569313
0.22197531632020948
0.22197517591503818
0.22196440851589935
0.22197100865217084
0.2219940229404549
0.22200185408740855
0.2220117928188105
0.22201202597756214
0.22200530478927835
0.2219768184598032
0.2219744354351392
0.2219583339857489
0.22195087214058973
0.22195326392924644
0.22195568885559283
0.2219740830814892
0.22198139831775365
0.2219731858991637
0.22199231125022859
0.22199251657491173
0.22197937217029448
0.2219848236856629
0.22201553232229576
0.2220376595248475
0.22203524069182323
0.22202925241235266
0.22201604494429483
0.2220322776495875
0.2220292871634762
0.22202694893175168
0.22201188532041286
0.22199725205951448
0.2220023548318766
0.22200477841875677
0.2219850773639761
0.22199992091529644
0.22201311183384095
0.22201268784017197
0.22202811217668686
0.2220418178996202
0.22203065229893879
0.22203085578529977
0.2220460268769549
0.22204692169799492
0.22207298356376523
0.22211226094731054
0.22212147681327746
0.22212241910961963
0.2221286441488096
0.22214308909023409
0.2221599508204928
0.22217155909885608
0.22217807110552848
0.2221760489155484
0.2222118964890861
0.22222477132660073
0.22222835901317528
0.22220916970323232
0.22219894144850927
0.22220523948768792
0.22220733092572825
0.22220878155538845
0.2222010090252919
0.22220538028140174
0.2221930562953897
0.22218471744206345
0.22217986268124462
0.2221753101504069
0.22215633662501885
0.22213969557180965
0.22213808319641812
0.22212463816724184
0.22212103975036884
0.2221215548037639
0.22212743830085585
0.2221388997389111
0.2221448368239717
0.22215194869564092
0.22216350378477986
0.22218323564030407
0.2221784470725001
0.22217060881395723
0.22218247170967648
0.22217929657334504
0.22218419122621968
0.22220565397155406
0.22222745093983096
0.22223187556453536
0.2222331494805585
0.22224212819964037
0.2222521380730348
0.22223961007424248
0.22222540800065838
0.22222904578166913
0.22224124946813947
0.2222576600590089
0.22227206750612657
0.22227428184375142
0.22229130629245697
0.22230888895784326
0.22231570158416408
0.22233269916332465
0.2223150697774265
0.22230590477820583
0.2222988766904828
0.22228211237017598
0.22227654691602508
0.22226828940227966
0.22227148423286178
0.22226741413867246
0.22227688851697514
0.22227973603033438
0.2222894190563332
0.2222905203238497
0.22229353215605607
0.22230402746771574
0.222325709298219
0.22233057814503981
0.2223207505784679
0.22231426695164766
0.22232473472933423
0.22232101707582946
0.22231882722819837
0.22230552491481412
0.22231567277107586
0.22230997031414534
0.22228574667785256
0.22228406083709196
