187.98641751834822,28022.0
175.8728683157643,24583.0
147.3315679370306,20638.0
110.72509286769949,15243.0
86.21022011384349,9226.0
40.819079798141125,3927.0
56.149343749283325,4065.0
52.464027159089284,5259.0
113.68440852365055,9319.0
100.91889771049546,13103.0
119.10330823388233,17573.0
106.24340614504224,16159.0
886.8354575194335,21743.0
144.70795440753827,22053.0
143.40824455480282,21522.0
148.62417078233725,21262.0
159.852560399312,21886.0
171.68988698074307,26250.0
164.53631774016614,24571.0
109.48248044889307,14843.0
102.00090453647145,14734.0
90.64218057023554,13632.0
143.18625152175116,22745.0
113.17840287065209,15831.0
81.07736760211205,8820.0
45.95001516772519,5014.0
26.934164703034604,2989.0
18.064623868797124,1901.0
18.664229961363322,1873.0
36.77052337169426,3313.0
69.19904150801487,8138.0
108.33871855216964,15365.0
128.62198573959506,18489.0
115.48521096352493,18484.0
113.51772205862616,17872.0
86.53417743657573,13486.0
604.2600711045079,16886.0
122.48386081035211,17028.0
135.09907236379996,17820.0
124.67054934364758,16000.0
108.09382750514257,14799.0
124.68409997070145,17540.0
137.78126118071603,21417.0
144.7237229998891,21611.0
133.60126928823178,20100.0
124.64444209794446,18715.0
111.29948412160952,16323.0
88.72054579990512,12065.0
72.01925878535255,7859.0
41.873395127120624,4569.0
26.46980894763781,2768.0
21.564083146249033,1961.0
21.160623405340203,2186.0
62.13017658925953,4320.0
101.04004606384595,11013.0
142.90488973233244,19317.0
183.4207418315394,23002.0
179.95163681874968,23141.0
158.26072181192194,21726.0
98.61923722720613,15081.0
862.5533864837902,19962.0
130.24433893962652,19584.0
143.3524693137393,20659.0
149.70151096648223,20811.0
134.82861522155952,17477.0
156.566949912839,21545.0
177.2316663820903,26755.0
176.82702572187344,26870.0
176.00543490220264,26814.0
168.6448353386291,26227.0
150.32587095789876,23336.0
124.31497827412687,17216.0
99.16225991818855,10056.0
58.578080667803185,5916.0
33.7135632085761,3548.0
24.276349573112658,2475.0
22.807198170924405,2394.0
47.12513858347848,4065.0
103.21172369948715,11718.0
152.07080246450343,21080.0
182.7220743448872,24379.0
175.0775426902734,23099.0
147.97118638724746,20101.0
96.2743221842008,14128.0
897.2744609603145,20054.0
144.09622188758587,20112.0
155.57906585640103,20797.0
150.6082299701441,18836.0
122.11578073263757,14736.0
151.44648566071447,18337.0
166.33873289812144,23512.0
172.35855621210504,26516.0
171.84056690489743,26069.0
166.52499111927395,25854.0
148.71901133501692,24156.0
120.3807505734994,18233.0
105.68388613968239,11747.0
64.19482301309553,6821.0
39.770205992508004,4201.0
26.06729963396048,2792.0
26.217155080226856,2607.0
49.89171078076849,4297.0
112.71808342841366,11932.0
154.02846233521313,21343.0
179.53363611415838,24660.0
173.8947911067861,23298.0
137.48598944184164,20704.0
99.77144220421535,15220.0
882.6725823821242,21198.0
144.58518414133934,20787.0
161.18318234261415,22246.0
168.3773217473872,21489.0
147.95352532908765,17227.0
172.3102830546471,21588.0
198.20311330357416,28136.0
201.0449740925685,30027.0
203.64346769367248,30196.0
205.93492351457235,29757.0
189.32091286341424,27323.0
172.94600030386303,23319.0
144.28903843024824,15722.0
90.97622972194023,9529.0
57.54553930504423,6232.0
39.219937147921506,4102.0
33.2629913829186,3442.0
55.13201187147379,4631.0
116.63580128300254,12223.0
160.5327033492837,21692.0
178.48235968936925,24654.0
173.5567493109472,23431.0
149.822631306807,21089.0
102.71865501122302,15605.0
927.2464627914012,21575.0
152.8756254324961,21347.0
177.1020766920774,22383.0
165.57933816486366,20500.0
145.6178788656334,16984.0
172.7524241934348,22013.0
195.59126923851036,28179.0
199.37684966517227,30332.0
194.57412041200348,29077.0
186.93876812024354,27964.0
178.80324542310163,28078.0
180.51687252289406,27703.0
195.9426712458104,25489.0
170.60685829696288,21396.0
141.0715019868296,17346.0
108.05646205845908,12789.0
66.29385340391943,8074.0
40.788986288271275,3938.0
55.15637739484125,4853.0
68.58519485778378,7052.0
91.62198462816995,11339.0
119.40066966540898,16394.0
133.2880808389286,19861.0
115.4284076875747,18801.0
943.6762178715442,24247.0
160.6185241893933,24113.0
151.9401701444881,22588.0
146.62447118631277,22099.0
136.90099953184833,20920.0
155.5117253187654,23575.0
178.8451325145535,28265.0
182.75403857498654,29253.0
157.84236459779646,25058.0
152.18237951136408,24483.0
170.59231002427367,27544.0
180.44056057059203,29282.0
187.39667182823752,28042.0
171.98561684642928,25268.0
154.57183920154213,21787.0
131.02642336333224,16565.0
90.15466432711433,10426.0
42.69967207925005,4347.0
46.20517365484657,4302.0
56.68877492799403,4955.0
71.04432070981568,7751.0
93.2148355595369,12102.0
114.56180593608977,16617.0
104.48288366647871,16214.0
871.2522437703301,22468.0
152.05387797032878,23478.0
155.36348399724173,22860.0
164.02046388929614,22294.0
153.42080055920593,20941.0
150.2136456972844,21015.0
150.70967728253353,21514.0
130.98902784154595,19173.0
109.03100060921561,16385.0
104.45052457415528,15091.0
90.73484641899418,12684.0
78.07051279862482,10759.0
59.11196247516825,6946.0
36.73409154749909,3934.0
24.589663689985155,2669.0
17.77034181205557,1815.0
20.414079722683244,2098.0
40.70481443871011,3869.0
99.67356507997737,11476.0
141.64458285654376,19347.0
149.1687629500031,22042.0
132.85719937361304,20634.0
118.74532719147793,18530.0
82.97057417529095,13246.0
640.5206410736796,17673.0
119.74365245400843,17387.0
131.6411921913479,18619.0
132.39336844523163,19165.0
130.78589113807357,17590.0
143.50411835851506,21424.0
158.54265179629945,26223.0
157.6293919954431,25652.0
155.3394090907553,24191.0
150.81276056045226,22496.0
126.899626908975,18653.0
94.47191102581776,13138.0
66.8463765274326,7911.0
38.93281214946924,4503.0
28.09691153754143,3012.0
20.24589636708938,2059.0
21.567278403330164,2154.0
46.646958421005394,4196.0
104.79514447681674,11969.0
148.6222733284605,21120.0
167.84402011322558,24626.0
159.62741665503503,22847.0
147.82947271572067,20084.0
95.25643255464082,14289.0
841.609455986338,19603.0
132.96465082675746,18868.0
139.87743568533278,20210.0
149.18492407153664,20148.0
144.28682272510434,17577.0
165.27401220140086,22191.0
180.43814833478743,27871.0
179.57672135052587,28354.0
170.9125676706323,27445.0
173.04822147186977,27300.0
157.8691019615833,23925.0
119.97178754960129,17552.0
89.81632228153588,10638.0
52.618112063252156,6040.0
35.90674494125229,3951.0
24.237726127909095,2624.0
26.74138104086514,2481.0
52.07468510642401,4383.0
115.16792701445287,12204.0
156.1191979441174,22263.0
169.7610567233392,25450.0
168.5562214598578,24010.0
145.15631513336163,20770.0
98.28137100826504,14993.0
963.9153433013532,21265.0
148.77998020140924,20131.0
167.31878837586427,21958.0
177.42063079020076,21063.0
155.87634251133522,17106.0
179.70325058751743,21372.0
194.81145502393056,27083.0
196.06236836847586,28965.0
178.35888986522858,28367.0
182.71311180320475,28239.0
170.1730554301975,25817.0
137.20009904296163,20023.0
103.66603806905286,12674.0
64.335252062355,7414.0
41.75384078653849,4699.0
28.014802295690615,3091.0
28.303925636973418,2838.0
48.98993248746637,4276.0
117.37457658102645,12048.0
159.61893457019167,22202.0
176.73684882508974,25768.0
158.47178414554702,23734.0
142.68702240589508,20718.0
104.4574882399349,15304.0
937.6708994749746,21402.0
149.81466649785492,20314.0
173.74881293192786,22403.0
176.21134282951536,21146.0
160.63298018186325,17026.0
183.56622638316145,21775.0
204.99862847797723,26993.0
210.4573774086331,29114.0
201.77464245443832,29052.0
203.22102370830083,29270.0
194.79206098990412,28323.0
185.82507286317545,25534.0
165.11759908112535,19548.0
112.34811309505749,12570.0
79.32691267679313,8126.0
58.398752903605306,5807.0
47.96180158409915,4453.0
63.5795287403434,5155.0
136.9049174374239,12882.0
178.6935656291544,22587.0
192.6495321411291,26161.0
185.27914613878443,25367.0
169.98777724698235,22659.0
111.94300481606248,16682.0
1055.8983375380808,22025.0
179.81397981136908,21705.0
203.9643104615777,22465.0
203.50236425937734,19885.0
170.93424025311046,15949.0
205.57511719518698,19852.0
234.40132328831746,24697.0
241.0309054271251,27578.0
220.2750108400582,27793.0
208.53063740873046,27298.0
197.12774140478314,27816.0
197.86734338308617,27327.0
196.79668235844895,25545.0
180.9231645526598,22142.0
155.16722810239557,18227.0
125.17857877682361,14467.0
93.8500863515888,9582.0
50.90337582508168,4647.0
65.68357998161063,5530.0
82.09951215688454,7933.0
110.32363985248689,12275.0
136.09881304875003,17326.0
153.32475667460665,20590.0
130.15113322002819,18664.0
980.4329019382972,25094.0
174.64787387358575,26076.0
176.97314460834374,25570.0
176.87467615505437,24606.0
165.91278162454782,20845.0
168.06397344660968,22324.0
200.61500169494812,26880.0
197.86538620419594,28434.0
176.82597186849313,26493.0
172.9895437636168,25931.0
182.53672707127078,27205.0
186.45044863429524,27253.0
174.82529821002063,24874.0
162.27473514672818,21947.0
149.84329061600317,19016.0
125.52142487672037,15392.0
90.68339390163682,9821.0
46.43320795829262,4576.0
42.506896101215624,4097.0
57.779672775024245,5276.0
82.2649387642097,9051.0
109.41489066620557,13031.0
138.23492052799762,18199.0
132.38775149699194,18413.0
964.2232608641726,25257.0
172.4362938205356,25804.0
176.29403879326802,25169.0
173.3594985827084,24093.0
175.0704141214972,22503.0
174.10498012832963,22903.0
189.49301494466198,25335.0
186.0458933071741,25316.0
164.49998302408918,22000.0
151.88549657460663,21162.0
149.10359563951002,20278.0
148.20592910801537,19077.0
109.82495161966281,14166.0
78.45110509528514,9513.0
65.28158965402322,6831.0
50.27180741714259,5137.0
43.14714290018114,4122.0
42.968473702744305,3755.0
74.6383446843563,6547.0
95.82673985427591,9880.0
125.49978056713563,15917.0
141.15186642045666,18784.0
146.1749071979264,19761.0
127.2322116750486,17145.0
851.7385434001592,23618.0
164.44974484532656,22519.0
177.79208581990187,23425.0
183.91741720143844,23211.0
169.7717233055339,21472.0
174.5667219941929,23738.0
183.72490046600888,27149.0
175.54205238941978,25278.0
147.86355913429153,21350.0
142.14206475594088,20121.0
132.2965210241306,18667.0
106.87822010295885,14769.0
74.21644962341227,9464.0
50.72703732660256,5649.0
31.823090389210485,3657.0
23.232034975771683,2281.0
22.162883635445283,2113.0
37.37291515865027,3320.0
74.24932485332579,8062.0
103.677917660117,13533.0
126.79767535037855,17841.0
140.1336972643958,19251.0
133.53062456508175,18899.0
95.12569886326175,14482.0
758.359453626549,19612.0
126.26069469060955,19297.0
138.04949165580706,20082.0
143.29315271159723,19670.0
140.0949397376202,17308.0
153.39688269140768,20915.0
173.1769914296528,25997.0
166.7390559611369,26543.0
165.0107625301356,26264.0
158.94745367853943,25400.0
147.06496465300793,22343.0
120.3305963901341,17703.0
94.78501745015657,11095.0
55.46202086649728,6649.0
37.123252844659675,4175.0
27.38984726608052,2818.0
27.22104120435816,2633.0
50.6339027530564,4126.0
113.1414165241981,11394.0
138.71717659178614,20092.0
160.83152690515507,23787.0
147.91889908524203,23014.0
146.93896974506973,20458.0
104.23521194014587,15000.0
919.6100328192088,20928.0
150.90241502229753,20327.0
160.30791160593293,21086.0
163.9336041131678,20565.0
142.97307927581494,16970.0
166.82260055599576,20468.0
176.85755181844982,26206.0
180.82978845075687,28682.0
169.97314550610255,27400.0
171.51672946072412,27119.0
164.82403424632093,25154.0
138.56796178109278,20238.0
105.46309137852145,12628.0
67.45903828210302,7648.0
45.17409805932911,4852.0
35.17098521313165,3229.0
28.332984621010077,2712.0
51.84931773595441,4282.0
113.3257907142084,11599.0
147.03157324974399,20919.0
165.10263777429464,25021.0
160.02284728615257,24078.0
152.89954546378596,21986.0
118.21220226870196,16310.0
983.0955255240877,22702.0
160.5650910603934,22200.0
170.91016422255666,23079.0
186.9461511232317,22441.0
161.84023655157895,18334.0
185.03161616611004,22813.0
206.86695702601835,28260.0
208.35597323604384,30064.0
214.5201698260275,30851.0
207.11712876706696,30366.0
206.85895180111225,28615.0
180.63512073672368,24231.0
140.15736097654167,16674.0
91.56468402193534,10092.0
61.68635264406909,6477.0
42.199589443493906,4421.0
36.08054684193333,3606.0
57.64790590875253,4733.0
121.29281509529007,12088.0
165.2987908790048,22001.0
180.413339138844,25942.0
165.8532411760155,24792.0
160.29621404931794,22690.0
113.83729605336767,16835.0
947.5142898222488,22698.0
158.08099682731554,22026.0
175.6799056524975,23601.0
180.3349768032008,22078.0
162.2880724890569,18363.0
184.90038211159396,23467.0
214.8772572478971,29579.0
209.21103587789054,31856.0
204.66600451929085,30218.0
192.69140572656033,28425.0
197.89496780226406,28882.0
196.51660405781868,27804.0
190.41942982419062,25654.0
155.55961763887692,20762.0
133.6402572555177,17069.0
103.4180238247763,12569.0
74.95412101626006,7900.0
41.01879590744835,3919.0
56.28053983316226,5170.0
73.08366770549283,6877.0
97.61222587681664,11040.0
123.86208685477476,16370.0
152.83976957276982,20031.0
129.9776656689718,18163.0
967.0116036796874,24573.0
184.2040151841987,26495.0
194.31504193256575,24257.0
162.8483609311127,19617.0
126.82139942795078,16559.0
134.75399747734878,19266.0
161.7520030733042,24476.0
167.7841426192444,24486.0
141.22231571993416,21564.0
138.78686482489024,22590.0
155.3927081934146,24225.0
158.25395432179036,24851.0
150.66311511587003,22884.0
137.29835551734524,20155.0
121.54447965875215,17668.0
101.46065472275147,13651.0
69.40664418943626,8426.0
38.87663085745903,3786.0
44.62098649555674,4208.0
56.30369206854255,5654.0
81.46124815935981,8977.0
104.0957100206472,13215.0
130.27114103269386,18204.0
123.32693742303712,17459.0
906.2008182036319,22727.0
148.92235581804354,22230.0
161.54377782356798,22226.0
156.45700488043855,20563.0
154.36927178731239,19271.0
159.8221562189045,21146.0
172.71895826731972,23597.0
146.91127396255652,21698.0
112.5676663546034,16185.0
99.31876602028298,14370.0
106.698008908639,15370.0
86.51955269121822,11484.0
90.63768874278571,13477.0
40.98995866871339,4847.0
27.886187795932436,3081.0
21.559195250499744,2213.0
22.619096113046993,2297.0
50.009543215609774,4496.0
110.15163089728064,11677.0
154.17002684181168,20162.0
176.97729247478256,23653.0
167.43782861456253,22325.0
145.29377472090448,19246.0
104.55320747589775,14739.0
804.7425984564902,19943.0
142.0635840328706,19462.0
170.2653883624805,21198.0
177.2951661536326,22030.0
173.68276186602685,19944.0
192.5466320651167,24137.0
204.21903859590597,28759.0
208.5321091282193,28852.0
192.05360008187913,27269.0
182.03250351740016,25590.0
164.74155788884843,22420.0
114.6371681827643,14910.0
81.53798622754294,9550.0
50.80038054100196,5289.0
32.153099524523995,3224.0
20.77936920439569,2117.0
19.357148848042183,2028.0
47.19755584501342,4153.0
119.09101342887385,12756.0
169.25854916827015,22737.0
189.6945358004085,26020.0
188.96590304391682,24512.0
158.41322916998973,21421.0
108.7371259118284,15312.0
908.6949234476845,21458.0
141.88320782814552,20499.0
167.3398012394115,22543.0
162.01349124549478,22020.0
145.82338688817387,18295.0
170.78578147716334,22469.0
198.4199728438651,27921.0
184.06782773349417,28228.0
177.0020334575379,28050.0
174.53883151447664,27840.0
165.11053528256178,24507.0
127.36366044694034,18336.0
87.7528212157415,11379.0
53.02137423644924,6190.0
35.32768806637085,3994.0
25.51342989656761,2650.0
24.77396047191068,2435.0
50.9364993319766,4271.0
114.08389852089446,12374.0
159.7445426922906,21997.0
171.03539337924371,25219.0
165.61357497165503,23461.0
148.81251488007015,20855.0
96.25943693641989,14650.0
922.7915827209755,20999.0
145.46494255001642,20659.0
168.14856932165128,22033.0
166.98407265225262,21002.0
148.7472231579291,17009.0
173.36932418594034,21220.0
186.81144774909805,26517.0
178.79013918547736,28315.0
175.91621886933856,27571.0
175.63551390486938,27463.0
164.85349599304914,25540.0
138.4698285153803,20066.0
105.26706819326895,12965.0
64.18538378962955,7487.0
39.0066244946822,4650.0
30.111776877297896,3122.0
29.462548318663366,2706.0
52.575918004110804,4426.0
117.86171676009015,12570.0
167.5481604931809,22784.0
177.9021131431683,25983.0
169.32391896317475,24572.0
145.07814564266187,21302.0
105.98792650590325,15588.0
949.6677872564942,21867.0
162.07534259132012,22299.0
175.50480159913053,23025.0
181.229687853626,21686.0
157.5214313872295,17342.0
186.1966543293279,22004.0
198.2706847052126,27521.0
188.6979310553354,29632.0
193.79518892674804,29678.0
193.84626500996077,29125.0
187.00205268875288,27476.0
174.63721321136242,24643.0
130.6465654072597,16877.0
92.19850218319131,10798.0
58.74328242202169,6868.0
43.905341665286876,4745.0
37.68878696595964,3815.0
56.33169861031995,5011.0
119.15357552717462,12062.0
155.71317100565588,21478.0
180.1360455431808,24798.0
180.15082195614596,23849.0
150.23180698537448,20679.0
101.98143696336344,15242.0
948.7686245268115,21725.0
153.87136988405476,21254.0
181.62079153583525,22411.0
181.08235406623947,20615.0
163.10882615299525,17052.0
184.8467860559287,21887.0
202.65312085777958,27412.0
209.0099404452414,30892.0
207.34063303177433,30040.0
198.73430481149074,29299.0
204.07706491636293,30257.0
209.60564503146338,29252.0
202.42145371305637,26347.0
167.42193992947796,22209.0
139.77720380007753,17927.0
111.81471494515903,13331.0
76.85599454867008,8449.0
46.29423365981121,4299.0
61.42806134783214,5227.0
74.5367147268001,7070.0
100.46266327708672,11531.0
130.83562122661488,16700.0
151.94082795881903,20090.0
130.00740189442024,18005.0
981.3395617820798,24577.0
165.2964206635832,24337.0
171.11407175859276,23659.0
171.35460499377118,23371.0
157.2888587919267,20746.0
180.12964846247925,23204.0
198.69950064620735,28854.0
197.23486705758847,30206.0
180.23208149843097,26507.0
169.28396131790302,25997.0
181.45181055648052,28489.0
196.47185867143995,29541.0
191.38049848024446,28065.0
170.99820640029884,24732.0
153.43174723501897,21240.0
126.92038573395818,16061.0
95.92915175599362,10313.0
47.68885158576627,4601.0
50.55545570905072,4614.0
61.42830122086682,5513.0
79.83142929492442,8616.0
113.21274587482978,13416.0
140.79185580039797,17997.0
122.05370358001869,17291.0
977.8165998980687,24126.0
190.00507622954962,25443.0
186.66992787740426,21397.0
157.08833612079926,16262.0
122.40724640777371,13433.0
117.11255572024662,14927.0
120.82796049104391,17147.0
109.90962165144042,16205.0
105.49897198711248,14669.0
93.42978579270847,13489.0
90.11341505782823,12170.0
75.5360564560694,9419.0
58.73729098143828,7051.0
37.24230032241558,4313.0
24.682717657494578,2798.0
20.075551698972877,1938.0
22.138261668905447,2297.0
49.58843548300695,4485.0
106.54554859357737,11014.0
142.03168545076895,18028.0
161.67304516467706,20558.0
160.09115656788995,19992.0
143.24230220862682,19107.0
98.19062953903362,14976.0
759.3003549174576,18260.0
132.88229279061463,17553.0
146.48871499737896,18728.0
155.8465128892079,19520.0
155.80552722826883,17595.0
170.67342899938168,21714.0
168.7886072717306,26378.0
173.66820166867734,25915.0
164.90240164957095,24448.0
154.34964695799258,23504.0
144.64431683324838,20275.0
108.53483545732156,14447.0
74.9930803052842,8890.0
47.00810810068431,5122.0
33.51979806331015,3223.0
20.50769825898969,2080.0
20.140947108631806,2057.0
43.56724616963919,3864.0
106.33067205594051,11614.0
150.11554637603828,20795.0
167.0608850205723,23957.0
158.57113514623865,22224.0
147.7765330959554,19500.0
91.21902602462974,14084.0
908.6137281665958,20320.0
141.27267312782607,19725.0
160.49340298099474,21609.0
177.103847606268,20577.0
156.78055824116885,15467.0
170.37486996843475,17176.0
189.79215933028487,20402.0
177.2665967200373,22201.0
176.03724217138478,24513.0
168.6174061943551,24624.0
161.5399282558032,22179.0
126.36847190982975,17041.0
86.39973940482878,10440.0
50.5643104506955,5672.0
31.309850044189623,3485.0
20.02237723068212,2258.0
23.15603630978416,2308.0
49.72583473575602,4277.0
116.41099527271932,12339.0
160.2615176259303,21809.0
177.06915182850665,25067.0
172.19359428395603,24248.0
153.01006341419856,21076.0
94.97137060475652,14305.0
895.1918980346051,20182.0
142.46893119816983,19781.0
159.24124174467147,21459.0
161.94265221345685,19842.0
151.06202911027066,15877.0
183.19858836735506,20150.0
183.10279653504278,26051.0
181.4886422470179,27940.0
193.6615645373564,29444.0
188.99160465535823,28282.0
173.80534121572163,25333.0
145.4783826592037,19786.0
109.2875464105622,12788.0
64.3404379743746,7441.0
43.63389769259155,4681.0
28.85837170345009,2991.0
27.207203495202375,2739.0
46.729615556452835,4116.0
104.54840361178098,11125.0
146.57717672150346,20120.0
153.5306765108355,21446.0
136.77500565786988,19374.0
113.59424617771643,17255.0
75.94239107187417,12504.0
782.5027865041499,16916.0
101.94465768859251,14925.0
107.09982640128926,15745.0
117.36847455369845,16610.0
100.18983171986599,12994.0
108.07697855087842,15777.0
120.0232417829031,20574.0
140.23556355391813,22589.0
144.04835906645067,22013.0
140.96518135724767,20936.0
135.311943659274,19871.0
130.42344697417624,18301.0
111.66972781985804,14204.0
75.5973821840712,9189.0
59.09665164056186,6533.0
38.1313426644618,4248.0
37.1122862758157,3684.0
55.958270666181505,4787.0
115.21006260619588,11096.0
155.53460597134028,18162.0
171.40009789743087,21563.0
157.84306076220722,21881.0
146.67508148229626,20654.0
96.61348047825366,14866.0
965.3446256669893,19795.0
161.9023015404257,19392.0
185.8183128234809,20667.0
180.0561701320962,18361.0
163.56208895418987,14429.0
187.5249815206643,18167.0
201.66234588893505,24084.0
200.2080125045835,28225.0
193.60175249781798,29151.0
195.21744206574255,28884.0
195.84171473788922,29261.0
189.60810687149154,28539.0
196.84373900820873,26398.0
171.2566525106707,22090.0
138.11656501610722,18192.0
115.42025211556833,13875.0
80.68983515881456,9000.0
45.49010892422479,4441.0
62.959356000322536,5626.0
85.06762086620165,7644.0
108.92462595954893,12415.0
136.5377819721573,17674.0
153.46659467338938,21113.0
120.84813989308508,18596.0
978.9289791952964,24700.0
166.61452432202907,25361.0
172.9595455351712,24683.0
171.67198334262585,23741.0
151.7180210635331,21127.0
159.26881232488532,23611.0
190.39687875205064,28776.0
191.8942438935349,30115.0
172.22788072311442,26032.0
153.78126675053184,25088.0
173.4726333603162,27642.0
181.19834968162598,28888.0
171.87877484583854,26928.0
324.0082092888034,24230.0
1.1528292662902135,148.0
156.61393072852073,21586.0
120.6590775395533,15094.0
64.8762895317297,7367.0
57.463137580114896,5120.0
68.23310818250489,6185.0
79.27912158923644,8642.0
108.22531119988695,12969.0
132.02237867242107,17695.0
114.38541141431946,16341.0
906.5903837435022,22649.0
163.4631729913647,23236.0
176.09992200380057,22773.0
186.2585004844702,20815.0
170.20743245304365,18677.0
170.43415180329364,20203.0
166.1319727341054,21505.0
157.41182290101773,21297.0
137.56705357010983,18539.0
131.27811152890902,17574.0
116.7492892933004,15790.0
105.80460237075226,12465.0
72.98181767027401,8349.0
45.61645245960173,5049.0
29.904403998877683,3206.0
21.37298902448634,2211.0
27.532695499476404,2660.0
48.95590370326721,4564.0
116.1891621432427,11451.0
157.1491319207231,19307.0
175.88048681924624,22868.0
166.77136142715506,21772.0
148.17708176578546,18527.0
92.54377120658829,13271.0
837.0840652833481,18423.0
142.18219232808073,18120.0
150.67861833353751,19184.0
160.6294874518059,19489.0
158.97162860051506,17009.0
167.08618080935162,20177.0
176.2028228182139,25023.0
167.47167579133736,25280.0
157.37444891018964,23796.0
150.49602264136288,22722.0
128.58123608520503,19365.0
116.57636309944878,16486.0
77.16534313107309,9344.0
55.00580109598276,5756.0
31.886015178812507,3531.0
25.525859428664962,2427.0
23.440943864838136,2320.0
45.44069874870015,4019.0
101.82860466786471,11054.0
144.46666998769294,20271.0
173.6652915124106,23768.0
166.3224315873949,22481.0
159.66643717983513,19958.0
95.01935916824658,13759.0
938.818537383521,20038.0
148.75155598234497,18856.0
166.45855122572252,21006.0
180.74557902511964,19630.0
166.57652987486472,15807.0
192.1300427233727,19099.0
215.02020033992127,23990.0
193.46173670884622,25797.0
189.7594666622746,27086.0
188.59367004292164,26779.0
171.06970361553417,24079.0
142.77062161752548,18467.0
95.26921051110095,11468.0
53.89856097929956,6394.0
35.61882050307171,3891.0
23.190394313327943,2656.0
25.07756670179475,2590.0
49.293249821294104,4192.0
107.402073882594,11283.0
154.95370016002335,21054.0
169.51194942866783,24212.0
164.8338830508087,22854.0
140.53390867289986,19909.0
96.64723673604634,14333.0
935.9712750016162,20150.0
146.36319025576572,19463.0
160.79618990740633,20454.0
170.9002183864561,19683.0
153.18711600960526,16141.0
195.6016251299172,20422.0
206.60747934590128,24402.0
184.27671784643857,26895.0
176.25726032616018,27324.0
181.1620569275747,27123.0
171.21519384163807,25754.0
153.07399524491632,20973.0
113.18911009460788,14362.0
72.3228988893575,8156.0
48.08278210076713,5164.0
33.19525949054635,3401.0
30.966382720337975,3094.0
52.82841462419033,4487.0
114.83213774337236,11445.0
162.20871553302226,21300.0
183.96458116662447,24724.0
171.60374585973085,23108.0
151.92546066461838,21144.0
112.6170333714028,15642.0
962.9628651256813,22247.0
165.31082510549143,21199.0
189.84694961136893,22210.0
192.3969946956569,20171.0
173.78174806652962,16069.0
199.3093072809741,20227.0
212.9390253926804,26479.0
206.65901303777687,29019.0
196.26571494983568,29220.0
198.9990073563127,28856.0
194.40046805601432,27915.0
186.72202236762823,25140.0
146.44701185005806,18630.0
99.58423499169076,11749.0
67.7847426301006,7641.0
53.02979183993959,5411.0
43.251922705116904,4280.0
59.99906166659062,5157.0
126.91572875356839,11557.0
168.83278922346798,20780.0
184.37146350347902,24094.0
163.14978049233318,22425.0
147.94662070970008,20358.0
103.5419226609569,15280.0
962.9985792822711,21298.0
163.19476551082795,19774.0
192.09016855285736,21754.0
173.3574294926533,19765.0
158.89812407482052,16342.0
189.63852442371365,21394.0
209.31043329404105,27715.0
205.49406978223666,30113.0
201.054843309464,29012.0
192.00553032060137,28311.0
186.88638248514678,28454.0
184.86382680789447,27991.0
186.3919391365108,25947.0
157.7060331027026,22220.0
136.07786194558844,18250.0
114.49344280286165,14154.0
86.95391440623337,9193.0
46.44725021857589,4429.0
62.527442087168566,5297.0
83.57567683912052,7843.0
113.38280626069725,12407.0
141.01464682459437,17857.0
153.5542435376394,21004.0
127.3768098287278,18697.0
1029.5508952779037,25954.0
167.54287904977537,24343.0
156.9036841619395,22837.0
155.62428755084917,21888.0
152.34070352950445,20382.0
169.86538434346204,23251.0
182.15126158163207,26671.0
189.82643327284023,29218.0
181.13630322227306,27433.0
179.5410823433943,26944.0
170.23200422470538,27332.0
171.68096102150452,27331.0
177.35704585974207,26776.0
161.73123887219685,23650.0
145.39568866510996,20069.0
121.84136603252044,15122.0
87.53352793706891,9829.0
46.39890051026535,4664.0
55.22702882211407,6084.0
70.59262822629879,6519.0
81.41439073398983,8185.0
117.62173176532447,12286.0
147.13217434473876,16532.0
127.33006790020087,15997.0
921.4792197845333,22936.0
173.81225120756494,23215.0
173.89317879042966,22714.0
171.53187093968236,21743.0
170.18579054427448,20478.0
171.63580559278512,21489.0
167.36474316723576,21982.0
159.97520819499005,20989.0
146.36488573263807,19299.0
129.42114196785232,17357.0
110.77692582358884,15291.0
91.27696967094887,11857.0
70.8247152808185,8605.0
46.67049054972259,5288.0
34.98648298657636,3646.0
29.614595952240645,2821.0
29.997004466612417,2845.0
48.197475824390885,4345.0
105.09233618161939,10872.0
152.3893811292942,17885.0
166.37474143390924,21395.0
162.55192509457484,20827.0
141.29845924141392,17889.0
98.19610423350629,13237.0
781.7264950631849,17828.0
136.34740779357304,17569.0
141.0333977196538,18324.0
151.54535589253365,17699.0
144.57747232320793,16211.0
152.92736423256846,19203.0
166.75275394255436,23810.0
162.75927843023874,24175.0
154.21743250467816,23220.0
147.68407441867177,21358.0
127.4944127944691,18397.0
99.65758687144815,14108.0
72.79374224056585,9045.0
46.44888118586843,5428.0
29.251557838047393,3352.0
22.570211893452246,2139.0
23.24730385144704,2240.0
42.879234715530075,3858.0
96.31980591712411,10543.0
143.55014483260427,18774.0
175.70966057552846,22126.0
160.30678745396324,20562.0
143.97888514138307,16998.0
93.24626443886272,11739.0
727.4980892954849,16369.0
142.22820767408646,16757.0
154.68226723542483,18142.0
162.53730314879928,17840.0
144.49267316842423,15767.0
168.2877152344292,21756.0
191.59742790192703,27880.0
203.38325636473823,29661.0
207.17830275887738,29767.0
200.39092263257743,28845.0
194.38650352522794,27273.0
179.839257579025,22622.0
133.5663951463086,15275.0
85.07913626440758,8961.0
54.821974789423265,5700.0
40.73141000918753,3950.0
33.11329102809522,3312.0
51.06043413812608,4441.0
109.35906022620325,11494.0
158.93144062175065,20458.0
175.45839322895404,24804.0
165.78801617603733,23667.0
146.12485057411598,21091.0
102.50873422563518,15362.0
944.1481940344902,21135.0
156.30312140721674,20687.0
173.90270407312934,21016.0
173.28060801498805,19433.0
158.97120755639688,16605.0
183.4182641098695,21171.0
195.48051122280765,26770.0
191.93330704508242,29142.0
182.00153787135798,28174.0
181.79682233414073,27491.0
167.80818051644303,25483.0
147.000525057529,20229.0
104.39985263646867,12806.0
68.54069774629434,7453.0
39.105962659019866,4513.0
27.228593613164186,2846.0
27.62475847627844,2732.0
49.38249219788367,4273.0
117.82994017534617,11420.0
167.89162786637485,20118.0
171.40383059976554,23875.0
166.218971024495,22958.0
150.17223522791957,21062.0
113.19420489317,15746.0
949.1444365596506,21680.0
168.08090497394608,21464.0
188.5364053172747,21835.0
191.11645754846333,19885.0
170.91847589783987,16027.0
197.30169476122234,21092.0
205.7354474043728,26489.0
191.79662788477376,28581.0
188.27484597611698,28347.0
180.97054977644282,28577.0
180.25779431764212,26753.0
174.80212983171836,24131.0
135.90457066764398,17243.0
87.9926786870212,10761.0
61.10879225116561,6899.0
47.08280004877354,4699.0
37.54866550517836,3968.0
52.48671238809519,4713.0
116.712343811923,11054.0
159.3219931182227,19090.0
170.51551297251604,23359.0
155.52191071679175,22458.0
140.69483964228405,20109.0
102.96936221204578,15039.0
919.1489073723079,21231.0
164.4173722411435,21030.0
165.87207712197102,21736.0
168.45534101154016,19751.0
146.19088385357122,16331.0
171.6214977226844,21311.0
187.55234715535963,27022.0
185.69428404248544,29024.0
177.47831512717323,26340.0
175.71267093713908,25913.0
177.43782607468188,26330.0
178.6346261920232,25987.0
179.09488441617177,23152.0
150.4802451172695,18928.0
120.44587692203355,15299.0
91.5647462523217,11127.0
66.46428856933804,7507.0
43.25055792048705,4095.0
57.09475846125845,5178.0
78.6075767963212,7335.0
103.24052583427186,11770.0
123.60185227503823,15964.0
133.38312664499597,18526.0
111.68125427909109,16553.0
941.1954970786271,22877.0
148.7028759805286,22879.0
159.231186116299,22405.0
158.1231324590808,22233.0
149.36781443638097,20506.0
166.93863014149738,23109.0
182.17201726518138,26980.0
186.70633367118128,29200.0
171.25012287355491,25794.0
156.0543735064487,24696.0
173.8456323037736,27753.0
197.5026409621613,28875.0
185.52128449923367,27135.0
170.4932240233736,24789.0
149.0394975436326,21411.0
131.34408687092525,16666.0
88.75965387000406,10443.0
49.350478709940916,4743.0
53.46424611408333,4704.0
62.29381319973624,5705.0
91.08699649623284,8834.0
112.00114993636502,13041.0
141.06302155333563,17706.0
119.2238180560995,16347.0
911.2028780251765,22147.0
162.08115838269757,22095.0
173.2641276139791,22183.0
175.87057774544954,21556.0
173.74503214393337,20100.0
173.57725599126135,20896.0
183.07235579098273,22494.0
168.9514058547824,21509.0
155.5920113319519,19995.0
144.2144466830255,18895.0
131.86889467475703,17328.0
110.1742023312837,13128.0
71.20306345555021,8366.0
45.97961810888678,5036.0
30.390473059425975,3207.0
21.453160800491656,2040.0
28.32208644321822,2617.0
53.117367133622984,4578.0
109.36448303700716,11190.0
159.88249527734587,19112.0
169.809363159176,22239.0
165.9979694497468,20873.0
139.6073636487321,18153.0
93.72907637687501,13516.0
761.9707985126774,18376.0
141.205140130438,18164.0
149.3073956297296,18828.0
160.11414507856637,18393.0
152.01543255678175,16630.0
165.46903075008808,20542.0
177.18512597273255,24981.0
175.27119472161678,25260.0
163.0438573744407,24094.0
160.36224048558282,23611.0
141.05790622664483,20599.0
110.86658686230635,14572.0
79.62681674735543,9727.0
47.01234619717126,5363.0
30.758202457293503,3518.0
21.647502303417202,2261.0
22.00063083961606,2170.0
43.659134166181,3974.0
100.39988401546681,11040.0
148.55087774969962,19554.0
173.9313651130705,24083.0
164.08567722689554,22110.0
141.37246143365473,19292.0
92.9194458655373,13629.0
885.2375733163276,19489.0
144.23830301258602,18742.0
149.67917712042689,19582.0
151.1503731616461,18405.0
147.9789964870287,16150.0
171.5747863508561,20074.0
181.50974096271108,25261.0
174.66219942609976,26154.0
172.4450911715636,26405.0
168.61886672073737,26131.0
159.89113796709557,24114.0
133.23154296785123,18215.0
90.36271115714646,11380.0
56.282996706156744,6566.0
36.99801784224823,4054.0
28.313607696915472,2872.0
26.827319694733955,2601.0
48.064675414509495,4146.0
106.97456019448522,11019.0
152.01914673099836,19573.0
163.0443384013438,23147.0
150.41922427059873,21725.0
138.66676452314096,18997.0
93.13423617037179,13793.0
844.0318894446222,19460.0
150.98605842665785,19686.0
182.3104281234993,21879.0
198.47358653145614,21522.0
161.2512898614914,16609.0
176.32350995159783,20227.0
199.00118640885756,25466.0
200.55270963622365,28596.0
180.60264229727827,27624.0
169.8044854819825,26594.0
161.02722427518268,24661.0
136.44361313978519,19387.0
94.19257060885009,12427.0
58.13665325744877,7175.0
41.23260328047621,4617.0
27.399397927995402,2971.0
27.388473468185705,2689.0
46.12317491328828,4183.0
109.12134921802294,11076.0
146.69547397782995,19638.0
163.85025596891435,23820.0
162.43782214188244,22708.0
142.37583830585407,19902.0
98.50802182522318,14241.0
990.2951494838027,21101.0
158.65278251261483,19581.0
180.21734973871298,20863.0
176.7731582417824,18414.0
157.42184341036415,14726.0
179.96790335929,19331.0
207.72295944060534,24646.0
194.51047989222604,25721.0
191.80468246857262,25586.0
202.15872928035608,26625.0
212.83566377481648,27023.0
179.01210123067378,23701.0
152.69167080630112,18842.0
97.67962976082156,12011.0
64.67673531353635,7658.0
47.86856099043188,5145.0
39.31648943000982,4050.0
59.12273389533212,4858.0
127.73763638090118,11757.0
169.7039076410455,19934.0
162.06739935891378,23005.0
158.49188036383566,22301.0
146.0563967585292,19915.0
100.25119951948,14717.0
897.9036969655308,20780.0
153.46752653077138,19926.0
173.4569022410811,21389.0
175.65626024289728,19573.0
150.8883237594008,16327.0
170.76133556438424,20709.0
192.10677283573196,26992.0
200.39949496760877,29328.0
184.9687028882805,27525.0
178.54409810375182,27279.0
187.32005126053141,28052.0
194.50738489983542,28113.0
191.0752418338087,26814.0
167.02463631321672,22580.0
151.90587431654495,19163.0
117.48820221873181,14351.0
83.64796165965662,9164.0
43.92114134333774,4223.0
61.83524549765611,5272.0
81.318377345305,7632.0
102.175427154363,11540.0
130.67625410182453,16556.0
149.6139934349153,19815.0
124.96714042151085,18388.0
1008.1015375485404,25298.0
168.00087858940682,24895.0
163.47572288876853,23248.0
171.5327605846835,22991.0
152.4409006515338,20904.0
169.28318755824742,24220.0
196.5937105394119,28764.0
205.86313255544272,30525.0
196.82174389776256,28397.0
187.01945847507648,27562.0
200.83868428575542,29440.0
214.05017287118346,31323.0
206.9984213221729,28010.0
178.6127521847877,24426.0
275.23487134335403,33561.0
99.83222293622445,10463.0
49.3669474159467,4523.0
47.84631885763304,4465.0
63.352077511651174,5869.0
88.24407190874487,9088.0
116.20917349578447,13533.0
145.10175913479853,18633.0
125.29735114006439,17262.0
938.3282776679915,22881.0
176.4680397505182,22424.0
179.26111189865603,21864.0
172.383981821658,20178.0
164.6499278499859,18784.0
171.8859054006015,20409.0
172.048370591564,21488.0
160.96468677855904,20876.0
143.2921509121184,19263.0
129.99387501568324,18005.0
116.78211341162508,16083.0
99.45212616519476,12541.0
67.3666624616648,7907.0
43.994142773827434,4881.0
26.731073986497858,3136.0
24.026532720931193,2251.0
23.061107528343385,2454.0
47.19790542567001,4353.0
109.12063255869542,11511.0
152.38325857399516,19470.0
171.42843770812976,22474.0
161.1937638914297,21218.0
139.61738557479768,18852.0
96.3420030291926,13898.0
779.5859591684859,18430.0
146.73025321706683,17923.0
164.6236849247691,19124.0
174.73698279310042,19249.0
152.99103888405608,16992.0
166.8707735900903,20722.0
180.94302410861613,24583.0
162.91018114854305,24372.0
158.4503794469532,24109.0
152.68464680591597,22847.0
134.4202483158343,20160.0
117.79887696108847,15465.0
84.07885121218668,10133.0
51.68094079177552,5708.0
32.509383467950045,3521.0
21.811054454313517,2449.0
22.67309850691006,2273.0
45.892846352175155,4019.0
108.9212076104919,11462.0
153.88494507251593,20974.0
165.72568193174718,23642.0
156.7541377414499,21839.0
142.9669440028112,19774.0
97.55524345126203,14526.0
899.364662360523,20032.0
164.6554699972233,21748.0
185.3078703593197,23051.0
184.39477998001365,21700.0
152.87914904341642,16800.0
184.44549303471734,21044.0
208.91381771084122,26411.0
200.17858659952927,27502.0
200.66145292130398,28005.0
176.12249225199858,26068.0
160.8221806723818,23870.0
141.51150281115844,18618.0
103.55808423432737,12046.0
64.94269977892236,7032.0
36.9133715519575,4346.0
28.590766338027958,2890.0
27.9456868056995,2787.0
51.94768358778309,4389.0
117.4296817494833,12229.0
156.09275865811927,21879.0
179.040659551897,25126.0
158.42558168577088,23153.0
148.0519085097053,20456.0
98.58316902677663,14692.0
957.9907143404764,20788.0
160.39314441613104,20374.0
181.6655603789996,21603.0
180.5658086871739,19933.0
152.9237126297538,16049.0
180.75960796484628,20262.0
196.9974169946825,25919.0
187.82087362672513,27915.0
179.9342711851957,27743.0
172.34188318577796,27172.0
170.86139428473152,25406.0
154.6090495417782,20635.0
114.72200157316078,13962.0
68.29116233894868,8156.0
41.65515389745666,5157.0
29.040235697346347,3301.0
30.80634158675528,3083.0
50.705111677492525,4389.0
108.57881092045723,11444.0
161.57366523480147,21314.0
168.4027312027535,24790.0
149.2749129601904,22420.0
138.74337939469552,20263.0
100.10043924290294,15090.0
988.3765820956417,21188.0
165.3240590289883,20659.0
185.59354003383675,21942.0
183.03778420558774,19990.0
168.58570677315774,15730.0
199.17182957504141,19888.0
215.2592819652178,25488.0
206.20163722609604,26695.0
196.87414563763275,27147.0
189.81175512449994,26599.0
191.97132050610392,25831.0
179.43432249977502,24189.0
163.58609418435185,20538.0
119.86315363749992,14740.0
82.14930719381061,10134.0
62.719455764159136,6986.0
50.65540540114148,5223.0
52.23147828596306,4497.0
84.14734577386282,8009.0
108.32612280691106,12367.0
117.69266493501577,17370.0
138.73374227237912,20861.0
148.84111141581727,22012.0
113.41458717645745,16690.0
966.7041502173831,23343.0
172.4835958413978,22137.0
182.28556609547073,21908.0
174.1001376055809,20454.0
147.14372245930394,17428.0
165.91114673665774,21845.0
171.6111727467765,25651.0
159.9352938147799,24538.0
143.81415166332408,21884.0
144.60956996394776,22016.0
153.7696118001749,24428.0
158.94254145900354,24365.0
150.36447041648353,22073.0
125.32772254681132,18920.0
112.34622636731692,15584.0
89.33584866470987,12132.0
69.95209951111723,8218.0
40.69092234820941,3965.0
51.59460833125926,4761.0
67.81784268684225,6791.0
78.00142459548202,9140.0
102.92216980512094,13861.0
122.21054857933069,17668.0
113.68326963807591,16470.0
861.2136334836991,21932.0
153.21835170392748,22208.0
155.0314883063803,21400.0
158.25250945578927,21777.0
143.50800750104904,19845.0
169.12955382341488,22979.0
178.43662097265783,25224.0
167.31152125162563,25275.0
151.13295411515242,22783.0
147.6981145481631,22510.0
153.03067431606547,24320.0
163.30077076949993,26359.0
159.94673781860354,22316.0
135.58147184104064,18976.0
116.75924575057418,15768.0
98.96950966808086,12283.0
74.22545001455025,8493.0
40.06730972949539,3951.0
46.02070156561383,4098.0
57.79742104585623,5338.0
86.62272051340031,8298.0
107.37643923228002,12105.0
135.35739514668165,17144.0
112.76965565284495,15364.0
790.435707771104,20002.0
155.8732568028299,20925.0
156.09203175872202,20239.0
156.36528269580046,19805.0
135.76224050096445,18055.0
139.50537173914725,18726.0
138.77138170484886,19676.0
130.48793329732766,18551.0
130.78177021088752,18101.0
135.5111906706046,17884.0
116.94468775452556,16173.0
101.26769358863518,12671.0
63.2878288990749,8210.0
39.78503412735436,4663.0
25.00213629917187,3023.0
19.348267324721817,2118.0
26.076692983050766,2444.0
47.96440433114372,4080.0
94.87195495968284,9847.0
126.10150049498007,16862.0
141.80448191888024,20559.0
139.06198007336417,20122.0
131.372088105282,17840.0
99.52210650650761,13664.0
794.365870825022,18156.0
147.10361674709603,18098.0
162.38150186755212,18726.0
165.01785579831176,18721.0
150.76151501827957,17024.0
160.59498722910288,20043.0
169.4744931015818,23797.0
158.5237362420933,23754.0
152.80319228333022,23284.0
143.67521855142815,21947.0
128.66850797735705,18539.0
122.00883074699694,17193.0
80.66846933405272,10141.0
49.69531829371226,5946.0
32.5510945295822,3598.0
24.22877516669824,2469.0
23.028968318254062,2311.0
41.869075689845026,3802.0
95.37839123511645,10504.0
132.2210839846014,19245.0
154.19274292236074,22900.0
140.20101967876352,21882.0
131.44978044774447,19232.0
95.79546263665256,14377.0
862.3122774525057,20483.0
154.6278399172903,20494.0
163.68582685224033,21209.0
161.24959599812496,20439.0
142.44558409438127,17455.0
175.08956398750522,22255.0
202.31317763188446,28160.0
211.1400498519539,30576.0
175.8168729417558,26898.0
160.9779508485154,25760.0
171.882753978829,24184.0
137.31990111083596,17983.0
91.17008334143526,10995.0
53.97485545144081,6373.0
37.781381408601284,4096.0
27.691077175153186,2778.0
24.90631724300959,2527.0
43.68914179626476,4065.0
99.55976258442088,10908.0
135.56063572838687,19467.0
163.26689328120207,23749.0
154.8991206208502,22820.0
148.80910707466325,20862.0
104.42860764128548,15289.0
946.781640671719,21490.0
160.86464725036757,21109.0
171.50044166728844,22134.0
165.301262641323,20813.0
152.5135327943972,17548.0
172.60425104394795,21143.0
194.91986843151713,26150.0
197.07087038098211,28178.0
189.8505262461077,28929.0
186.30065153814223,28120.0
187.3940437719526,26733.0
167.12683806502739,22064.0
110.9981212658573,14061.0
67.09729115961797,7894.0
44.372821513578415,4914.0
31.915655880296313,3263.0
29.27109059213651,3008.0
50.29036603962749,4362.0
106.57537735395843,11125.0
140.43171426428944,19836.0
162.64978344855615,24339.0
160.89788843991582,23945.0
144.42419602936212,21407.0
102.63104225099825,15789.0
960.6338365380909,22472.0
165.58498475940348,22025.0
173.30610392256781,22398.0
172.89523630356075,21145.0
157.56970095794082,17208.0
178.21981861624786,21797.0
196.55869164173498,27465.0
185.89566552556667,28835.0
180.1497415408519,28296.0
180.0074243917113,28401.0
179.4832895881089,26611.0
182.80731345078453,24061.0
147.38191735432926,18076.0
97.45210726443975,11244.0
62.374617747565985,7248.0
45.52318763703071,4913.0
42.2698372437819,4021.0
54.63968174621675,4695.0
112.30406200352678,11575.0
143.15619256665383,19256.0
155.85631418310146,23730.0
150.73337808043,23112.0
133.60866273515686,20783.0
99.98356167384331,15475.0
870.4961181240759,21183.0
148.07377391408576,20357.0
163.24232811755758,22024.0
156.53324365924146,20524.0
146.02235715446773,17962.0
172.65971026609336,22478.0
186.2139009719064,27470.0
183.2075409518831,28870.0
170.36464203066518,26847.0
162.58520178277757,26287.0
174.77637395528575,27039.0
175.52988288560132,27364.0
171.77521738379627,25599.0
154.81842302320317,21965.0
131.9853077165329,18314.0
107.53012488293477,13464.0
75.19151979800965,8578.0
42.025664763688184,4097.0
56.337822418869926,5284.0
71.72068821929295,7374.0
93.88762443036948,11757.0
117.11026142783592,15912.0
136.78583646511518,19035.0
119.2762928722177,16593.0
964.7963713726629,22711.0
170.89323328347936,22548.0
175.23139202276525,21378.0
178.29362123203177,20940.0
157.59013679651164,18444.0
179.18961357369466,21497.0
209.3064334483806,26203.0
204.8524428082138,27066.0
190.35322849986292,26386.0
178.5865908691349,26606.0
179.4168498121901,27729.0
186.75657445472064,28901.0
181.26815577606652,27398.0
161.90698472957322,24055.0
146.10563888168554,20966.0
124.36136241552526,15805.0
83.88299962543987,9761.0
43.049571084002075,4256.0
51.323293722279764,4515.0
60.84737955028588,5990.0
80.61776761513626,8568.0
105.36227118628807,13011.0
130.00021524613535,16982.0
112.08939301902394,15513.0
911.983192116318,21693.0
155.4135545946444,21033.0
167.5735706611969,20989.0
163.70979381890194,19949.0
157.02955313392252,18778.0
166.97894262134943,19587.0
160.58950731070033,20598.0
157.32557999237338,20294.0
144.72593109120945,19041.0
120.52875810063482,16495.0
110.2975269461657,15292.0
94.4522281030939,12472.0
73.38628877736942,8701.0
41.585993866583216,4908.0
27.851673693183873,3197.0
21.18361187907451,2117.0
24.20774004556676,2468.0
43.79970259133598,4267.0
110.9951222051743,11243.0
150.650973490926,18894.0
168.31835987400245,21754.0
150.15214781418572,20046.0
128.62992561201102,17525.0
91.3366462797009,13213.0
732.8319731668311,17576.0
129.81115712319107,17194.0
149.28842282398642,19057.0
145.59230381807265,18963.0
149.26675935765445,17328.0
171.2858151460086,20530.0
171.88344185382195,24374.0
163.58927870180332,23839.0
150.85930460461628,23107.0
145.13521352094648,22081.0
127.46121547638427,18421.0
100.58251654622968,13737.0
75.75092874985067,9235.0
47.44759212275289,5405.0
28.92556670913552,3270.0
21.98218975007398,2165.0
21.225040323281167,2062.0
42.340178059514066,3773.0
103.70545109991342,11321.0
154.6770354620041,20710.0
183.4787744623327,24567.0
164.669459851057,21758.0
142.9054005658222,19446.0
91.38580077514757,13650.0
856.877226479038,19171.0
138.9368389920412,19114.0
150.9080969839589,20790.0
149.4927195778127,19622.0
147.88758901864247,17374.0
169.82921340593796,21887.0
179.37841690870667,26346.0
169.20411038892036,26220.0
164.9065013241195,25408.0
157.79176030214532,25075.0
146.74663725717707,22198.0
123.51939685315297,17474.0
85.53428141658793,11192.0
61.43915808979139,7331.0
37.288926389726484,4248.0
24.654882370141298,2824.0
23.829637928882093,2559.0
45.77430214755291,4191.0
108.49242711722866,11544.0
149.36592889937765,20693.0
175.0150582549924,23794.0
154.41949483760035,21750.0
141.65262294680562,19423.0
94.10194310826651,14007.0
933.6753343011134,20024.0
156.27779751885421,19594.0
164.55816926340358,20271.0
176.6734949889009,19502.0
156.67866175973865,16178.0
188.07941274388057,20550.0
203.21758253489838,24897.0
183.01780081883706,26604.0
172.4919976551279,26754.0
180.6494671599193,27452.0
172.14464672053742,25425.0
149.93514859263303,20872.0
107.36924637943447,13746.0
66.38147361577788,8063.0
44.73857231538568,5016.0
28.621741448409654,3291.0
32.829171737637125,3075.0
50.12130939852737,4424.0
117.69041065000974,11991.0
154.73248876513236,21073.0
173.9506893329036,24122.0
158.2623959833891,21991.0
142.38647201284385,19925.0
99.38241155771985,14609.0
956.9952210155252,20804.0
158.93513388086768,20400.0
187.84751567848406,21958.0
179.8094142333486,20177.0
159.91694400648774,16281.0
192.97189697762926,21191.0
206.4407823997472,27483.0
198.79992212428084,29110.0
188.8921075109215,28779.0
185.94018209113847,28283.0
185.66558866222115,26582.0
165.6862309662985,23339.0
130.89010217749447,18016.0
88.0885692734836,11535.0
65.01311663579396,7612.0
44.62799454330447,5147.0
40.29682522220403,4123.0
60.05096341834733,5230.0
122.6377634386764,11913.0
154.00024316671372,20584.0
173.69631207667393,24441.0
168.29426099323288,23156.0
143.93855333340736,20964.0
99.98768902114087,15280.0
916.8666872801203,21625.0
153.2596807253714,20761.0
177.6676375744956,22066.0
172.92462325220714,20043.0
163.0787183487454,16627.0
176.54413236363803,20541.0
196.50666204963025,26597.0
194.28299299469046,29149.0
195.0504362432844,27790.0
183.6370834130698,26427.0
180.10298343574158,26919.0
181.7500561135226,27415.0
182.7810394010813,25604.0
164.12808539355393,22049.0
129.79446844418592,17875.0
102.88679911703277,13247.0
78.61592113557475,8610.0
46.25222249079883,4409.0
63.80759570713241,5642.0
88.08228673130562,8466.0
110.30466651089566,12939.0
136.43939844500395,17843.0
150.87679825459898,20668.0
126.15266373550153,18063.0
1049.3431369110042,25045.0
181.26048519177667,25183.0
190.02446398971068,24834.0
182.68651491059575,23998.0
159.3980918842753,20351.0
173.13545265220205,23480.0
200.71827873953993,28058.0
200.55667854495871,28922.0
191.7347472560489,27325.0
182.08413311041377,26516.0
195.19340461853952,28075.0
191.96210005159566,28520.0
178.39677697374614,26307.0
166.21328920256124,23912.0
154.26925340335936,20992.0
118.30885716083803,15793.0
87.07007120775353,10154.0
45.47407115983152,4766.0
54.29686234616052,5047.0
69.17320680590298,7134.0
86.71344766636959,9881.0
114.90878377175882,14864.0
140.6858736958853,19276.0
123.88643344730531,17758.0
1007.9287034568082,23500.0
179.3345979439017,23073.0
183.0782969949835,23371.0
177.04327244607833,22570.0
186.4617974783592,21225.0
191.98018574339383,22486.0
194.27806034567172,23867.0
175.1440605133016,22391.0
159.2847169255728,21600.0
151.24804648726473,19933.0
131.33618149697597,17740.0
117.59793366709461,13754.0
74.90140799928113,8593.0
42.94928181764513,4957.0
29.22203788289328,3219.0
20.751974764367223,2150.0
23.24262319248652,2448.0
49.949101886786366,4455.0
119.31922985038884,12062.0
157.4288283049746,20640.0
182.44649307014762,23289.0
182.88928397796445,23392.0
170.4706725220602,21399.0
104.06964989596777,14432.0
920.1403801912102,19862.0
139.57322812196136,18060.0
150.3015450629128,19233.0
148.64436979883578,18922.0
142.55892219508527,17057.0
159.70319557653943,21059.0
177.64064874607652,25644.0
167.76931434334514,24406.0
154.29373834610632,23103.0
147.26196210344096,21930.0
129.14122436295614,18982.0
103.96048210790683,14503.0
84.23459166961015,10215.0
48.22680462002569,6007.0
39.5487588116025,4491.0
23.9435219445895,2562.0
24.10587667324255,2286.0
49.98685746016299,4181.0
111.74032256094482,11928.0
153.85071402781088,20815.0
187.8852287974419,24959.0
179.8203340344944,23363.0
148.23027747960205,19525.0
97.92929895807006,14049.0
938.6163408893289,20099.0
153.11873563615998,19237.0
168.98080094889968,20863.0
163.81778868502033,19732.0
151.52795695944914,16993.0
172.65113789017576,21087.0
183.12289376151813,26352.0
173.40155263884952,26747.0
164.8537827512841,26650.0
162.15859881014478,26378.0
161.1631780230855,24348.0
137.13829187476742,18744.0
99.90977903574708,12071.0
56.88022276949786,7012.0
39.361410687442685,4448.0
26.59743602966168,2796.0
24.666609694785343,2618.0
51.76409604403042,4235.0
116.57827299772211,11742.0
147.25810298202927,20738.0
168.63304182522577,23963.0
153.3175147884811,21685.0
137.69406586967966,19435.0
99.12552950916847,14176.0
931.6766128031244,20069.0
153.98243359618107,19722.0
173.84139496027927,21274.0
191.575258925048,21998.0
152.96062326771417,15858.0
187.54981288762238,20831.0
205.89345045768445,26148.0
176.8980422298689,26270.0
175.6042556992127,27041.0
179.91203448571994,27240.0
172.80498665152086,25794.0
155.2778009978838,20842.0
106.05791336369707,13328.0
72.36931568027754,7963.0
45.37667456587223,4822.0
32.41788430925923,3127.0
30.697152200262025,2996.0
57.37804700982111,4491.0
121.66009145262032,12340.0
162.61947173417968,21851.0
181.48881615379713,24796.0
165.19975789979864,22876.0
157.54769951566632,20840.0
106.80177718004825,15204.0
1037.8604974954474,22073.0
171.40659293365962,21500.0
198.55485380560467,22346.0
195.87334270920496,20567.0
165.70598412531413,16287.0
199.80778336791852,21254.0
206.56645207476217,27310.0
206.70731102241604,29706.0
200.9090061318984,29430.0
197.05930562435512,29184.0
195.67573168878613,27772.0
187.16679255902682,25079.0
146.93848769212642,18353.0
98.31910045022754,11437.0
69.91644093116709,7606.0
50.509669483121485,5092.0
41.94947409520005,4080.0
55.11848743138677,4790.0
128.0105911746661,12000.0
168.6811685477313,21055.0
183.34655291278008,24325.0
164.86312791348183,22541.0
158.19499292226655,20975.0
106.50504832112446,15405.0
1016.2659965443836,21513.0
169.2998493990491,20256.0
187.5674773768815,21711.0
185.7513288990972,19412.0
165.72737299232722,15862.0
199.35156108812907,20050.0
216.20001370462387,25451.0
214.7371554699724,28590.0
213.54658838559087,29222.0
202.20750148272333,28608.0
205.17373464772533,29536.0
206.7265258599476,28611.0
197.17566833537728,25640.0
167.9368335668955,21395.0
141.8433426564474,17439.0
110.49285167527898,13213.0
77.99005286000164,8582.0
48.766417796745394,4602.0
64.67105532537778,5452.0
88.13259762588845,8259.0
117.74090901040714,13204.0
139.87435753484831,18057.0
151.91568020830823,20676.0
129.51236370617764,18006.0
998.3915307744589,23863.0
178.60958636280466,23166.0
182.1731527560786,22278.0
180.983930291828,21969.0
156.90520605456445,19010.0
169.35495186648382,22062.0
196.35449351258228,27058.0
196.93641318224246,28918.0
187.07210330587847,27371.0
175.52658394796373,26423.0
183.74756709493937,27713.0
190.27464087795443,28308.0
183.31771020460084,26386.0
162.9572101744619,23750.0
153.40936721099823,20818.0
127.48507641396266,15795.0
87.13675957997634,10044.0
43.921906901786514,4550.0
50.88146242053656,4760.0
71.15451976509992,6945.0
94.20892588988784,9759.0
120.48608964125857,14271.0
146.23142191078705,17981.0
121.95500260124543,15981.0
995.8351413946657,22131.0
182.37354703369806,22178.0
186.2250814196805,22299.0
178.3417798072146,21232.0
167.71471595145206,19481.0
179.05799005163286,21533.0
174.25314890287993,21833.0
156.91830536832387,20391.0
149.14431309786792,19805.0
145.44325370695202,18489.0
125.3601095685907,16555.0
106.06695031353577,13188.0
68.27284670538556,8180.0
41.15490311900694,4759.0
29.10037349560959,3110.0
22.542311168116633,2278.0
25.09326596077108,2591.0
50.474069894101795,4506.0
109.85483777291297,11321.0
157.39687217502038,19654.0
173.36957600173662,22711.0
153.9979616392696,20910.0
133.50975729169627,18247.0
94.07691499292144,13458.0
780.8009903678326,18475.0
141.41197842515564,18393.0
153.12526692002427,20140.0
151.5724438673738,19382.0
144.8500354075283,17552.0
161.6372610247082,21251.0
174.91109741350334,25396.0
171.61838358598982,25166.0
162.24973783016256,24030.0
157.0562700373043,23774.0
144.56119173047512,20809.0
112.55347482019276,14681.0
74.30531793287183,9252.0
46.36413219881441,5553.0
30.301142314045258,3454.0
20.92859012930169,2202.0
21.173909743024872,2213.0
45.40855869031719,4086.0
100.95513608467878,11228.0
154.66614440436138,20157.0
167.3233254880676,23261.0
152.2742410696661,21580.0
136.77327177680732,18895.0
94.50058298023495,13804.0
892.9184636911623,19366.0
145.2310298019709,18789.0
155.67025425019798,20441.0
150.4923124646791,19531.0
140.8452811314082,16942.0
169.35890624363645,21083.0
179.95067962014852,26143.0
167.30635149779775,25847.0
161.54757255535532,25910.0
157.5909860493985,26355.0
153.25135847460388,24058.0
125.30375355870052,18334.0
90.33914523053741,11540.0
59.10022908873994,6848.0
35.136002529431984,4231.0
25.63831107710593,2841.0
25.863204119302534,2655.0
49.866804691956645,4305.0
107.15973646054289,11472.0
149.01393666955386,20519.0
170.4949314593633,23785.0
150.3680116999633,21860.0
139.54692999444583,19501.0
97.37777548809791,13928.0
964.8450461018464,19985.0
159.6158602736315,19697.0
173.0018039991241,20587.0
178.47939000912976,19695.0
164.48536141906752,15424.0
190.01288385453213,19403.0
201.17760877047692,24457.0
191.90236513754584,27200.0
199.57100148482232,28092.0
185.8347939162724,27744.0
185.70989798219935,26426.0
158.82807391449455,21242.0
118.613338117418,14312.0
68.11097226622815,8364.0
46.615099959961356,5000.0
31.63168071658014,3282.0
31.30299159966956,3102.0
50.724164652828065,4507.0
122.92789130685405,12317.0
156.87487776896103,21133.0
178.5461465260859,23914.0
156.67600259341967,21795.0
151.37248730861387,19841.0
93.1858533181682,13899.0
979.6873176076651,20414.0
169.05721962189304,19937.0
185.07263449037794,20981.0
186.01265995899644,19206.0
164.46404757563508,15430.0
199.21090459567122,20412.0
204.1847857719941,26770.0
199.65791398357376,29047.0
186.27485196376583,28549.0
192.98370608794409,28831.0
199.2634129429954,27092.0
176.1308047279285,23350.0
