0.271740441145709
0.268455824888848
0.2732078033333777
0.273426552755798
0.2716504883599672
0.27346419859917104
0.27356150290772097
0.27291237679747504
0.27291693565881664
0.2750912796788615
0.2760510729191314
0.27633657170901704
0.2762591688247626
0.277252849149252
0.27846966507177034
0.278580085546603
0.27991903560414916
0.28056258701207154
0.28218594648662165
0.28508330565440887
0.2931638796534721
0.30336877243502774
0.31171610004315425
0.3205120339717172
0.3294529610529264
0.33544684280128495
0.34112997413476037
0.34949859007595907
0.35716126638808415
0.36411442650828635
0.3712624417792561
0.3766630129872433
0.38165988800471556
0.3873951808723385
0.3927285782920093
0.3974100970025405
0.4022711928868039
0.40485140752250404
0.40592094344034885
0.4083079511939344
0.4116418515381607
0.4151632504842314
0.41842915791526164
0.4209383516220605
0.42357610089421455
0.426755794280358
0.4295816780075015
0.43186042660464274
0.4342146511910052
0.4364082290701556
0.4379477646172664
0.4393745886920907
0.4415480807297019
0.4432367644383239
0.44528645330373007
0.4466106181135296
0.44783645337100025
0.4497138110146561
0.45176466997928716
0.4536626580437476
0.4549152436094295
0.45649248556908023
0.4579492366693481
0.4589772248632548
0.4599925685232909
0.46107732240423227
0.4636310496773338
0.4647532528625269
0.4647393314853437
0.4661449174644609
0.46690857867182683
0.4673455607613847
0.46811207526046944
0.46910626566754277
0.46981485685400654
0.47019973576331003
0.47062724732907363
0.4714041712591539
0.47223941121960145
0.4721764891836513
0.47190933428127746
0.47162540698099265
0.471629273141156
0.4726056930785137
0.4733765517850307
0.47451231434921043
0.4743077739426908
0.47374370335541
0.4733736884650746
0.4730036661876849
0.4725425656717992
0.4712558559769206
0.4700027395087388
0.4697023363816966
0.4693612937726326
0.4688162784712602
0.4691118505012007
0.46943373446708775
0.46895663296204243
0.46845372114651623
