0.03496752552953137
0.03535296541051826
0.035573319750981575
0.0342823431224583
0.032225562556255624
0.031556322053413
0.03099128799614938
0.031119521494462198
0.0315608399416722
0.031384894670200184
0.0318715021999286
0.032076069333202985
0.03258844242955613
0.03331401068911637
0.0339324212957542
0.03401914830047715
0.03395785198679135
0.03382528533131019
0.0337648475880863
0.03376336618292835
0.03367718894990737
0.03362065454316372
0.03295225922592259
0.0329450317020519
0.03288148960366612
0.03290309676130132
0.03304791598281376
0.032976485538232264
0.03300917263631429
0.03290620999502714
0.032708068399192096
0.03275761396097899
0.032605859628995024
0.032467622833923696
0.032235803013702526
0.03210143805608853
0.03183603795646308
0.03170248867067757
0.03168839055999384
0.03170502969640778
0.03148292874219757
0.03153055590083644
0.03142672769651435
0.03144365085133676
0.031414259053929014
0.03147749450051325
0.03143212358629894
0.031422260402518644
0.03144074799403931
0.03149968081409679
0.03141490588196228
0.03130152235090341
0.031226160373719624
0.031013315666974534
0.0308953413341202
0.030774592207789706
0.030813379531587873
0.03082924861848673
0.030856899536107457
0.03094010903109642
0.03093504732937368
0.030845388883855854
0.03078143571929937
0.030780382957213578
0.03081585129903598
0.030801774891769003
0.030802989626088684
0.030855651462510358
0.03089338426959217
0.03092612253295206
0.03098923010487277
0.031082998790155306
0.03108954199456889
0.03104108640259008
0.031085617199280633
0.031018089471215118
0.031077555990893208
0.031077601146557735
0.031173503262137452
0.031121815855403776
0.03111370739844837
0.03108315655401582
0.031154154777400404
0.031169522329033514
0.031235375143065305
0.031242462048695505
0.031332709727524194
0.03125870886237464
0.031291386506397297
0.031286339453996684
0.03133343685615628
0.031388783187681686
0.03139354878101988
0.03136143394200618
0.031235746431786036
0.031227875169456614
0.031226169193181653
0.03129999611843431
0.03130401120883252
0.0313240539293265
0.03132267608986623
0.03136205283796038
0.03144046986422953
0.03152346104175635
0.03154542960733878
0.03156834852241942
0.03155086497547643
0.03158556719667948
0.031610834695732754
0.03166827322429121
0.03177677392427705
0.03178693269887167
0.031863798379837986
0.031924449908653826
0.031970153988249435
0.031998666749372344
0.03200064141879771
0.032024961575269975
0.032024631871367705
0.03206407659990556
0.03208621594834082
0.03211741891109463
0.032137772408208476
0.03213916456473307
0.03219248363745102
0.03222602370674874
0.0322742535215939
0.03231686912828695
0.032376895764937186
0.03245963239463545
0.032571871413151994
0.03266968636871965
0.03267539372822193
0.03264618022007954
0.0326677370769651
0.032685454457570894
0.03266053861330115
0.032675576216647566
0.03271525491600938
0.032742907449668575
0.03276377794720091
0.0327944981801403
0.032804621728224924
0.03279767112306348
0.03284488181247931
0.03288708874227622
0.03295863442270704
0.03303332365099539
0.033096549654965494
0.03317007598201892
0.033283360867691465
0.03333001721723489
0.033357025366425305
0.03338009475355505
0.033441441518152794
0.0335173517004436
0.0335792478552013
0.03358942359341848
0.0336107404689774
0.03361705631637629
0.03370119723064975
0.03370305767515647
0.03372668510343358
0.033765392755759585
0.03376519905872345
0.03375860537399389
0.033754596540735156
0.03376420624798589
0.033767009714185676
0.033786660747782235
0.03385490123347894
0.033894673919206614
0.033907950265357895
0.03391147868897836
0.03392644243046093
0.03391770407810012
0.03393443657739323
0.03394345022114141
0.033931148561576384
0.03392795294972351
0.03395738408238788
0.03401471065249215
0.0340305878264361
0.03400962883085111
0.03397178660115074
0.03395741443031122
0.033974140386812755
0.03397673987133465
0.033961628912456764
0.033985283546520924
0.033976494887590296
0.03395686293134312
0.03397753936075834
0.03398823084555908
0.034007646287742006
0.034021944600581014
0.03399656421336772
0.03399404293748845
0.033991432920000744
0.03400704083256369
0.03399132169219508
0.03396559138695593
0.033985771544385694
0.03398115648318299
0.03396669474764734
0.034002287380398115
0.03401952963553533
0.03403790575323065
0.034017097288708956
0.0339771421133573
0.03395093964520272
0.033981342295694085
0.03404551289062242
0.03406308019861134
0.03404186325448992
0.03405013982378368
0.034030411305318496
0.03398231136366998
0.03394423543879238
0.03390587901501384
0.03388183104024688
0.03381616853007509
0.03379206993840124
0.033777785017082146
0.033752521365770574
0.03371667512382639
0.033672391234927504
0.03364730016794701
0.03359709836146224
0.033561848275085626
0.03352489376217377
0.03351758260777071
0.0334825197896008
0.03346235565952864
0.033439910794377
0.03343917954109344
0.03345662219221793
0.03345807108932987
0.03345627770324202
0.033437353979243536
0.03343098977477513
0.03343318893957164
0.033455772232013604
0.03345562863919562
0.033473006478980195
0.03350443814150238
0.03349364506824082
0.0334996841502332
0.03354163116041061
0.03355883236057191
0.03356893694876907
0.03358552785264749
0.03360472589505337
0.033592449592460556
0.03359647653398513
0.03359206997525283
0.0335768809388895
0.033546032994978284
0.03353043544811251
0.03352356024065746
0.03350715386901938
0.033510302554063294
0.03349920991152827
0.03348565591897006
0.033490764350280845
0.03350085651787698
0.033478636776581645
0.03344983597851409
0.03343585060052316
0.03343074552278583
0.033390732104791945
0.03339470975675436
0.03338254282000342
0.03336401974358923
0.03335691667527409
0.03336137684840742
0.033354607179540176
0.03332224136966148
0.03329601838628759
0.03329740329204435
0.03327902223080349
0.03326730992679547
0.033233330979088545
0.033217179134239085
0.033202957449665095
0.033195506119681674
0.03318688814730801
0.03317690437985244
0.03315143122892381
0.03313492879690528
0.03311968607093129
0.033119134926932484
0.03309190057467285
0.03307568783194512
0.0330598024872073
0.033041176338823953
0.03301724703862671
0.032998355423871105
0.03297859439269863
0.03297055801434124
0.03296663766434148
0.03296438229221685
0.03293847399675554
0.03292727788885537
0.03290777499700047
0.03289897170229596
0.03288521014330259
0.03283151853894132
0.032822772734654046
0.032818423065201115
0.03280693460650413
0.03279563172765179
0.03282074467764383
0.03281586240953883
0.03279620316046648
0.03279993065516351
0.03280131521869869
0.03277653755153877
0.03276644591657294
0.03274204908850138
0.032715546441647814
0.03267869106146823
0.03266470133258002
0.03265892753778988
0.03265529128934371
0.03263683213153717
0.03260595894033609
0.03257587038929456
0.032570800093708004
0.03255400886090232
0.032542373353292436
0.03253785562683132
0.032515228980916085
0.032489575413802936
0.032479417136635984
0.03245119577103897
0.032421878249961254
0.03240911372703355
0.03241615618848317
0.032420012276477436
0.03240602326937588
0.032399063849215926
0.03236312190930308
0.03235117742153788
0.03233282285988817
0.032357229033521964
0.032382705365608076
0.032373613277883406
0.03235945718523565
0.03235579665482521
0.032356678524848616
0.032355937517936605
0.032353897688768535
0.03235249271597662
0.032347651959931556
0.03232477962111944
0.03230908206066372
0.03231290071842533
0.032300698952426994
0.03228816753078788
0.032294047974101354
0.03231747764583026
0.032357462619492995
0.03237252426303065
0.03238995683905258
0.032418958156038395
0.032431465654580785
0.032450403609469984
0.03248557410131846
0.03249610708412854
0.03251832886135096
0.03255296276544271
0.03259407842168166
0.03260135820352654
0.03262852564365326
0.03264794159614225
0.03266737497155437
0.03268038539942487
0.032684514706428365
0.032716296362423014
0.03272388959231418
0.032739511975774765
0.03275629798273945
0.032782246380822735
0.03279763515719863
0.032833310993392976
0.03284137343614317
0.03288791591413268
0.03291017431663383
0.032939994948478046
0.032937066782803566
0.03294774800594259
0.03294843714660933
0.03294754791622183
0.032949872711107275
0.032977565526125595
0.03299488399674228
0.033005034709656385
0.03299839175841338
0.032983129848204056
0.03298621083271378
0.03300038798640609
0.03303162628554352
0.03303501564410132
0.03304732445459104
0.033048459155600285
0.03305686008239849
0.0330817713057789
0.0331038993017322
0.03312509233732126
0.03315867773223574
0.03317285083669219
0.033181757518172594
0.03319428691377704
0.033219631163300456
0.033255212920651346
0.033269161074170245
0.033304645865469086
0.033331651229639096
0.03335839654407889
0.033378539792244116
0.03340503112394243
0.03342522581029311
0.03345748276916285
0.033479702686625756
0.03349282256570039
0.03349800044608197
0.033521665640248235
0.033553043297255745
0.033591660837004156
0.03361045441091629
0.03365412785686165
0.0336844314201936
0.033680667113563226
0.03368862295423831
0.03369501510618442
0.033736758005697476
0.03374836394382046
0.033774084601485094
0.033776661195384125
0.033790964329337335
0.03380540793460032
0.03381871987895361
0.03383416646225878
0.03386238111958402
0.033872032847856635
0.03388240033019907
0.03386822702140663
0.033882558250246435
0.03389182875079547
0.033905592212558074
0.03388092496490291
0.03386927459204411
0.033861497923965776
0.03384850288942542
0.033844074210791095
0.033839091618862824
0.033826965269367966
0.033825455825471994
0.033807188927606806
0.033792973485744913
0.03377313941325545
0.03375707281637934
0.0337508489634864
0.033747773645822855
0.033755770781449194
0.03374493616028738
0.03371884108266156
0.033708660978977206
0.03370698162237251
0.03371289885225395
0.033720543439885585
0.03375095795293815
0.033764777208745315
0.03377178782932483
0.0337830774747501
0.03380795597257537
0.03381572110335592
0.0338008392029913
0.033799690245181334
0.03380301374509304
0.03380738168022586
0.0338143069870211
0.0338151519039131
0.033801623698974256
0.03379086757186421
0.03377727145878515
0.033778893289011735
0.03379356761052226
0.03378965189955708
0.03378512952212653
0.03379071076738024
0.03379239576303479
0.03379171853436645
0.03378655749985631
0.033782657576127494
0.033794084127020126
0.033800542387037766
0.03379812641349459
0.0337988371810154
0.03381023559036315
0.033800351978157714
0.03379392043948257
0.03379471838808616
0.033794653972686585
0.033799608416196086
0.03379162406361083
0.033792093005559416
0.033784217888536014
0.033780924469259385
0.03378844892166384
0.0338002626637342
0.033795720873426895
0.033798193290422975
0.03379363853616752
0.033789891890370474
0.03377503974469043
0.03378452085407219
0.033774746831229614
0.03378764596901254
0.03378683418375336
0.033794448293571866
0.03380741428858021
0.033825699978411936
0.03384837950144121
0.033876605515315024
0.033883759145145284
0.03390297160513801
0.03393427714801139
0.033949914564555365
0.03395911316350655
0.033957882499902586
0.03397116947500086
0.034001668149547075
0.034051872069851524
0.03406659281589698
0.03407911457633492
0.03409664165031421
0.03410462205709771
0.034104667264154294
0.03412898586763544
0.034154484893880274
0.03416409894973551
0.034179037429847944
0.034188294366626744
0.03421804783862915
0.0342328738013602
0.034236617702000864
0.03423511397012389
0.03424875676115118
0.0342702515116373
0.03431228972444961
0.03434345633654408
0.034386780818988986
0.034405994355895454
0.034414238007855494
0.034421667430112
0.03442582261600148
0.03442413643642321
0.03444138422531793
0.034463679548960006
0.03448678561830592
0.034499666606660664
0.034496826416160115
0.034492127862450955
0.034503103742283034
0.034517011144141144
0.034525720503418955
0.03453148749590664
0.03454163668868945
0.03456182340693802
0.034574701924925635
0.03459460756046176
0.0346073543488167
0.03461653302346279
0.03462475922544753
0.03463827545994035
0.03464807673255018
0.034647641447229705
0.03465107144923184
0.03465528645887844
0.03465942428395176
0.034683975858704315
0.03471307896077754
0.03472643810271152
0.03473292566417232
0.03474586035719512
0.03474922891806587
0.03477805392105629
0.03477641137974251
0.034773050040225614
0.03477085835370346
0.0347714294285608
0.034775929427439935
0.03478569582292645
0.0347631921581499
0.03472230930759897
0.034685816383755896
0.034641641006205884
0.03459519287904326
0.034547485670808856
0.034494381770898176
0.034437856918959
0.03438678712388326
0.03433496429964048
0.03428195603093659
0.03422903973404483
0.03421204653798713
0.0342104148635067
0.034178865376430174
0.03413507371930913
0.03409120666130592
0.0341196481011457
0.03419848591457382
0.03423021430644568
0.034257427927357774
0.03427632631876326
0.03431349954591705
0.034343858440952925
0.03437590271526037
0.034400446320512736
0.034424589224476304
0.03445457323665164
0.03448167805319462
0.0345034451563809
0.03452598059078428
0.0345668838905818
0.03460680467235754
0.03463017344530594
0.03463604829697847
0.03464299789881694
0.034642549462031616
0.034637193289691164
0.034625993566597235
0.034627127819164896
0.03461572805782018
0.03458499216191334
0.03455812178827096
0.03453990882529535
0.03451535643828345
0.03449866911973668
0.03447793101228027
0.034444282289577154
0.034416304847267945
0.03440258843559269
0.03439039412444888
0.03436080467684013
0.034328780750393285
0.0342903369214899
0.034253723917288474
0.034217329322814655
0.03417958170703275
0.034145255904900834
0.03411009304552216
0.03407786703023526
0.0340475164423132
0.03400563829558141
0.033973105819866026
0.03393948746682734
0.03390632849798476
0.033873121522276936
0.03382932650536288
0.033789888342055874
0.03375135409965542
0.03370558759826458
0.033662041344462296
0.033697067993884264
0.03380193278014977
0.033899088494835354
0.03399443064391398
0.034058032441329184
0.0341231904488699
0.03416571501927604
0.03421554449971632
0.03426568432218033
0.03431533872255263
0.03436387998927928
0.034399570152278895
0.03443599803759823
0.03448009168684243
0.03453712301967788
0.03457269187837062
0.03459654841426381
0.034646105231848016
0.034677361413516655
0.034715668214258304
0.03474332448583488
0.034789786580135186
0.03484071299357668
0.03489634502259933
0.034925446383921595
0.034960576386089945
0.034992067705582684
0.03501744662854525
0.035042038621602475
0.035090558359839596
0.035127813972267226
0.03517573598936463
0.03521622948652469
0.03526715044626136
0.03530125172826699
0.035339992712297395
0.03535925249138917
0.035380711087239634
0.03538240236263112
0.03538157305765518
0.03538639430822063
0.035399930197456526
0.03541666020183346
0.03542996650072955
0.03542860629126711
0.03544754695061793
0.03544891169312013
0.035460447724687906
0.03545932123572395
0.03547903243154504
0.03550249084907662
0.03551426952053201
0.03551691445479775
0.03553716966302888
0.03553705467229529
0.03553168093186543
0.0355269869482632
0.03552480952017012
0.03552450648791587
0.03551799497171539
0.03551622248602585
0.0355118613273771
0.035508357308764116
0.03551198008600395
0.03551543117757542
0.03552120184751309
0.03552360573368261
0.03552257004898619
0.03552947339173152
0.03552805917214185
0.0355199807423278
0.03552267289161416
0.03553033450845072
0.03554249958912916
0.035556607516780886
0.03556296442059471
0.0355600741892371
0.035560120444669135
0.035568060651465776
0.03557357534454646
0.035586439001293615
0.035588530647385
0.03558204310726797
0.03559152446289501
0.03560198025911288
0.035606956537707124
0.03562109387957194
0.03563435871367983
0.035645187308692865
0.03566256666765259
0.03569085677723777
0.03570826148880716
0.035723156475807157
0.0357216014814357
0.035732006869962085
0.03575639567236429
0.03577613855811142
0.03578000412081527
0.03579259878323713
0.035805151019066964
0.03582103871244784
0.035829985328802105
0.035844685174933326
0.03586309246071526
0.035874342594227185
0.035884968211037156
0.035890373603142636
0.03590278748355487
0.03591856761820098
0.0359228059975643
0.035919661995639285
0.035919277124108716
0.03591997750899827
0.03591306967461913
0.03590981345409996
0.03590596353392458
0.035908763377384384
0.035900456872022125
0.03588995452995818
0.03588163948748271
0.03587907744416098
0.03586742018639972
0.035859766364943896
0.03585692059854294
0.035860716862378635
0.03585073022571136
0.035848680319248365
0.035848374794889164
0.03584808964351906
0.03584780449668532
0.03584751935438785
0.035847234216626514
0.035847436070378706
0.03584777988181414
0.03584974694964673
0.03585059807810524
0.03585128686938076
0.03585181332734688
0.03585201513481576
0.035852379258844685
0.035852581058602166
0.03585229590358489
0.035851990385385606
0.03585166450504558
0.0358527013001339
0.035853604922817854
0.035854515446515814
0.035860843450985405
0.03586004437778407
0.035853301829419607
0.03585456725425335
0.0358653980971668
0.03587111869124514
0.03587498474576796
0.035871011899182285
0.03587742169389347
0.035885489848732084
0.035892279039786264
0.03590204419340892
0.035911321757693265
0.035928060898300536
0.03593213847132983
0.035928399154213635
0.03594279966654479
0.035943673976837405
0.03595271149547669
0.0359530852160487
0.03597397084079276
0.0359785415364291
0.035981550562804374
0.03597869844328402
0.03598117775081973
0.0359884800553769
0.03599406024006022
0.035999566788950804
0.03599336146882282
0.03599385721033743
0.03599374831075588
0.0359873883048886
0.036003304759152206
0.036006445604768796
0.03603214455063786
0.036066791280009995
0.03609671762060738
0.036141628197573716
0.03617461589882419
0.036200103797376676
0.03622750243096274
0.036269257311262564
0.03629425568472168
0.03633125462201295
0.03636152359451607
0.03639589423547962
0.03642288915218221
0.03645493362461086
0.036499875094219716
0.036536876336936766
0.03656662972625015
0.036603479778412405
0.03664493162263164
0.03667209194583407
0.03670471939039416
0.03673237507883993
0.03675803388514773
0.03677621544212913
0.036794919951559736
0.03681032053566255
0.03684506856151148
0.036855589538378
0.036878075444533163
0.036892364921856616
0.03692663155413244
0.03694749191308322
0.03697090629603076
0.03699444732331823
0.037019861144915206
0.03704233360861979
0.03705268296317372
0.037068454360255715
0.03709249173167611
0.03709895188331428
0.03711020670859965
0.037125099864331074
0.03713757307872748
0.03715095439847396
0.0371722889076537
0.03719527516264957
0.037207457690821386
0.0372222978618587
0.03724532118240759
0.037252915961923164
0.0372667725021381
0.0372853111662209
0.037303125640246876
0.03731150570838037
0.0373208280812681
0.037325423382172665
0.03732704739683404
0.03732746991873571
0.03733426267824579
0.0373398058171709
0.03734682102521786
0.037349150172811
0.03735308712215077
0.03735828393193847
0.037364258689238476
0.03736149192875465
0.03735041904632214
0.037341324195878066
0.03734500253674627
0.03734581682000006
0.03735906662221633
0.03736003618169601
0.03735690474568236
0.03736211604305445
0.03735931914298899
0.03736171693040087
0.0373594409889142
0.037365922997846204
0.03736251080705071
0.03736505444632903
0.037362169540030285
0.037364995861632735
0.03736294635200462
0.03736290031046457
0.03735991327288011
0.037369433598290445
0.03736636013051299
0.037360413155086834
0.03735882962300104
0.03735677130859807
0.0373641770583363
0.03736626998770499
0.037372717302413205
0.03737272087615031
0.03737540740276449
0.03736882682200866
0.037372701831864065
0.03737430088643078
0.03737878098050082
0.03738412377925277
0.03739708344597054
0.037394981236662066
0.03740126159449818
0.037404484002017124
0.037418798017984534
0.03742238174985969
0.03743975411965641
0.03743464077604298
0.03742796709376533
0.037431528825252476
0.03743354750582446
0.03743323573121619
0.037431315841887074
0.03743596752910803
0.03743097972911774
0.037430823783691475
0.037429876605252856
0.03742793446179251
0.03742407725211318
0.037424094054253995
0.037417601108114706
0.037407008424087125
0.0374012434132208
0.03740365908437675
0.037399841318819606
0.03739488953277229
0.03738655357941395
0.03737923217955198
0.03737256540936875
0.037361492089317765
0.037352933019162794
0.03735029151758864
0.03734332016699648
0.03733762407761737
0.03733603722243363
0.03733389603249425
0.03732502940938297
0.037321060307234054
0.037312360898204784
0.03730451577827076
0.037309548000498245
0.03730865691674207
0.037306517954644076
0.037295464888669666
0.037294447666392325
0.03729546891902693
0.03729776346025747
0.03729168968982823
0.03729362460670205
0.037286192531583294
0.037280982971531054
0.0372683810603832
0.03726992042260982
0.03726664066093433
0.037259604069420395
0.03725896866163689
0.03726113886649295
0.03725270118503009
0.037257521091581855
0.03725704115186768
0.03725765823973435
0.037251886607993834
0.03724605554310451
0.03723859666864096
0.037234552544246555
0.03723219353506297
0.03722984333243099
0.03722997698017152
0.03723337911137237
0.03723429837970616
0.03722886869765697
0.03721974117546455
0.03722039538540361
0.0372073484108502
0.03720490205648043
0.037204901417916346
0.0372001044980598
0.03719349576096419
0.037190147436242854
0.03718746028637823
0.037191794017381194
0.03718802538098161
0.03718831048903394
0.03718506629515566
0.03718196481575594
0.03718451092391364
0.03719137287515929
0.03719030503549304
0.037189721705027136
0.03718325606915787
0.037195175833061984
0.03720087965686142
0.03720198436048283
0.03719613882109185
0.037188867534796166
0.037186479019294526
0.03718393111835182
0.037185688628984616
0.037182925542179154
0.03717905502800085
0.03717948941777228
0.03717358217705923
0.0371709781711865
0.03717168114080947
0.037167079469797575
0.03716705543127463
0.037175517920354936
0.03717697000877835
0.037174917838680405
0.03717456526458574
0.03717320189468214
0.03717479987625506
0.037180704874456176
0.0371777201579337
0.03717736911780564
0.037183661520459065
0.03719456940749149
0.03718769007198215
0.037192837244857425
0.03719186471529664
0.037194512177592495
0.03719338569456148
0.03719937679630502
0.03720422753046919
0.03720741293859715
0.03720514550661413
0.03721006677833748
0.03721979268687283
0.03723092180823668
0.03723926667304559
0.03724773722200653
0.037248741901924856
0.03724826640100082
0.03724271812792695
0.03724239864841385
0.0372512670319063
0.03726292010562335
0.037275022971992505
0.03727555916517636
0.03727155733583182
0.03727078276115131
0.03727231740357026
0.03726920809685777
0.03727158267571207
0.0372715404961521
0.03727145674552313
0.03727430322091086
0.037274313260598664
0.0372774871662627
0.03727805344215934
0.03727012827994343
0.03727492488732023
0.0372829982769786
0.03729424824212461
0.03730522551432898
0.03731440496893488
0.03732447264699245
0.037328413328463025
0.037325498793446585
0.03733363694958553
0.03734278613768528
0.03734401543894623
0.037344268861925316
0.03734309608183891
0.03733899657547221
0.037343273891948824
0.037348497946058545
0.037351522067223676
0.037359824290174135
0.03736701235115655
0.037372187706044675
0.03737014503538491
0.037363899099802554
0.03736318274436799
0.03736721535257108
0.03736962286950835
0.03737879962017125
0.03738408072147312
0.03738484942632004
0.037389334611969915
0.037389773052840525
0.03739368992891134
0.037406193802445996
0.03741309369292557
0.03742332519980431
0.03742993250574388
0.03743064865750839
0.037432690561118726
0.03742528211962666
0.037425540788541906
0.03742344099822006
0.03741711750383635
0.037410301157731536
0.03740802211173727
0.03739982222118651
0.03740033784537977
0.03739707537025679
0.037406024517268655
0.03740861503831955
0.037408174159786915
0.037404525629568385
0.03740260743760936
0.037407186210857556
0.03740547861903438
0.03740515893083463
0.03740657474938998
0.03740965657648887
0.03741729719060774
0.037424567618408934
0.03743518123598658
0.03744467158924706
0.037448793137414095
0.03745329636090373
0.03745121057273806
0.037448892767149716
0.037452093633339636
0.0374655936955794
0.03747124383951132
0.03747610202342826
0.037482568008208296
0.03748748860419201
0.03748632233004538
0.037477039070180976
0.037478004956426135
0.037475729173748085
0.03747170262770789
0.037474127991279665
0.03747119749441971
0.03746856526925051
0.03746785054222398
0.037466264018394584
0.03746353343105162
0.03746451493107969
0.03746847882243866
0.037461824703016976
0.03745438140154415
0.03745926242958007
0.03745670726820507
0.03746138539685557
0.03746254634458689
0.03746300636642738
0.037457500272400426
0.037459176255335715
0.037461649320176815
0.037457408680345236
0.03745176422736931
0.03745193554023078
0.037453279615665046
0.03745284197244903
0.03745452188788467
0.03746106033485277
0.0374599686869821
0.037460708673702145
0.03746015551679139
0.03746464604175592
0.03746433599173447
0.03746969340275096
0.037472862405203686
0.03747366394766379
0.03747072249025753
0.037469828381285264
0.03746994129306121
0.03747010381287914
0.037469322588118005
0.0374664702912365
0.037464207819633374
0.037466692871025505
0.03746432079650013
0.03746685531003643
0.03746727762889189
0.03746567879570942
0.03746382218329448
0.03746594417981984
0.03746160013834108
0.03745553360301967
0.03746187759860567
0.037463768527100025
0.03746544569978668
0.03745317244840473
0.03744452991143586
0.037444396929497796
0.03744169196911543
0.0374304931843414
0.03742425398116837
0.03742165314989521
0.03741551504447334
0.03741472619518622
0.03741125660876632
0.03740991569537401
0.037410313322099396
0.03741528537417868
0.03740398548791351
0.03739300250483058
0.03738720701162967
0.03738520156609197
0.03738426543349242
0.037383062062211564
0.03738347920199841
0.03738159020246236
0.037382335077760245
0.03738109291567041
0.037374738659081946
0.037372667372995196
0.03736920202102908
0.0373645372941851
0.037357608567017385
0.037356147030771315
0.037361376867284156
0.03736222324426928
0.03735573667812634
0.03734795097528689
0.03734754333153081
0.03734904332443385
0.037344921481804044
0.03733995096473818
0.03733561131438762
0.037332036283282584
0.037327049722147496
0.03732265357846285
0.037317984850342094
0.03731191559134905
0.037309462986670726
0.037304850939315806
0.037297444704338864
0.0372988353032709
0.03729879285905878
0.03729842467377342
0.037293371096662635
0.03729376596007676
0.03728986061688829
0.03728254589565918
0.0372783621225548
0.037269150296589185
0.037265561188183076
0.037259096100469284
0.03725416644345325
0.03724802908645606
0.03723650670707735
0.037231585438096654
0.03723014584096341
0.037226328812454
0.03722382184393497
0.03721669701845017
0.03720766483803578
0.03720312842459458
0.037195169713018165
0.03718284410645208
0.0371715255001711
0.03716830665508479
0.03716162220197845
0.03715737346766973
0.03715547124742301
0.03715461618696014
0.0371508521183246
0.03713939395420358
0.037134911051342555
0.03713016246794711
0.03712751549012516
0.037120218019623986
0.037113511483429666
0.03710632035994595
0.03710152928921651
0.03710078720762198
0.037096134422370544
0.037089436100214666
0.03708365913206256
0.03708575355390809
0.037081654245434206
0.03707180874262948
0.03706178422902897
0.03705190635945551
0.037047235072291976
0.03703829340795479
0.0370306983778132
0.03702259041842182
0.0370171965119143
0.037010847294968105
0.037009916534332984
0.0370027883828945
0.0369947091420462
0.03699115527920825
0.03698638548961747
0.036978075359683664
0.03696901049401401
0.036959063887622455
0.03695348140756763
0.03695477356822717
0.03696095458334684
0.03696810130214842
0.036960497289209374
0.03695370836324344
0.03694744805007873
0.03694943128450272
0.03694684122174771
0.0369472910218848
0.03695064548313992
0.03695045126901144
0.03695109274146849
0.03695111094800682
0.03694600884298925
0.03694861383139781
0.03694803541650213
0.036945125261220846
0.03694612757963953
0.036951034178878295
0.036953097632766455
0.036951827585376025
0.0369571528537177
0.03696174523924492
0.036959430698527876
0.036958313917296454
0.036959130621240434
0.03696163134058603
0.03696388337100765
0.036967342694801515
0.036971962638848915
0.03697446986863075
0.036977964157427344
0.036976665928543456
0.03697754887008584
0.036975359180484654
0.03697112427573822
0.036970730367150366
0.03696309036376228
0.036962323550228
0.036960144161752286
0.03695740567144806
0.03695356473004998
0.03695411188725119
0.03694924821985724
0.03694528879812868
0.03694288892620631
0.03694210044481935
0.036935638917429965
0.03692486384744196
0.03692544367970182
0.03692289725985895
0.03691683904861025
0.03691519578886471
0.036911727151214296
0.0369163447675819
0.036921743494586795
0.03692687389444789
0.036934344526490706
0.03694096684718742
0.03694571671195058
0.03694767912798345
0.036950386832155256
0.03695172363803214
0.036953985156231564
0.03695983281602042
0.036962940671092424
0.03697042565838339
0.036975050567499425
0.036981844438522295
0.03698010707698218
0.03698100021261727
0.03699470036184672
0.036997961232615874
0.03700544569074759
0.037011200250540936
0.03701834461532787
0.037021665860473355
0.037033944541911265
0.03704091997643345
0.03704736887223946
0.03705050430779219
0.03706274224411225
0.03706214389489749
0.037066063010980574
0.03707223553403014
0.0370829481559683
0.037085696789433874
0.03708692716937087
0.03708894878395074
0.03708698867959438
0.037086947041301034
0.037094548902893626
0.03710479876588846
0.037104098748223714
0.03710842876304313
0.03711873830056764
0.03712814330070675
0.03713535828042451
0.037139711809068304
0.037145687800692336
0.03714727538079943
0.03715577771933439
0.037163748626168856
0.03717481301808838
0.03717708034364138
0.037178233017709714
0.03718600206252998
0.0371856459049984
0.037189891424669906
0.03719136459658747
0.03719422332411642
0.03719623140450854
0.03720338331514273
0.037209969516498666
0.03721308924807259
0.03720757919014481
0.03720612128426213
0.037206162193328
0.03721137919769716
0.03720995184157828
0.03721324041086274
0.03721199249628899
0.0372173644640259
0.03721540162804717
0.03721559702662356
0.03721609861572031
0.03720842686973035
0.03720715210366186
0.03720486174447625
0.03719902159111888
0.037190861177497564
0.03718488589933755
0.03718046499862095
0.0371770483503572
0.03717464921392598
0.037171345068467546
0.03716938057355863
0.0371657261982631
0.037159287079814425
0.03715318718825307
0.03715078450774759
0.037146348020530746
0.03713750897495319
0.03712801421056922
0.03712031979116674
0.037112159004132665
0.03710648234884713
0.037103533998494524
0.037095410083325474
0.03708836705437012
0.0370824986798624
0.03707426556015412
0.037067663140475826
0.03706449070151347
0.03706126966242784
0.03705601212415158
0.037048203694770215
0.037043733403311484
0.03703565474759759
0.03703152845027166
0.037022952289882914
0.0370108073155626
0.037005949289499594
0.037003880982507675
0.03699884039032272
0.03699224620874979
0.036982594180489145
0.036978878541412095
0.036973808592585346
0.036969652988268584
0.03697046603374602
0.036967851374979946
0.036965529827732595
0.03695619800489573
0.03695261978949426
0.03695045689480687
0.036945731757188696
0.036942236332476126
0.03693982413621806
0.03693572186939497
0.03693960155845107
0.036943517699364235
0.03694035070186907
0.036939906968147966
0.036935600110228055
0.03693583982083264
0.03693057983941092
0.036923393352887246
0.03692071341288682
0.036917623007500525
0.03691299845200608
0.03691045763967156
0.0369063361612143
0.036905126225885605
0.03690886225465104
0.036911601664400065
0.036908176133193346
0.03690390405315969
0.03690077944128584
0.0368977397160956
0.03688886096550896
0.036887649705669504
0.036883490346495275
0.03687781937984998
0.03687374688255
0.03686644277761404
0.03686203970171983
0.036857735435726846
0.036852931118537845
0.036851932176877295
0.03684646570808634
0.03684024712827476
0.036842172293567656
0.03683734249887487
0.0368351769204545
0.03683606157037131
0.03683089384089029
0.03682826486546688
0.03682117943751904
0.03681469023550028
0.03681524468833424
0.03681857102108632
0.036816225646052386
0.03681706802409549
0.03681142441487329
0.036814136514609755
0.0368091227138403
0.0368055196224971
0.03679850216387326
0.036797703857925995
0.03679702660728302
0.036797661327574324
0.036790826187968355
0.03678666254593979
0.036787650801272546
0.036784117239566184
0.03678603413429795
0.036777901181978524
0.03677623800210197
0.03677161461717428
0.03677384550501359
0.0367688902883977
0.03676754921004716
0.03676364699634447
0.03676029049249131
0.03675513397576648
0.036753556142575916
0.03675217162318913
0.03675182970096905
0.03674856012426841
0.03674637433199652
0.03673992044890156
0.036732337595909714
0.0367197839590627
0.03671550393295335
0.03670582096630869
0.03669732759556314
0.03669499139650206
0.03668967293674391
0.03668180032052955
0.03667586672906672
0.036671159315374624
0.036669510015302074
0.03666482080187129
0.03665839594236149
0.03664985024878693
0.03664271772318475
0.03663646795783087
0.036631054776761936
0.03662498895915061
0.036619309363642855
0.03661187341395787
0.03660047912979362
0.03658809564991103
0.036580326448789675
0.036574994788258874
0.036566194088386135
0.03655721064445279
0.03654425063500485
0.03653158984018208
0.036525640857888
0.036517012783296665
0.03650693822954571
0.03649905576289287
0.036490735473476234
0.03648301067180583
0.036473588279613625
0.03646394894121616
0.03645760353444331
0.03645299462090773
0.03644778702158186
0.036441385367466855
0.03643998534329128
0.03643665428672767
0.03643115823308104
0.03642403327155341
0.03641996299299257
0.03641991235927663
0.03641866603225251
0.0364126784986992
