184
203
203
202
256
188
215
212
198
253
186
218
219
230
272
187
233
184
221
278
204
223
185
214
303
192
201
218
194
268
223
204
216
220
275
212
1227
190
215
313
188
200
216
204
313
191
205
226
203
344
186
198
220
201
323
192
207
190
223
324
197
219
194
211
330
186
219
202
203
335
186
208
189
222
335
202
218
212
214
350
188
227
190
200
389
199
214
221
192
360
244
191
187
217
369
202
203
235
183
365
247
191
214
223
346
209
222
192
207
422
192
214
219
188
361
222
203
208
235
356
225
193
202
221
369
223
195
217
206
379
229
191
217
209
361
225
203
199
240
383
199
200
220
191
414
202
214
215
205
417
189
213
222
201
376
221
204
203
214
389
214
206
203
216
378
221
203
224
220
398
227
192
224
187
415
208
204
234
186
418
183
243
192
206
413
194
234
191
215
382
212
211
210
229
396
224
199
215
204
431
184
219
233
191
413
192
212
204
210
425
232
185
223
193
443
206
225
203
216
404
201
222
209
206
415
215
194
216
215
397
226
209
206
246
397
220
206
202
230
435
193
231
191
208
457
194
212
221
194
435
228
187
219
201
428
190
236
193
224
440
187
215
228
186
440
191
208
536
226
498
231
223
238
220
508
210
237
237
232
499
237
238
235
231
491
228
239
243
241
532
221
228
224
215
491
221
235
223
219
484
244
224
223
232
563
245
221
230
231
469
220
239
225
224
481
235
208
208
225
557
226
215
221
221
496
232
226
224
259
498
216
238
215
240
527
228
279
285
219
528
220
214
216
217
477
224
239
209
215
471
221
219
218
211
470
230
213
211
216
501
220
214
213
209
483
222
217
226
223
481
221
219
209
208
506
210
204
208
215
481
218
226
209
224
502
222
216
214
212
465
227
228
213
218
483
226
205
211
221
477
225
220
219
212
488
218
208
205
210
525
221
214
201
205
505
217
211
215
204
496
209
206
199
204
478
219
208
209
211
461
210
218
208
210
504
211
206
202
199
485
201
205
222
197
458
208
215
199
204
448
209
224
204
199
450
193
197
201
203
446
213
206
210
210
462
203
197
200
194
477
205
214
195
198
441
209
203
202
199
452
206
203
197
195
467
205
201
215
189
410
195
202
190
206
442
208
197
210
181
372
180
188
175
179
393
178
180
175
186
406
178
184
181
172
381
174
176
185
172
395
178
176
182
175
377
184
172
172
182
371
192
174
194
182
375
184
176
180
183
378
195
175
177
182
393
185
175
175
173
405
178
191
171
177
423
177
183
174
176
404
174
177
185
175
393
177
193
182
183
411
188
175
174
188
379
192
180
180
187
406
186
178
172
181
401
176
188
175
171
413
176
182
178
181
392
179
184
181
178
386
206
192
180
175
388
187
188
177
175
398
190
179
180
201
401
176
172
186
179
397
176
178
185
181
412
182
174
176
188
400
191
174
178
185
394
183
177
174
190
403
190
177
177
183
392
187
198
187
174
382
178
178
184
183
407
174
189
176
199
394
192
176
177
186
398
182
183
182
177
419
181
177
184
180
417
179
183
181
182
394
187
178
187
176
407
184
191
173
177
417
189
189
178
181
387
189
177
177
187
413
174
183
196
193
409
173
175
196
181
404
178
178
194
176
414
204
174
176
184
395
181
188
202
175
404
196
176
177
177
388
172
176
181
177
451
195
190
173
176
397
182
177
190
175
398
189
177
178
181
450
180
189
180
178
419
183
178
185
178
424
184
179
178
188
393
191
182
177
175
426
196
183
178
177
416
180
176
186
176
402
189
175
187
190
408
183
175
176
181
395
183
180
174
178
415
188
176
174
185
405
193
182
173
188
406
190
177
181
182
420
178
180
186
175
435
175
188
173
178
407
175
188
179
177
414
186
191
175
185
408
178
178
184
180
535
172
183
174
189
396
186
179
181
187
409
183
178
185
174
432
179
184
176
176
414
178
189
179
173
435
191
177
179
183
392
180
176
179
186
397
192
195
176
189
412
176
173
174
178
394
197
179
174
205
405
185
207
175
174
418
176
176
178
198
418
176
195
177
176
426
176
175
174
182
420
179
180
180
180
402
183
173
177
184
400
177
205
173
173
414
177
179
187
182
403
191
176
181
199
407
181
195
185
177
406
177
189
175
178
440
184
189
178
177
418
179
189
179
176
421
181
189
175
178
407
180
190
179
178
416
202
180
179
184
407
188
176
179
184
401
177
176
199
177
417
186
174
186
176
421
179
179
190
175
432
178
180
182
182
406
179
203
178
178
450
183
177
177
190
399
177
195
174
181
414
205
181
177
180
413
183
189
181
177
419
177
193
183
189
403
189
181
179
175
411
179
187
177
192
424
173
178
189
179
417
173
178
194
178
434
181
172
183
180
418
185
174
184
177
421
178
180
200
180
421
178
175
179
187
404
194
201
183
181
880
245
199
200
208
413
195
192
175
175
412
177
177
200
177
399
195
176
177
190
410
176
189
175
173
416
176
177
174
198
428
191
178
176
174
419
177
180
177
177
1101
176
180
192
180
416
178
179
194
182
424
178
182
188
176
420
174
173
193
181
417
177
189
191
177
411
178
197
176
182
400
189
178
192
178
429
185
184
175
177
414
187
176
182
184
426
186
197
181
187
402
187
179
186
183
402
188
177
179
188
403
187
188
185
174
404
176
175
188
174
421
192
179
176
182
413
178
177
187
177
415
184
177
177
180
428
178
187
179
179
407
177
187
178
177
410
178
200
175
178
409
188
175
173
186
421
177
173
186
176
409
174
188
176
189
416
180
180
186
176
415
182
189
174
175
397
193
176
177
198
418
175
207
198
194
436
205
178
214
180
452
195
201
210
198
437
177
203
182
203
434
206
175
207
214
456
180
210
204
173
482
192
204
206
195
461
177
199
207
208
425
219
175
190
201
462
176
191
200
177
453
208
175
199
203
451
176
195
204
184
451
188
175
205
197
400
200
214
175
203
432
184
225
175
193
454
176
211
206
175
462
177
209
195
174
440
175
216
204
179
438
175
213
200
179
454
182
229
180
208
435
199
181
205
200
440
182
206
200
178
481
190
206
190
204
420
212
179
204
203
432
179
205
228
175
438
194
201
188
218
408
215
192
208
199
423
208
180
205
212
416
208
177
208
203
441
205
180
203
190
459
177
214
201
191
465
178
201
175
207
437
215
182
192
204
454
177
193
214
180
465
187
204
200
177
456
181
200
200
213
441
200
194
210
181
468
180
218
187
210
422
204
190
197
195
434
204
178
221
199
440
187
191
212
176
447
196
221
186
197
445
196
192
193
201
448
183
206
201
177
464
191
194
218
200
446
183
211
231
180
428
210
183
209
207
463
180
204
214
177
447
221
177
192
206
449
181
222
175
193
459
181
207
222
176
446
185
192
211
209
440
207
179
191
217
417
225
184
190
209
432
219
178
193
218
428
222
183
194
198
448
205
198
201
180
456
178
207
207
198
445
202
189
212
199
428
185
210
215
182
444
196
197
206
204
436
226
189
177
208
455
178
192
233
183
447
209
180
208
213
451
178
221
176
192
473
177
196
210
192
423
209
191
195
222
427
198
218
194
207
443
177
213
193
208
437
182
227
183
204
439
185
222
233
207
446
192
217
198
215
410
212
192
208
197
452
179
208
205
193
476
180
203
199
209
439
183
206
195
212
426
213
180
212
214
459
178
210
216
179
453
214
178
208
212
430
200
189
194
204
468
183
207
209
180
448
191
193
210
203
428
209
211
185
207
473
185
193
219
186
466
179
193
208
205
441
207
175
200
215
421
220
179
194
212
445
196
192
207
210
455
217
181
195
219
426
211
200
210
196
471
178
215
211
188
460
179
207
200
213
432
191
207
205
197
462
182
198
196
204
472
176
205
217
200
453
199
197
205
202
425
193
212
197
207
493
181
198
219
182
453
215
176
210
200
453
197
204
178
188
468
180
208
202
178
452
185
191
216
202
424
207
182
205
212
415
207
177
193
213
422
220
179
192
226
415
220
199
208
205
447
178
207
206
181
471
183
206
210
199
465
177
205
209
209
436
201
183
197
206
455
201
206
214
180
471
179
193
209
213
434
213
179
193
192
457
181
222
183
193
475
186
195
212
194
459
201
196
223
177
453
193
197
222
184
454
196
194
209
201
477
186
209
235
196
463
180
211
196
215
420
217
196
220
181
457
200
207
196
205
428
191
211
186
213
441
192
213
177
208
448
197
205
194
197
993
234
224
212
232
446
182
200
190
184
456
183
188
180
194
427
182
204
183
176
448
184
198
216
180
459
213
180
210
200
425
224
184
193
209
454
196
209
178
207
453
200
214
182
210
440
198
199
195
207
427
215
181
207
207
464
183
199
221
181
455
198
202
202
201
459
207
198
214
177
451
199
218
183
217
443
183
209
204
228
441
184
212
217
180
459
204
228
197
203
458
189
221
184
208
446
210
203
206
196
445
196
213
200
206
450
197
206
205
203
440
212
205
206
195
466
185
222
184
216
447
187
211
211
207
449
215
203
197
209
465
186
210
207
197
451
211
184
208
209
463
188
208
203
197
476
203
205
191
212
470
183
222
193
202
481
185
223
187
200
472
183
219
198
208
435
217
201
213
207
445
196
199
213
211
466
184
208
217
218
440
214
182
219
204
456
181
218
219
181
490
184
198
210
211
451
220
186
188
223
457
200
232
188
189
497
198
216
201
204
484
188
211
210
197
474
187
219
210
199
489
187
209
183
216
468
188
217
206
221
429
220
197
219
186
451
198
212
188
212
460
220
185
200
208
465
194
216
216
183
468
200
210
188
213
464
210
198
216
185
482
200
224
185
213
460
200
216
184
215
470
184
205
209
212
477
186
214
183
210
1202
182
218
194
205
443
207
188
214
205
453
190
212
223
190
467
199
218
191
198
481
182
229
182
200
475
210
184
211
214
447
188
199
221
182
475
186
216
200
220
456
196
214
203
200
456
198
223
186
212
500
188
200
224
197
468
217
187
199
211
450
198
215
192
198
483
192
211
209
182
484
177
214
212
186
474
182
212
207
182
491
187
209
209
190
472
181
216
210
198
446
199
219
198
195
459
197
212
199
204
475
197
197
209
194
485
186
197
228
181
469
197
200
211
211
450
230
186
184
213
461
195
217
198
180
494
212
193
211
211
442
206
183
195
210
455
254
238
186
211
466
192
209
191
199
454
187
221
190
203
479
182
213
197
211
457
202
202
200
215
438
215
203
217
190
485
184
225
186
210
471
228
183
213
212
446
202
224
227
229
489
183
211
217
198
488
187
220
185
219
449
207
212
198
199
463
212
196
208
209
439
209
200
206
210
449
192
215
205
183
496
189
214
209
197
482
187
212
222
201
493
183
202
234
184
486
212
209
212
223
438
207
224
184
213
478
188
203
218
185
510
188
200
212
213
426
235
183
199
209
471
196
218
187
216
467
200
208
199
200
477
187
215
206
204
471
187
214
205
212
432
218
182
213
217
467
193
213
217
210
462
182
214
205
188
491
185
210
221
197
495
191
202
220
187
483
192
211
216
182
476
186
220
217
201
494
184
214
236
194
459
239
198
208
219
462
187
654
227
203
563
230
221
194
195
431
193
202
185
187
440
188
183
206
186
486
185
198
214
214
466
217
186
214
209
441
224
190
214
212
453
212
199
213
213
446
184
215
226
211
436
216
176
210
193
467
190
201
180
214
442
192
208
195
194
468
179
204
192
190
471
183
209
176
190
491
177
190
208
197
605
175
205
217
176
443
207
189
193
205
456
175
215
175
189
479
178
201
206
187
458
206
177
204
204
464
176
207
178
205
480
175
199
178
193
490
175
205
202
179
492
178
220
203
189
484
178
200
188
204
453
193
206
196
219
420
212
194
214
179
461
194
190
206
192
486
179
207
176
207
461
211
222
187
211
470
192
199
230
181
509
187
196
211
215
451
228
186
183
210
483
188
205
186
200
500
181
210
210
182
491
184
210
218
189
468
185
215
218
192
490
185
214
199
212
465
237
189
205
199
475
195
220
201
198
477
182
214
184
209
470
194
216
185
213
459
202
223
196
201
490
204
183
211
209
438
203
214
217
191
489
188
235
185
224
454
216
197
215
211
452
207
202
213
209
458
216
184
212
218
439
209
216
184
210
477
187
213
220
185
489
186
212
214
188
486
183
213
216
190
500
182
208
216
186
487
190
216
214
201
514
186
205
186
211
450
224
183
196
226
459
184
220
207
197
495
184
223
210
191
479
187
222
217
180
470
183
218
207
187
485
181
225
211
206
495
185
228
184
196
471
189
220
196
222
437
195
208
227
186
468
211
205
197
226
457
203
217
186
214
463
206
199
212
198
468
200
220
200
205
459
202
213
206
212
473
188
215
213
204
454
194
216
214
211
473
184
213
223
217
461
219
201
232
187
464
213
189
218
187
479
207
219
201
209
474
210
224
190
212
453
220
208
224
189
478
199
222
210
228
459
199
215
207
200
491
189
215
216
212
492
188
219
202
221
477
187
215
227
195
503
188
201
213
222
456
227
193
187
269
467
207
220
195
214
479
187
210
201
200
507
191
229
188
202
471
188
250
188
238
483
208
214
210
209
443
203
199
229
220
481
185
219
198
223
464
197
201
220
223
478
186
219
217
213
511
187
202
230
197
493
186
214
222
196
510
187
201
242
188
917
212
233
221
209
557
186
186
201
188
459
190
186
190
193
448
204
216
201
217
480
191
211
190
219
510
195
201
217
199
492
189
201
235
193
481
203
203
235
197
482
201
215
217
192
504
188
220
202
218
471
220
203
214
212
488
188
215
212
185
475
