0.22028886517253646
0.21429177427439633
0.21683132651005446
0.2182345613419822
0.2192791630724624
0.22187484064587054
0.22274149381743077
0.22205631911942925
0.2225880692350295
0.22162970305594162
0.2206596035566574
0.2214940653312357
0.22180510174322024
0.2221951775467361
0.2228089277842829
0.22308929280170126
0.2236353038079077
0.22374573996117897
0.22377127077781017
0.22468956009395064
0.2251492068183027
0.22622779174039362
0.22609929982397423
0.22626876073520077
0.22675591970132505
0.22683190164773834
0.22696400985315693
0.22701927782978595
0.22693314768516265
0.22684820438881864
0.2266961404373457
0.22656241857208975
0.22619392417400888
0.22629344218469863
0.2264193388865694
0.2262349038159026
0.22593022168066465
0.2258216223644962
0.22572733284618143
0.22544073445608223
0.22503582769831304
0.22509768414806838
0.22510034971104553
0.2250393444092468
0.22489843310502478
0.22455704373570512
0.2241391260964694
0.22412170050862829
0.22410795842483508
0.22403854071854987
0.2238621731646215
0.22348276955747545
0.2230706486989959
0.2229333384513732
0.22302652603455433
0.22291643058328064
0.22291157289608077
0.2231306675007167
0.2231220167846479
0.22313425930478992
0.2230573965124022
0.22318678884231002
0.22324518146191963
0.22314812278312307
0.22327430628068823
0.22328884510966912
0.22319053710030567
0.2230812938587823
0.22307695982965906
0.22314640459646565
0.22338477343828841
0.2233508374690598
0.2234426240769363
0.22345603573733347
0.22359281305622467
0.22374827104754885
0.22382161717231788
0.22394517933062683
0.2238638543229817
0.22394860907105388
0.22393342513913903
0.223829719699772
0.22370873118805723
0.22360038297852358
0.22366924979930758
0.22359015683411032
0.22356753627277814
0.2236644819478507
0.22371253998868845
0.22378212177231813
0.22375748630290665
0.22378295225498485
0.22387935055649127
0.22395952010452078
0.22396309947175805
0.22399233899123722
0.22388265394090498
0.22375620713283884
0.22366931649747712
0.223586708329212
0.2235362911531577
0.223634781980097
0.22353176437021047
0.2235615795299806
0.2235168493166866
0.22354304227053512
0.22366811131278486
0.22363862544967233
0.2236446612806664
0.22373282335822137
0.22383088276598606
0.22383486336171643
0.2238269833265016
0.22382726528824834
0.223858571235429
0.22381592414673884
0.2238034886375241
0.22393126908881344
0.22392573306982116
0.22400306699402525
0.22409515072660988
0.22412864706248523
0.22404786671922872
0.2240582206757726
0.22415780796101345
0.22421985498413494
0.22420274006263802
0.22405465014789858
0.2239698013581422
0.22404447110356637
0.22398245393053884
0.22391856064972518
0.22393938443995695
0.2239828873177081
0.22396367233762146
0.22395032273054855
0.22391557845521146
0.22387846489985525
0.22392711245961758
0.22385334962626618
0.22382491722932812
0.22386993647474787
0.22382928590352366
0.2237848066857501
0.2237605993962604
0.22366610209889262
0.22364182270326577
0.22359082265770097
0.22358795364237585
0.2235727460923726
0.2235360177048916
0.22349078311339166
0.22347761881818937
0.2235020300836354
0.2235267297305686
0.22353053098612946
0.22355286425361356
0.22354279779015335
0.22354019356878
0.22347257235726856
0.22344524888754885
0.2234475092399143
0.2235238887892246
0.22355724857558423
0.2235411912392552
0.2235459933635617
0.223567027525985
0.22354949770629554
0.2235136579480977
0.22346524508188537
0.22345096792231584
0.2234580706989306
0.22349186614119643
0.2234922586959398
0.22342897131609835
0.22350110904983095
0.22351493470767897
0.22350200842994616
0.2234732524480406
0.22338022296050772
0.22341366431644624
0.22336757598412527
0.22339209818078734
0.2233860721798326
0.22338603176642446
0.22335192961645692
0.22335905778313322
0.22341840007392424
0.22345695119523135
0.22356046398555254
0.22358699798226522
0.22359310736856183
0.22359868016073875
0.22363163075271308
0.22363413580026759
0.22363119855012337
0.2236688070546086
0.22359738971773577
0.22355403560743117
0.22353786317745278
0.2235812219617069
0.22356824441819861
0.22359570769686157
0.22363585037128875
0.2236334933647615
0.223623852757056
0.22356440206128522
0.22349235638293838
0.2234661461731834
0.22343561393593084
0.2234832847380987
0.22347914052491638
0.22344616379692275
0.22349972352318567
0.2234627844223781
0.22339537527738113
0.22338210526450478
0.2234053138438234
0.22341608855043857
0.22339163027521342
0.22327599944439253
0.22321351184957502
0.2232234421998173
0.22325115134609977
0.22328750289271593
0.22329379961208617
0.22325102859097057
0.2232049658028728
0.22317489071371094
0.22316759766286373
0.22313261102423487
0.22313492723795372
0.22306621774256002
0.22305241861408573
0.22305958168388162
0.22308209130485673
0.22311847263266335
0.2230798629721564
0.22308186379482334
0.22312185827141431
0.22312325629136925
0.22308928146119572
0.22303629950629292
0.22303716070899895
0.22304268590916984
0.22305586457270976
0.22305843671839867
0.22310438692370402
0.2230750724337683
0.2230711446826215
0.22304869642418804
0.22306052678664698
0.22303265841377048
0.2230738050142402
0.2230628211282417
0.22304839538137097
0.22308070173979055
0.22310226347338472
0.2230718543818555
0.2230654337383248
0.22304101903523413
0.22299725978212084
0.2229896750024557
0.22297559465241362
0.22298230527458712
0.2229465316401436
0.2229268603723981
0.22288252185416377
0.22287822559548054
0.22288080341000568
0.22286356575387942
0.22279710084556487
0.22276298470061962
0.2227623728901719
0.22273605218748888
0.22269702896165341
0.22271209320123608
0.22267255591013368
0.22267880995935932
0.22271222898733292
0.22275144790686027
0.22279489791793006
0.22283086138361455
0.22282003299274286
0.22284083141916913
0.22287428478891838
0.2228664351571689
0.22286998905238156
0.22287881703364304
0.22283678128088447
0.2227976085941416
0.22278501914907126
0.22274332757623894
0.22272137418269766
0.22272379920745186
0.2226982940205873
0.2226620766006548
0.22267004540205565
0.22265708626495748
0.22268525309923817
0.22272330022750075
0.22275935497193458
0.22276624970182077
0.2227723880570802
0.2228118613290803
0.22284370017270863
0.2228656307291014
0.22289526063144163
0.22289804750228542
0.22284423592570313
0.22280985845480014
0.22280337462274108
0.22283034973136542
0.2228418871817909
0.22282467319817986
0.22280759451293228
0.2228204797331994
0.22284658087706122
0.22280164452454168
0.2227940887620695
0.2227850080392542
0.22276687247066007
0.2227576431252674
0.22275988673889593
0.22274657434802295
0.2227248917949659
0.22274357609474094
0.222771999847974
0.2228081776969441
0.22282106117515002
0.22281831830910895
0.2228128997098091
0.22279433664097031
0.2228084916344093
0.2227753963102652
0.22277429496658346
0.22274311290071153
0.22275205327601105
0.22274210557004515
0.22274492654337477
0.22274414645036464
0.222671147906318
0.22266173624793306
0.22266630969204726
0.22266293179313673
0.22266404726613967
0.22264551700779764
0.22264019444401803
0.22263128676498725
0.22260509132350398
0.22260458561307653
0.22262720309188128
0.22263273189518845
0.22265670791332165
0.22265472042695236
0.22265092827953922
0.2226377551095042
0.2226137330614319
0.22259524892319227
0.22255955691679657
0.22253002369924174
0.2225228196160625
0.22254194452343498
0.2225398871306763
0.2225500784414733
0.22257382699905282
0.2225940575959666
0.22263401617274148
0.22267348839722914
0.22270310794533943
0.22270072871564794
0.22268202902367776
0.2226918249988725
0.222662653597609
0.22268138301963655
0.22266547602304954
0.2226454937697882
0.22261620678561822
0.22258725723149717
0.22255944082811266
0.22253569528637465
0.22250365794488963
0.22251252571851463
0.2225396499163807
0.22255036533075845
0.2225576237437438
0.22257240487764035
0.2225744509587716
0.22257559237758384
0.2225528646928236
0.22253027018806343
0.22250811522759342
0.22250698950450842
0.22249938288759083
0.22247607282548043
0.2225070985510491
0.22252247377040651
0.22250155751450762
0.22247364354574878
0.22246225817262694
0.22244373883425145
0.22244793872940755
0.22246442341079148
0.22248099770017085
0.2224862924651549
0.22249010882905826
0.22246195853858894
0.22245754780414861
0.2224935378058208
0.22249989192587738
0.22250439100539965
0.22254888447862614
0.2225434681480945
0.22254278744502912
0.2225116525836338
0.22250986790049124
0.22250943398803974
0.22251520032162872
0.22249157767813216
0.22247235166038726
0.22245641179166856
0.222432961141069
0.22242763568661217
0.22244103721598674
0.2224283304515662
0.222405439086287
0.22241013426584855
0.22242972475553166
0.2224573110189367
0.22246603484342484
0.22246531112592485
0.22247466559859305
0.2224763623447228
0.22246823554407644
0.22247621704040718
0.22248194540560381
0.22246721250841167
0.22245804623277163
0.22244951215932046
0.22246230409511453
0.22246370488055334
0.22245005716761931
0.22245555443701331
0.22244952743778262
0.22243063617725642
0.22244176960043846
0.22241419307447785
0.2224269457792188
0.22244534284650716
0.22243909701867431
0.22242451692093956
0.22242081943197392
0.22243126574444635
0.22245544423403396
0.2224294781892618
0.22241069239837302
0.2223706491083548
0.22235105240043995
0.22234126083154465
0.22232233469539375
0.22234433302637702
0.2223699087291038
0.2224235590180667
0.22244104495132
0.22245218345266599
0.22243835680482188
0.22243959728550766
0.22245265483090684
0.22247216241705234
0.22248010391695733
0.22249306998208693
0.2224771327284199
0.22243828898590454
0.22243060248139981
0.22243110235380303
0.222435503633429
0.2224321776437219
0.22242093635230636
0.22240675274062546
0.22238526905416384
0.22237292090360358
0.22238392584476868
0.22238687182027023
0.2223855992298015
0.22238055285211625
0.2223406853347074
0.22232255112430716
0.22231966267403264
0.2223064910257754
0.22231945395813876
0.22231941461731253
0.2223545386371011
0.22238472449063584
0.22239731599045812
0.22238820469341364
0.22237633184165775
0.22238875758122692
0.22241064398800736
0.222428621301906
0.22243753021661275
0.22246540737867168
0.22245580246966104
0.22244493424679443
0.22241093410937712
0.2223916149295981
0.22237683501058195
0.22236289473628784
0.22236757957032532
0.22236549558659602
0.2223429053373052
0.2223172680606732
0.22233069033180908
0.22234408384592166
0.2223442359650353
0.22233947305852755
0.2223362324419128
0.22231395152378888
0.22229379620038103
0.2222971026479847
0.22227161141828425
0.22225868068578924
0.22225992761813196
0.2222663318224509
0.22227668886205743
0.2222941915997733
0.22228604169168753
0.22231039367894104
0.2222975632972405
0.222311255639763
0.2223284910978541
0.22234184077265892
0.2223346007889483
0.2223278821711825
0.22232422445781536
0.22233370064444105
0.22232991450948206
0.22232050217719038
0.22229562739038705
0.22231826646076777
0.222344304444919
0.2223544919752849
0.22236726183088354
0.2223634123423433
0.22236317870083577
0.22234969052262898
0.22235605901130548
0.22235697334890225
0.22234884606966124
0.22236318149505643
0.222347839997515
0.22232566213107324
0.22230647604199108
0.22229919274048915
0.2223212733998661
0.2223377638658957
0.22233269126992206
0.22233690025358419
0.2223613924438185
0.22235822355760276
0.22234317278303498
0.2223378738984281
0.2223281668572905
0.2223498297312997
0.22232965606002975
0.222314314681658
0.22230638639446923
0.2223044762853198
0.2223230598931957
0.2223125563885089
0.22233351582424415
0.22232963632954822
0.2223109303284006
0.22230036203836398
0.22227658664334599
0.2222681846830886
0.22226555521801825
0.2222627573333108
0.22224616392679186
0.22223980071975688
0.22225019339454602
0.2222402760612243
0.22225294017689162
0.2222516353071229
0.22225563206934565
0.2222522929197486
0.22224182001979398
0.22223256362785165
0.2222143412659091
0.2221871904836866
0.22218461582945911
0.22218522454900774
0.2222007527686175
0.22218520660434712
0.22216815011699398
0.22214719528187463
0.22213813127801837
0.22211108241299063
0.22211934025590357
0.22212659671953938
0.22212663379434064
0.2221254793887204
0.2221369279641939
0.22213550856836548
0.22212047590476114
0.2221323558037659
0.22214536306766108
0.22212172998666302
0.22212260442390835
0.22212790006858477
0.22212593490319452
0.2221201144298504
0.22211193174806101
0.2221190758488701
0.22212421779585925
0.22215079173990754
0.2221735250624333
0.2221748096105043
0.22216142889676888
0.2221795167454416
0.22218248521822845
0.22218020080385317
0.22216849459438548
0.22215639742174165
0.22215095349009173
0.22216574469844502
0.22217247164000392
0.22218029010892099
0.2222000657061131
0.22222564290362828
0.22224029903215384
0.2222396830205951
0.22223505553416348
0.22224511538097624
0.22226270336429838
0.22225140735303117
0.2222464049316193
0.22225993053043405
0.22226501066061513
0.22226075845916468
0.22223429100621334
0.22222304449552954
0.22222157032408582
0.2222235286095912
0.22222576885167286
0.22223243874940013
0.22223919279016813
0.22224740564222845
0.22225549783755583
0.22226584025820353
0.22224854649623316
0.22223379264480278
0.22218869942972252
0.2221502563521852
0.22215836465561245
0.2221739369646109
0.2221727800259001
0.22215288006280728
0.222138084338539
0.2221413880994793
0.22214457665644727
0.22214621898287504
0.222145655105759
0.22214440635272348
0.22214484275972413
0.22214156187846829
0.2221360197960331
0.22213336795497665
0.22214218916444267
0.22215399564572516
0.22215600434702212
0.2221664423097706
0.22216997342695494
0.2221732518147253
0.22217557453791037
0.22218099873450764
0.22218550644084498
0.22217561704477043
0.22216669096435587
0.2221605659568102
0.22215522960972311
0.22215301037376636
0.22216618627774465
0.2221652680980696
0.22214373825329062
0.22214021375460746
0.22215167672831404
0.22215449707320128
0.22216563174629392
0.22217014623543063
0.22218965208469088
0.22219486881148523
0.22220766813015724
0.22220243024383254
0.22220985232963275
0.22220431365894963
0.22220850223584304
0.22221671012967334
0.22222942094800827
0.2222125193322519
0.22222688032984012
0.2222084406571379
0.2222088303990506
0.22220714924169088
0.22221890849470027
0.22222708500979155
0.2222044480893606
0.22219768175906654
0.22220035208271352
0.22219952890810193
0.222201527185452
0.2222089805107136
0.22219898350141803
0.22219304869925233
0.22219434163505317
0.22219515152012173
0.222218185897769
0.22221562747606252
0.2222175057362892
0.2222080093360743
0.22221494117053395
0.22222652722625338
0.2222466239709974
0.2222497868218151
0.22225883780150882
0.22225149673150552
0.22224491607860836
0.22224590783868384
0.22224528579161518
0.22224940503514481
0.2222630816305754
0.22226635306524256
0.22227408396383397
0.2222746451188113
0.222280885217416
0.22228656675798214
0.22229825285205446
0.22228491344509224
0.222280445598292
0.22227836910781879
0.22228810228378731
0.22230088181261307
0.22229614127253186
0.22227434467600102
0.2222545911859463
0.22224839053042514
0.22223060798445315
0.22223706586655237
0.2222527023263833
0.22227106065336805
0.22228097522546966
0.22227543440039071
0.22227365016845058
0.22228110140384577
0.22228200730223469
0.22226733873950533
0.22226380961644615
0.22227260111815075
0.22226899030604663
0.2222755690825411
0.2222733165329245
0.22227753948095222
0.22229577583004867
0.22228608187033813
0.2222859979857009
0.22228135563342263
0.22228642428868792
0.22227936767999215
0.22228170267782632
0.22227393930022832
0.22226649275112834
0.22228801421188144
0.22230021495608965
0.22229093995981775
0.22229761776189985
0.22229838305821817
0.22229902431629403
0.2223044764802972
0.22230781744959865
0.22230430118230954
0.22230148828358862
0.2223044203350705
0.22230156647169041
0.22229939015196187
0.222310236041085
0.22230272512628038
0.2222899237070875
0.2222758515427145
0.22228569110569055
0.2222690639762885
0.22225807711734946
0.22226558168375904
0.22226581830480419
0.22226487064743644
0.22226795234406116
0.22227127637353936
0.22226204912345343
0.22225309059242568
0.22224839761603402
0.22225064405855316
0.2222522704897569
0.22226610527261043
0.2222766263157572
0.22228256869616778
0.22229163818704534
0.2223014949737957
0.22231793144424328
0.222316479162156
0.22230724543633026
0.22228672040081152
0.22227226911303433
0.22225786647705706
0.22225674870283396
0.2222584356956004
0.22226280808618995
0.22226229841100362
0.22226213541981307
0.222243862307963
0.22223426806488286
0.22222287636451019
0.22221723900124452
0.22219939656784532
0.2221849045184172
0.22218768440889505
0.22219068460413108
0.22218611078913922
0.22218968768263683
0.22218627108308728
0.22219589353714506
0.2222074600738802
0.2222162664946499
0.2222232027521704
0.2222009651598857
0.2221955649017136
0.22219796556045882
0.22219594556317496
0.22218465459781905
0.22220346323408774
0.22219778100719653
0.22218604586247467
0.22217861114144422
0.22216436592112127
0.22214670061768016
0.22215618483737665
0.2221704669181397
0.2221612306276349
0.2221568549045776
0.2221377611916479
0.22212981324655184
0.22212460306586707
0.22213038632692814
0.22216334291384726
0.22218152945592004
0.22217664617386218
0.22218951031862952
0.22218788881456744
0.22219962820046768
0.22219413195567528
0.22219592343317104
0.2221999956880915
0.22219356937389584
0.22219901966004316
0.22219419085962577
0.22218042086476747
0.22217249588177213
0.22217877128569025
0.2221913530618764
0.22218775343616481
0.22217544876160744
0.22217965741169007
0.22217817689795752
0.22218567208408085
0.22217824829941502
0.2221688887554686
0.2221606844010056
0.22215052937408997
0.22215671236566847
0.22215234044581308
0.2221422795483897
0.22214389406422816
0.22214043493675759
0.22214951038255837
0.2221457212415701
0.22214430938930446
0.22214003152960615
0.22213064819706713
0.22212827373053237
0.2221321509331379
0.22214259476863416
0.2221357885787671
0.22213378663284242
0.22212748710911026
0.22212272929426705
0.2221105471098278
0.22210936127648115
0.22210782346110786
0.22211383188024839
0.22211729894225643
0.22212181683472157
0.22213016110410796
0.22212756235410266
0.22213060872249718
0.22212333335069823
0.2221240138034098
0.22212750753739502
0.22211330422043737
0.2221076239139171
0.22209970004168295
0.2220958382450751
0.2220943315141897
0.22209924310251875
0.22210484819262338
0.2220965760535797
0.22208711684762483
0.22209179389728853
0.22208793612970015
0.2220873816242643
0.2220718608394221
0.22206887699431258
0.22205983285393388
0.22204423588983266
0.22203191647350926
0.22202885854231208
0.22202168785821255
0.22200319862388693
0.22200908406180186
0.222023290008503
0.22200250643971847
0.22199255948571237
0.22198997318950853
0.22198165865060407
0.22199210742692163
0.22198674853957548
0.22197696969121988
0.2219771735733088
0.22197633524895652
0.22197444925016152
0.22197983225370085
0.22198973892614818
0.22198959980016764
0.22198756974879807
0.22198145581488965
0.2219862279507883
0.22198373385268313
0.22197695263470257
0.2219741928620697
0.22197595373736392
0.22197955538672012
0.22197586743326544
0.22197051507093352
0.22197778809992116
0.2219893502662529
0.22199270590384929
0.22199763677633008
0.22201465227670103
0.22202163999825708
0.22203416345053456
0.22202544594240076
0.2220127854384826
0.22201565872371684
0.22201039241622142
0.2220189773883171
0.2220212141918466
0.22200520778183783
0.22201554460867493
0.22201544905777817
0.22200584217133712
0.2220057633323681
0.22200644691766966
0.22201089832484192
0.2220261986098172
0.22204915420461305
0.2220503692560145
0.22204543104111807
0.22203320211009875
0.22203265220864224
0.22202856090976653
0.22202004878788884
0.2220064608204049
0.22200455617807527
0.2220092077281947
0.22202485233196032
0.22202242101322256
0.2220180420780386
0.2220112824251136
0.222005644271879
0.22200819954743078
0.22200109360588596
0.2219966722708582
0.22198466737257347
0.22196411642742447
0.22196297459899314
0.2219607875788668
0.2219522536248267
0.2219524948353394
0.22194709884001285
0.221939489010475
0.22193858205656017
0.22193123811417004
0.22191751039554658
0.2219252050592752
0.22194918032626212
0.22195690412332897
0.2219544483341052
0.22196141251659585
0.22197771250384388
0.22199034205427268
0.2220037453890559
0.22200956968871854
0.22200635957772272
0.22201008062201377
0.22201551400968925
0.22201623165341186
0.22200916524179098
0.2220036409038921
0.22198837660311027
0.22200238852118226
0.2219954407206368
0.22198344217295207
0.22198550691349772
0.22198392102400813
0.2219874097617415
0.2219812769321746
0.2219787739098722
0.22197849988350657
0.22197564574427564
0.22198090794686073
0.22199172258707034
0.22199153300874208
0.2219969194383517
0.222009538952745
0.22200856780123676
0.2220083105444166
0.22200892339291153
0.22200635040780034
0.22200954054193356
0.22201987694883882
0.22202593729073528
0.22201369144094543
0.22201742450588435
0.22203275407587056
0.2220329025870614
0.2220235669278785
0.22201088536617603
0.22199784924250962
0.22198805339909014
0.22199322559055987
0.2219904174001482
0.22199608892340142
0.22200008692642206
0.22199194122407837
0.22197499686997293
0.22196821462455865
0.22197670752964246
0.22197401038268763
0.22197956161073537
0.2219897898320778
0.22199237205203637
0.22199162120937757
0.22200438270043021
0.22200986949891505
0.22200818018058666
0.22200466232177593
0.22200087502186389
0.22199787175116653
0.22199501723776308
0.22199515223106292
0.22199304729560088
0.2219923936476317
0.22199013004842869
0.2219985776209917
0.22199496105298763
0.22199421230143057
0.22201497677739676
0.22201775413904548
0.22201077379288578
0.22200480033181738
0.22199067149703966
0.22198896098282642
0.22199106593384096
0.22199096297946228
0.2219945262977572
0.22198448426158168
0.22197738360843064
0.22196096357189024
0.22196775158535065
0.22198784583593004
0.2219875505759523
0.22198412537215936
0.22198549318508437
0.2219845724549028
0.2219934131096944
0.22199904303477253
0.22199308021837613
0.2219734033080568
0.22197455554722342
0.22199549217658773
0.22200328612326453
0.22201245446563228
0.22202972832724632
0.22204617974926205
0.2220586642749272
0.22205545413640934
0.2220512235360286
0.22205441814973265
0.22206433227856434
0.22206403530882093
0.22206812080035349
0.22206922330924853
0.2220869532751709
0.22208533694699767
0.22208368337132167
0.22208489123287195
0.22208610162542777
0.2220906551250307
0.22209232281642638
0.22210081666251463
0.22209510065343993
0.22210423909375032
0.22211471557816584
0.22212205937731988
0.2221242457999185
0.22211532939487671
0.2221188912538905
0.2221192318973581
0.22211691161906663
0.2221157868846186
0.22212201976542467
0.2221211493627164
0.22211734488211027
0.2221064136278393
0.2221027742324369
0.22210852034230402
0.22211448543293202
0.222106838155334
0.22209388050737294
0.2220762352570678
0.22207473582472123
0.2220672485956233
0.22205335896905318
0.2220529086950881
0.22204002765627048
0.22202785913202286
0.2220224808896833
0.22202507436519192
0.2220175516815744
0.22200941514609912
0.22202287099394827
0.22203702389485042
0.22204536931243346
0.22205327864038532
0.2220572500224645
0.22207168424480567
0.22206537185897604
0.2220578744195923
0.22205636602768744
0.22205887100782168
0.22205434795836226
0.22205241019394975
0.22205054667645666
0.22205098559630812
0.22206155855718102
0.22206303111712358
0.222069291374776
0.22205450717785014
0.22206648322199052
0.22207716065306757
0.22208198585721992
0.22208622511122933
0.2220913860073338
0.22208271661976645
0.22208106169079567
0.2220844373991448
0.22208524637939697
0.2220893696241057
0.22209180620493163
0.22210325325350683
0.22210490760563742
0.22210088353512095
0.22210162113899612
0.22211382126962395
0.22212186353910568
0.22213009161085762
0.22213390830538426
0.2221434710441938
0.222146325811475
0.22214825467122012
0.22215509947737974
0.22215616565243723
0.2221570286794841
0.22216157894841698
0.22216478870250284
0.22215956347429652
0.22216023431399295
0.22216590861699462
0.2221574468847034
0.22215309380185547
0.2221708753061046
0.22217981636550535
0.22217971028933448
0.22218752633753128
0.2221931378086203
0.22219946590345246
0.22221124319227972
0.22221760310629182
0.22221099004777123
0.22221147854326032
0.22220397529815977
0.22220108837304298
0.2222036378942627
0.22218860973369628
0.22218656489353292
0.2221863185534171
0.2221757739420751
0.222169392908648
0.22218289991370113
0.22219324654841088
0.22218749909365823
0.22218354107345192
0.22218598774126821
0.22218124493925356
0.22218371487555227
0.22218010518434322
0.2221763950948105
0.2221801200905967
0.22218768285285947
0.22219275184884502
0.22219592904596377
0.22219770331413918
0.22220659723793387
0.2222013208598984
0.2222024156728175
0.22220780731584266
0.22220403131272431
0.22219846745276767
0.22220459258375205
0.222198224093897
0.22219600140339316
0.22219665382184176
0.22219658255186261
0.22219953053044478
0.2221961842110667
0.22218339367635742
0.22218364828799736
0.22217545111147755
0.22217979251279077
0.2221938108940987
0.22220148549758192
0.22220403950904102
0.2222096540740434
0.22221833407012806
0.22221287822745545
0.22221811647240966
0.22223020762340104
0.2222375268681823
0.22222921883546784
0.22222425802659662
0.2222301534676874
0.22223710078168857
0.22223779768078777
0.22224579862812263
0.22224865640965408
0.22226252193389545
0.22227905564935105
0.22228515364183027
0.22228730797774973
0.22228715558643367
0.22229109641770292
0.22229702034136772
0.2222923127189539
0.2222901474778079
0.22229433743511665
0.22229556735930653
0.22229609202908493
0.22229863573215022
0.22231438550499644
0.22231585491545847
0.22232176071963217
0.22231777718326518
0.2223153270149269
0.2223214787287107
0.22232464261504356
0.22233040245276967
0.22233355090280243
0.22233307292413113
0.22233955283108464
0.22235816330269167
0.22237053523989353
0.22237615243399178
0.22238453680883263
0.22237763185550857
0.22237692752847163
0.22237482063068148
0.22236679779372132
0.22235710754701762
0.22235720745248289
0.2223605578162026
0.2223721543294462
0.22237582925242666
0.22237361126052993
0.2223692331384542
0.22236905934072182
0.2223801090296671
0.22238674319984783
0.22237955161093675
0.22237998298599587
0.22237879528595958
0.22237740197842876
0.22237890100616975
0.222373865468786
0.22237386587686878
0.22237209585675138
0.22238277084094762
0.2223779931741206
0.22238490140195585
0.22238604645754526
0.22239397069137123
0.2223987165156272
0.22239766268836433
0.22240085795325418
0.22240160749741622
0.22240378560172797
0.22240820715756562
0.2224062872543067
0.2224195597761213
0.2224286424015235
0.22242692017295343
0.2224257259399502
0.22242550589781948
0.22241823267741118
0.2224182717150815
0.2224254518612643
0.22243193047901985
0.22243300983662448
0.22244459725349827
0.22245372319792392
0.22245008973510866
0.2224502065882488
0.22244950748965545
0.2224460042326163
0.2224433080354402
0.22244319192402115
0.22244304314691468
0.22244190973694178
0.22243617494158857
0.22243545614544852
0.22243172209261944
0.22242153197740744
0.22241297705202
0.22242362258106396
0.22243172933310587
0.22241854643236647
0.22242589145547229
0.22242633792927133
0.2224314187212361
0.2224265557672336
0.22242564794480418
0.2224329428941818
0.2224415500716722
0.22244430528592946
0.22244730501475526
0.22243906654496778
0.22243939253398148
0.22244239093277945
0.2224433934611497
0.22243787897169678
0.22244209907369344
0.22245315136871624
0.2224636309163829
0.22246961357616432
0.2224777902229015
0.22247528736919958
0.22248636758025994
0.22248339454481603
0.22248498668943464
0.22249071284664823
0.22249275683207534
0.22248202018308325
0.22247400279667734
0.2224779052663458
0.2224800319922658
0.22248044595037708
0.22248461975272238
0.22249382421419583
0.2225000169570432
0.2225048369570171
0.22250049327661434
0.2224945159180239
0.22249256619421137
0.22249502554943673
0.22248540440509657
0.22248000438664267
0.2224813445158337
0.2224866387126179
0.22248032542299556
0.22248585583102046
0.22248425441257605
0.22248528248357843
0.22248512522882122
0.22248811868618032
0.22248199760844542
0.22248348567468457
0.2224849495017897
0.22248462252689719
0.22248212867974626
0.2224799690123418
0.2224761968638335
0.22246515241634465
0.2224614256476773
0.22246181409945565
0.2224594715221724
0.2224651592294649
0.22246055294743963
0.22246466038392562
0.2224613447593698
0.22246107046734312
0.2224639507005249
0.222460946473091
0.22245517263515696
0.2224574339390021
0.22245891919064817
0.22245740074144418
0.222455596160855
0.22245510150229392
0.22245816998998125
0.22246318396283135
0.22245503539297135
0.22244862709086155
0.2224581333099183
0.22246984223201
0.2224756552465916
0.22247058931693922
0.22247339362609128
0.22246392224706923
0.22246463069099362
0.22247320409919563
0.22247360398530766
0.2224723196756644
0.22247274474392495
0.2224792620273787
0.22248722005065333
0.22248961528894784
0.2224881465861352
0.22249749043954087
0.2225016869643396
0.22250730591921838
0.222509822199779
0.22250775483483812
0.22250266678802302
0.2225050987591716
0.2225068792905214
0.2225060814228412
0.22250911397789583
0.22250717388979477
0.2225129957081839
0.2225097810929662
0.2225087559694741
0.22251503973521408
0.22252190410411501
0.22252039528905293
0.22251929770467713
0.2225311157240318
0.22253257620006414
0.22251986795561124
0.22251734168466744
0.2225277103222598
0.22252913168598662
0.2225253316346812
0.22252470212391542
0.2225192710485376
0.22252606856477583
0.22252656783842098
0.22252744597930302
0.22252467508139412
0.2225220285616654
0.22251897985691846
0.22252132394701774
0.22252144344783473
0.2225249444282251
0.22252099570752715
0.22252253842771008
0.22252111810881856
0.22252055111494362
0.2225142251825477
0.22251849271922708
0.22252259789309484
0.2225184725368604
0.22252205213743306
0.22252686124074966
0.22252708336496055
0.2225270809842598
0.22251956023699904
0.22252306860352997
0.22251626121977092
0.2225221540658954
0.2225289722152901
0.22253412687312818
0.2225377245023434
0.22254633653727363
0.22254624375349236
0.22254204251663387
0.22254638834178955
0.22255072742774262
0.22255830805445698
0.22255196026276192
0.22255678468921752
0.22255181491790524
0.22254985030560454
0.22254469207234834
0.22253921887610523
0.22253625279068337
0.22253546632897517
0.22253879181467673
0.22253237856362693
0.22253093908456575
0.2225432551709732
0.22254479360426663
0.2225437214353148
0.22255314335048548
0.22255634577321753
0.2225652894598326
0.22256959261575476
0.2225615409737901
0.22255438924047055
0.2225551831084635
0.22256571365024969
0.22256916123176704
0.22256240344547537
0.2225614126861218
0.22255784882911783
0.2225545587042855
0.22255622138534806
0.22255864816610355
0.22255269311326203
0.22254668259103635
0.22254669580757733
0.22255553151876808
0.22255317740793693
0.22254782307039186
0.22254844620344924
0.2225434316070069
0.2225430180694674
0.2225507018390379
0.22254992223677858
0.22255059468353805
0.22256036068380788
0.2225608155675422
0.22256786906949563
0.2225708406133661
0.22257007122968187
0.22256979522922227
0.22256946529709729
0.2225727111466991
0.22257779255331328
0.22259279842714355
0.22259277193728627
0.22258987913096784
0.2225875891048522
0.22258633542102077
0.22258069912908218
0.22258370742153288
0.22258777771703478
0.2225838735639445
0.222578585778618
0.22257937789266496
0.22258633731167624
0.2225875973597428
0.22259449886087096
0.22259749338527526
0.22259425161411883
0.22259670120868377
0.2226011917715592
0.22260289720144083
0.22260527589451465
0.2226068117425141
0.222609839636299
0.22261136486341665
0.2226117321022415
0.22260655355010253
0.22259354749941593
0.22259384916254552
0.22260132578779726
0.2226011882719171
0.22260081754748412
0.22260109502761477
0.22259881595105513
0.2226058503068728
0.22260180556106354
0.2225986660392629
0.22259949033708107
0.22260426006203304
0.22261162629420617
0.22261616745101678
0.22262207162987496
0.2226177653587294
0.2226205098709308
0.22261079732891723
0.22259798743320836
0.22259549743870694
0.222600567254837
0.2226015645338755
0.2225984731854669
0.22259420403052832
0.2225901857991279
0.2225887156869037
0.2225891911231866
0.2225894171097782
0.22258464769622513
0.22258520438156593
0.22259709861290758
0.22260129130801448
0.22260371801102788
0.22260182434621087
0.22260187415942456
0.22259752131433722
0.2225901439733401
0.22258678424371603
0.22258710201058718
0.2225902001575909
0.2225992101382719
0.22259391123535713
0.22259057972588125
0.22258470874106234
0.22257542672121403
0.22256611879800275
0.22256784159596166
0.22257009281515477
0.22256591660792693
0.22256711660875306
0.22256856270885853
0.2225731709391016
0.2225819992462801
0.2225822033957518
0.22257949668992894
0.2225880130039541
0.22259426417037684
0.22259105356850412
0.22258868134310608
0.22259260355960933
0.222598607742596
0.22259815831422677
0.22260400940676636
0.2226053205514077
0.22261508653755752
0.22262223637474357
0.2226190174513058
0.2226128594797494
0.22261458208983778
0.22261702010092563
0.22262059041935361
0.22263243652636946
0.2226386872320153
0.22263710661682362
0.22262977193391334
0.22262582723726082
0.2226286538908153
0.2226269227945534
0.22262504864564783
0.2226194328287123
0.2226262615357106
0.22262491582065752
0.22262667403797656
0.2226246544621784
0.2226232582287977
0.22262832958786127
0.22263525434010772
0.22263540870744428
0.22263216390308174
0.2226320940200305
0.22263472976327056
0.22262780177225175
0.22262517889172548
0.2226232630137148
0.22262641227260327
0.22262881273871976
0.22262862416468063
0.22262526921569192
0.22262654525995865
0.22262427888284245
0.22262706979968294
0.22262514040005454
0.2226317075747858
0.22263872652608
0.22263599830641226
0.22262768224500137
0.22262477260560098
0.22262244729628172
0.22262049759465444
0.22262661556524876
0.2226245185937666
0.22262176207492337
0.22261639155510896
0.22261600564690942
0.22260984397307268
0.22260634084071054
0.22260487815126792
0.22260542041199077
0.2226045268735688
0.22260612755170645
0.222612932711708
0.222612988962829
0.22260596368338537
0.22260442187551252
0.22260063835604682
0.22259607449355676
0.22259233617976046
0.22258891689494975
0.22258181706452976
0.22257738883073558
0.2225776968269271
0.22257953342270703
0.22257946007483426
0.22258260133766844
0.22259141445639855
0.22259848012694722
0.22259608119992116
0.22259261318519918
0.22259279805355822
0.22258928184312973
0.22258310240031856
0.22258453295530764
0.22258058797673305
0.22257673343813927
0.22257266589255217
0.222569223972727
0.22257293441633727
0.22257218116117142
0.22256721635473065
0.22256697998089578
0.2225742005015763
0.22257142369724434
0.22257288074977166
0.22257995527733226
0.22257971962077022
0.22258138246988177
0.22258342656817395
0.22258635011539535
0.22258596113915974
0.2225833409288038
0.22257801633094057
0.22257393723574773
0.22257791017926282
0.2225796750235225
0.2225729672343714
0.22257192070433474
0.2225698685819513
0.2225702745555423
0.2225611001132891
0.22255467015086638
0.22255958854327723
0.2225556429778684
0.22255544421444862
0.2225578822773264
0.22255575411889902
0.22256320619965556
0.22256078032922724
0.2225587269302877
0.22256147855108696
0.22256376514785253
0.22255597154263007
0.22255880720408877
0.22255564491190222
0.2225550022091588
0.22255276279542566
0.22255272153781014
0.222556413892561
0.2225473842177878
0.22254932196500052
0.2225576598046431
0.2225656704607352
0.22256322467288803
0.22255926791678543
0.22255804792300557
0.22255728600968044
0.22255648019259558
0.22255873697093007
0.2225579011157838
0.22255544514288397
0.22255296551852188
0.22255478675264412
0.22255680293564817
0.22255783579294608
0.22256125001357588
0.22257018660391267
0.22257205179788656
0.22257232167591337
0.22257315793967522
0.22257123689331998
0.2225770223279958
0.2225825993306803
0.22258420075114574
0.22258962088945114
0.22258981415922022
0.2225885196697978
0.22259312921895205
0.22260203257468852
0.22261329013573194
0.22261662205646937
0.22261827595653952
0.22262624407326262
0.22262441242520503
0.22262055163695038
0.22262134106291562
0.22262267720395312
0.22261830016257295
0.22261480852145912
0.22261631253327047
0.22261460561611549
0.2226100896436666
0.22260398783868984
0.222600918243634
0.22259608679116286
0.2225943170442304
0.22259419025374733
0.22259617425410225
0.22259467538143027
0.22259689829442117
0.222591408770609
0.22258207037190655
0.22256940892801144
0.22256957310676198
0.22257403206008003
0.2225804941353013
0.22258333234830058
0.22258178481051055
0.22258395313892004
0.22258421091274375
0.22258515994019923
0.22258426287076336
0.2225874692888782
0.22258278537801612
0.22257916610234066
0.22258497888115883
0.22258208175335292
0.22257591276616195
0.2225737134960835
0.2225693760624327
0.22257295699778515
0.2225782012011453
0.22257254062678897
0.22256941763600752
0.2225677564553494
0.22257833565131796
0.2225796437903522
0.222580183951414
0.22258724075778671
0.22258476446559225
0.22257438235542698
0.2225710482821747
0.22257310844923126
0.22257520221679486
0.22257539894176478
0.22257533817121478
0.22257831529869793
0.2225814242380914
0.22257778363648673
0.22257776189745837
0.2225776541360363
0.22257069162809962
0.2225684774998231
0.22257498867227424
0.2225785972574591
0.22257798712264162
0.22257936405456852
0.2225815994786113
0.22258733898978353
0.2225879235419067
0.222579899508767
0.22257831318136967
0.2225821537082072
0.22258658110993393
0.22259018942192071
0.22259008757643323
0.22259647883200612
0.22259782731237804
0.22259939880540244
0.22259676355308558
0.22259950905070555
0.22259627205608815
0.22259206684642918
0.2225914730495525
0.22258872404521346
0.22258516233135367
0.2225838722844527
0.22258582878927827
0.2225872538019579
0.2225804214534382
0.22257700583264672
0.22257454081113762
0.2225740436159414
0.2225761880008226
0.2225818410319268
0.22258085476681574
0.2225790936483506
0.22258244980681047
0.22258204901570178
0.2225941532457832
0.22259504447979075
0.22258969064020445
0.22258489041040458
0.22259088720995585
0.22259426427888854
0.2225957617995562
0.22259644409625345
0.22259313737849
0.2225882521854996
0.22259097523126822
0.22259020202819726
0.22258953817390756
0.22258210014466356
0.22258557297845136
0.22259210222897413
0.22258845798135463
0.22259312816088958
0.22259000201756507
0.22258995938846227
0.22259355665583033
0.22258965924517035
0.22258733995108618
0.22258639144372622
0.2225803817726532
0.22257781267576057
0.22258508724704573
0.22258785960935745
0.22258999185155903
0.2225900661908521
0.22258841549376385
0.22258901507088985
0.22258412198518618
0.22258761987633535
0.2225821219420435
0.22258539214849504
0.2225886893005808
0.22258464683779286
0.22258216870234396
0.22258050065709095
0.2225801294162786
0.2225815392204025
0.22258115931339362
0.2225754408299153
0.222575965121602
0.222578832936526
0.22258481850904288
0.2225849808342029
0.2225839419736634
0.2225776603354966
0.2225732349656712
0.22257790445007675
0.22258316026598113
0.22258204839805218
0.22257731927895114
0.22256829727221497
0.22256501868940198
0.22256262642648844
0.22256204268663016
0.22256110174414692
0.2225572102245495
0.2225585292434813
0.22255353082325222
0.22254451095560082
0.2225408488199123
0.2225389560400107
0.22254192703837888
0.2225456808734059
0.22254886181177894
0.2225497635072656
0.2225481538795582
0.22254966198157236
0.22254815819920243
0.2225437863921028
0.22253770800012904
0.22253358462322903
0.2225306124077716
0.22252635283620076
0.22252680096209648
0.22253021325971822
0.22253670599203776
0.22254214742967154
0.22254654013514422
0.22254120455941628
0.22254391208741478
0.2225494263494761
0.22254955676600244
0.22254955019799036
0.22255247617682955
0.22255039291259765
0.2225493013575372
0.22255031883289247
0.2225612283070757
0.2225639366840542
0.2225710606918695
0.22257836485252497
0.22258038037346534
0.22257792265070353
0.2225778993244051
0.2225773806678398
0.22257145570572437
0.22256859926761371
0.22256612774809809
0.22256506920743305
0.22256051293192924
0.22256362011560823
0.22255794799024042
0.22255852803515738
0.22255649155358787
0.22256115560997766
0.22256300843296292
0.22255543570425884
0.22255802844813108
0.22256230101185914
0.2225649014512421
0.222567803007397
0.22257040788239013
0.22256541584022976
0.22256518532821787
0.22255986795233765
0.22256121456810352
0.22256569826067457
0.22257109356239063
0.22257315734523608
0.222575562458496
0.2225723848168643
0.22256912987291952
0.22256886759472846
0.2225729787097593
0.22257933482041076
0.22258009315546018
0.22258002776662453
0.22258015106515486
0.22258088275640694
0.2225812960198163
0.22257801794242463
0.22257378040070896
0.22257534384173674
0.22258102292476042
0.22257895213629075
0.2225694992233419
0.22255875572917386
0.2225535970069977
0.22255499907604778
0.22255597284225367
0.22255443372531308
0.22255602734653662
0.2225619124773006
0.22256410565800355
0.22255882611562025
0.22255833770298675
0.2225618337416165
0.22256708870185898
0.22257785034860575
0.22257822399025312
0.22258295093651795
0.22258588511086844
0.2225859431955196
0.222585898267165
0.22258376506133906
0.22258125475930893
0.22259427951665264
0.22259683217671594
0.2225889742984885
0.22258415511374965
0.22258355328846247
0.22258292029945853
0.2225808663390761
0.2225772139291498
0.22257526078738876
0.22257605544984643
0.2225764003122147
0.2225726441273732
0.22256766435938213
0.22256743968227388
0.22256344423473862
0.2225632352720396
0.22256339255032626
0.22256529130045766
0.2225719126590654
0.22257209418624369
0.22256464708400112
0.2225664989800178
0.2225674158271606
0.22256495451250966
0.22256411274902335
0.22255894218192365
0.2225564328641612
0.22255955693006094
0.22256145951887352
0.22255854995625293
0.22256215498155077
0.2225629202861395
0.22256793647703949
0.22256942699890334
0.22257164623126927
0.2225740407556529
0.22257817227588725
0.22257710491124305
0.2225784750360574
0.22257830301673096
0.22258057079777135
0.22257686836715065
0.22257399607002884
0.22256706561381878
0.22256294706425672
0.22256016306206555
0.22256536182941392
0.22257031242927872
0.22257490488165285
0.22257876655151468
0.2225849416597082
0.22258802259193552
0.22258363333514447
0.2225857532878677
0.2225873573548762
0.2225935741438337
0.22259038794879268
0.222584777907156
0.2225856191077912
0.22258692720497103
0.22258426466862688
0.22258429848785757
0.2225882212320826
0.22258567919173122
0.22258145829525133
0.22258059692710572
0.2225860379210835
0.22258863931164322
0.2225888716003082
0.22259204867890683
0.2225931704293609
0.22259371488264845
0.22259659094669634
0.22260187071548548
0.22260075823962944
0.22260014289757968
0.22259727875620985
0.22259563182155717
0.22259366047692433
0.22259292182013285
0.22259313269301242
0.22259397186016505
0.22259587994895808
0.22259651408730924
0.2225917768452304
0.22258982543234096
0.22259799630825783
0.2226002885034645
0.22260392539126433
0.2225993973284146
0.22260200887295198
0.22260356707185722
0.22260743155380686
0.222612427900428
0.22261325607501362
0.2226107567175843
0.2226053457359036
0.22260320980311063
0.2226014843660124
0.22259771732040987
0.22259625465878155
0.22259758395469104
0.22259829042982002
0.22259717688305233
0.22259459763861583
0.22259500954073627
0.2225895485528525
0.22258364897279517
0.22258423884298503
0.2225792803178941
0.22257419830501043
0.22257691551929656
0.22258120190884134
0.2225882993993018
0.22258802283458914
0.22258386094919075
0.2225803623939699
0.22257508650114782
0.22257343286067968
0.22257983393643815
0.22258363394426997
0.22258533737701858
0.2225834251979609
0.2225856295743374
0.22258469032543518
0.2225855309250462
0.22258430925760517
0.22258161422200345
0.22257724801466397
0.22258038924696552
0.22258442144621188
0.22258755054729487
0.2225903720085178
0.22258990350481267
0.22259002806827416
0.22259192417279
0.22259010968573786
0.22258865166443031
0.22258753017119057
0.2225892160624329
0.2225914187146807
0.2225931628544471
0.22259625534920358
0.2225966421273807
0.22260039599051204
0.22260296954122819
0.2226042342813001
0.22259988136466408
0.22259723229306214
0.2225970341266698
0.22259757924423484
0.22259781165300302
0.2225968322777664
0.22260004582025064
0.22260328992771117
0.2225996226702689
0.22260196719260994
0.22260306341628103
0.2226024427168169
0.22260542514468382
0.22260858670600847
0.22260840094760584
0.22261281404361644
0.22260755388190204
0.22260890880827738
0.22261027454954896
0.22260531248190424
0.22260720151812874
0.22261408478796296
0.22261248110294352
0.22261344260221924
0.22261131893343075
0.2226087874500427
0.2226141954951245
0.22261650182394377
0.222617056694665
0.22261340387033005
0.2226082864931853
0.22260241766092007
0.22260029608240497
0.2225938189996565
0.2225996524413516
0.222600805248505
0.22260321668524705
0.22260393004439644
0.2226035290570328
0.22260355916046967
0.22261239860162216
0.2226200482861311
0.2226187000055999
0.22261636006722274
0.2226201365822936
0.2226270011345986
0.22262646352600796
0.22262223317051838
0.22261630318616066
0.2226088823179246
0.22260598190004585
0.22260710152105742
0.2226073848243123
0.22261146422217948
0.22261413664885962
0.22261206094873234
0.22260536750045315
0.22260293896424987
0.22259927545219785
0.22259659367901255
0.22259512052615163
0.22259342468545307
0.22259421052999875
0.22259956176988072
0.22260512967812152
0.22260957105006354
0.22261224358002152
0.22260965085510853
0.22261120210385593
0.22261060049702902
0.2226155693261423
0.2226125505303959
0.22261081283704645
0.22260694519578458
0.22260478912780707
0.22260351012410579
0.22260284640204064
0.2225964592881271
0.22259189330147036
0.22259053540448412
0.22258353295631958
0.22258250670857194
0.22257977713493468
0.222578328397117
0.22258263142958473
0.22258418067379138
0.22258392557868553
0.22258643236464667
0.22258983195999507
0.2225909446196941
0.22259153994282954
0.2225951440844351
0.22259542917003905
0.22259399998807988
0.2225903374910232
0.22258600158337696
0.22258819524967735
0.2225901084706573
0.2225891589906473
0.22258936156628562
0.22258234115170053
0.22258494274410093
0.22258478629782066
0.2225818730568804
0.22257980799333438
0.22258359864419686
0.22258860160957897
0.22259012736562622
0.22259059056657343
0.22260004063234257
0.22260291544365157
0.2226032905651318
0.22260836148231689
0.22261560368013197
0.22261533493549876
0.22261893975339453
0.22261974452534886
0.22261869726855923
0.22261569587275817
0.2226176660768739
0.22261841015586062
0.22262422967722517
0.22262008767297273
0.2226179254966303
0.22261740162525104
0.22261834343612005
0.22261567066751184
0.22261440607703412
0.22261315334763024
0.22261286240006084
0.22261484695772624
0.2226201109272755
0.22262433138535265
0.2226266577168198
0.22263066698788378
0.22263384398244127
0.22263845922046518
0.22264250740438551
0.22263875674164435
0.22263520232211764
0.22263702344961656
0.22263680040903794
0.22263858618258994
0.2226387988795179
0.22264294849104302
0.22264244474325864
0.2226382748879134
0.22263903589820377
0.22263828766372534
0.22263712840879424
0.22263607032045413
0.2226345243943548
0.22263467236576887
0.22264075538392084
0.22263935505177773
0.22263538166962302
0.22263056089066283
0.22263070372123303
0.22263630270621815
0.22263827550104076
0.2226354832843344
0.22263774488256696
0.22264235128266402
0.22264278862487547
0.222640036700251
0.22263820199657244
0.22263682171589413
0.22263121655330456
0.2226312192338261
0.2226328247574393
0.2226324164199881
0.2226295061324421
0.2226266941265582
0.22262820341898867
0.22262120180460068
0.22262130241538253
0.22262286217882002
0.22262462719741608
0.22262593870541852
0.2226291975887283
0.22262735916451712
0.22262956203013767
0.2226313392017706
0.2226343329793814
0.2226391242405636
0.2226367606181801
0.22263363347844692
0.22263409300645778
0.22263303324115588
0.22263301401963667
0.22262777871872766
0.2226310552703304
0.2226291852935633
0.2226269052233982
0.22262482558053134
0.22262545144793722
0.22262248714732435
