0.030104470934975397
0.033897596656217346
0.030593650099444984
0.028496045359252906
0.02860741688716716
0.08451910408432148
0.15913290954561624
0.18641651469351386
0.1792460453592529
0.16315880557910487
0.17882718859986288
0.19118717173526417
0.17896358197983842
0.16901771336553945
0.1610813810812203
0.15442883733039173
0.1515545624105064
0.14771125777126484
0.14166611251690156
0.13631574961951903
0.13275154442930598
0.13035903417977535
0.1275221714251881
0.1239544560729071
0.1203757943363908
0.11799986135068896
0.11621831437209514
0.11318712733807074
0.11012461915012005
0.10804576793269471
0.10730757914070889
0.1070210570308616
0.10460824137768454
0.10229788512623003
0.10014175996288793
0.09816110416933939
0.09620091373549165
0.09444771643080636
0.09285956120584311
0.0913439618745571
0.09036660349224131
0.08965425662518628
0.08902195799723721
0.08786879634529783
0.08674395789475726
0.08557938097777924
0.08431094155475603
0.08334924681303565
0.08233571247545222
0.0814486572596704
0.08674814633246437
0.09088680125258178
0.08972032748828776
0.08876411787867516
0.08764825931978795
0.0878227731523477
0.08785063933852076
0.08698086807714103
0.08618966014452771
0.08547335444889333
0.08483396080585458
0.08415669042300897
0.08369972933589516
0.08308744766517501
0.08251470263022621
0.08395407431112736
0.08558355260177566
0.08466247198100316
0.08447722485390688
0.08491030151031928
0.09054290874900968
0.09593551408120944
0.09496922020389055
0.09416465930946913
0.09354387140622962
0.0941507566255344
0.09518835202975179
0.09549948832209895
0.09494130054366265
0.09450017172004897
0.09486449908906724
0.0948983111911272
0.09413773619545514
0.09358791694154991
0.0930388016040389
0.09262409795036812
0.09208511384704064
0.09145942852443877
0.09115896092351958
0.09115363023952096
0.09084593329324334
0.09031850812562453
0.0896674256850878
0.08904973965719105
0.08871588293924178
0.0885010745069311
0.08819515781347666
0.08792695221235855
0.087567037563576
0.08718155756287592
0.08713367137094159
0.08745267045428423
0.08737745382215248
0.0868956469329649
0.08650155180717035
0.08616740027922079
0.08576440086130512
0.08535419562756681
0.08491135777199861
0.08436877391300984
0.08398361195257327
0.08366853981232084
0.0832315153251464
0.08266797360828342
0.08219748727662525
0.08183747330931515
0.08154152898451662
0.08116907935468899
0.08075761293606103
0.08034346761351913
0.07996364701517425
0.07970549436552296
0.07946125430158225
0.07914947509661166
0.07885592667127939
0.07865792663512322
0.07841052867994344
0.07818990058053096
0.07798582472287957
0.07783709379253094
0.0775601354839322
0.07725870924293968
0.07694792736904989
0.07666305650869736
0.07640351149199241
0.07617664431135934
0.07584656307363648
0.0754687978863369
0.07515374681230581
0.07485968970899576
0.07461289380002804
0.07446604229804502
0.0742380030761288
0.07396557009557854
0.07357285837933292
0.07339667386148988
0.07328716885062914
0.07305555984315393
0.07288430854730543
0.07263301148320758
0.0729244472197086
0.07351423291272915
0.07379525161545737
0.07354112954134696
0.07334524843288874
0.0743928826895565
0.07605136917217001
0.0764808723262868
0.0762430945028686
0.07599888456075223
0.07654996923270038
0.0777977912669999
0.07813473587514753
0.07787182930214902
0.0775793108848706
0.07735690977647787
0.0770508798138745
0.07677385898242504
0.07653220613108454
0.07627443341202284
0.07616591267418402
0.07607614239542236
0.0758704551112954
0.07564559291429317
0.07537011212020628
0.07512422497233585
0.07486576260448433
0.07463686997255736
0.07440891052233838
0.07411217517696744
0.07378722262119794
0.07351168649771636
0.0732447250022621
0.07301287105955996
0.0727657897726769
0.07259905090465289
0.07244987321141183
0.07226173455849041
0.07198884684075091
0.0716759682292826
0.07197464742544407
0.07241723216257134
0.07222495610189456
0.0719367626705153
0.07177998284195578
0.07336181812593193
0.07478001124077392
0.07468239478517814
0.07451175561509933
0.07434319426438515
0.07459654140888487
0.07506712116000042
0.07517374182084037
0.07501837072705145
0.07477631770271634
0.07451049281205892
0.07427086429636764
0.0740604056899203
0.0739307598175613
0.07373620114747442
0.07349990281234318
0.07327462005816533
0.07305113094445753
0.07281446805247058
0.07261834659407948
0.07246219694388485
0.07226475377193468
0.07203451402815135
0.07184207288853245
0.07194165348154216
0.07219365068543777
0.07251739834209468
0.07263750033885945
0.07243601407340183
0.073498726741637
0.07490641931534735
0.07497995828085688
0.07478462220628607
0.07545984522877
0.0770016362722245
0.0787481361124129
0.07987019135927821
0.07992474049776035
0.08017397277022154
0.08184863978222556
0.08360746085718311
0.08478377720650901
0.0859361283420382