0.379551004468654
0.38023399164030885
0.38019120474304136
0.3792280762057502
0.3794377476785139
0.3779513251437981
0.37681168311310065
0.37743583689993965
0.37693854818494776
0.3760224348922743
0.3756817437134356
0.3754626384593258
0.3754768640733765
0.37539616980858065
0.37517966453698637
0.37492161255139855
0.3749008870477458
0.3749161276155293
0.37486445769096594
0.37454889725355656
0.37450359126967414
0.3744408886137479
0.37431501586501603
0.37446444709111115
0.37446555986560925
0.3742962439760752
0.37402102838322077
0.37385082290335764
0.37350640922355016
0.37338528878068133
0.3732444500932189
0.3732122734455075
0.3731415077705883
0.37303235548974406
0.3728015090428039
0.37276557320530246
0.3728864739326939
0.37297156824394395
0.37295803024599866
0.3728278391526791
0.3727661589691466
0.3727720008083777
0.37263703866612313
0.3724336121138749
0.3723293615599812
0.372264353085837
0.3722025687976006
0.37220515836083284
0.37208627445759235
0.3721176149475005
0.37212363857677716
0.372075027761295
0.3720013887629526
0.3720239117439083
0.37207291480394
0.37218832843381217
0.37223752864871223
0.3722844456693179
0.37217244177582964
0.3721172579131803
0.3720501210123583
0.37194081207696594
0.37183664579676656
0.3717940099113662
0.37169952683723667
0.37170978811706074
0.37171290361667364
0.371685001572522
0.3716888259187448
0.3716267119614241
0.37159355825216905
0.3715320436638451
0.3714296043242255
0.37135189219495024
0.3713922564753759
0.3714105492445482
0.37138740988068364
0.37137769776409446
0.3714319320116345
0.3714509163112372
0.3714442900164131
0.37144046327251845
0.371464862466113
0.37146992844561677
0.3714845327752737
0.3713712516745084
0.3712788708847293
0.37126072774001107
0.37119475120762435
0.37110202760157873
0.37100621022451824
0.37088742880051057
0.3708425697957206
0.37082750723547553
0.37082005457994816
0.3708091003168596
0.3707795714923504
0.3707884624708325
0.37075781110413486
0.37076390957820415
0.3707629260388713
0.37075436955056285
0.3706890372106913
0.37066491013540526
0.3706465466402188
0.37057347348206593
0.37052761354677954
0.3705561449053387
0.37051044931272614
0.37047104602478925
0.37049443436959956
0.37046046804273325
0.3704816351945706
0.37044536601293476
0.370460746729028
0.3705235800610071
0.3704604156385293
0.3703824598753416
0.37038653269505156
0.37036295036742584
0.37032985089552717
0.37031222453210044
0.3703230182133854
0.3702993048673039
0.37031296188901025
0.3702900099380161
0.37029026200299536
0.37032420442821584
0.3703267002349101
0.370299233789095
0.37028243879132516
0.37028364967893024
0.3702715718185773
0.3703292793615168
0.37032386325206235
0.37027765777555904
0.3702131763668904
0.3701911572395405
0.37015758292859513
0.370144460064435
0.37013013606282863
0.3701075064140994
0.3700733552824852
0.37007204490155965
0.37003682885882583
0.37001956244345274
0.37001629675596887
0.37000610099349
0.36998447358470227
0.3700276860151339
0.3700613105787949
0.3700682604490899
0.3700429256368513
0.3700521191521169
0.37003157632679295
0.36999109801622587
0.36999156109118725
0.36995999698054644
0.3698959234389178
0.3698544354935565
0.36983140821371296
0.3698134961280049
0.3698030977473614
0.3698216438421575
0.3698138513275327
0.3697735228612718
0.36974668838762
0.3697681870838702
0.3697494362187449
0.3697458313657816
0.3697182272046182
0.36969431382110146
0.3696516174976769
0.3696170007859654
0.3696193584953722
0.3696379824233257
0.3696305103069987
0.36957579845146643
0.36957830863899355
0.36957999035487515
0.369592824224103
0.3695982234492159
0.36958447186997145
0.36957418190616687
0.36958192645790544
0.36957239849088663
0.36953897893656645
0.36952921863928073
0.3694867290379788
0.36947319894284997
0.36944904503102843
0.3694416600632756
0.36943012758282406
0.36940455951734036
0.3693939531624401
0.3693665569799917
0.3693300368540213
0.3693224749063778
0.3693266497018742
0.3692977497236025
0.3692846476373238
0.36926410095091006
0.36925667090240016
0.369254440264114
0.3692044220625029
0.36918353948544147
0.3691785118775506
0.3691745275416159
0.36917417126119145
0.3691712093755884
0.36917687202327687
0.36916550014660954
0.36914719453058276
0.36916057229561733
0.36915889025411486
0.36914374492597785
0.3691237875287062
0.3691272720677822
0.36914508470344504
0.36915482833865776
0.36914964113440557
0.3691297327541912
0.36912805618912586
0.36911886169599917
0.3691665595743973
0.3691794334920152
0.36917789579597265
0.36919333722268793
0.3692100359139395
0.369217276442929
0.369232165095887
0.3692397305618913
0.36924317399597406
0.36922944960771736
0.3692292387665179
0.3692203465354376
0.3692061238166001
0.3692108934698021
0.3691793124407636
0.36914400328891755
0.3691243723254861
0.36910601081979016
0.36911807073078523
0.3691042049015401
0.36909022343527015
0.3690936381169739
0.36910351108821243
0.3691020589535508
0.3690868637623691
0.36908244414567526
0.36905631891185664
0.3690692777651294
0.36905951538654896
0.36903355942684213
0.3690225342955772
0.3690146079356665
0.3690180313684009
0.36902091577204893
0.36900923897273485
0.3689914732843067
0.3689733044240483
0.3690092819727695
0.3690331077961605
0.3690281792772196
0.3689983287018089
0.3689794508375551
0.3689616660064228
0.36893435499631977
0.36893833041879226
0.3689382329342266
0.3689082402651609
0.36890472172030964
0.3689052409175052
0.3688889427449212
0.36886139981877003
0.3688609315503076
0.3688497369331723
0.3688327736480486
0.3688219089446873
0.36881164966485164
0.3688296428505345
0.36884547536873014
0.3688353811008924
0.36879705880104197
0.36878952626758055
0.3687734498318776
0.36876795071602986
0.3687563221745937
0.3687406361255506
0.3687501903509138
0.3687703538307914
0.3687770783947942
0.3687563020717885
0.36875489408496703
0.3687446193671835
0.36875091921806574
0.3687391551327221
0.3687463198418409
0.36874807660436837
0.3687405470102538
0.36874812084120406
0.36876227566710484
0.3687483320723497
0.3687259182379958
0.3687200988481737
0.36873538569624925
0.3687344820073528
0.36872583068534515
0.36871165493372643
0.36868794744283273
0.3686802114462604
0.368654318960207
0.3686431822878333
0.3686194196155435
0.36862268578343493
0.3686419926045301
0.36862465031214503
0.36860591341664656
0.3685798774642578
0.3685669326696678
0.36855659367699056
0.36856169071488387
0.36856005967141436
0.3685528074342837
0.36855530654330904
0.368545300564449
0.368532214628193
0.3685224075973676
0.3685263198076277
0.36852861637619805
0.3685208508122826
0.3685082044682028
0.36849958012719114
0.3685056851249116
0.3685137922072881
0.3685093491966388
0.3685042682680507
0.36852572672265327
0.368521444401408
0.3684972622329745
0.36849345286263624
0.3684795035374775
0.3684796041526605
0.3685108626028172
0.3685069475247394
0.3684881558941772
0.3684832083704069
0.3684744778099559
0.368479205880621
0.36847819461774456
0.3684827248174597
0.368479849695639
0.36847180392470885
0.36847223171153876
0.36847207705586815
0.3684661406442684
0.36845964530996084
0.368464972275433
0.36845308603060023
0.36842481613628364
0.368414465624348
0.3683910868351639
0.36838270013872604
0.3684030987603728
0.3683993345438653
0.36838021636667456
0.36837532480356494
0.36836436251740834
0.3683582380605117
0.36835021455150835
0.36834718171867364
0.3683587619979513
0.3683590594848553
0.3683576208297021
0.36834273253434824
0.3683334608548721
0.36834106517417553
0.368332166326836
0.3683378391700563
0.3683132498818659
0.3682968801695767
0.36829708691318963
0.36830742005845213
0.36829655689516105
0.36827578121373444
0.3682674923345218
0.3682573571139447
0.3682255802288815
0.36820635352502284
0.3681829404598003
0.368177063142007
0.3681783729386566
0.36816796834647914
0.368160877060372
0.36814203248645616
0.36815364291803315
0.3681488636802672
0.36815102220909474
0.3681569462707742
0.3681637876512686
0.3681660200783677
0.3681526037083876
0.36815538586274216
0.36815320957712977
0.36816557541916217
0.3681618271048995
0.36814854736191105
0.3681431610176391
0.36813173970756347
0.36813318741551126
0.3681200071209801
0.3681278358104753
0.3681178514660472
0.36811046159757266
0.36812296013846774
0.36812293535399326
0.3681392707771005
0.36813546217402204
0.36813070227123806
0.3681301274898854
0.36813645344981677
0.3681470580922272
0.368155804933613
0.3681675867446452
0.368161612276193
0.3681533074207981
0.3681351756312177
0.36813378774075306
0.36813702469362547
0.36813022144693575
0.3681220530883536
0.3681313572899914
0.368146826045539
0.36814274042957806
0.36814878691555347
0.3681503279768638
0.3681490349101016
0.3681419009176121
0.3681415239328653
0.368134977134334
0.36814196511341263
0.3681398191184181
0.3681454427375786
0.36814220611657344
0.3681364981982913
0.36812067480904276
0.36811547671357303
0.36811518757598394
0.36812001397277244
0.3681157215446489
0.3681147112329526
0.3681127693760288
0.36811854403804106
0.36811115486675683
0.36811337725662024
0.368114668538646
0.36811863369842146
0.36810691767433923
0.36810256318652385
0.3680941935569084
0.36810023680974635
0.3680790041002469
0.3680534037158939
0.3680412962754064
0.36802780179813055
0.3680315688408301
0.36804615107044725
0.36805584961374105
0.368038785877686
0.36804279232605963
0.36804837220615494
0.36802020058998397
0.3679999306743373
0.3679848885961331
0.36796149164569597
0.3679577037577372
0.36795321411944026
0.3679438722652856
0.36793370993111096
0.3679258381085497
0.3679205675615744
0.3679150185991919
0.3679204507310357
0.36791467879108275
0.3679012244349372
0.36790113883640757
0.36789379934291383
0.36789640546368074
0.3679049121154003
0.36791159774628446
0.36791949591327633
0.3679324523705387
0.36793582842972317
0.3679342256699875
0.3679342619290236
0.3679427701885119
0.3679410668848857
0.3679343851261293
0.3679299778091611
0.3679326737038073
0.36792461292399603
0.3679271775910075
0.36793368611492827
0.3679208609598953
0.36792373172217435
0.3679257137973576
0.3679281393808104
0.3679327093477917
0.3679335011962212
0.3679286138022359
0.3679140106236649
0.36790272125091894
0.3679129940642289
0.36791889965241875
0.36791425255203775
0.3679127456485162
0.3679121927713384
0.3679157963500501
0.36792057825655883
0.36792792620927683
0.3679220288067142
0.367916667552499
0.3679024040107575
0.36790687403510147
0.3679070575018638
0.36790618844956235
0.36791363852722586
0.3679059729139979
0.3679010786292728
0.36790931774172303
0.36791568882201303
0.3679088617304438
0.3679032038837677
0.36790796424675937
0.3679139038216766
0.36791326286036097
0.36791137178961014
0.36791732573631747
0.36792083394026814
0.3679264247662892
0.3679398329462119
0.36792844507093636
0.3679194243817041
0.3679244582708428
0.36791454898201864
0.36791061878012404
0.3679053792597464
0.3679015650909133
0.36790796739439185
0.36790165480421133
0.3678801859485615
0.36787718486610443
0.36787175683789336
0.36787222898203187
0.36786182963784697
0.3678569512971923
0.36785532109348124
0.3678540413863926
0.36785562475569245
0.36786197679242116
0.367864657410767
0.3678596762993574
0.3678544921733936
0.3678523248180401
0.36783082309062154
0.3678276077048663
0.36782900631078785
0.3678312507262717
0.3678305028773873
0.36784382871436805
0.3678460784110629
0.3678519869178435
0.36786431445126944
0.36786970116723794
0.3678678229279831
0.3678665089249498
0.3678658908201084
0.36785411980543714
0.3678454947041837
0.36785686254996064
0.3678619599868851
0.3678669664189288
0.3678530459792516
0.36784830162580123
0.3678574836451066
0.36786187236903317
0.3678594686976622
0.36786008141151705
0.3678566277083505
0.36785325380335376
0.3678492907496916
0.36783743193553614
0.36783278468171654
0.3678258352971601
0.36781921433453063
0.3678089438687045
0.36780157814531483
0.3678024237593219
0.36780567079679344
0.3678035395556893
0.36779089293420547
0.3677911338728667
0.36777524319893606
0.3677774275573253
0.36778437751293136
0.36777830571122094
0.3677681512616826
0.3677631920410226
0.3677554575206066
0.36775091581917796
0.3677448608196478
0.36773952255374404
0.3677370192936185
0.367743242267242
0.3677478320572779
0.3677588978135883
0.3677513916124333
0.36773939702139596
0.36773341524317416
0.3677312916991306
0.36773247402683007
0.3677337325381432
0.3677394429884246
0.36773625680795585
0.3677317642747886
0.36772774104890804
0.3677298436618153
0.36772634181130337
0.3677362990228123
0.3677398610455223
0.36774481984089924
0.3677440535951115
0.3677364393862322
0.36774264681015384
0.3677554461949733
0.36775463965861965
0.36775262931420183
0.36775110938094085
0.36775209852908364
0.36774697893128877
0.3677333743325063
0.3677380805802734
0.36773752171702734
0.3677339892059704
0.36773152208179744
0.36771801832348056
0.36771122737919154
0.3677104500722305
0.3677064136141369
0.36771161197773805
0.367715244550549
0.3677119384957369
0.36771612632652667
0.36772476088827677
0.36771948813933364
0.3677164972069512
0.3677119832350794
0.3677060981970522
0.3677088837142556
0.36770884809731985
0.36769853661157215
0.3676995114762087
0.36770079187117966
0.36770257062694317
0.3676981698471854
0.3677019457020791
0.36770512576057546
0.367703981298022
0.36769552132513716
0.3676873216988029
0.3676866724559205
0.36768010098817044
0.3676732729058956
0.36767735405289775
0.36768073841802795
0.3676761689306508
0.3676792757077022
0.36767743889205745
0.36768223182035675
0.36767988607196245
0.36767936156164027
0.3676817651144686
0.3676854573455227
0.36768323162398187
0.3676874987600223
0.3676840748894732
0.3676862297211623
0.3676746763270094
0.3676739012497811
0.3676778354203823
0.36767951796208986
0.36767986411012576
0.3676775553367547
0.3676795272788949
0.3676762872253614
0.36767360431022617
0.36766705334218847
0.3676716416992042
0.3676762783212403
0.3676814139270647
0.3676818820733637
0.367690263342284
0.36769240043279605
0.36768979496177906
0.36769439484804134
0.36769370836767146
0.3676927560679697
0.3677011959175499
0.36770611240539797
0.3677009873148464
0.3677057596937302
0.3676994834587065
0.36770412897445504
0.36769658039507175
0.367698321093683
0.3676933094504317
0.3676944345641243
0.3676949510233203
0.3676932199008869
0.36769358361902643
0.36769655063299495
0.3677021704544181
0.36770816962436065
0.3677130635584011
0.3677129678282492
0.36770669062862976
0.3676993007797459
0.3677041756647802
0.3676950055901901
0.3676952863744589
0.36768988642654327
0.36769327484180536
0.36769923752128497
0.3676933452330612
0.3676927088979013
0.3676878057630359
0.36768960439672804
0.36768701925515784
0.3676864656769174
0.3676858080500697
0.36768515926469264
0.3676806920588835
0.36767191358798423
0.36767045388157377
0.36767121961266147
0.36767640033026583
0.36767812492771884
0.36766880146805314
0.36767277416227084
0.3676831556477748
0.36768838594226433
0.3676862459587126
0.36768574458918085
0.3676902542746929
0.3676929166344534
0.3676946408076581
0.3676906937841097
0.36769194061028115
0.36769833575338123
0.3676966443422132
0.3676872278093032
0.36767779698279146
0.3676708323017397
0.3676719163226437
0.3676724003135932
0.36767576826554776
0.3676716112318088
0.3676686024265504
0.3676723292347811
0.36767952928392517
0.36767698956919004
0.3676713644252193
0.3676741058925013
0.36767590133837774
0.367676659554713
0.36767096611965255
0.3676606103965516
0.36765602678829856
0.3676496713189578
0.36764787965381546
0.3676520033520051
0.36764856195016304
0.3676438145032144
0.36764909926107214
0.36764484249453094
0.36763944554852784
0.3676343063523635
0.36763017146488647
0.3676367446126822
0.3676247445065568
0.3676190225612964
0.3676212005309962
0.3676175935146342
0.3676167211339986
0.3676124220440904
0.3676112843904403
0.36761181952050775
0.36761260390528644
0.36761444822254
0.36760853474923577
0.3676104987526443
0.3676159850429648
0.36760959868730975
0.36761165446628863
0.3676157182587565
0.3676165916870189
0.367615129888118
0.3676106827543906
0.3676089534438195
0.3676095991993396
0.3676024395810231
0.36759885745444054
0.3675960644223888
0.3675926941338836
0.36759594655207
0.36758517574782074
0.3675805734625791
0.36757670310726437
0.3675718924533682
0.3675739119785482
0.36757872216283455
0.36758386619832734
0.36758203877767875
0.3675786997065391
0.3675810875910086
0.36758870032066815
0.3675894458372577
0.3675927699753124
0.36757847548875333
0.36758032431131027
0.3675841908103313
0.36758534734362647
0.36758595512170616
0.3675904294548947
0.3675927670694229
0.36759243288972565
0.36759533001126254
0.3675941862961517
0.367594046557199
0.3675943633029035
0.36759212053556545
0.36758978817103033
0.36758861452986047
0.36758958986200496
0.3675912087893848
0.36759140202431223
0.367590428299342
0.3675815321536381
0.36757517548828217
0.36758446516035764
0.3675890563394054
0.36758616066092337
0.3675892396772785
0.3675891122530366
0.36758254004269547
0.36757574643450647
0.36757573926140796
0.367576842214183
0.36757960517335
0.36757490526839703
0.3675736074963371
0.36757823326090755
0.36758141552566814
0.3675836066180423
0.3675814083373668
0.36757854244374655
0.3675849668502672
0.3675859980527907
0.3675863201812365
0.3675829257043614
0.36758402286887537
0.36757867313217346
0.3675802864250794
0.3675724124640503
0.36757177701115057
0.36756673736952866
0.3675681149260173
0.3675685549773909
0.36757142240549534
0.3675734581040774
0.36757275217951946
0.36756886090876034
0.3675672714420093
0.3675707643263184
0.3675763988868382
0.36757236343007504
0.3675743836527776
0.36757595973313445
0.3675759234589663
0.3675706778860441
0.3675722772313621
0.3675672619430344
0.36756361070641325
0.3675589751605021
0.3675586845566449
0.3675638366634944
0.3675679821578021
0.36757031255804107
0.36757979091562665
0.3675773381846629
0.367572477453218
0.367565917912576
0.3675596901412708
0.36755897432353396
0.36756348838149844
0.3675695922956549
0.36756716211042945
0.36757779704485843
0.36758167517684787
0.3675789045910889
0.3675786899463814
0.36757391332179407
0.3675681150153959
0.3675687537074352
0.3675712476756665
0.367578061264572
0.36757477252487303
0.36756919772839286
0.36756703511957567
0.3675647046975938
0.36756369995195926
0.36756560287876944
0.3675656748201047
0.3675581715756617
0.36755351676647213
0.36755331159151033
0.3675606509227357
0.36756037181024015
0.36756486595695753
0.3675617540523686
0.3675644733402672
0.36756109926933633
0.36755723159527254
0.3675481842473957
0.367544149859927
0.3675410738159611
0.36754004470849255
0.3675333473050879
0.36753221759181653
0.3675366750270163
0.36754066931717655
0.3675363161775882
0.36754127212239035
0.36754707273864967
0.36754632386164515
0.3675418405995099
0.3675378898392706
0.3675371776375407
0.3675403510735662
0.36754465707680345
0.3675484222331672
0.36755288566518746
0.36754775831376346
0.3675406251178259
0.36754419786552217
0.3675438807697243
0.3675475040692709
0.36755650228090925
0.367557381883509
0.3675630377461165
0.3675635423580929
0.3675611622827271
0.3675588701881554
0.36756008195820167
0.3675583082546124
0.3675559716188509
0.36755655215481525
0.3675599098114907
0.3675632801911623
0.36756911643275003
0.3675659836546075
0.36756666687390827
0.36756625469446386
0.36756256470930915
0.3675666080694815
0.3675649787787589
0.3675666300351151
0.3675650353008836
0.36756469917364926
0.3675646023372155
0.36756050164534365
0.3675622652564025
0.36756272298326026
0.3675619970293786
0.36756962457832965
0.3675762610079887
0.3675749506316227
0.3675765356619334
0.36757765716560514
0.36757734876014725
0.36757668664439147
0.3675737416080174
0.36756875858039517
0.3675625762264311
0.3675633278334904
0.3675582233528312
0.36756572086059436
0.36757103431651855
0.3675760595411017
0.367571593402655
