0.2537240537240537
0.2733087330873309
0.27326927814732693
0.28223278746258146
0.2896287162625017
0.30202937549052583
0.30930828351836037
0.3171971379225265
0.3094564191886204
0.3098512890447432
0.3149773782243375
0.31591823595686463
0.31477368083320995
0.3102426984779926
0.3079875739393166
0.3067160316891596
0.3101985863345675
0.31045523466976976
0.3139664431768905
0.31618722111459224
0.3172100304042867
0.31823531100203795
0.3195808990921309
0.31911027075290843
0.3167031915161591
0.3173261695587986
0.3188197209995575
0.3189613770506519
0.3232638212174365
0.3209648737421285
0.32071470487059633
0.3202727326162346
0.3205643859549175
0.3215976712909228
0.321007531440634
0.3209617691545402
0.32187558125771487
0.32313895883737387
0.3235511951137402
0.32398631228612945
0.3231350675871318
0.32277398533589136
0.32371077128625164
0.3253564891669859
0.325885241126784
0.3250830857716464
0.3251330652119088
0.32521992229628766
0.32543045851945174
0.32624097557326154
0.3258949632725895
0.32568942580807536
0.32569157878648936
0.325218334313963
0.32614865400514165
0.32777944594579567
0.32829941336479534
0.3286746315439195
0.3284377340972156
0.3293747860454984
0.3297462736816332
0.32928471783137125
0.32906112049299324
0.329626065572177
0.3296031540971684
0.3293887051329168
0.3296670657793371
0.32943973518411834
0.3297632885500861
0.3300562171955346
0.330346089529763
0.32902045079809045
0.32886368860623705
0.3288421971968189
0.3286572382538381
0.32906253321233825
0.3288779157488765
0.32998988523323697
0.3306866699690987
0.33062213215941116
0.33071715010849645
0.33084013056748385
0.33125490988261175
0.3308643618004273
0.3302975186086093
0.33043409207401153
0.3309942271601767
0.3315514358876685
0.33063558819631883
0.330349864481824
0.3301318383019936
0.32902272681278205
0.3290866748076525
0.3295361073152054
0.3299224684681154
0.3305321259832341
0.3309858704481927
0.3316911350413715
0.33195345252194836
0.33228742113784826
0.3324059231416481
0.3318239590364816
0.3316399592915771
0.3320248808735739
0.3317739620434852
0.3311170788502156
0.3313963799488811
0.33132367549193553
0.33146735389324095
0.33145395408091366
0.33269429501896447
0.332991214521781
0.3320044551983716
0.3313265788915537
0.33108103008641554
0.3312010004328796
0.33108790446065733
0.3305060438434747
0.32984857718812993
0.3298250507492291
0.33014716805229
0.3299234399687054
0.3295038269869343
0.32945786414366324
0.32945031953554554
0.32921861705005434
0.3294941421593742
0.3295387758461263
0.3291974694853948
0.3291321693621037
0.32878880327690513
0.32824881829148655
0.3284222883736531
0.32817518113177885
0.3279179803486937
0.32793334517741063
0.32787161016374317
0.32752256923401524
0.3273550555087597
0.32779791061022395
0.32790759998066943
0.3282329795540898
0.32865948479374857
0.3290671415482689
0.32932050115549405
0.32958395377546995
0.32969802687295385
0.3298289664754205
0.3294443820948628
0.32950094756790904
0.3295584019293
0.3296843614910426
0.3294638122877531
0.32926302582847766
0.32944678164914765
0.3292717103513431
0.3294641061138523
0.3295639189681728
0.3290580616016107
0.32888052972341225
0.3288305854572166
0.3287483899571547
0.329203559992251
0.3297180976974392
0.32976333869920715
0.32977073612836094
0.33000196486232986
0.33009187091638753
0.3301345524747325
0.33030928736084253
0.3302256542815664
0.33000046789687554
0.3302387827910355
0.3302473681776298
0.3302756642223708
0.33039578782986717
0.3302914257936133
0.33002688143998277
0.3295910145619149
0.3293594544685504
0.32935684753726674
0.32928012950663005
0.3294058357770269
0.3294104191685252
0.3292637312269362
0.32919050043424875
0.32927361247637676
0.32904704058151363
0.32857072686726985
0.32801084042619033
0.3277316043406271
0.3275236188873739
0.3266777614242334
0.32617751109324705
0.3256081422029267
0.3250591218082906
0.32415381087457085
0.3233783078456927
0.3226298980965797
0.3220177042626988
0.3214504077655556
0.32089609391034774
0.3206307402022197
0.32040378671374276
0.31978665797361294
0.3189688783157465
0.31855000463324157
0.31777283963838543
0.31730273344405663
0.31691077463398537
0.31650963729293674
0.3161601568998275
0.31570823130259484
0.31537098233775396
0.31508579880805415
0.31464686825981975
0.3139588126783734
0.3134496351732182
0.31289935278646475
0.3125239384812668
0.3121104980418175
0.3113858861494988
0.3107793119328412
0.31026488694456184
0.3098721745179393
0.30944626477133685
0.3093658619007519
0.3088721208815956
0.30824655099289805
0.30754359210218424
0.30713541624823587
0.3065899813086106
0.30619578982581064
0.3059783916104251
0.3056586092619354
0.30572789297518604
0.3054766024863039
0.30514945719268427
0.3049523913049105
0.3046899605411354
0.30446923789650915
0.30398298738111484
0.3034579836531682
0.3030599854491621
0.3029419412823562
0.30283592184431724
0.3028174057630234
0.302496265204173
0.30223285367592445
0.3021002031177712
0.3016674921578339
0.30106298120700276
0.3007336350013079
0.30060266047204753
0.3002481209025489
0.2999538557060681
0.299382248116302
0.2991914353999314
0.2987437287925135
0.2983703576840097
0.2981183311651845
0.29755900660704043
0.2972527330403354
0.2969398822617182
0.2965183115946595
0.2961645498106338
0.29567678620648125
0.2953292766505369
0.2952703463845381
0.29516467055581896
0.29494750341724113
0.29467509702413835
0.2943435290706498
0.29393133053022147
0.2936053375429223
0.2932158388954985
0.29277111392399413
0.2923558420585507
0.2920144776241802
0.29191495564256986
0.29191561092295876
0.2916618973377277
0.29133612580545776
0.2910805850038865
0.29079212582366204
0.2907876216977032
0.290459539060497
0.2901427562323004
0.2898752404365622
0.2897771637039738
0.28970823532411566
0.2895402539815644
0.2892560867262203
0.2889835302926102
0.2886876727890857
0.2884000843918875
0.2880215847557662
0.2880556229886775
0.28777056075636037
0.28748575326824666
0.287359367649989
0.287422175542903
0.2875959833407814
0.2876392931160371
0.2873968931621593
0.2871063749825729
0.28681614133028827
0.2864450908244155
0.28625612520734167
0.28614935410720804
0.2860567891073697
0.28595768460226023
0.285926768709297
0.285707816231819
0.2853481557373027
0.28511912098748043
0.28476983416514057
0.2843414813389092
0.2841553629120565
0.28388308323625044
0.28354085655571154
0.2833708689249461
0.28309436721350384
0.28281461382730466
0.28253734551520926
0.2821859254075806
0.28190358434526475
0.2817948616459244
0.28150490718348525
0.281187113501524
0.28098068988960045
0.28073566351791956
0.28055003258090927
0.2802692682854599
0.28009499925262826
0.28007962923099283
0.2798581646148964
0.27956960927940827
0.2795945869553721
0.279401598911998
0.2793848652783896
0.27932340272468137
0.27896961209965054
0.2786876054622007
0.2786204598108938
0.27857299823661513
0.27842996834355
0.27833039351000693
0.2780875661333489
0.27790370523437874
0.27779239511182263
0.27757178556438883
0.27741862049280375
0.2772439708807203
0.27704279478111576
0.27673995822329184
0.2766670302784747
0.2765741359453967
0.2766553198376663
0.27653309844282015
0.2763622416393987
0.27614178700530534
0.2760434493128245
0.2758342545752183
0.27562417548547924
0.27551522582453863
0.2754584084926205
0.2754173532272125
0.2754964579993601
0.2754277905576187
0.27537015655952246
0.27530651885304874
0.27529161053194995
0.2753293371609327
0.27552245841842493
0.2758855140148508
0.2762345086967713
0.2764102891135606
0.27654828361701883
0.27659088580170105
0.27656155958852663
0.27674984911955397
0.27683032119278506
0.27710513312054647
0.2772767334672234
0.277580345834154
0.27780540742550774
0.2779356409067811
0.2780172201487498
0.2783703302223934
0.2783653352175638
0.27834144541726386
0.2785925810596374
0.27870188665038376
0.2789880753998989
0.279149517963413
0.2792105103379991
0.27947400377974374
0.2797079830663637
0.27970995010808114
0.2797880456645074
0.2798866611626917
0.28001392512027284
0.2802048100061345
0.28040207599889516
0.28065591039382326
0.2810603472231713
0.2813588847535215
0.2814090504533991
0.2814830893625103
0.2818439773901197
0.28213320852815393
0.2823569903286001
0.2825372940486267
0.28264911786912567
0.2826682949077355
0.2828151329625233
0.2831629356599084
0.2833441743770825
0.2833061849708431
0.2834457054192558
0.28350665383787393
0.28362955268321405
0.2838778041595793
0.28404025598408605
0.2841233159103405
0.2842748781006717
0.28421318616897623
0.28410510833661057
0.28418868092653193
0.2842512177041348
0.28431689791270587
0.28449559628863685
0.284552435712872
0.28460986590405724
0.28468007240060156
0.284735250071061
0.28460421666603175
0.28448673173052696
0.2846074222014357
0.28458098789410036
0.28466624443018346
0.28465653636210186
0.28472815489388
0.2848691638233076
0.28488705437989026
0.2847566631966478
0.2846469938299959
0.2846903089684673
0.2847617203539142
0.2847327899109231
0.2847015267165136
0.28478444436259565
0.285007193617893
0.2852490632202407
0.2853239989754973
0.2854429583835335
0.28541190216944
0.285499455423484
0.2856030166617634
0.28547744762532856
0.2854829670469304
0.2854844586451414
0.28549340173316873
0.28544303713360414
0.2855955094620345
0.28585583117981206
0.2860646008035819
0.28621134445090046
0.28625570109873927
0.28633083142771304
0.28632944900692425
0.2864341525803472
0.2866627817995278
0.28683268743682505
0.28690711250793505
0.2870120566521448
0.28722153061369593
0.2872962244849254
0.28733481891712015
0.2873146724321991
0.287231792256541
0.28724469365797617
0.28733388741431853
0.28732333714274066
0.2872589219077988
0.28726125721478063
0.28730688729093307
0.2874271366816658
0.28747350248865383
0.2875176656989073
0.28761615545081315
0.2877280321460308
0.2878432078891378
0.28791497680062017
0.288013613730334
0.2881093668217008
0.2884099563377293
0.28862092748820856
0.28872230440225455
0.28877197006976896
0.28875989458900914
0.28871322594553955
0.28882121520843373
0.2890824533004445
0.28907303408517815
0.289189910534417
0.28926278250314114
0.28932541373353776
0.28946339891373746
0.2894837966237777
0.28953187093535304
0.2894964101563488
0.2894908995178385
0.289553796705215
0.28961022321369767
0.2896002218134926
0.28961602368436434
0.2896320027048295
0.2897966846443496
0.2899306111460961
0.2900195185118111
0.29018676628165097
0.29027531633255865
0.290371060810946
0.290588369342162
0.29060132084474977
0.29057139413428446
0.2908053105717379
0.2909401852881619
0.2909540049731272
0.29095522967020077
0.2909877483455224
0.2910911869893865
0.29113048981463197
0.29129068066520736
0.291461549878673
0.2915256689853335
0.29163494306946863
0.29169575708896694
0.2917947189359756
0.29179026468271474
0.2919478551166911
0.2921337135809031
0.2921014534649739
0.2920450957827092
0.29202011884713086
0.2921030171631383
0.2922094715270111
0.2921919705593918
0.29219942611673444
0.29228296503734447
0.29241848861359976
0.29257047393771907
0.2925990121329312
0.29268634177075936
0.29276980807264025
0.29261780040945173
0.29249043136500735
0.2923774187747339
0.29238088630303993
0.2923399282572537
0.2923449864418349
0.29246198017480957
0.2925932122397072
0.29248514658030234
0.29238334646342806
0.2923110558552209
0.29221404614003144
0.2921325516286057
0.29205155920836945
0.2919643696150195
0.2919486467865426
0.2918955223398656
0.2918311935437773
0.29186683956886
0.2918698116258128
0.2917921798625207
0.2916800312426975
0.2915729565114577
0.29152430990866834
0.29144568324665965
0.29134019810122086
0.2913057414794997
0.2912316941933617
0.29124941092376644
0.29128643282719685
0.2913245895231881
0.29126045360764186
0.29136868206144717
0.2912488671038313
0.2911768358415802
0.29107212621853834
0.29094717617337457
0.2909246089965829
0.2908623132746427
0.2908587979994598
0.2908623195817178
0.2908223053510854
0.29070520047899556
