2752
1243
1042
1096
1456
1088
849
768
863
3654
871
897
841
772
1450
834
724
741
768
1543
777
780
759
735
1102
793
816
762
812
1220
688
695
709
686
1206
654
689
702
759
1294
850
727
782
645
1247
657
662
666
617
1293
677
789
700
692
1465
685
683
695
699
1239
727
691
706
751
1470
830
708
741
686
1602
697
684
699
667
1424
664
669
689
751
1579
647
653
653
638
1649
714
717
686
665
1452
690
655
659
668
1605
770
661
645
636
1569
626
617
639
599
1588
705
678
688
706
1677
670
756
673
628
1658
691
668
621
660
1592
676
620
635
615
1486
647
667
676
664
1540
668
685
700
674
1812
671
658
658
633
1658
624
610
658
670
1669
640
647
659
802
1730
637
645
626
631
1589
589
571
564
574
1497
563
566
542
544
1644
577
577
585
673
1440
590
540
537
557
1482
600
618
659
619
1836
653
631
636
661
1719
647
682
726
716
1949
640
645
668
645
1724
707
711
693
671
1784
670
646
617
628
1800
636
628
654
677
1880
683
696
626
646
1754
630
611
638
616
1581
582
580
563
632
1869
676
626
648
639
1622
700
576
557
560
1474
665
671
635
650
1782
579
561
563
575
1481
724
636
645
685
1771
663
660
661
750
1938
716
675
639
598
1915
692
630
607
628
1686
625
683
694
691
1967
597
629
591
605
1904
738
714
613
603
1642
599
614
671
641
1812
647
653
628
634
1691
630
688
671
735
1798
626
614
632
629
1793
749
565
554
517
1333
562
562
575
586
1896
651
649
653
629
1708
587
584
580
663
1843
607
614
626
658
2109
611
622
634
624
1941
606
631
634
659
1906
636
625
633
617
1504
568
520
528
541
1555
700
686
684
644
2039
692
712
711
685
1955
689
649
631
657
1782
549
562
579
592
1579
597
561
598
681
1808
587
661
619
659
1897
727
626
608
620
1632
568
602
538
596
1693
658
649
628
639
1755
566
542
535
562
1463
551
602
620
608
1758
725
662
840
648
1847
648
615
602
613
1575
562
550
547
542
1819
665
637
601
608
1474
554
600
575
576
1507
538
562
583
721
2045
669
646
581
553
1644
638
675
622
654
1841
662
568
662
745
2077
686
681
646
616
1826
560
560
553
528
1665
655
694
816
670
1907
579
553
536
532
1607
641
624
608
632
1833
583
596
644
740
1915
562
524
528
552
1833
550
528
536
566
1780
731
801
650
622
1643
660
626
685
620
1917
697
696
624
626
1849
701
622
619
635
1906
621
621
641
546
2545
601
557
554
611
2007
663
798
693
633
1827
689
672
626
699
1967
692
669
620
635
1933
627
618
644
638
1810
539
547
565
665
1764
562
567
560
619
1662
587
758
619
651
1938
648
628
624
612
1916
710
651
643
628
1941
724
631
609
645
1581
541
584
591
633
1783
632
616
623
688
1700
578
593
562
776
2101
694
630
612
665
1987
645
648
608
635
1908
656
656
668
645
1923
566
529
540
653
1946
680
651
725
641
1882
644
658
652
681
2214
737
619
631
642
1967
629
636
645
651
1991
563
549
624
652
1932
665
653
648
665
2081
658
600
642
651
1928
641
612
619
637
1947
773
666
664
867
2034
688
662
632
675
2097
659
601
645
634
1957
596
650
619
601
1917
650
629
620
608
2021
658
639
628
651
2168
644
673
630
583
1905
835
667
716
659
1946
661
636
631
634
1931
706
613
626
650
2021
674
642
648
654
1993
630
679
644
623
1942
696
691
632
609
1908
655
632
905
734
2040
676
667
728
677
2137
654
666
682
649
1971
659
662
629
630
1976
638
641
634
621
2059
651
627
603
645
1934
729
641
631
999
1972
687
635
663
660
1967
711
615
614
602
1957
663
643
638
625
2112
687
693
604
615
1909
703
682
668
694
2143
679
796
731
652
1897
654
655
662
677
2004
686
641
650
615
2025
608
630
654
668
2022
665
618
630
616
2025
639
624
622
633
2086
553
632
677
663
1946
680
660
632
679
2092
690
653
637
640
1946
665
650
623
612
2060
673
618
624
609
2188
662
679
624
675
1829
702
661
649
631
2047
655
639
639
678
2069
648
635
597
608
1784
560
564
579
654
2189
669
683
654
662
2122
639
637
642
629
1992
616
638
627
625
1953
662
673
666
627
1824
610
560
625
572
1678
635
582
565
581
1569
572
615
630
663
2075
676
689
613
661
1980
626
640
674
638
2036
663
662
876
660
2144
661
625
653
683
1988
685
665
674
648
2100
637
622
650
650
1977
660
642
644
640
2086
719
883
754
682
2035
677
675
666
667
1997
666
652
656
591
2080
647
702
656
642
2032
634
736
621
624
2233
693
636
695
669
2006
666
648
622
638
1895
654
672
618
665
2059
641
654
626
658
2059
704
816
756
681
1969
775
775
712
645
2086
633
710
646
644
1997
664
658
619
624
2034
628
613
593
793
1951
602
664
635
612
2007
695
664
639
622
2045
722
644
651
644
1888
735
708
683
695
2269
716
709
657
664
2074
639
655
670
650
1956
674
623
626
648
2008
653
633
647
871
2095
737
662
598
686
2081
703
616
646
627
2045
695
655
646
661
1955
740
649
823
669
1989
679
616
614
622
2074
684
658
668
649
1879
649
678
656
634
2134
730
722
679
661
2044
654
658
622
651
1930
657
653
677
674
1989
656
667
838
703
2084
681
638
637
652
2049
693
655
644
621
2049
671
638
657
772
2054
671
678
641
641
2058
677
664
628
645
2128
630
628
641
703
2210
654
644
626
629
2007
621
672
653
635
1902
682
684
653
644
2250
667
620
665
716
2061
665
639
656
712
1998
669
670
677
668
2250
670
625
611
606
2047
644
606
641
616
1933
656
565
637
807
2064
664
658
654
633
2052
648
667
638
649
2138
690
653
862
682
2009
633
628
658
675
1919
605
651
696
655
2186
676
668
680
682
1979
641
647
646
655
1977
682
643
791
678
1965
662
637
656
663
2065
684
684
670
675
2299
703
635
638
614
1940
658
615
648
635
1948
848
682
665
628
1991
641
664
646
663
1958
626
638
802
700
2052
671
706
622
665
2081
632
630
612
751
2068
729
660
649
676
2033
654
663
603
787
2009
636
638
604
650
1999
665
693
657
794
2000
701
675
609
611
2009
673
658
641
803
2059
679
640
656
598
2028
666
598
802
713
2138
672
629
648
617
1945
654
738
634
618
1992
657
642
619
637
2251
700
636
629
636
1989
697
712
648
799
2052
616
639
657
646
2116
778
687
649
646
2046
702
691
657
611
2133
701
636
637
649
2050
644
767
610
625
1895
660
662
621
662
2179
624
708
665
652
1990
722
696
642
689
2051
648
652
735
633
1977
657
631
642
637
2166
688
671
669
639
2045
798
707
672
635
1955
715
703
724
638
2096
725
629
624
721
2069
687
715
661
624
2091
644
615
618
640
2137
656
782
629
654
1962
687
639
663
708
2052
655
603
603
695
1982
773
649
652
602
2041
646
633
718
658
2091
634
674
646
653
2035
690
647
626
647
1928
752
627
629
652
2122
701
758
670
652
2023
714
706
759
683
2036
667
683
629
725
2052
664
622
629
613
2192
646
655
629
680
2191
658
635
643
638
2001
668
658
569
598
2025
729
664
692
666
2045
747
660
651
634
2068
736
670
629
682
1928
695
619
620
610
1890
683
630
593
617
2062
757
613
677
665
2001
720
661
674
674
2066
704
631
646
641
2032
678
676
622
640
1967
702
608
629
623
1914
678
712
647
651
2112
669
649
722
609
2014
635
633
641
706
2103
650
672
684
665
2060
713
645
630
683
2195
685
619
642
651
2112
664
756
644
656
2011
732
658
711
822
3296
716
670
700
639
2213
683
690
633
632
2073
623
705
703
636
2173
731
668
640
695
2073
629
629
639
618
2022
690
858
645
620
2035
663
643
648
686
2011
627
635
596
611
1876
616
595
648
631
1843
660
646
704
619
1882
605
672
638
663
2088
694
613
650
607
2002
614
608
594
588
2043
726
657
614
631
1922
704
719
697
656
1952
656
678
668
685
2057
609
628
612
685
2101
721
665
703
1455
2196
715
740
692
752
2022
690
692
627
651
2104
654
660
637
648
2191
670
660
638
634
2066
779
713
653
689
2060
671
739
647
634
1964
663
670
705
757
2060
641
670
655
640
2106
703
657
651
652
2067
734
702
612
623
1973
677
663
634
732
2083
644
652
664
635
2082
689
667
648
675
1964
639
656
751
717
2137
665
691
665
629
2116
664
694
644
624
2067
623
583
689
597
2019
662
650
662
625
2173
749
665
637
725
2020
685
655
665
805
2188
642
672
645
630
2052
654
814
649
614
1980
669
652
627
622
2128
704
680
622
654
2059
653
681
668
743
2143
703
680
639
668
2158
694
675
750
743
1996
686
679
648
633
2030
724
681
805
651
2190
655
641
624
629
1944
706
762
708
689
2156
710
633
639
671
2009
654
753
672
656
2022
730
683
640
655
2132
661
763
699
656
2043
667
662
668
635
2115
703
677
775
653
1950
671
633
705
628
2010
681
652
671
739
2078
647
681
636
652
2020
660
615
603
578
2339
676
686
691
679
2095
659
622
614
640
2095
787
757
642
639
1928
570
569
568
541
1656
643
671
753
614
2085
702
626
638
623
2059
693
650
698
653
2012
704
702
634
673
2294
655
658
699
639
2127
747
797
696
712
2193
747
707
679
687
1982
677
667
647
646
2266
738
706
723
634
2192
712
731
661
677
2078
668
694
834
735
2068
686
682
652
642
2197
696
651
645
625
2008
683
806
724
662
2027
705
693
642
611
2041
667
654
635
651
2921
750
696
647
699
2145
650
633
637
630
1980
729
658
606
651
2257
752
689
622
638
1943
671
645
625
656
2013
677
666
671
692
2210
708
733
682
638
2119
709
702
703
700
2185
684
676
657
662
2298
692
681
686
667
2074
698
649
624
617
2022
705
673
680
619
2203
828
677
692
691
2076
694
668
640
623
1947
663
692
670
654
2058
814
794
734
660
2181
705
654
678
650
2006
680
655
668
624
2103
740
723
848
778
2063
659
655
696
675
2199
684
677
705
666
2151
670
720
675
640
2268
727
637
629
633
2161
724
677
663
616
2069
694
638
642
612
1944
853
806
733
657
2161
722
671
713
656
2032
744
673
707
676
2087
741
659
651
750
2080
700
693
669
658
2018
733
677
678
707
2150
691
665
653
661
2041
772
702
725
646
1991
771
648
670
685
2070
691
669
660
641
2103
729
662
684
656
2288
662
604
626
633
1880
657
710
626
657
2033
594
671
553
570
1566
613
629
704
697
1719
578
575
609
586
1997
713
646
694
653
2101
751
704
652
647
2103
703
895
787
776
2045
695
669
692
700
2044
702
683
677
653
2212
711
706
707
649
2085
810
754
725
658
2115
662
674
633
636
2141
665
655
635
633
1882
576
582
591
653
2015
760
798
689
642
2008
681
645
659
685
2040
648
655
656
658
2087
710
634
635
664
2118
734
776
703
650
2125
656
673
668
639
2007
661
653
677
629
2059
685
642
637
636
2002
848
810
735
688
1981
726
654
626
675
2097
674
628
662
628
1831
591
620
581
590
1802
671
890
782
761
2074
714
663
674
627
2021
651
663
677
635
2094
707
650
648
654
2063
656
639
794
706
2259
725
678
691
679
1937
638
648
667
682
2081
665
701
655
709
2139
732
686
692
682
2352
774
704
834
620
2108
652
665
681
633
2130
732
672
681
635
2099
684
666
678
647
2149
718
661
854
733
2180
723
712
650
683
2202
681
657
649
653
2093
669
664
658
622
2050
663
662
668
669
2170
830
800
726
679
2086
678
647
647
698
2089
660
703
653
605
2124
674
660
650
656
2012
720
675
657
644
2399
808
688
739
704
2088
671
642
641
651
1938
671
707
651
677
1969
629
648
688
682
2116
743
703
858
797
2180
709
695
729
684
2039
667
621
634
677
2096
637
645
638
625
2108
642
629
620
661
1975
749
642
856
827
2246
715
703
676
633
2131
645
646
634
651
2163
650
685
715
648
1954
630
649
649
686
2035
676
689
828
705
2289
699
678
695
687
2068
669
677
629
623
2181
685
687
648
648
2219
716
657
683
676
2040
679
705
664
895
2365
744
674
661
727
2177
691
611
632
660
1997
662
636
652
687
2113
715
620
667
679
2087
686
674
621
627
2378
766
760
661
602
2037
633
589
601
664
2098
653
658
641
635
2128
669
653
630
635
2005
698
644
615
734
2013
654
656
812
670
2265
710
639
610
631
2076
642
643
616
624
2057
687
667
623
640
2034
680
668
635
635
2054
656
672
667
670
2403
743
841
614
667
2072
656
672
627
663
2115
653
662
625
599
2013
667
616
640
604
2132
665
611
628
619
2069
663
664
661
777
2237
743
668
605
617
2086
721
619
625
650
2072
620
640
620
614
1940
725
663
649
639
1807
606
626
632
641
1655
636
661
728
643
1828
667
715
705
710
2124
684
686
715
665
2082
697
697
718
685
2104
635
652
658
625
2068
718
701
664
645
1821
610
599
771
831
2413
707
664
657
661
2104
691
646
692
683
2174
634
662
630
634
2057
681
688
638
647
1901
685
653
660
652
2056
701
689
823
775
2320
808
762
682
670
2170
664
683
664
665
2028
683
644
680
622
1991
655
670
657
633
2123
722
696
670
670
2018
657
657
693
633
2391
842
833
785
666
2140
671
646
636
735
2103
726
674
658
659
2140
682
650
632
642
2025
674
672
649
609
2120
732
664
657
691
2005
869
756
808
833
2187
669
662
619
635
2124
667
659
635
634
2087
682
659
649
627
2115
678
645
635
651
2069
728
628
633
634
2064
667
634
670
641
2471
842
742
734
679
2023
705
637
675
621
4349
691
654
669
719
2123
740
699
668
659
2173
701
642
674
655
2213
663
618
629
613
2019
700
848
723
729
2360
627
590
573
580
1483
680
629
575
616
1575
587
617
614
619
2082
758
701
679
720
2068
706
675
715
678
2148
725
684
672
656
2041
733
940
773
759
2338
695
710
704
763
2187
739
697
687
668
2035
707
643
680
646
2039
685
665
655
675
2049
768
682
680
670
1982
640
739
668
682
2256
863
725
807
790
2303
686
665
659
701
2064
624
596
635
594
1564
660
575
587
595
1523
593
624
612
660
2130
698
722
653
632
2026
669
685
700
685
2170
692
869
803
770
2094
672
576
597
652
1637
589
631
666
609
1862
575
615
592
572
2016
750
705
656
667
2014
651
710
682
663
2064
698
667
666
651
1951
677
731
934
772
2301
862
778
669
668
2198
732
668
692
627
2134
707
670
656
661
2074
684
669
646
638
2034
741
674
690
716
2166
749
704
693
677
2165
690
681
658
760
2389
728
830
764
746
2135
652
670
662
692
1822
617
558
565
584
1721
658
644
623
621
2122
662
633
626
664
2093
672
635
644
645
1850
588
599
582
574
1578
630
643
832
701
1859
729
808
681
735
2102
655
624
623
637
2205
662
673
693
669
2118
705
706
674
664
2131
696
646
637
643
2121
672
664
639
619
1936
706
663
706
641
2085
805
862
750
782
2360
803
693
687
644
1994
611
679
698
653
1892
618
572
573
601
1591
602
589
604
597
1882
689
679
700
618
1979
717
680
664
644
2118
637
634
670
697
2267
674
972
826
829
2333
766
704
702
680
2127
740
687
667
695
2110
683
714
661
733
2106
718
687
636
692
2159
730
656
657
668
2035
699
719
637
661
1992
688
674
668
668
2076
715
664
872
777
2302
835
889
808
647
2217
696
675
700
658
2083
707
711
684
668
2127
705
660
641
617
2072
734
670
639
661
2141
690
673
639
666
2146
715
640
637
668
2134
680
662
718
999
2432
819
823
823
674
2152
691
680
727
650
2114
691
679
683
671
2148
697
688
699
664
2113
692
712
681
676
2247
671
669
672
625
2078
703
621
646
652
2085
685
669
672
695
2230
646
953
771
768
2331
794
754
723
663
2229
641
685
691
725
2086
717
660
646
688
2106
646
638
651
698
2133
698
671
636
651
1719
636
666
709
679
2125
615
629
586
664
1823
623
619
655
674
2399
694
738
747
741
2075
672
669
660
719
1923
639
626
600
612
2148
731
668
745
673
2120
705
649
655
647
2183
743
661
695
696
2235
699
743
664
681
2024
719
663
657
682
2171
703
680
664
660
2401
851
793
849
740
2235
760
694
697
710
2234
693
681
642
693
2119
787
715
629
630
2159
677
676
696
678
2128
747
715
692
638
2061
670
633
648
668
2208
683
653
679
657
2101
686
648
700
660
2495
868
823
799
836
2086
611
610
685
681
2000
614
687
668
694
1814
622
608
601
608
1706
645
652
675
622
2032
706
648
706
670
2068
730
669
651
703
2056
697
692
650
669
2227
678
636
639
701
2083
912
816
806
839
2440
854
719
645
670
2149
711
643
671
709
2180
689
650
683
657
1934
592
588
568
606
1647
670
619
573
570
1662
724
669
680
684
2016
670
663
631
637
2103
672
660
661
657
2173
752
720
1057
808
2392
779
781
787
831
2078
645
679
600
730
2034
639
589
715
648
1934
609
611
621
757
1846
653
616
573
574
1677
638
600
599
693
2244
732
668
723
715
2152
649
694
688
712
2206
646
657
658
643
2116
763
1061
799
782
2326
802
829
772
753
2136
658
672
683
671
2233
691
683
696
736
2069
727
757
663
687
2079
705
673
705
674
2119
736
662
640
683
2217
672
670
682
644
2030
716
648
650
656
1813
632
686
585
599
2212
730
716
719
753
2241
940
752
672
728
2268
823
759
774
773
2111
762
674
670
661
2130
654
693
661
689
1871
632
616
682
764
2123
660
651
643
654
1964
663
607
590
651
2071
660
652
696
665
2123
699
715
1172
778
2132
738
743
851
788
2124
708
676
649
779
2242
742
689
686
627
2211
704
646
717
689
2212
743
676
671
695
2045
672
658
656
641
2096
669
677
701
637
2138
762
651
650
679
2074
661
636
650
674
2165
1207
778
739
796
2329
808
762
749
698
2133
647
680
688
693
2213
691
682
705
706
2090
678
671
651
656
2161
693
675
665
661
2132
686
646
647
648
1994
836
647
682
670
2224
677
650
647
672
2102
720
653
622
1015
2485
754
783
825
820
2242
701
727
760
759
2227
752
706
768
743
2262
767
695
677
678
2082
713
712
738
658
2173
693
661
702
722
2162
753
674
676
658
2114
693
639
644
633
2165
697
640
687
643
2096
1087
812
751
839
2461
855
827
707
711
2164
735
701
708
698
2143
802
686
676
747
2097
720
713
690
742
2098
750
664
704
686
2173
724
720
666
671
2174
730
675
643
658
2174
740
693
732
686
2099
674
664
662
1070
2300
820
803
847
886
2314
735
676
711
754
2146
719
696
672
654
3913
738
742
723
623
1617
636
598
607
579
1653
661
622
635
586
2027
766
721
738
710
2124
719
686
695
668
2195
670
675
669
679
2087
684
709
718
696
2166
709
671
668
666
1855
632
612
610
633
1620
633
640
626
628
2514
812
827
843
796
2371
709
692
674
741
1930
620
601
697
728
2124
682
694
687
684
1881
608
601
596
635
2054
740
647
694
659
2091
775
674
707
658
2176
658
705
711
693
2189
705
656
635
707
2092
794
705
837
809
2344
728
721
753
720
1939
645
723
826
727
2165
679
662
674
665
2120
677
678
654
690
2090
703
693
683
709
2063
607
614
584
591
1904
666
725
703
689
2203
727
699
670
694
2236
708
676
730
913
2350
913
795
808
837
2293
745
705
681
722
2048
773
685
691
704
2086
672
669
704
695
2258
683
669
705
675
2036
741
690
680
634
2212
690
707
681
684
2104
726
707
675
681
2252
706
733
649
670
2519
823
823
798
751
2336
696
781
752
690
2312
729
649
710
689
2155
685
654
672
663
2146
694
721
660
719
2130
709
659
697
681
2109
682
698
685
678
2150
660
637
680
645
2137
678
688
701
689
2113
725
1015
825
792
2425
827
777
849
788
2179
702
697
706
644
1958
646
595
571
588
1615
633
623
586
607
1734
741
659
670
719
2123
704
674
697
680
2061
744
695
707
651
2213
677
680
667
704
1823
671
612
770
797
1925
723
714
705
723
1966
754
719
671
700
2053
778
674
694
670
2172
731
668
684
669
2202
761
669
664
667
2018
601
581
596
593
1602
623
603
600
582
1608
610
646
627
668
2159
732
670
717
743
2410
822
932
847
818
2445
813
719
702
703
2085
733
727
712
690
1978
800
672
651
778
2208
706
682
683
709
2104
725
731
724
715
2154
715
694
652
660
2106
760
650
629
686
2099
672
658
667
686
2212
739
926
807
776
2522
908
884
938
765
2217
727
788
721
743
2174
680
679
673
670
2159
663
702
778
692
2176
706
685
656
682
2134
690
658
681
649
2209
712
688
680
694
2135
676
653
670
683
2080
789
689
659
878
2384
883
918
853
796
2461
725
744
744
715
6323
658
663
697
655
2099
684
770
670
695
2386
704
745
681
697
2181
673
673
720
703
2120
755
675
673
658
2160
705
669
663
656
2049
660
680
634
695
2386
823
849
889
822
2494
872
838
807
780
2223
726
706
763
709
2197
749
681
720
730
2137
816
696
714
708
2149
683
664
686
705
2106
659
688
732
661
2146
741
694
651
664
2198
711
695
645
670
2064
678
685
982
821
2511
854
862
829
846
2295
684
679
657
674
2262
748
800
759
680
2303
730
679
714
651
2186
693
683
682
662
2184
682
685
646
690
2143
703
690
687
695
2088
714
671
662
695
2238
674
646
646
648
2395
879
858
907
878
2531
817
697
741
728
2210
756
727
790
765
2150
753
783
704
696
2133
695
694
660
695
2221
760
696
703
716
2215
723
667
692
633
2099
359
329
295
326
1768
338
365
327
312
1861
319
570
434
430
1875
476
469
476
493
1763
490
461
438
450
1300
347
328
398
369
1275
408
337
428
299
1788
335
399
343
334
1822
381
397
323
337
1712
349
402
348
334
1824
347
358
304
307
1729
414
339
361
339
2193
472
402
471
458
1822
438
560
495
411
1516
363
351
363
349
1392
343
313
312
332
1609
417
369
349
355
1708
413
330
330
323
2147
692
725
718
754
2195
731
732
714
745
2136
772
721
721
730
2185
1000
816
817
853
2361
902
908
779
706
2269
742
687
699
687
2207
798
670
707
686
2255
731
777
696
710
2123
742
671
676
728
2142
727
706
692
686
2077
759
689
731
700
2276
721
668
659
670
2100
768
753
1040
860
2327
926
830
840
864
2242
847
720
715
722
1990
794
757
740
742
2226
734
678
689
729
2215
695
705
711
683
2045
681
728
667
685
2040
782
684
715
718
2143
732
693
647
676
2171
708
698
720
976
2431
936
897
847
836
2369
686
724
822
712
2096
705
690
715
766
2091
716
754
701
647
2115
775
781
750
692
2148
813
719
734
720
2043
790
710
743
716
2188
767
733
721
686
2068
716
743
680
703
2497
829
870
866
834
2524
877
739
800
780
2160
792
736
727
730
2203
750
719
678
672
2113
664
680
674
673
2118
699
727
696
687
2063
756
691
733
670
2124
699
676
733
690
2221
723
718
725
702
2069
1028
853
788
883
2437
816
813
844
738
2154
764
684
695
680
2146
857
701
731
679
2297
740
673
668
650
2062
701
749
683
703
2130
755
754
723
688
2036
765
720
714
701
2026
691
685
675
678
1922
667
963
751
841
2290
770
755
912
842
2157
801
739
779
709
2141
721
715
678
643
2133
748
715
690
683
2201
751
769
729
768
2039
727
672
722
741
2175
768
725
728
671
2111
718
689
692
704
2138
693
686
970
784
2356
898
839
899
826
2128
765
775
741
805
2194
720
697
776
734
2143
735
724
692
679
2088
776
683
707
696
2256
739
765
734
731
2132
739
736
713
754
2120
704
677
672
686
2133
754
696
668
1003
2339
891
887
923
983
2370
773
684
654
698
1825
636
594
604
611
1566
653
709
669
669
1974
728
681
662
684
1978
739
695
721
728
2147
741
696
688
688
2042
762
712
716
709
2189
688
672
670
696
2587
857
866
817
794
2405
919
837
773
699
2254
686
660
667
670
2099
664
712
711
689
2198
735
692
671
684
2147
684
668
646
660
1955
637
743
703
691
2060
670
668
684
693
1899
713
749
683
705
2254
835
852
928
811
2232
910
928
845
769
2131
798
708
747
679
2167
720
694
671
684
2215
681
684
673
670
2150
686
667
691
708
2124
792
710
759
726
2195
693
684
708
688
2235
751
699
721
751
2214
677
945
840
841
2448
917
861
839
838
2274
692
696
696
717
2128
713
784
791
725
2248
688
725
676
683
2054
732
676
700
671
2107
777
709
705
721
2157
759
732
680
670
2125
681
708
692
668
2187
697
934
869
815
2454
855
878
904
879
2324
751
700
759
690
2170
759
708
673
697
2122
708
678
697
681
2176
741
681
731
780
2170
745
722
712
685
2031
702
683
671
683
2136
662
689
708
659
2124
739
709
917
806
2422
1004
923
864
916
2398
852
730
795
700
2016
816
690
695
699
2140
760
717
739
671
2118
716
673
670
670
2106
713
707
696
730
2164
688
679
692
661
2079
720
733
730
706
2262
698
691
665
987
2465
969
877
939
905
2552
823
694
725
673
2073
719
695
682
713
2245
727
709
651
679
2170
704
648
679
654
2067
714
710
667
697
2207
725
735
665
678
1842
673
638
621
675
1801
656
649
622
694
2500
795
894
909
949
2367
899
813
787
717
2234
771
722
697
701
2110
760
698
732
702
2133
771
703
693
757
2259
747
727
676
663
2106
727
721
693
720
2167
742
672
709
682
2099
727
720
707
686
2467
883
892
875
838
2391
808
840
747
633
1787
633
638
641
681
1685
644
605
666
634
2091
743
682
681
699
2122
717
693
659
733
2129
685
615
693
642
1710
670
650
618
597
1846
629
637
592
602
1873
999
872
859
879
2317
882
882
959
878
2277
792
718
827
738
2236
784
674
733
774
2113
696
719
686
726
2149
698
640
671
687
2026
686
725
709
754
2360
731
691
679
657
2102
720
702
695
680
2226
689
935
839
811
2370
1019
1003
850
955
2271
765
782
754
754
2278
716
685
687
680
2134
692
701
703
712
2139
742
646
684
726
1855
631
625
600
606
1687
645
673
632
651
1965
674
628
648
661
2142
742
938
840
933
2354
860
844
842
896
2412
823
720
687
781
2183
719
692
724
693
2187
839
777
732
803
2183
764
729
778
737
2277
749
702
680
686
2121
679
688
701
699
2207
763
708
707
676
2170
802
737
997
799
2449
940
913
900
935
2549
792
771
725
703
2135
735
709
664
707
2192
702
717
735
767
1703
657
689
575
607
1597
681
632
667
675
2087
732
724
639
708
2236
705
670
695
738
1915
593
626
606
870
2395
954
901
919
830
2378
918
768
790
755
2235
787
709
737
706
2179
728
681
718
720
2202
772
750
714
825
2171
720
717
658
684
1994
715
742
718
708
2141
741
696
665
683
2204
682
674
647
658
2380
893
867
973
887
2483
889
1001
865
733
2214
715
692
704
688
2329
691
686
673
683
2005
664
652
704
734
2204
730
718
679
699
1998
686
779
746
702
1982
667
701
673
667
2258
703
657
669
681
2090
1005
889
919
887
2496
1089
910
918
850
2134
732
828
729
826
2189
721
741
669
678
2311
731
706
686
663
2057
707
685
678
675
2113
741
661
694
679
2067
731
677
688
642
2134
653
666
669
660
1959
628
903
775
827
2049
827
837
812
773
2473
706
748
683
685
2101
710
695
691
701
1910
652
672
611
608
1969
708
675
689
718
2194
708
690
735
670
2308
775
736
677
671
2148
695
694
687
1944
2365
935
819
886
859
2578
816
725
719
727
2279
707
716
692
870
2243
702
688
694
744
2233
748
715
706
708
2172
766
685
708
671
2278
705
669
678
666
2105
733
710
669
684
2176
742
656
672
903
2454
922
851
823
908
2218
872
828
688
756
2263
741
699
743
709
2201
725
659
719
728
1942
651
648
731
678
1956
642
605
616
708
2093
704
706
735
720
2167
687
703
720
667
2210
721
656
653
687
2397
912
828
863
906
2577
915
894
761
756
2140
731
733
769
754
2266
814
736
707
737
2231
791
737
695
713
2229
733
708
690
749
2171
717
708
681
702
2042
773
696
685
667
2165
709
725
730
729
2510
969
954
944
872
2585
1081
912
735
836
2169
733
710
702
828
2254
693
688
708
717
2332
740
699
693
711
2062
726
700
740
697
2233
743
748
707
719
2116
714
682
695
714
2120
714
687
693
661
2670
974
1005
849
944
2454
885
886
793
738
2319
751
701
665
708
2125
679
676
657
696
2215
743
712
701
756
2187
717
695
677
698
2115
728
691
666
732
2263
769
838
669
719
2151
674
664
710
691
2426
930
900
846
1006
2609
922
917
854
755
2232
779
768
703
734
2170
725
702
729
674
2153
817
757
709
757
2202
693
684
708
671
2260
698
709
711
682
1916
654
674
730
692
2186
717
703
695
658
2400
845
866
886
962
2567
894
987
766
685
1909
715
745
662
706
2136
799
730
713
691
2078
762
715
703
678
1969
612
619
577
631
1636
610
672
740
720
1849
620
656
653
687
2158
730
703
687
702
2548
901
911
901
854
2396
971
995
803
760
2223
748
764
780
742
2312
719
715
692
682
2260
797
674
713
703
2281
712
698
670
701
2114
710
714
712
718
2246
717
689
689
678
2078
740
699
673
705
2491
933
816
820
946
2504
940
878
699
738
2097
775
734
727
748
7624
728
695
649
722
2218
783
705
649
726
2277
796
683
764
685
2508
718
726
730
753
2179
771
731
709
706
2202
712
707
687
671
2568
834
913
899
811
2402
898
958
777
794
1871
649
649
653
622
1706
692
656
625
672
1803
776
748
748
745
2186
746
722
784
793
2261
700
686
707
695
2205
754
655
747
718
1992
618
662
647
633
2717
974
864
890
884
2407
1018
866
917
684
2163
735
709
690
759
2257
767
706
726
697
2225
714
722
705
759
2253
736
661
672
705
2126
706
692
684
715
2116
730
685
652
677
2098
731
695
661
656
2551
963
918
930
938
2579
990
958
734
845
2142
766
760
754
689
2097
764
673
704
693
2206
764
715
706
709
2144
719
692
702
721
2147
733
711
741
718
2138
699
727
748
701
1917
777
705
700
679
2645
899
888
913
826
2487
961
933
832
737
2243
771
725
719
712
2126
894
699
722
701
2174
732
740
720
706
2233
769
713
755
711
2145
699
740
765
743
2297
772
759
710
761
2145
758
755
743
727
2690
974
927
914
860
2418
922
961
781
685
2243
852
752
784
730
2278
754
725
686
717
2287
741
709
666
733
2179
763
702
718
718
2116
758
690
689
695
1891
674
685
711
719
2121
739
700
726
705
2561
940
906
956
921
2613
980
950
759
838
2230
743
730
723
751
2184
766
678
696
758
2312
700
713
698
691
2029
644
616
668
789
1995
630
650
659
608
1600
632
667
615
695
2039
703
721
770
728
2532
916
851
915
914
2648
956
835
868
768
2273
743
710
708
682
2229
781
733
702
698
2304
741
730
697
717
2182
769
748
690
700
2219
710
746
762
748
2169
767
731
705
719
2182
748
762
708
740
2636
953
979
920
989
2646
924
891
810
759
2276
792
764
728
780
2281
765
802
722
724
2317
724
694
750
726
2301
729
731
707
700
2105
757
687
695
671
2274
714
666
698
737
2180
694
681
709
956
2492
968
837
860
897
2551
1098
922
712
715
2205
765
740
838
745
2233
701
674
653
618
1789
652
655
642
625
1640
636
672
619
625
2099
746
705
725
655
1983
674
724
739
820
2090
700
730
854
879
2539
894
962
974
928
2529
947
743
825
699
2046
706
784
755
757
2162
733
722
731
726
2298
717
706
716
730
2175
753
759
716
719
2276
740
707
734
717
2243
756
715
699
727
2288
760
750
1030
911
2578
935
1023
869
969
2571
837
844
735
736
2465
738
693
807
694
2142
737
736
794
736
2162
756
719
685
740
2239
759
694
693
760
2158
719
690
676
712
1837
618
601
625
634
1619
659
906
823
768
2261
933
922
907
959
2593
843
782
745
795
2307
849
742
782
833
2207
725
713
730
710
2135
725
718
737
748
2178
764
697
730
686
2165
725
715
683
721
2223
758
687
726
721
2333
721
1047
860
815
2458
938
942
955
890
2513
923
785
783
706
2312
730
727
743
781
2214
816
708
712
700
2196
751
772
680
720
2125
810
732
749
676
2306
783
704
721
664
2142
705
722
732
726
2273
953
843
953
875
2503
942
899
863
1052
2392
711
769
670
731
2103
798
760
734
747
2315
724
712
720
707
2327
777
701
710
696
2141
783
749
766
755
2193
733
694
708
698
2211
756
748
736
748
2618
942
906
970
957
2582
902
842
887
803
2391
807
740
681
749
2204
691
719
731
743
2308
810
728
716
725
2192
773
734
689
700
2114
845
682
748
721
2248
717
762
709
736
2224
793
723
742
1008
2486
908
985
874
930
2400
802
997
743
735
2175
750
726
736
699
2261
758
705
731
740
2192
685
662
698
723
2053
624
610
655
732
1826
694
686
723
684
2257
757
730
714
723
2043
714
710
981
904
2500
938
971
935
959
2488
865
805
746
702
1977
706
810
740
729
2291
727
710
822
704
2235
743
743
706
751
2163
744
759
698
733
2309
762
692
733
707
2152
734
707
709
683
2187
730
953
911
948
2552
900
984
975
889
2466
838
754
833
768
2215
759
773
767
777
2234
738
730
744
733
1959
703
779
683
778
2074
756
733
707
702
1974
759
731
706
729
2195
753
751
720
715
2164
1099
881
823
857
2586
939
883
922
897
2339
756
711
720
790
1931
763
754
757
741
2248
826
739
727
725
2158
775
733
719
762
2176
698
777
739
689
2231
817
709
709
711
2032
739
723
779
706
2554
984
890
788
964
2542
1110
1004
922
862
2414
733
759
773
761
2293
708
736
725
700
2225
753
708
715
729
2264
705
684
697
704
2220
764
709
720
689
2115
710
711
713
744
2203
752
763
730
942
2532
894
860
878
1019
2556
980
939
934
838
2174
795
738
817
759
2195
747
711
756
716
2182
798
723
765
771
2254
720
778
705
716
2260
809
729
717
695
2200
772
727
711
726
2245
748
729
749
1095
2617
962
891
951
837
2597
993
882
788
759
2275
807
756
794
768
2446
777
766
707
768
2233
807
757
682
696
2257
738
761
711
685
2104
783
767
719
711
2072
695
748
756
737
2260
732
959
819
851
2584
1020
979
911
967
2670
822
772
749
730
2199
759
751
754
736
2252
740
746
731
675
2255
736
753
751
777
2182
800
750
721
719
2232
749
750
759
762
2207
772
722
780
724
2328
1065
909
910
867
2485
859
909
882
860
2475
695
721
721
717
2242
728
732
711
705
2148
753
760
763
746
2265
677
750
744
734
2281
766
764
762
728
2199
788
750
709
736
2274
743
724
704
717
2426
910
905
984
965
2598
969
967
895
1062
2622
831
801
742
805
2324
699
703
731
767
2401
769
725
713
757
2206
740
724
719
743
3923
789
771
773
768
2137
766
734
708
784
2210
729
685
739
714
2687
912
896
945
887
2588
838
931
946
949
2396
903
797
760
776
2185
820
741
732
750
2357
784
770
773
797
2171
742
707
702
707
2268
722
755
759
761
2181
798
736
741
747
2037
647
639
658
921
2007
812
818
832
806
2454
910
947
969
874
2169
741
689
724
798
2318
786
725
782
723
2198
694
701
792
746
2148
672
782
874
792
2141
668
675
645
644
1681
710
689
798
641
2086
786
740
1008
858
2599
919
975
958
966
2625
950
839
909
770
2309
790
809
728
807
2295
767
754
798
737
2211
807
741
708
740
2201
764
759
826
786
2338
740
740
756
724
2281
864
724
742
740
2004
640
898
797
852
2079
810
780
841
846
2510
1008
891
861
740
2354
761
709
735
801
2243
752
783
803
743
2322
749
739
816
742
2274
718
808
728
720
2131
680
697
739
3653
2458
958
1009
953
969
2501
818
815
746
763
2489
884
744
757
707
2016
782
631
635
688
2390
802
724
737
745
2090
758
735
763
772
1919
703
757
740
763
2326
755
730
714
851
2132
704
747
729
1019
2604
919
923
914
947
2620
915
950
799
786
2297
935
795
751
759
2103
706
695
791
752
1992
734
793
730
764
2239
731
746
709
678
1881
691
687
695
685
1997
732
721
694
714
2230
728
740
969
970
2418
798
851
1016
948
2671
881
736
654
646
1922
703
644
706
615
1923
765
719
713
745
2259
1025
702
756
702
2312
821
744
739
766
2065
623
627
678
703
2186
795
650
663
706
1867
890
828
860
855
2445
897
1013
1005
881
2357
682
666
718
643
2065
697
728
749
800
2220
664
639
677
705
1918
692
655
855
781
1991
757
757
725
693
2229
821
729
737
698
1898
689
649
596
697
2679
943
946
901
861
2724
1094
1022
990
846
2227
810
753
797
820
2256
771
752
790
832
2306
782
737
757
734
2222
752
716
772
695
2125
757
730
749
718
2244
777
757
720
742
2141
685
631
1040
917
2412
1001
795
797
821
2175
816
752
725
660
2263
796
840
888
747
2188
832
732
717
743
2285
768
742
733
684
2274
795
748
706
726
2055
669
621
619
648
1795
651
660
699
741
2252
975
853
868
819
2543
932
998
930
928
2672
808
759
725
828
2196
770
657
669
752
2071
663
676
755
813
2036
670
651
653
648
1800
696
634
792
824
2242
784
746
715
739
2192
785
722
746
717
2617
878
836
852
865
2521
807
796
888
1063
2132
705
711
761
740
1886
632
648
626
653
1764
829
755
795
766
2322
739
726
764
725
2320
763
705
712
711
2156
801
742
718
695
2109
692
664
926
806
2589
917
956
916
962
2462
945
958
943
792
2179
780
729
779
823
2383
728
805
778
788
2173
807
743
724
747
2171
799
742
703
683
2363
734
714
706
740
2199
873
781
716
715
2240
985
907
862
923
2632
940
1014
941
935
2220
696
754
721
869
2359
825
752
775
723
2298
720
732
723
721
2032
673
688
653
656
1676
659
637
669
660
2130
836
763
748
728
2256
749
687
716
741
2686
915
869
780
840
1911
827
796
773
813
2361
702
706
713
707
2007
624
670
647
653
1921
769
757
836
764
2182
812
731
722
743
2299
792
773
750
719
2476
790
762
837
689
2168
658
659
945
801
2077
820
842
889
916
2649
1029
887
912
749
2318
781
804
748
771
2312
783
769
847
749
2238
860
782
718
751
2367
881
793
770
728
2292
767
789
724
736
2103
709
733
731
804
2182
924
866
779
819
2366
934
908
970
901
2750
950
716
742
835
2377
760
805
760
809
2209
710
706
750
687
2065
645
644
648
667
1924
672
647
668
742
2289
793
751
740
721
2190
750
738
740
711
2676
883
844
801
760
2193
825
1045
907
934
2551
725
723
765
835
2258
757
800
718
779
2324
755
737
769
748
2214
766
747
754
781
2225
835
727
726
714
2203
763
791
819
801
2652
812
802
759
1084
2829
924
918
1018
995
2879
1043
987
754
744
2550
817
744
748
802
2453
829
795
809
753
4465
896
747
803
766
2407
751
732
734
751
2470
731
752
746
744
2394
748
809
743
789
2008
675
976
808
797
2710
1015
935
957
870
2762
980
887
770
755
5434
794
744
768
736
2359
873
766
778
801
2340
836
794
758
772
2333
806
735
807
806
2324
801
777
748
733
2468
760
730
739
753
2743
930
965
875
812
2626
950
956
902
898
2554
774
778
793
790
2330
793
735
742
770
2368
759
810
754
768
2402
829
713
763
744
2344
813
825
710
708
2309
784
762
735
723
2284
760
710
725
1132
2558
829
863
788
833
2188
815
890
998
956
2302
843
846
862
746
2354
835
808
1154
768
2396
805
754
757
739
2255
794
871
738
769
2049
664
683
672
656
2363
780
730
721
648
1878
670
1072
816
793
2433
958
944
944
1003
2691
951
939
857
786
2427
965
781
764
828
2371
667
648
756
684
2015
835
711
758
773
2022
675
701
780
759
2388
910
746
716
671
1849
676
700
685
964
2469
988
915
998
965
2802
871
826
940
915
2085
768
668
756
743
2179
711
680
647
708
2394
789
757
698
735
2078
668
682
696
642
2049
831
844
711
759
2347
801
791
784
784
2260
865
1118
1026
921
2814
969
972
1010
937
2667
924
791
780
771
1913
734
747
902
828
2318
812
846
790
787
2418
804
750
705
812
2083
753
731
709
874
2240
756
728
718
793
1949
647
673
658
717
2661
961
1066
990
982
2296
908
905
876
836
2555
820
733
729
769
2205
886
779
781
822
2128
789
682
659
663
2027
809
775
844
720
2065
795
736
699
670
1782
673
684
663
650
1964
725
758
1198
913
2729
912
866
826
883
2188
910
893
891
768
2328
739
743
726
766
2220
794
819
753
782
2154
774
774
744
900
1899
708
656
657
665
1881
747
708
677
673
1889
780
757
752
821
2675
893
870
878
847
2687
1208
992
979
884
2798
813
810
810
729
2376
827
756
786
755
2340
841
803
792
773
2006
729
693
654
790
2154
744
736
726
743
2088
693
799
795
827
1987
665
759
931
1011
2563
1024
918
957
940
2449
1019
1019
1062
843
2465
812
934
844
746
2290
893
773
743
710
2033
692
724
670
702
2120
669
713
759
730
2266
764
755
754
753
1951
662
716
782
695
1912
1139
1015
1062
977
2727
955
1026
988
1035
2444
939
748
759
710
1977
681
730
673
727
2392
812
756
729
792
2104
815
900
790
783
2372
794
812
791
758
2183
686
683
761
738
1835
710
724
694
1035
2584
999
952
943
1030
2610
981
991
1078
822
2114
865
729
756
816
2366
732
756
719
745
2270
684
687
634
678
2080
717
782
730
709
2136
758
734
705
744
2022
710
705
787
764
2311
1090
808
830
894
2400
947
835
916
992
2670
997
908
817
853
2484
801
755
844
802
2270
730
908
769
762
2107
721
771
784
791
2266
765
748
772
769
2243
803
793
754
771
2072
722
694
772
1042
2604
1021
949
869
950
2531
927
836
931
920
2407
715
690
716
683
2054
811
786
702
694
2081
817
759
741
759
2241
862
730
724
715
2079
722
732
690
627
1715
697
669
666
709
2235
866
1230
977
1038
2626
917
967
988
961
2683
1145
843
728
752
2346
883
766
769
737
2341
801
794
737
721
2261
817
763
763
804
2231
741
803
841
813
2082
744
705
690
703
2082
876
709
769
1071
2344
1077
963
1057
1005
2650
1053
956
1027
940
2434
846
905
839
803
2343
796
793
786
763
2249
817
796
793
768
2336
795
795
766
745
2272
773
689
691
738
2331
766
768
768
769
2271
816
1147
1009
1032
2633
995
951
989
882
2489
986
878
749
683
1939
828
714
779
727
2246
763
780
736
741
2221
835
817
820
786
2264
773
755
732
760
2286
828
822
787
799
2218
815
789
843
1048
2682
996
979
993
1036
2749
989
986
1010
1026
2493
845
865
785
800
2353
820
807
764
851
2246
853
770
782
760
2358
811
789
762
810
2262
745
784
795
748
1977
695
693
686
646
2284
797
1161
1042
1012
2398
867
851
867
830
4646
956
966
730
779
2280
698
766
803
788
2307
831
822
756
777
2240
723
824
783
808
2249
787
805
844
765
2095
865
796
768
888
2367
815
731
785
857
2815
977
924
964
1109
2551
894
835
880
989
2305
733
679
685
673
2205
881
793
791
801
2214
792
809
779
762
2262
757
761
746
781
2276
884
718
733
759
2245
786
752
725
760
2329
791
1013
914
915
2642
1061
1007
959
942
2432
935
922
874
839
2326
858
796
780
834
2082
740
706
766
733
2312
802
760
765
764
2064
761
757
741
760
2292
767
777
777
779
1992
675
642
657
651
2337
1115
1110
927
996
2834
1021
1026
1073
990
2570
917
853
736
817
2380
892
802
776
902
2340
778
802
778
876
2424
789
763
711
765
2154
857
793
753
749
2071
789
766
783
781
2354
802
749
1107
981
2481
860
882
853
898
2340
876
874
917
931
2257
875
817
792
796
2402
818
831
792
837
2294
848
747
787
758
2288
814
758
774
799
1914
732
728
690
3471
2790
1045
934
996
1061
2781
1064
1147
989
931
2419
784
772
772
803
2316
828
794
758
840
2111
858
778
775
843
2311
953
758
763
850
2433
892
769
817
798
2032
705
700
699
680
2152
833
962
986
958
2625
1057
1039
1064
1102
2884
1112
953
815
818
2400
812
867
872
740
2285
794
848
817
789
2319
770
767
831
720
2147
761
721
669
653
1818
677
657
724
711
1847
784
792
730
794
2665
1077
1045
1059
1020
2750
1053
979
960
1016
2565
839
835
820
755
2348
810
767
888
784
2281
784
766
779
764
2200
746
772
777
777
2197
724
674
700
754
2061
709
692
737
788
2162
688
872
886
802
2364
910
995
962
921
2662
987
1024
950
859
2480
966
821
825
862
2355
834
768
746
755
2075
700
737
862
757
2016
680
701
668
697
2137
779
757
754
737
2061
678
729
714
871
2211
970
1012
1143
964
2645
1072
1006
970
937
1943
750
774
722
876
2374
789
840
778
822
2317
858
760
765
762
2289
669
755
760
817
2123
666
692
715
660
1882
768
702
640
668
2341
952
956
983
939
2553
1026
972
1056
982
2650
980
851
828
760
2457
832
820
763
802
2238
827
872
778
783
2341
817
771
754
810
2339
813
794
790
762
2271
795
766
772
786
2394
785
785
989
939
2541
914
905
864
860
2359
902
910
1028
949
2344
750
701
655
714
2062
730
677
681
819
2104
796
747
724
775
2289
829
816
780
775
2344
789
780
791
809
2083
769
666
669
687
2168
870
874
818
930
2630
1029
972
913
924
2814
839
769
754
783
2411
840
783
774
793
2338
771
748
777
782
2257
804
748
878
788
2310
858
765
775
782
2321
774
782
788
762
2261
812
1059
987
986
2656
959
1071
1018
986
2722
999
995
866
798
2332
769
786
763
777
2312
815
816
747
755
2291
847
813
775
751
2257
852
745
770
756
2245
815
737
721
738
2100
719
780
778
1078
2597
1118
1066
935
945
2669
1015
959
923
956
2337
819
838
843
858
2403
806
855
864
793
2268
813
808
869
758
2341
803
764
724
753
2286
764
753
749
744
2161
807
742
778
798
2651
986
975
984
918
2675
1005
931
814
1019
2692
1023
891
870
798
2426
826
818
836
820
2504
845
832
761
803
2143
776
763
819
858
2381
863
770
796
791
2238
828
778
793
804
2088
726
945
994
923
2409
935
932
939
1027
3029
1048
1011
1016
961
2045
745
801
817
859
2247
852
805
808
791
2393
837
799
816
802
2441
820
815
748
819
2058
751
804
785
859
2070
812
775
748
757
2418
1140
908
999
996
2536
1091
1054
987
1040
2803
870
814
854
782
2267
900
853
836
800
2304
804
808
780
803
2304
782
772
761
767
2379
787
801
809
813
2329
804
751
768
739
2142
848
1128
1007
1002
2515
966
856
963
1003
2608
1056
1009
1011
861
2454
838
759
798
799
2219
667
689
699
689
1763
727
740
691
688
2098
817
803
833
807
2325
1182
781
810
768
2250
838
776
797
1062
2727
1000
980
1032
945
2619
1024
1091
991
979
2424
937
841
763
799
2466
733
761
795
814
2048
733
682
672
689
4282
766
751
747
775
2008
708
689
675
676
2220
868
740
735
759
2025
1119
869
1036
1000
2774
929
842
944
1053
2691
1002
948
873
833
2299
852
744
799
785
2439
763
802
827
806
2243
710
786
766
812
2103
695
730
703
716
2325
810
905
746
765
2106
714
686
963
926
2551
1006
974
952
971
2680
995
1033
1074
1001
2482
847
842
867
836
2479
887
825
778
759
2193
862
810
801
787
2438
806
765
767
804
2305
811
771
697
748
1998
685
734
773
788
2767
864
846
901
872
2353
839
912
859
884
2571
907
776
775
773
2121
725
765
716
698
1795
759
812
739
714
2239
809
791
821
794
2187
696
705
724
710
2004
849
840
791
786
2044
1115
960
908
1052
2600
957
881
931
966
2560
1119
1058
888
876
2406
832
811
847
785
2196
826
794
745
833
2072
728
729
769
875
2380
789
782
747
808
2273
776
799
756
795
1988
668
691
1014
916
2622
1162
1000
1014
944
2929
1113
1055
1074
964
2165
752
742
667
680
1939
831
796
756
855
2201
722
753
759
845
2349
848
752
767
746
1771
747
723
774
829
2367
784
799
791
1102
2667
1072
995
918
1012
2810
1105
956
966
969
2532
784
737
711
793
2317
899
924
821
865
2224
813
871
840
805
1944
845
798
800
779
2429
799
815
792
783
2185
776
761
784
796
2580
1083
973
956
975
2737
1015
991
1085
1092
2709
789
797
799
828
2373
751
765
744
754
2190
753
793
814
867
2338
841
825
763
787
2423
808
804
796
800
2343
795
790
762
759
2346
809
1279
1021
1082
2692
1001
959
858
909
2244
872
940
817
851
2140
771
765
728
750
2340
718
655
675
714
1874
739
758
647
660
2116
761
799
763
783
2414
813
802
821
784
2300
817
785
1120
979
2763
1050
1075
1124
1030
2732
1056
1050
1107
950
2419
784
775
765
787
2427
782
795
816
794
2341
860
793
804
849
2244
709
697
717
660
1775
769
708
711
821
2295
804
790
767
788
2931
997
993
1015
1050
2911
1052
940
958
1000
2654
769
818
792
845
2102
695
695
691
704
1891
780
744
795
869
2323
861
824
818
799
2347
769
776
759
770
2115
742
657
714
650
2029
848
1012
1016
1009
2759
932
977
960
1070
2980
990
802
779
811
2365
864
870
793
911
2143
737
732
706
686
1973
842
837
818
782
2334
801
783
754
795
2329
775
760
727
710
2179
741
1000
911
859
2107
976
1032
933
1110
2905
1033
1019
1201
974
2384
836
798
847
755
2173
848
855
811
825
2378
846
800
800
893
2327
800
773
795
795
2325
921
820
821
808
2298
724
692
949
908
2504
914
918
888
965
2586
904
855
893
929
2463
804
908
811
855
2297
857
798
783
781
2393
876
802
810
845
2331
792
843
850
809
2430
811
830
817
772
2326
826
788
849
806
2905
989
953
1083
1058
2718
1008
1043
1125
983
2410
833
743
733
698
1899
730
809
801
793
2275
815
851
789
781
2285
844
860
845
867
2343
784
770
753
766
2085
722
723
698
666
2537
1040
1002
957
1029
2967
1068
1034
1089
1091
3130
956
841
765
817
2455
930
868
909
793
2663
848
888
806
860
2622
863
808
833
771
2373
864
782
888
811
2479
801
757
760
812
2517
852
1095
978
880
2360
987
919
910
969
2856
1089
1008
1121
950
2690
884
791
868
842
2417
859
809
794
793
2493
776
863
742
807
3958
843
786
799
813
2362
833
780
868
781
2307
845
767
798
919
2572
1010
964
1047
1106
2878
969
1038
1129
1084
2585
908
798
819
747
2107
806
758
926
786
2494
826
819
845
788
2397
836
794
831
807
2215
920
843
827
810
2519
790
794
791
790
2928
1015
1011
1014
975
2797
1099
1153
1088
1082
2838
841
802
799
957
2417
847
837
840
824
2525
849
936
851
810
2399
888
776
775
799
2481
804
793
800
785
2245
763
758
713
790
2451
1061
1031
1048
1000
2541
962
927
951
998
3086
1036
934
986
814
2252
755
808
875
800
2501
821
832
768
804
2633
820
801
819
813
2619
840
796
783
769
2414
825
763
800
785
4960
775
865
1141
1009
2523
890
1053
1099
999
2934
1058
1008
1048
1030
2561
856
829
767
802
2392
826
799
773
764
2020
713
734
718
805
2464
855
767
803
789
2498
850
795
788
757
2373
868
841
753
757
2639
1067
1062
1140
1045
2870
1089
983
1037
1002
2902
899
933
838
957
2439
776
763
798
790
2477
920
811
763
859
2368
877
820
858
827
2392
842
799
792
808
2352
854
834
800
827
2794
992
974
978
974
2855
1043
951
1061
1120
2717
1108
921
780
816
2368
910
939
948
835
2495
791
876
806
841
2379
817
845
817
855
2472
878
796
785
802
2345
814
857
808
781
2344
828
1041
1040
1051
2590
4115
849
819
924
2326
998
1002
1094
1031
2788
889
890
907
788
2248
712
712
707
776
2379
781
769
817
792
2052
710
755
726
730
2275
815
876
788
752
2150
737
716
675
778
2363
911
848
786
1039
2747
1111
994
1084
1039
2668
1031
1151
1035
1031
2579
856
905
883
832
2394
839
905
916
809
2415
892
786
785
784
2395
803
757
763
804
2263
864
745
796
767
2134
816
838
866
812
2809
1137
1027
1073
962
2777
1090
1007
1033
981
2905
965
911
902
831
2387
896
829
862
796
2340
876
844
771
801
2510
882
823
810
789
2350
817
768
743
767
2271
785
726
783
836
2705
962
981
1036
1028
2802
1014
1030
946
1083
2577
897
727
768
846
2483
765
786
782
802
2230
750
722
691
750
2391
805
815
853
745
2343
804
808
756
753
2177
708
737
681
757
1859
1095
950
1083
1061
2890
1057
1034
934
1011
2873
1132
1031
830
779
2088
756
743
853
868
2558
806
782
814
842
2249
856
798
867
835
2206
691
696
687
700
2319
886
788
805
819
2326
774
963
897
908
2690
930
947
922
1014
2804
914
960
977
862
2264
866
808
948
845
2361
852
850
773
940
2396
818
794
823
762
2287
873
854
785
762
2164
861
820
801
810
2355
825
768
1015
988
2734
1000
917
1004
1056
2871
1235
1080
1011
1090
2660
911
782
893
785
2354
791
850
809
822
2316
842
845
805
837
2351
751
804
832
772
2339
756
776
784
794
2360
812
776
794
1068
2584
1014
1001
1070
990
2577
1057
1063
1074
1031
2757
908
854
809
829
2135
741
745
800
848
2459
829
833
781
867
2405
828
837
816
853
2461
797
779
783
797
1919
750
726
850
1024
2602
1075
1023
981
1215
2891
1124
1134
989
916
2669
834
763
754
831
2434
787
812
849
869
2379
797
850
818
815
2382
782
791
804
781
2326
837
801
831
798
2283
800
753
718
726
2503
983
1049
881
997
2227
964
1042
867
993
2837
934
984
859
797
2192
965
862
816
846
2347
855
798
779
803
2443
853
790
846
854
2414
820
795
793
754
2497
848
864
878
827
2525
981
928
1045
953
2758
1066
1172
1069
1053
2774
1158
962
851
799
2243
748
830
903
829
2307
734
719
706
686
1949
785
721
695
743
2186
811
788
816
831
2204
861
793
917
807
2295
1031
1002
1049
936
2607
936
909
907
868
2557
1150
1179
1169
975
2381
845
789
824
804
2204
718
740
788
830
2281
858
791
755
791
2422
794
859
790
782
2328
813
797
825
792
2300
844
1064
921
1148
2560
990
1052
991
1031
2855
1186
996
1051
985
2381
848
868
820
813
2549
907
834
887
856
2327
806
807
815
797
2386
832
810
837
784
2330
820
803
786
806
2216
753
700
1005
941
2560
1096
984
986
1065
2774
992
926
919
914
2075
749
731
693
703
2192
929
823
769
834
2449
897
777
816
865
2349
772
812
785
910
2294
849
783
775
795
2368
889
764
757
802
2692
931
895
887
1028
2731
1006
1059
1086
1093
2560
1051
991
836
831
2559
833
752
781
791
2273
807
768
868
819
2269
900
806
763
817
2273
883
798
813
853
2261
703
797
773
796
2770
1055
1104
902
927
2387
973
899
929
954
2359
942
1076
906
874
2382
866
914
893
843
2512
868
862
884
763
2370
853
810
795
794
1963
716
722
691
708
1902
844
791
797
755
2454
1195
1005
1064
1014
2486
935
918
892
850
2492
1045
1007
1106
1016
2325
936
864
923
811
4870
929
810
812
886
2230
819
832
830
807
2449
843
798
810
785
2302
888
794
787
727
2018
738
1169
855
970
2699
1108
1013
1032
947
2643
1047
1140
1049
1051
2213
839
832
742
721
2148
786
782
788
854
2154
709
754
701
716
2036
832
814
790
859
2334
869
829
794
848
2441
855
1123
976
1001
2643
1030
965
991
964
2428
1095
1001
1056
1119
2611
798
837
792
793
2324
860
802
833
823
2204
772
796
805
832
2337
808
889
808
778
2137
717
730
771
812
2270
703
1076
956
872
2180
1031
930
906
829
2606
1102
1030
1116
1111
2587
837
862
873
795
2340
791
824
779
780
2118
707
681
722
738
1877
776
781
790
791
2367
873
838
855
786
2143
738
694
1205
1021
2615
1013
1069
1053
1063
2604
1253
992
1016
1133
2508
846
907
916
786
2351
853
862
797
781
2326
818
854
833
851
2313
739
739
746
916
2303
893
782
826
777
1917
739
699
1051
880
2536
967
1124
966
1016
2454
1016
869
1065
1021
2685
899
811
726
721
1857
796
748
765
792
1924
718
790
728
720
2281
816
867
783
781
2330
839
803
895
759
2329
802
737
1117
978
2704
953
1003
954
1045
2731
934
1180
1144
1096
2655
964
880
824
897
2448
843
805
804
871
2406
779
771
792
805
2125
743
748
718
707
1813
734
813
888
806
2275
799
807
1090
1011
2764
1162
1039
1007
967
2646
969
932
956
933
2809
813
872
876
819
2170
822
989
810
859
2334
815
792
792
792
2190
772
789
802
794
2077
708
831
820
783
2315
730
787
1110
1005
2574
1008
1002
1107
1024
2827
1083
1078
973
1032
2861
920
877
889
771
2446
839
790
822
787
2428
858
844
794
841
2345
810
794
819
759
2360
797
806
776
783
2180
852
814
1126
1137
2614
1070
967
913
1049
2686
1073
1115
1030
1039
2638
862
927
861
791
2378
817
761
761
790
2392
926
804
844
813
2464
905
839
866
824
2441
842
836
845
817
2341
858
871
1124
997
2779
1014
997
1084
1020
2944
1073
1095
1079
1084
2681
856
823
802
793
2370
946
793
855
883
2244
772
774
778
768
2210
785
766
731
704
1890
742
735
738
698
2105
728
807
1119
1046
2766
1020
1016
917
926
2543
1117
1067
1086
1039
2805
848
829
790
861
2225
928
870
809
827
2421
838
803
848
784
2532
818
811
825
819
2338
839
836
807
763
2301
726
707
709
2795
2282
898
994
959
1093
2647
1210
1237
1048
1006
2622
968
749
750
698
2199
884
824
799
856
1946
751
730
735
712
2222
802
874
800
746
1980
693
697
675
701
1908
721
744
1054
902
2732
941
954
1142
1058
3042
1016
934
1036
1033
2434
881
867
797
845
2199
827
803
811
802
2348
801
803
852
835
2506
721
722
767
774
2021
718
747
791
835
2327
786
821
1134
940
2759
1085
1031
1062
1038
2845
1077
1093
1102
1053
2672
959
856
878
869
2640
903
867
865
836
2392
891
858
853
879
2376
830
856
813
933
2328
773
805
817
805
2389
817
789
1115
1024
2730
1029
1080
1044
1091
2741
1020
1067
1078
1091
2828
849
824
776
826
2315
758
819
775
803
2326
782
801
791
840
2306
746
715
709
728
1774
706
700
716
729
2362
798
928
983
1091
2727
1139
994
1090
1067
2888
1167
1062
1099
1037
2598
790
822
774
916
2249
742
771
767
771
2403
876
854
824
873
2255
765
817
827
837
2281
755
772
829
822
2277
810
1135
1023
1082
2675
942
839
891
934
2644
1117
1012
1022
1089
2418
931
992
839
873
2329
833
803
844
862
2551
844
781
807
795
2272
797
859
829
821
2353
852
918
806
835
2382
1005
918
956
961
2933
1084
1104
1145
964
2875
1160
1141
1121
1102
2309
831
799
844
734
2376
824
798
814
812
2179
745
745
720
736
2446
819
809
784
775
2184
710
703
699
751
2260
1162
947
1002
1002
2773
1051
1100
1105
1074
2965
1036
1066
1004
843
2397
961
826
781
763
2404
813
711
726
814
2341
828
793
779
807
2418
864
796
823
784
2286
854
777
786
806
2450
1086
1040
982
1020
2851
1053
1000
959
1060
5682
1145
1090
1040
1019
2429
860
892
846
780
2424
867
869
836
791
2370
903
806
859
804
2319
857
812
854
812
2407
916
910
894
793
2826
1092
1004
1048
1055
2945
1180
1049
1240
1007
2821
1109
1057
2725
1007
2784
1088
874
980
798
2331
812
844
736
744
2104
791
828
831
826
