0.7490765372793472
0.7666842889885663
0.7290533327618915
0.6847506856680768
0.6508439040879362
0.6275784058426697
0.6098912728956141
0.595617181133455
0.5890031806646197
0.5859778076280768
0.5838863464369939
0.5798062415797841
0.5753329880379825
0.5662529176658673
0.5605515364167996
0.5585271660200936
0.5567138024483693
0.5507104414485858
0.5464435442193882
0.5475972479240807
0.5401522220009016
0.5266746407566005
0.5147603951741927
0.5028219780515564
0.49255925650961047
0.4825895664201336
0.4738959340022336
0.4658869827535656
0.45871399083187375
0.45144889770064256
0.4444926989157088
0.43824649439614616
0.4329143302624949
0.4275173018133039
0.4225856602005943
0.41760379567104583
0.41326427716660874
0.409089857230335
0.4053035864916379
0.4011378788941927
0.397496872678127
0.3941351546353057
0.39095236182268067
0.38797848359624887
0.38555581915426784
0.38283088411917526
0.3804583741971645
0.37808586244743525
0.37583408502310467
0.3735480064228975
0.3716324544434373
0.369612109481072
0.36757642472405827
0.3654249818430052
0.36351798469429186
0.3617032989301596
0.35991862590892076
0.3585043981797915
0.3568755922706481
0.3552308670200313
0.35377340815481334
0.35201509814095283
0.3504851172428674
0.348975075072446
0.3471440624320657
0.3457265875454101
0.3443036058382133
0.34281482967919813
0.34129921370164285
0.3398055190899821
0.33837182958897893
0.3369532138751651
0.33587121694698024
0.3347572299992207
0.33366804019165136
0.3326580989246613
0.33148876658819876
0.3304209531144417
0.3294523243528249
0.3284781521904907
0.3276494021480301
0.32663758937798487
0.32575941141947473
0.3248637614460035
0.32386700502751825
0.3231500483421275
0.3224418434413228
0.321693498226879
0.3208012367222988
0.3200757351169332
0.3191842546650892
0.31855184655475927
0.3178677270195272
0.3171992433572033
0.3164828811546355
0.3157480690581858
0.31504762831253946
0.31447551624509446
0.3138970391409562
0.3132675238800088
