0.3417655537978223
0.3645704208504973
0.3701448479145342
0.37231081606192723
0.37328980929048233
0.3747084515691914
0.3756765070397469
0.37574342335877925
0.376214613684787
0.3767744592860497
0.3771402422961122
0.3775261927010432
0.3775156767121006
0.3772270835461276
0.37719432755955706
0.3772136790358477
0.3771319687253804
0.3766960372215347
0.3762432484737166
0.37570232753149335
0.3752202276788639
0.3745613703283887
0.37406190364712877
0.37378211007792783
0.3735415085595096
0.3733608449904516
0.37329315523941936
0.37327537116955417
0.37330719651466726
0.37321167768232605
0.3729826171140973
0.37274360788039784
0.3726393585256593
0.3725528844785206
0.37245334819674725
0.37232326087972334
0.372261793427975
0.3722168934791357
0.3721734584268074
0.3721940584897187
0.3723731128420718
0.37250644697494206
0.37257909392795374
0.3725436603148167
0.37241507716962824
0.37229733635221124
0.3721661306047065
0.37200545209466473
0.37192455348688597
0.37191465343503216
0.3719027948656581
0.37190246158138807
0.3718293904901637
0.37180161412950524
0.37177722845731703
0.37182701089683085
0.37187200062529546
0.37194674432189845
0.37200376383115563
0.37212559320092575
0.3722863219114625
0.3723179561305624
0.3723951649018893
0.37246823287658654
0.37247175537822425
0.37244489680797777
0.37254166115025505
0.3725872316274511
0.37262190919516036
0.37263959434516725
0.37262355395048596
0.3725928275432135
0.3725756740559696
0.3724709263026239
0.37238212264318493
0.3723365842963104
0.37227131936492003
0.3722033844906726
0.37211448749135717
0.37206674083918306
0.3720129933515397
0.37198409322696835
0.3719807087334638
0.37198972712312556
0.3719764730673295
0.37197612243293865
0.37199256123478075
0.3719598320195289
0.37189919861527726
0.37187019627841233
0.3718889966479714
0.3718992060078127
0.3718724008584367
0.37185252510812195
0.37181375875087946
0.37179853605835106
0.37179198774931893
0.3718185623843143
0.3718652492252522
0.3718655149742616
