0.2504689532415965
0.24268969771745835
0.24146612365790449
0.2517274481569642
0.2516308944204439
0.2540830512384123
0.25492675412914695
0.25495754982238134
0.2552747824613634
0.25851137171671235
0.2603745178914917
0.2632632310275012
0.26503304281987344
0.26760472151734754
0.2693830156061176
0.2709048753669744
0.2721672517026313
0.2730521802687297
0.2753356429348622
0.2769081697432678
0.27714228839742594
0.27871961363197745
0.27896885816313
0.27856080736975897
0.27856957898906426
0.2801945113480642
0.2804221712366082
0.281524502853751
0.28154633630414144
0.28164445792894366
0.2813682599754668
0.28148736020344733
0.28178905950764305
0.2822430844099676
0.2825268600771137
0.28277165822874073
0.28429075685360405
0.28497138159368723
0.28522375337026257
0.285069718460872
0.28370814059527166
0.28193860847304547
0.2806689437089646
0.2796254908406629
0.27865305433604054
0.2783959535938535
0.2779744639803181
0.27660640504444717
0.2759572137762703
0.2755560127943735
0.2746074818332386
0.2733210278292172
0.272186067657047
0.2710811640632862
0.2699437532365957
0.26905951345984047
0.26888241874230306
0.2681503906121867
0.26761174685075856
0.26701126828264593
0.2661639478813994
0.26524464875287657
0.2643561384824477
0.26366740167209685
0.2632984501131671
0.26284474350094006
0.2622798345887693
0.2621657377051679
0.2621028322086702
0.26174573075626884
0.2621028141260342
0.26287634288696177
0.2637018022096118
0.26438451779906286
0.2651021175660442
0.2655904527919833
0.26635834222041116
0.2671596471921438
0.2675590311770588
0.26744617808197313
0.2677066226691835
0.26802278244206873
0.2684541928489808
0.2686082352076298
0.26862271701797896
0.26882067955047456
0.2692967756079904
0.2697074340189228
0.26958313813337303
0.26940514137418786
0.2695509333624352
0.2700326853603991
0.27037641338999685
0.2704143830504235
0.2704655930168124
0.2709513082953325
0.2711477782077757
0.2714715874457947
0.27162787005616085
0.27167289287035057
