0.3113594248904639
0.30724575360135964
0.313481128574483
0.31584604050525067
0.31326596430873355
0.3152010333057025
0.3119753966545892
0.3136959793592606
0.3111827999318118
0.3167060847129475
0.3143410019350504
0.3111158890561004
0.3106863964738605
0.3083207440912666
0.31219092668241716
0.3096108364135354
0.3035906256718817
0.30488068493010556
0.3074607611266229
0.30466566329819894
0.30659898946461456
0.29993549774240463
0.30896581380346755
0.3072474951623144
0.3085357987529403
0.30918082094785015
0.30466571032034406
0.3132659644229984
0.30681573855083255
0.3044506515409419
0.2992904751666147
0.29520533218661027
0.3012253861534983
0.2993548387096609
0.3027956989247137
0.3036559139784789
0.304731183176644
0.30086021374959
0.3058064516128869
0.3103225806451441
0.31677434044579017
0.3075268817204143
0.3075268817204142
0.3068811978494461
0.30946236559138085
0.3094623655913808
0.3109677419354675
0.3086026744224208
0.30537634407571923
0.3049462364448343
0.305376344086004
0.30408603561503755
0.3025806451612731
0.30967741936510773
0.30946231855912304
0.3126881720429941
0.31204126881718836
0.31247311827955376
0.3083870967741776
0.3131182795698762
0.3120447528024439
0.3027305951899497
0.3113308965813644
0.3063857192683135
0.302945446355606
0.3078907761771498
0.3111158890561012
0.3045156427181702
0.3004302643010597
0.2978494636354464
0.3012902755483705
0.30774245383159604
0.30473118279568256
0.3060215053763281
0.3083870967741768
0.31505376332655516
0.3073118279569725
0.3064516270128868
0.30795699348019884
0.3086021505376178
0.3068799784603209
0.30881720430105913
0.30989247311826384
0.3116146451612749
0.3118279569892308
0.3107527348233229
0.31520103203610395
0.3145560094945939
0.31305095678347017
0.3152010321503682
0.3141259944097871
0.30961083637925624
0.3061705592345567
0.3128359492582078
0.307460761126623
0.31154590283702954
0.3130451515802886
0.31649107756856376
0.314340997703058
0.3115517093098092
