0.3277545327754533
0.32910066179031694
0.33364225491931593
0.3355393558223747
0.3421821766425125
0.34468447594384627
0.34427000544946057
0.3442870585492185
0.3451831522774919
0.34591895971206316
0.3486882776031776
0.35042888132624833
0.34923709279000786
0.3445342825663192
0.3416925780923176
0.3420727804147493
0.3406061062722761
0.33783938930426755
0.33435343555354896
0.33299780616853786
0.3304848163665607
0.3274841685068631
0.3245590224926499
0.3225937312497677
0.3209491536435575
0.31876863100117037
0.31687749883372796
0.3151495487973475
0.31434864159874837
0.3120547274941077
0.31080496040010186
0.3095454182322605
0.3090530576954875
0.3078161617403213
0.30561000884639217
0.3029570775902621
0.29996672499272997
0.2964886595170992
0.2933153959125102
0.28996016666192836
0.28753613773218306
0.2856407111095076
0.284334112941323
0.2842184923684285
0.2824217982794967
0.2794267273431112
0.2775765061793676
0.2764856557601324
0.2749582970909356
0.27322753403272454
0.2712414874835154
0.2686814577919915
0.26622000353996067
0.2647150303978718
0.263679278939398
0.26207945398568194
0.2606148450894547
0.25968582752084957
0.2590209200224066
0.2586014453779046
0.25807234951418
0.25736571715683987
0.25599437884477066
0.25482669129289326
0.2535187675874678
0.25206242713786087
0.2496291225355259
0.24627647710482894
0.2439343116692783
0.2431926720027671
0.24178783049378844
0.23954442204946091
0.23737941444569222
0.23534600953232962
0.23457351418251624
0.2351373251520495
0.2348535879747164
0.2344294563335099
0.2339288179769764
0.2336023047367792
0.23335953395487727
0.23278684592719148
0.23201369584229314
0.23137985042864354
0.23092798132299736
0.2305577810369527
0.23009340590492364
0.22909507298580498
0.22879799763739928
0.22878461826347304
0.22888670488606455
0.2283205586699388
0.22760937869603343
0.22680212855698817
0.22627902129505478
0.22595585303262708
0.22561920889651157
0.22528401061705652
0.22473690791871073
0.22406745551883003
0.22308273894586525
0.22211091759235924
0.22103345451609774
0.2200638191430387
0.2191867397973921
0.21838035465340197
0.21772262610096138
0.21689178069204998
0.21593107374100032
0.21531256649219116
0.21470824949538125
0.21418448281886393
0.21352236297620908
0.21280437258503465
0.2123260957205337
0.2115289834959736
0.21077536699503835
0.21015883611994615
0.20952077787425435
0.20893595544073837
0.20819747983100578
0.2076203124110926
0.20707115842262386
0.20630479652506084
0.2056140351124947
0.20525381837578668
0.2048009727280281
0.2040758618781354
0.2035182283561289
0.20287065374011365
0.20224845330992114
0.20167426337902922
0.20095979519561546
0.20038467237302499
0.1997211827049717
0.19915435504813744
0.19859935831496228
0.1981806549059166
0.19747713104598738
0.19679836498869002
0.19625757012163705
0.19569447108959823
0.19516644654301202
0.19476165325381142
0.19430986228743405
0.19376344319748667
0.19303008457356058
0.1922544821124254
0.19150680866347508
0.19073845916560894
0.19009927750256517
0.18944347215023907
0.18871361905271522
0.18794895646870807
0.18748933265062298
0.18700711514284477
0.18658691598245525
0.18646570830707146
0.18607749743849838
0.18568831236735345
0.18514240961849912
0.18469144088908393
0.18405927889989734
0.18339846375642613
0.18264504314322413
0.18191751933488381
0.18120309102640303
0.1806162939306358
0.17996402678663972
0.17934826521812436
0.17880382281145
0.17812810906131607
0.17772892042592978
0.1773081410132586
0.17678501284803155
0.17622216085288042
0.175525058266825
0.17484005618163262
0.17437860672418884
0.17367951911065557
0.1730562507405231
0.17248441564730876
0.17192760399300386
0.17147969634868157
0.17104940652418835
0.17057072310693466
0.1701844987718836
0.16978380827172737
0.16976269774965744
0.16946015223441024
0.16878754975179344
0.16815249535904875
0.1675369622070563
0.1668458383762367
0.166229035129862
