0.22414694001957453
0.22521754759556387
0.22423759286828213
0.22425775786976124
0.2230602746745837
0.2226630079308985
0.2218444821629395
0.22235160404777501
0.22225063460892133
0.22186356659036444
0.2224339090182063
0.22239705323705855
0.22227509683492438
0.22258177142985955
0.2226063369983384
0.22214646749165687
0.22146785189584436
0.2212263939793043
0.22100154873299055
0.2208612036014869
0.2208720274804549
0.22095743300318013
0.22111004324081845
0.22108454397031652
0.22090970308179664
0.22107099883424397
0.22090750147391577
0.22061314129553655
0.2204274296956421
0.2204362707727603
0.22042400842035553
0.22036075074941358
0.22024893812852164
0.219900758501539
0.21968961282223107
0.21975367797643428
0.21987604755225312
0.2200442710457783
0.22003400498793246
0.2198735212911871
0.21980754527466678
0.21965378905353783
0.2197503064812466
0.21981652033522944
0.22007301824373807
0.22021348558264484
0.22018854101850943
0.22024260291804226
0.22024730648102106
0.22034074536426873
0.2204551519104004
0.22054188639541272
0.22053849539090242
0.22058694840810686
0.22078223933342442
0.22099116272105157
0.22110349180622024
0.22112825924630242
0.22122625959818748
0.2212445850696163
0.22134158971466988
0.22149008037975434
0.22159714297173377
0.22158248145885948
0.22156394957157896
0.22168467464218472
0.22176597196574568
0.22192869821419
0.22212260154740446
0.2220989719610062
0.22212182153795712
0.2221489861899258
0.22222009669448076
0.22226579328323995
0.22219578707688412
0.22223102165792266
0.22221289155341076
0.22213924517918712
0.22212235313881296
0.22211589593387138
0.2221867230883185
0.22221534636177384
0.22221992333139215
0.22216151197718353
0.2221732319638991
0.2220804539486919
0.22214183547372823
0.22221260221748926
0.22234461442043182
0.22237161734393251
0.22237313825537036
0.22233449835437738
0.22235887142685185
0.2223674475327584
0.22237058475515148
0.22243068034593394
0.22243469173862135
0.22231064034210682
0.2222303259613736
0.22220694299367647
0.2222261892360654
0.22228888004801156
0.22228307557252336
0.22239292595972018
0.22241655127041834
0.22244039323015155
0.222465962365427
0.22244787406239278
0.22241777634907914
0.2223663025192233
0.2222847670219321
0.2222413031675126
0.2222958518921863
0.22224621718390475
0.22214801511040966
0.2221830493110091
0.22219789883154942
0.222225636405279
0.22218928859950018
0.2221252563050574
0.22210085428315532
0.22208533549736534
0.22200234704555058
0.22196653703845426
0.22195073499844625
0.2219444269679206
0.22197770765488659
0.22198827058888418
0.22201924552159719
0.22203942532391346
0.22198962940354575
0.22191101393206075
0.22191486308227118
0.22194628400340247
0.22193305901653218
0.22195697696140193
0.22190771596766012
0.2218082153719334
0.22177437626470828
0.22174189826457574
0.22179800510850795
0.22179439776578772
0.22183019818434657
0.22181816459075096
0.22182391447980204
0.22181756724672935
0.22176342139435817
0.2217817297769521
0.2218808773356704
0.2218744831324345
0.22189297304473551
0.2218804508286817
0.22184855596748038
0.22185639683940572
0.2218701610265509
0.22188965023897056
0.22188097632226805
0.22188110805228453
0.22187664162622497
0.2218682316265905
0.221829153284552
0.22181473826408415
0.2218119242849421
0.22180427953428727
0.22179839066797316
0.2218255249388924
0.22184857799484825
0.22189018561315063
0.221917998144253
0.2219297961945564
0.22191870794171642
0.22188930859834108
0.22188224490501554
0.22187433056902692
0.2218807138456034
0.2219095771309945
0.22192624160097624
0.22189035825976566
0.22189295781117618
0.2218893435475719
0.22185492535871662
0.2218178445098539
0.22180760487439796
0.22182455567998205
0.2218434756721675
0.2218508601182292
0.22186173520157576
0.22189672158106144
0.2218870442331531
0.22189604070172778
0.2219351084213128
0.22192722691684175
0.22190057192877188
0.22184279886017894
0.22181857777122588
0.22184057898789547
0.22187032798411932
0.22188758822819227
0.2218901226543107
0.22190558151156903
0.2219464987113833
0.22193453056250945
0.22189550098818972
0.22186138342308054
0.22188553363259947
0.2219076465888271
0.22191018346451952
0.2218787333793576
0.22188249707035976
0.22189237046243587
0.2218387502119852
0.2218114738291794
0.22181948342800084
0.22185103971451076
0.22187616350047398
0.2218763220340566
0.22184969582526934
0.22186325505151275
0.221866605021385
0.22188382085699104
0.2219244364794994
0.22192157339310856
0.2219206462174795
0.22191286214809
0.22192750678613649
0.22193687220083372
0.22195280389669145
0.2219993385263372
0.22204515278361547
0.22207589946750417
0.22206835810169934
0.22205227707390351
0.2220307617529313
0.22205844465452082
0.22207698499240772
0.22209893564811287
0.22211804031512755
0.22211046689145228
0.2221045888851925
0.22206703613428616
0.22202006279739256
0.2220413868505475
0.2220481298871118
0.2220401794224173
0.22205609150619512
0.22207966375475838
0.22209189640157698
0.22210203890569324
0.22210584178954776
0.2221368002511005
0.22213232403547428
0.22213856401259333
0.2221347345395922
0.22211009761367265
0.22211273902760328
0.22214712965526368
0.22214827584388164
0.22212961839702347
0.222141062403338
0.2221607735876608
0.22215513446952934
0.22216894153216188
0.222170007769927
0.22216841332334036
0.2221995255777628
0.22224028732186893
0.22223934045487329
0.22225931859115955
0.22228102691338023
0.2222580387876952
0.22222937334497625
0.22223637786030875
0.22222526422822764
0.2222040002723362
0.22221355630393264
0.22224790849887896
0.2222262610664501
0.2222014703707753
0.22217665138312526
0.22215984425921
0.22214164962838023
0.22213434845794786
0.2221185468264025
0.22210012248879138
0.2220942535791129
0.22210924619049838
0.22210262006164472
0.2221181829634277
0.22211876059339764
0.22209449616979068
0.22208831559285883
0.22206454192890382
0.22202216446062714
0.22201436240857936
0.22203272629368948
0.22203853243910923
0.2220325543035054
0.22201521607632801
0.22199470757045284
0.22201413250315338
0.22203385598342865
0.22203396597946617
0.22201343485915573
0.2220157211205671
0.2220202524682754
0.22201030920792744
0.22200036364341044
0.22197958904456702
0.22199257231481911
0.2220357628997967
0.22204434110787508
0.22205986953391257
0.2220735406252313
0.2220623307395508
0.22209186400151493
0.2220833908577524
0.22208055044553632
0.22206201807800469
0.22205420730314665
0.22205266232509144
0.2220543857047456
0.22208896006720535
0.22211829045267378
0.22214658825921152
0.22214399175250796
0.2221603737083801
0.22218204131996577
0.22220089473580423
0.22221142916147976
0.22221488809463072
0.2222262951503976
0.22223684472546934
0.22224986345499292
0.22224491252024076
0.22225310248407298
0.2222453247456323
0.22223489492264492
0.22224839313919692
0.2222539197160298
0.2222795107546845
0.22228999878476965
0.22228861983178302
0.22227812477181352
0.22229057650502163
0.22228054396743419
0.22227582580235944
0.22226936349263557
0.2222652722993782
0.2222671970052612
0.22224997132448107
0.22224566339201254
0.22223682415991858
0.22222532137408105
0.22225645164706162
0.2222588979713916
0.22226065996794303
0.22226528489120528
0.22226742495503782
0.22225738681799925
0.22227236780979878
0.22226916736259933
0.222271650931741
0.22226556397757158
0.22227400324920807
0.22225925542312877
0.22225912411215074
0.22226262682114262
0.22225113294936674
0.22226147798761897
0.2222776657027518
0.22229479414366543
0.22229181188322422
0.22229779367244396
0.22228813557632346
0.22228556114220277
0.2222632843328436
0.22224717295115856
0.2222424384856806
0.2222341367908883
0.22224443446711709
0.2222549663368686
0.22223352905874866
0.22221316322903173
0.22221967422806976
0.22222546690468026
0.2222293466737406
0.22224004868862657
0.2222591667036711
0.22225359451923984
0.22223973518232296
0.22224148641359434
0.22224938660297447
0.22224809265257012
0.22225146812422
0.22223025532155974
0.222208461186113
0.22219712494049423
0.22218358023476975
0.22216556118205077
0.22218149603698295
0.22218868356888355
0.22217066194104057
0.2221669228272607
0.22217610966799362
0.2221920404676279
0.22219050100552468
0.22221296686195888
0.22222666154889023
0.22223747132879754
0.22222822983238633
0.22223681037352896
0.22221995283227153
0.22222320492571213
0.22222178633368797
0.22220991154159825
0.22221607462636664
0.22223856335679262
0.22224535090229483
0.22225574630152145
0.22225601442380222
0.22224798610973456
0.22222218800376461
0.2222182214769269
0.2222035315583256
0.22219659562275237
0.2221972446446904
0.22219925778747707
0.22221652187162627
0.22222411221699898
0.22221610358917962
0.22223616368532204
0.2222358970484602
0.22222205114258897
0.22222776253093343
0.2222587044935398
0.22228046147139197
0.2222778456587774
0.22227221744514655
0.222259632884524
0.2222760725311081
0.22227698410195493
0.22227433173559324
0.2222586036828905
0.22224532258592186
0.22225107903865987
0.22225320951697902
0.22223229915407458
0.22224920329611578
0.22226161603771963
0.22226070588881677
0.22227467809676524
0.22228769964684847
0.22227545949781174
0.2222747122206906
0.22229219875497958
0.22229323400462891
0.22231777827820212
0.2223560256817714
0.22236485348684543
0.22236587421269563
0.22237353632253026
0.22238939080701967
0.22240722495552953
0.22241545561050335
0.22241787145976014
0.22241714367947582
0.22245338870856204
0.2224642735706746
0.2224665369179102
0.2224489516895556
0.22243851474868978
0.22244327417036447
0.22244249076065456
0.22244303481197517
0.22243678536984163
0.22244106079475925
0.22242918028601985
0.22242104827600997
0.22241629916994446
0.2224107849203804
0.22239114404665644
0.22237321212095043
0.22237304663595608
0.22236077736136825
0.22235705677290094
0.22235868852818824
0.2223652136480713
0.22237777417449137
0.22238335980901358
0.22239040517438954
0.22240165335569914
0.2224211906122574
0.22241610747535173
0.2224076747860426
0.2224192035818494
0.22241485936679184
0.22242017135037417
0.22244012751763406
0.222460699591383
0.22246536819370083
0.22246501710602973
0.22247218495521662
0.22248109799199434
0.22246722596742477
0.2224534618172334
0.22245681503031423
0.22246935096733997
0.22248576107120074
0.22250009370717502
0.22250157031859652
0.22251828294669834
0.22253633838240872
0.22254219501332748
0.2225586751578187
0.22254060309812163
0.22253019473709837
0.22252232367295463
0.22250431475525706
0.2224986019474617
0.22249067440381584
0.22249381252733472
0.22249250262208067
0.2225010989522297
0.22250587560386711
0.22251587490930658
0.22251523127296083
0.22251707301395676
0.2225253907756541
0.22254505725847878
0.2225493752778865
0.2225382641458839
0.22253053022242622
0.22254046877886038
0.22253641646567004
0.222533881474566
0.22252028742226101
0.2225305904174252
0.22252414690356997
0.22249927173543027
0.22249765814252934
0.22250823947152493
0.2225183728753418
0.22251107048056604
0.22250129536495253
0.2224964635357295
0.22248691068673526
0.22250278624829165
0.22252169076423292
0.2225206592798738
0.22251774721336537
0.22251932365443025
0.22252908031565916
0.22252626957410593
0.22253246204861674
0.2225429095302661
0.22255548204292208
0.22255920405560986
0.22257665133579482
0.22257254399414175
0.22257388446321316
0.22258706025593702
0.22258936156994283
0.22258824175596206
0.22258688723286738
0.22258517937374964
0.2225741849329404
0.22256771405556203
0.22257548678979575
0.22257792817375643
0.22257453055884321
0.2225748914864818
0.2225867927905912
0.22258021906298553
0.2225821059647466
0.22258936213452427
0.22258776089885596
0.22258379682419732
0.22257515595510682
0.222574298389499
0.22255888832314624
0.2225341019706995
0.22253540007727515
0.22254016015487002
0.22253195442916196
0.22253198991474815
0.2225351275580657
0.2225371848620734
0.22254891621485087
0.22255187916774072
0.22253746119693632
0.22253539692681784
0.22253749222102967
0.2225309414855443
0.22253264586212587
0.22253009392821194
0.22252007989218345
0.2224990488255602
0.22249485890572077
0.22249625723445146
0.22249093044746002
0.22247904881806896
0.22246937421509613
0.222473466554916
0.22246800795936186
0.22246152983810244
0.2224568543431667
0.2224540799156125
0.22246883662350275
0.2224794900326758
0.22248297398737182
0.22248008116974088
0.22248767080600437
0.22249132605472927
0.22249143927157106
0.2225078804668177
0.22249272486620197
0.22248025671050164
0.22249548405356778
0.22251679873744548
0.22251549584181587
0.22250015926605324
0.22249663010891504
0.2224859184696527
0.22248173049877273
0.22249075877709917
0.22249422084022524
0.22249335778142978
0.2224912509334564
0.22250087724776613
0.22250406854796398
0.2225026438321098
0.22249047292126997
0.2224824234452862
0.2224885020078001
0.22249408810909596
0.2224988843824721
0.22248843174953878
0.22248335844535477
0.2224873825392607
0.222488133120746
0.2224797657405411
0.22249159158179804
0.22250209480142039
0.22250420035868584
0.22250368136531695
0.22251067538213457
0.22250810514145206
0.22250342772313988
0.2224907206487733
0.22249890327558225
0.22250385582701482
0.2225009306326818
0.2225000652438011
0.2225058118693261
0.22251515164379096
0.222504638815669
0.22250089412496202
0.22249654661337143
0.22249705037492873
0.22249161895920946
0.22249794024929093
0.2225126903262391
0.22250250793709905
0.22249101148160116
0.22249336373457881
0.2225056965833711
0.22250789767991114
0.22249844595167956
0.22249298657800004
0.2224922499139527
0.2224934123038066
0.22249229072939541
0.2224979366150395
0.22249749583200934
0.2224904277777256
0.22249296487198963
0.22248634461107805
0.22249299607006393
0.22249629273281504
0.22249628074400712
0.2225029179559242
0.22251268419590772
0.22252041993861113
0.2225244352753683
0.22250701236855377
0.22250750176502845
0.22250650397076
0.22251522987702135
0.22251410911300396
0.2225026653792828
0.22250851570530555
0.22249986277499445
0.22249273112438173
0.22250033552482584
0.22251578946788225
0.22252167231273454
0.2225208325986815
0.22252194872259526
0.22251825772705638
0.22250966668843294
0.22250546097220064
0.22249156024169225
0.22249596358913332
0.2224976886507478
0.22250643710594578
0.22251764533200438
0.22252882811453906
0.2225338582143667
0.22254486432361087
0.22254382998955277
0.22252517593117027
0.22252785851899648
0.22253726394239168
0.22253675827022767
0.22252278416527357
0.2225190971685143
0.2225195433385791
0.2225093692349953
0.22250482272360408
0.22249511387907062
0.22250190855337534
0.22250915059043705
0.22251238551912292
0.22250670380270424
0.22250908701747343
0.22250537678936227
0.2225053907979628
0.22250333892855223
0.22249326092278246
0.2224860767172002
0.22247650520157786
0.22247175349026926
0.2224731442256175
0.22247318051896084
0.2224772683358822
0.22247819058677815
0.22247433056653498
0.22246606497415194
0.22247507712885844
0.22248367568884225
0.22248100740734067
0.2224895667569571
0.2224977209089646
0.2224814166965144
0.22246682830700276
0.22245806296272008
0.22246138209147404
0.22246441901086386
0.22246651462229186
0.22247106842279382
0.22246780154958665
0.2224555402346917
0.22244274471359096
0.22243973438345296
0.22243842051927787
0.2224407651355323
0.22243708331875117
0.22243905443773018
0.22244108240487565
0.22243151667627137
0.22242253738746673
0.22241254688123144
0.22240528494918188
0.222409922041688
0.22241481964968565
0.22242266644993908
0.2224233404614402
0.22243070038390053
0.2224179483140925
0.22242447014184671
0.2224304479943042
0.22242393857959572
0.22242629018277846
0.2224293701696082
0.22242801520958516
0.22243314270782802
0.22243899122715996
0.22243691715208952
0.2224436506646174
0.2224471640784584
0.2224449125757333
0.22243416216725162
0.22242437347877725
0.2224197669348849
0.2224153366291735
0.22242053914579954
0.2224206892542075
0.22242501064068138
0.22242713003021816
0.22241877883252145
0.22241395614359638
0.22241372589170175
0.22241602282029355
0.22240958284964596
0.22240453708670807
0.22240065525252534
0.22238777761266654
0.22238282277687313
0.22238129820836072
0.22238509431582826
0.22238689957025706
0.22239277797074627
0.2223925368951005
0.22238063660609939
0.2223718792174332
0.22237755366642206
0.22237437259773152
0.22237791175243393
0.2223795356215253
0.22237729294798647
0.22237963372672284
0.222374570888963
0.22237284457049697
0.222378477864672
0.2223768793691749
0.22237313110127935
0.22237411232409685
0.22238427997900095
0.22239040461746667
0.22240433535977908
0.2223981455006335
0.22239621404643967
0.22239706443516177
0.22240572166624567
0.2224208818441046
0.22241523705753538
0.22241130013140956
0.22240415346493025
0.22239727283966598
0.22239505012023453
0.22239329040925962
0.22238996913508055
0.22239398587601983
0.22239187649766184
0.2223854094035118
0.22237982393541092
0.22237193095889674
0.22236473796154443
0.22237498832358316
0.22237584948377925
0.2223829198043398
0.22238664791601503
0.22238813407376287
0.22238917380122183
0.22238505119752014
0.2223849730130247
0.22238846589007236
0.2223909310196984
0.2223857791789338
0.22238751395107723
0.2223836293473557
0.22238706929272903
0.2223833933159865
0.22237954467503013
0.2223817060603159
0.2223863165803188
0.22237940425166985
0.22237051773458652
0.2223671094676143
0.22238035326525077
0.22237616078884373
0.22237892969457884
0.22238736060649245
0.22239606467416906
0.2223980923961947
0.22239595728433864
0.22241640940085827
0.22242453787244543
0.22241711028096472
0.22241986670613037
0.22242662238617736
0.22242412680874185
0.2224241534650561
0.2224208582386627
0.22241399335069356
0.22241205139260872
0.2224107893539995
0.22241346844658705
0.22241311636686967
0.22241470952213535
0.22242350682778617
0.2224241795829669
0.22243304741175676
0.22243799054866867
0.22244360398200327
0.22245107375840553
0.22246330589029334
0.2224659787459633
0.22245401927231315
0.2224490090873604
0.22245039804437772
0.22243504092377592
0.22243256572181075
0.22243267430014418
0.2224372809412768
0.2224325394452128
0.22242991590797756
0.22242249977814577
0.22241369557728996
0.22240999254973856
0.2224126068212632
0.22241799610905327
0.2224214093727762
0.2224221297240599
0.22242247916079022
0.22242111924856214
0.2224097101725805
0.22240414944666792
0.2223997585816066
0.22240471208320645
0.22240425897144486
0.2224045937959456
0.2224077783303121
0.2223999270907136
0.22240646173689682
0.22241214222085615
0.22240799325689908
0.22239644222686578
0.2223960810121726
0.22239155630594307
0.22239820828165066
0.2224024386297333
0.22240774866131985
0.22240225556203663
0.22239955615666798
0.22239932784033442
0.2223888486848949
0.2223936445727508
0.22239397517755213
0.2223902044693161
0.22238842191214123
0.22239887121682034
0.22240211725592635
0.22242184966970652
0.22241977606686786
0.22241695451089094
0.22241735908290652
0.2224148895364843
0.22241649352287554
0.22242376895957602
0.22242400900406056
0.22241708425219855
0.22241757268660414
0.22241197675721758
0.22240863303547298
0.22240600268054145
0.2223969760466226
0.2223932191870809
0.22238988268725537
0.2223898361224935
0.22239531958505548
0.2223921475996731
0.22238513669757667
0.22238790987341248
0.22239395458546918
0.22239386491858196
0.2223910136474687
0.2223910824614414
0.22238901111605688
0.2223954617680155
0.22240012108424706
0.22240259015944536
0.22240498780057066
0.22241125594969804
0.22242334016606446
0.22242645203672998
0.22242999646105957
0.22242883369881453
0.22243581725350808
0.22243645710815532
0.2224454509376489
0.22245017108206436
0.22244240389589584
0.22243949118468603
0.22244809736107396
0.22245990875315813
0.22246128712925134
0.22246333559274148
0.2224646571497822
0.22245961503339984
0.222470166491006
0.22247273659991781
0.22247377094827187
0.22247243263866567
0.22246981773420652
0.22246800627901117
0.22246744821803427
0.22247256279969602
0.22248136307768362
0.22248176395378752
0.22248104173741776
0.22248104187066994
0.22247611125453534
0.22248732121813974
0.22248877752522503
0.22248462587274537
0.22248813347005597
0.22249611339309475
0.2225056373784126
0.22250625223879977
