0.24830681958317918
0.2311473116952569
0.23324890765015183
0.23299934754624485
0.2314460491846
0.23157234398321158
0.22936425186831136
0.23117958340534445
0.22758962740271152
0.22507534930133244
0.22558796991916163
0.22639140236445912
0.22718098307924356
0.22706714190686247
0.2264427222748145
0.22685922045171722
0.22708947701578644
0.22821798568462437
0.22867332953169864
0.22850321604955848
0.22885415820219038
0.22898938505643224
0.22983034022447632
0.23028258911810034
0.23056324939368525
0.23080269363202355
0.23093475461672616
0.23149592412340045
0.2318762598214653
0.2323780358984335
0.23214102481681556
0.23168846029562748
0.23140810772760123
0.23116752471870042
0.23109195372450006
0.2313182459086792
0.23085259756400697
0.23070211214636402
0.230537095551163
0.23005889237336732
0.2304688188167594
0.23063837318425118
0.2304871031875698
0.2306643624047754
0.23042729281354155
0.22985188169526888
0.22962028508815593
0.22975320336650723
0.23005679699560055
0.22983160448938317
0.22969787858676746
0.2296839693137787
0.2297296318633969
0.2300414522238028
0.23020705994806231
0.23004614198921017
0.23007781459304924
0.2297177808478275
0.2293335485729298
0.22937014121868324
0.2293438676294547
0.22929427055889276
0.22962475741818883
0.2299329216455866
0.22973807500667123
0.22979371096919377
0.22976785223725527
0.22971609892438696
0.2297042129684525
0.22980898754580667
0.22970513599297354
0.2294756117446383
0.22955709398105137
0.22959176457908753
0.22972695816864333
0.2295504010924232
0.22940404864338707
0.22939690731567197
0.22954030436964706
0.22953698534125247
0.22978155031631498
0.2297957063782894
0.22954303643438942
0.2295394580616068
0.2297984375891862
0.2296431049352825
0.22976337701847396
0.22989065754513072
0.23007128688278097
0.23026271833688303
0.2303514614604165
0.23039896127945106
0.23026037650957296
0.23003223435385672
0.23004008695635128
0.229885110980504
0.22991389300003903
0.22975491807275764
0.2296688550754346
0.22956405611686068
