0.1708523592085236
0.14400921658986174
0.16197291474299785
0.16424642464246425
0.16615384615384615
0.15571005713499003
0.14508796788286693
0.14039938556067588
0.14108475331328657
0.1465858585858586
0.1505559212932485
0.15268590899979956
0.1562007516062553
0.15727485593303514
0.15946747128262134
0.1603754891762025
0.162093283061025
0.1637992598844381
0.16463932396902206
0.16389848267297916
0.16455883031225496
0.16571720902808487
0.16341211042589296
0.16274815688820962
0.1627086226917735
0.16055904920828082
0.15995161569034042
0.16090485695276113
0.1599321236078513
0.1618168691339423
0.16085117230412538
0.15997109911476354
0.15946458144815695
0.15917081059004687
0.16006214341199476
0.16035619675134408
0.16111468142922927
0.16028125046161118
0.15999021906419458
0.15954833506164304
0.15932165318957772
0.15840508270347245
0.15894376737224716
0.16026159283794367
0.1609293358872419
0.1605318834775503
0.16010020856996987
0.16210569310041473
0.1615484337553327
0.16099471505793833
0.16142728861724023
0.16108211930129737
0.15992861778066192
0.16101838875440608
0.16037027770828122
0.1609538554744034
0.1598538188157983
0.15977247861219862
0.15990772062158976
0.16018507896447554
0.16088289508332393
0.16202418409525574
0.16316598049574332
0.1638676889788964
0.16354722133936034
0.16361728523890687
0.16399655026672608
0.1636869740902733
0.16337168439275057
0.16294674582089716
0.16214977954572404
0.1616379081214982
0.16178501062691014
0.16252936240540905
0.16331404427298613
0.1638639591454386
0.1641555779998235
0.16388023801400112
0.16433388564285922
0.16523363859941242
0.16523186061795317
0.165603570713337
0.1655183863202457
0.16572562637282512
0.16584020177453498
0.16569634703196348
0.16522332233223322
0.16495897181542102
0.1650705146407152
0.16537597274121568
0.1651623789206157
0.16549911340875603
0.16510183743895107
0.1653057898382431
0.16547110165616238
0.16549904682086725
0.16616500658063812
0.16598292344067042
0.16660614669664445
0.16658131293285983
0.16633576486246837
0.1663597556635574
0.16609528903151044
0.16624481510899303
0.1665224800104863
0.16687088958116997
0.16648412392338346
0.16651557592734062
0.16617311977130364
0.16606363484924205
0.16548912819243305
0.1654827896329
0.16519787742536557
0.16496146435452794
0.16491864582090146
0.16477091712010095
0.16463985617696486
0.16525337052533706
0.16518800168990283
0.16478505123047307
0.16474622455930868
0.16464731877864497
0.16468253669523794
0.16456635651066281
0.16447966077008433
0.1642524742741037
0.16413317141511757
0.16392664939783258
0.1639457058860324
0.1641078568644716
0.16398820224638624
0.1632195158890536
0.16261583657701262
0.16224700097447328
0.1622503165124291
0.1624039509442812
0.16207329581947333
0.16209139308379603
0.1621429737999695
0.1624265498073275
0.16249960085576523
0.16244680865118233
0.1620851513776031
0.16166077163087306
0.16160444337239918
0.16149805139254142
0.16165047057142273
0.16171582027660866
0.1615524552809184
0.16171567907980083
0.16216048386095208
0.1621060086191687
0.16165020935272256
0.1612972588571504
0.16143042588790665
0.1612894695086476
0.16110372570729675
0.161176381059422
0.16107796342806888
0.1611481537902668
0.16115658688318024
0.16110953178498483
0.16087091542734896
0.16066710945528997
0.16068052285680523
0.16038544550194994
0.16006356694740223
0.15972808062953886
0.1594560926124571
0.15920494571054888
0.15922596999784788
0.15890137322970768
0.15863829186880557
0.15861416753887758
0.1583589609231637
0.15842478884916317
0.15873889189398038
0.15884040155705798
0.15857815802205077
0.1583877664691883
0.15827807567404276
0.15827675978772404
0.1586627834615289
0.1588375662161493
0.15869925904044507
0.15876028202115158
0.15886056533489154
0.15893554167272023
0.1589128421965219
0.15857733069876057
0.15866201036947605
0.1587728962051171
0.1588283256745611
0.1588073136427567
0.15854867669348258
0.15848944560426814
0.15839097084553833
0.1582705755657507
0.1580930596520797
0.1581366250169305
0.158183420013073
0.15826476620597696
0.1583702246420753
0.15849033084419603
0.15874839221142723
0.1587891382955959
0.15867888212825512
0.1585743861138007
0.15857231142484102
0.15871893527437284
0.1587067076814128
0.1587897487585947
0.15859665553833835
0.1585153387299221
0.1583513685163481
0.15829960564549606
0.1582881778941728
0.157738943008685
0.15787669100595078
0.15799698076554064
0.15793322244039504
0.1579723629289087
0.15800701805409703
0.15795156743379773
0.15802484713351475
0.15808336465330222
0.15820194063241283
0.15809375885757915
0.15796123275436671
0.15793070243673438
0.15792764876430215
0.15780635147580682
0.15787773437531313
0.15789982008674788
0.15813605953143536
0.15788761409259733
0.15781165526296295
0.15759663793001966
0.1573175423191112
0.1573178950710769
0.15742613008854703
0.15759830935995875
0.1576079909553523
0.15790546770402042
0.15805084140318842
0.15797558303169743
0.157926299419331
0.15800425095279977
0.1578993084067809
0.15789263257369243
0.15786863586179437
0.15805483019431776
0.1584339919189686
0.1586340556389902
0.15881546378902006
0.1590429569720833
0.15923401699436465
0.15918144707207207
0.15906128958760538
0.15888481547432004
0.15887665849374857
0.15880967227880552
0.15852373311247994
0.158499879687876
0.15835088259968838
0.15824532678400874
0.15813785955791154
0.1580156392809993
0.15787743126691453
0.15803915292387008
0.15819628028098393
0.15828599665922394
0.15820802237109646
0.15838386366944793
0.15844687858164855
0.1582514594133172
0.15797467264129803
0.15794833723564236
0.15787123977378348
0.15789445649582995
0.15786432205813178
0.15782316073411964
0.15771779354200902
0.15763151658452287
0.15761946839252025
0.15771195785832717
0.15767270436870304
0.15775387726693718
0.15768430224115398
0.15760261376530893
0.1575980564199755
0.15743806792124307
0.1574760550868576
0.15759072661250506
0.15739541979132343
0.15737204314269865
0.15733967278444083
0.15723304703722352
0.15732610528641428
0.157281268053695
0.15733951413563063
0.1574174442160584
0.15758876021206727
0.15759871216177054
0.15749799588504942
0.15743647595227317
0.15729619723011498
0.15722878203286653
0.1572691790337163
0.15724275041093014
0.15715394585262102
0.15716896373471959
0.15708926968643475
0.15702394130798117
0.15706721002079652
0.15715957308496933
0.15718560728237108
0.15720891956716948
0.1572890769512059
0.15732149142237764
0.1573119682339811
0.15730772465840437
0.15743477999380068
0.1575163320633935
0.15748086405299386
0.15755865445319428
0.1575525741514859
0.1576167459156132
0.1577042930548649
0.1576133625259911
0.1577283584548225
0.15774684895512583
0.1576266099104999
0.15755171991675848
0.15767580614541807
0.15777642589663518
0.15790932125721063
0.15793176657126348
0.15785119095463923
0.15789237488480187
0.15782411846170236
0.15773938158579587
0.1577191058932883
0.1576994841165583
0.15771038820173194
0.1575719957332666
0.1574748275908425
0.15742808058320518
0.1576831505405722
0.15775877167376964
0.15789309132151305
0.15786593560178466
0.15779119502175604
0.15791410506026332
0.15802965464745128
0.15811565081491405
0.15813813656802259
0.15808354743553146
0.15799418390091965
0.158031491260723
0.15815930603008013
0.15827178621553728
0.15821208423292343
0.1582156357334698
0.15820360722607096
0.15819369308925563
0.1580669880415569
0.15803836583995506
0.15806901520329558
0.15805843786453
0.15796314679865248
0.15818199588288834
0.15817741873249705
0.1581936266616435
0.15823982490300478
0.15850615425841638
0.15858468024733782
0.15856408406241543
0.158625601995396
0.15878473883222166
0.15884110023287773
0.1588250171085126
0.15897620051005973
0.1589804077279115
0.15890991081428468
0.15886093097497334
0.15874806367782732
0.15870104561570142
0.15887698419656965
0.1587246059093674
0.15866313840666105
0.15855556456188702
0.15847711829865516
0.15833787171220542
0.15833560863057705
0.1584886477240223
0.15851480701715273
0.1584754160561082
0.158444542307623
0.15848112118257934
0.15863636363636363
0.15865340889808938
0.15859777655894983
0.15846386137281107
0.15842892860020127
0.15839507759140867
0.15839581517000872
0.15831567990436654
0.15827424696711517
0.15835170155767636
0.15852609042912194
0.15849160424183184
0.15850102038038566
0.15841349321386217
0.1583985628690042
0.15838108350269892
0.15850059405077227
0.15851747426831833
0.15856407017994417
0.15850208316973458
0.15832879272276892
0.15828643854749214
0.15835881359486936
0.15842537554720956
0.15839054829238453
0.15845979414348924
0.15852709877824434
0.1585059460913675
0.1584814945923481
0.15847126519668703
0.15847654403014852
0.1584193099771489
0.15840039264473527
0.15835836835510114
0.15832190921865927
0.15827515974926706
0.15817090869368455
0.15817135937026947
0.1582287712684332
0.15827473188005173
0.15818172132260322
0.15817442803523266
0.1582558154740988
0.15816896464350985
0.15825502909902867
0.1583143420871507
0.15841123820346958
0.1584474607722563
0.15824347981693349
0.1581591142240617
0.15820378147342437
0.15833723264554497
0.15853687108299655
0.15850687399703767
0.15845451197789875
0.15842592433161065
0.15832641658938595
0.15826078391447362
0.15827217208734537
0.15825526989195218
0.15816840110727873
0.15821232846359515
0.15817499742043897
0.1581235239799629
0.15816096946007732
0.15823304446885553
0.1581695955152159
0.15809547423537476
0.15823684267190677
0.15824271408511398
0.15828945801072067
0.15840098516975595
0.15834445271762174
0.1582471139217154
0.15843953280904524
0.15844627052450733
0.15849552063331845
0.1585961104606334
0.15851932064288157
0.15848698142927026
0.15839806549359478
0.15839141184254382
0.15843480990350736
0.15842239137269098
0.15837503959575633
0.15826299333972632
0.15820253550920926
0.15827913151626394
0.1583720048800632
0.15849196919476674
0.15848674788934097
0.15842420239929567
0.15838435554172436
0.15833907244721415
0.1583351836830872
0.1583575060194605
0.15840869924319412
0.15834745611615028
0.15836428826447285
0.15827787557751122
0.1581804520835887
0.15819377990430622
0.15826030333450905
0.1582557455572254
0.15836482605059554
0.1584084699907848
0.15838186014763264
0.1583574768901009
0.15834968349951656
0.15831222787152824
0.1582843244189791
0.15834410866870177
0.15847314431686646
0.15862234321167992
0.1585769489618447
0.1586489489767571
0.15872580992997698
0.15868926345198403
0.15862309541544728
0.15871182665906072
0.15875813310853995
0.15870073196357184
0.15867074240874907
0.15878987996965777
0.15884610560999662
0.15887932688078066
0.15891760776777294
0.1588328972611597
0.15881252016779607
0.15883031216583568
0.15870515397925605
0.15874044623057332
0.15884366671335018
0.1588242301089584
0.15888945618028522
0.15887505821764125
0.15885665547441746
0.15895028426921445
0.15907241516696302
0.15913859272656242
0.15911557609577628
0.15907579391582063
0.15907032615941938
0.15901674793005072
0.1590566647310058
0.15903942670511392
0.15904506452451658
0.15910019947074172
0.15916195171902708
0.15908617170431152
0.15904490901701657
0.15906432944111593
0.1591140564375252
0.15901698939757897
0.1590044246242329
0.15899356553108687
0.15896882720498684
0.15900008302980043
0.1589001372632605
0.15882428361848844
0.15879673847706766
0.1587459748465885
0.15876473727621174
0.15868303589445562
0.1585768152373586
0.15865338062264256
0.15872174331045036
0.1588717854419673
0.15885557619919682
0.15875784512817823
0.15870925627606444
0.15872765687075036
0.15871823598309315
0.1587277483208693
0.1587609750067501
0.15873124057501464
0.15870071695190913
0.15874708037973106
0.15874483070560869
0.15877953708608838
0.158769380034761
0.15868462528206995
0.15870823608917892
0.15878834413614532
0.15885995255530783
0.15882935236223275
0.15872840439764993
0.15869941707930535
0.15870370155645483
0.1586169729756149
0.15855374431123428
0.15847600961770963
0.15842030926364656
0.15840350520811375
0.1584209908713714
0.1584254785917498
0.158397502888492
0.15846142033477126
0.1584584225017327
0.15843612478388766
