0.29108543304604656
0.3036051402977261
0.3067048140458566
0.3087670517021447
0.31011638656277957
0.3111877179256256
0.3117275496214212
0.3115232279410203
0.31170570868778635
0.31209958352073014
0.3124011220192031
0.3125878420066207
0.3123777865173318
0.3122237318696038
0.312161633704452
0.3120867036560734
0.3118939013271375
0.311463987169372
0.31110593368519024
0.31082914202524137
0.3105376542287743
0.31019959138507447
0.30994735899877396
0.3098608201511211
0.30982681941893836
0.30979814491652236
0.30966087297814165
0.3096556594520448
0.30969682446652336
0.30953462376168445
0.30920246228215464
0.30884862702683363
0.3085807114107241
0.30833070653941425
0.30810276194463443
0.30797095212812636
0.3079083860769767
0.30775006068934774
0.30763648908960134
0.3076681066895876
0.3078546307003997
0.3079137049524094
0.30791106316604194
0.3078721200387093
0.3078720931093457
0.3079129271466408
0.3079763707617077
0.3080555027228226
0.3080710397498957
0.30807419159829974
0.308003492852392
0.3079509921737921
0.3078439571495528
0.3078187772880943
0.3078122350685715
0.30791414721652094
0.3079694239516607
0.30804740982184675
0.30808032655177753
0.3081455902495541
0.30825136772095424
0.30822729939921484
0.3082409106197276
0.3082068869667558
0.30814269812647493
0.30808445178698135
0.3081216049492403
0.30811583651280144
0.30804890657423833
0.30792804403347956
0.307818379242568
0.30774729608763074
0.3077458591091323
0.3077133155254081
0.3077104005633823
0.3077527327766803
0.30779447945144056
0.30778664965633634
0.3077738995797918
0.3078010515873007
0.3077929189373487
0.3077912794861578
0.30781433231470157
0.3078694804169079
0.30787731947689306
0.30793044269188247
0.30799520713620937
0.3080608113236828
0.3081191867363735
0.3082031442458696
0.30828221975594305
0.3082787056996984
0.30830058750780037
0.3083331802648956
0.3083588321270605
0.30839054233095137
0.30845309702780416
0.3085253221002284
0.3085443398944639
