0.7490765372793472
0.7666842889885663
0.7290533327618915
0.6847506856680768
0.6509635136189273
0.6274415746471278
0.6097205370240074
0.5956902642455408
0.5891422957967377
0.5860637713029136
0.5840122209746865
0.5799027480457173
0.5782339622641509
0.5706822884549503
0.5639299096225412
0.561745309857754
0.5599490141108308
0.559819614062913
0.5603602900725181
0.5572249584816132
0.5532482377595732
0.5502003126705814
0.5467393297587426
0.5454795070597686
0.5450801108736387
0.5412006186736987
0.5337711754397352
0.5305555736540679
0.5314509256536437
0.5286067736921062
0.5256845521202586
0.5253397256833131
0.5218562315203027
0.5200412663083696
0.521093281345076
0.5186110084126251
0.5137528869122862
0.508841187800997
0.5047974321393003
0.5028281256366921
0.500167076413673
0.4982702913967969
0.498840862753583
0.4965640816548796
0.4926616128134868
0.48876234923697603
0.48509472232735923
0.48328832215719636
0.4817089615433533
0.4794710871196646
0.47908083127883383
0.47923397150634073
0.47757824271870064
0.4738671015223771
0.47225600481463176
0.47182798364059797
0.46979832096094964
0.4680859680746321
0.4664620082366637
0.4636400983423779
0.4606820601928761
0.45759330956419575
0.4550487282096769
0.4523872891916106
0.4494403887351837
0.44772689195815435
0.44592302766695946
0.4433332659672207
0.44111156201056767
0.4389047736998284
0.4365560089003202
0.43520529553653986
0.43413635883179064
0.4329446964631005
0.4318989996446904
0.43064129270581875
0.42918355666502833
0.42701100829227523
0.4251578309197817
0.42350753673197983
0.4216641926332621
0.41979803225586393
0.4181398086242534
0.41638693566881035
0.4145722089357571
0.4129152301448525
0.4111947545722878
0.40966558860345276
0.4081691036099082
0.40652842951475504
0.40508507979938063
0.40369726073758394
0.40218108119411633
0.40057463791711223
0.3990641596973776
0.3976767065623014
0.3963298216161418
0.39513954468429224
0.39401198311386165
0.3926055906190602
