126177
2794
2917
2993
3844
3349
4276
3201
3102
3350
5625
3254
4344
4238
3154
4562
10757
3760
3468
7934
3084
3596
4159
3247
7644
7462
3230
7525
3891
3733
6171
8851
3349
3894
5046
3453
3767
9756
3937
3304
3705
3933
3786
3551
3002
4263
3524
3968
12085
3516
4807
4146
4122
3996
4098
4184
4112
11722
4256
4673
5803
4205
6566
4307
4873
4098
8307
6895
4064
4310
4209
3903
4588
5446
5412
7137
8908
3840
8488
3984
3908
4352
4136
5608
8030
5772
6981
8140
5182
4343
4398
6971
4380
4746
4271
4187
4254
14064
4436
5515
4821
5275
5268
4952
5100
8617
4513
10386
4257
12863
6379
4362
4411
4503
6848
4777
5314
20458
5451
11685
4905
4219
13321
5250
7629
5674
7059
4490
10386
4440
6657
8012
5113
6786
5534
9514
4644
5145
12033
4860
5067
5525
9803
7904
4549
5229
5185
5195
4443
6225
6292
6707
12094
4946
5863
9389
5583
10180
7309
5560
11812
6581
5625
5487
7137
5092
12539
6225
11240
6797
5554
5504
7475
6128
5079
7856
5472
7494
7081
6436
5446
5982
12109
5145
6821
5206
5644
6677
5645
5728
5137
8690
10299
5250
5682
10062
13918
6062
5612
6518
5288
5468
6141
11012
10905
4711
6355
7123
5580
7954
13416
5515
6931
6183
12426
5202
13855
5569
5478
7927
6672
9590
14401
9496
5622
5851
6711
8796
9153
11590
7891
8157
19721
14738
6876
5993
6549
6426
12674
11115
7996
7993
6282
7520
11125
6471
12347
5555
7707
6227
13429
5453
9160
20301
10460
9826
8472
8489
13237
5741
7077
11579
7115
11927
6980
6151
15183
6360
13466
6433
12592
8083
8981
9039
6970
10181
6936
6226
11645
11101
7881
9147
6077
12876
7811
6947
7142
6758
7663
7161
11516
6406
7076
8907
12220
6936
7091
7339
8126
11773
6646
12233
10692
8269
7925
6145
7849
8303
7504
12556
7272
8215
10371
7472
6360
7170
21981
7250
7495
15306
7397
7848
12345
13717
6928
7831
8025
12147
6776
7798
8348
15608
8813
16203
16184
7505
8980
13647
15760
7525
11427
14184
7690
9018
7943
11951
8556
11891
7508
7272
8304
7483
8060
7277
9937
13980
13951
7831
9452
8821
8716
7480
