0.3347985150245521
0.35564207696961236
0.3608719365033297
0.36297243129106915
0.3633570779850682
0.36395231790190175
0.36459055489408393
0.3647671730087826
0.36526544045739895
0.36577969347159994
0.36618033550903983
0.36652332349263006
0.3665915806408196
0.3664181065347289
0.3664865070941787
0.36654588785208675
0.3664993939817017
0.3661710765046818
0.3658447360999964
0.3653164759569152
0.36480902637874774
0.36410786252993876
0.36366506002096344
0.3633223986203165
0.3630739465634608
0.3628115605884317
0.3626340757514054
0.36254988260486914
0.3625363743177512
0.36238388999718313
0.36208885399882584
0.3617722892467564
0.36152184635525003
0.36128921561776933
0.36105922128912643
0.3608729991652555
0.3607799487535905
0.3607015790327898
0.36059329412865065
0.36050508646649165
0.36062863529215994
0.3607852299460757
0.3608646552313869
0.3608463662323895
0.3608234634428995
0.36078649061034207
0.3607026350879247
0.3605865472569833
0.36055845760427063
0.3605685707342803
0.3605758412874245
0.3606278834512444
0.3606289312413909
0.36064181154861374
0.360641543793423
0.360728857766295
0.36079908014452594
0.3609113857982647
0.36099702911080134
0.3611161710587021
0.3612702807309302
0.3613344528266567
0.361460093535815
0.36157224837128216
0.3616344725258632
0.36168508839650154
0.36186030757041904
0.3619415895869266
0.3619966512643594
0.3620361021396839
0.3620377061257676
0.36203488932642736
0.3620470263852557
0.36198149556844267
0.3619270996148782
0.36189571454171354
0.36183187057742583
0.36176211341241543
0.3616819957865336
0.3616631448318068
0.3616359104487759
0.3616313221515317
0.36165276608670194
0.36168698633936874
0.36167495706152686
0.36167084502320573
0.3616862529273305
0.36166040645233083
0.3616228047452754
0.36163395164528556
0.36169446961275575
0.3617250807750362
0.36170528642561584
0.3616860970028206
0.3616750476639675
0.3616926420963224
0.36171669709411813
0.36178021441645314
0.3618642188435694
0.36188178237168545
