0.24830681958317918
0.2311473116952569
0.23324890765015183
0.23299934754624485
0.2314460491846
0.23150366405189152
0.22919332630639355
0.23103144623032038
0.22745891699162726
0.22495840391482794
0.22548217220439226
0.2262948120041771
0.2270921257840596
0.22698487123635652
0.22636612913755957
0.2267875718166237
0.22702217320639084
0.22815452988159118
0.22861330372059985
0.22841488146650593
0.22874581290573057
0.22888607660321805
0.22973162110505085
0.23018806892622437
0.2304725855073778
0.23071558372109344
0.23085093056341405
0.23143700173446333
0.23183728790073418
0.23234038458722658
0.23210460688462575
0.231653196877897
0.2313739278732074
0.2311072522991678
0.2310506906813757
0.23123385508213937
0.2307838770606428
0.23069259901148984
0.23045915152914245
0.22997585865830392
0.23028414416144327
0.23049568622551797
0.23035317558863808
0.23047238787651766
0.2302061219366391
0.22954777727586576
0.22934767401885633
0.22950262545463052
0.22984269153873663
0.22963696147414964
0.22951676951676953
0.2293902425870196
0.2294581938698372
0.22975219807540775
0.22995276229046832
0.22988564037718767
0.2299763049484313
0.22961558898260054
0.2291727097293573
0.22919406910526163
0.22919209015900416
0.22919601142174648
0.22961634297734915
0.22988612085172863
0.2297982012001762
0.22991459515388987
0.22999251831663203
0.22993994885873062
0.22989937708420732
0.22996978181043423
0.22983912604057918
0.2295977730310369
0.22957732994155677
0.2295573248197172
0.22969653063390774
0.22950999675766673
0.22937746955296523
0.2294065674135519
0.22953294252278258
0.22958432228924408
0.2299006623987707
0.2299550275933806
0.2297063408419208
0.22966375551825643
0.22992933739403462
0.22976817732056357
0.22984739084402236
0.22996697209252878
0.23010558719752613
0.23027964921213476
0.23033399448562147
0.23039739564037
0.2303244609728956
0.2301581206995271
0.23018415170184975
0.2300495595888591
0.23007425664966538
0.22994840480474318
0.22987576031689613
0.2297651578759891
