0.36790194419111893
0.37635025611100303
0.37496656147728574
0.3732630917663944
0.37325634204715247
0.37456628928359764
0.3737808984698856
0.37230474966794597
0.37259622526794417
0.3721715911401712
0.3716845223909274
0.3726610538901559
0.37290023068271844
0.3727023606949637
0.3724819555538246
0.37223601648982046
0.37289734809283936
0.37328170722974185
0.37323377872203484
0.37346626600208294
0.3736196303354182
0.37369914862348536
0.3736837603190383
0.3734296677272114
0.3732934531348024
0.37354967659128885
0.3733314385180811
0.3733645509436222
0.3729311705378047
0.372706083219701
0.3725857984035114
0.37225038695515617
0.3719126188504055
0.37202569297251786
0.3720446727276492
0.3720714119065607
0.3717381717075636
0.3719664496106192
0.37199452625864116
0.3717672675182301
0.37159178123295383
0.3717877807894633
0.372095218955981
0.3722478160764364
0.37222256161029477
0.3721895835472379
0.3721889513178237
0.3721632727347733
0.37203810439796364
0.3719995920761308
0.37196576178894997
0.3721153388118454
0.37201818912403445
0.37198530659315276
0.3720076591883389
0.3719837644738281
0.3719888436787603
0.3720198478489143
0.3719313379997568
0.3718527437786663
0.3717572602729613
0.3717855348387427
0.3717496335193256
0.37151909917684367
0.3714077677515579
0.3712700331769792
0.3711896040191595
0.37120045363661475
0.371127801329124
0.3710327620227818
0.37097807878501826
0.37105464663487964
0.37117081128297014
0.3710167332520341
0.3709344445327554
0.3707997807852551
0.37061233438891
0.37065143770627323
0.37066555917132904
0.37067429586930445
0.3705622747088373
0.37040979613644853
0.3703620529243552
0.37031351848279326
0.3702315479191003
0.37017613334772564
0.3701074427677127
0.37016366884707935
0.3701550075500453
0.3701584444052254
0.3701419204902419
0.3700838428564794
0.3701243283785677
0.3701729906333958
0.37017858818282456
0.3701559591594054
0.37006882138550645
0.3700949098141072
0.3700232305790443
0.3700005624018173
