0.29108543304604656
0.3035197782732199
0.3065781911070018
0.30865215825277637
0.3100686082541317
0.3111123085391019
0.31162460459865765
0.31142009730682285
0.31165511868184204
0.31206097520764303
0.31237100291445596
0.3125501153935893
0.31233848108398465
0.3121606520832931
0.312102320843941
0.3120261889843076
0.3117945155757964
0.3113491845838548
0.3109958473733987
0.31073118740932015
0.310274618697081
0.3095351421023085
0.3090582789354693
0.3088559002600828
0.3087534931882933
0.3086653217516913
0.3085788853880869
0.3085606410635406
0.30855683024656694
0.3083233486770474
0.3079572404892477
0.30749527685969247
0.30714333851754605
0.3067412003266369
0.3063778701324288
0.30612871933062835
0.3058956123211178
0.3056770044323646
0.30555740444402807
0.3055916032952688
0.3057644667063133
0.30580539867036755
0.30580628841107926
0.305805082463231
0.30583694979710524
0.3058781495818173
0.30590395385628366
0.3059620920983446
0.3059819231655281
0.30600136506113756
0.30594448360874055
0.3059021390108443
0.305814971584863
0.3057827021991674
0.30574548489020503
0.3057782504768216
0.3057346359367498
0.3057282109108375
0.30569213596232375
0.3057077254144088
0.3057763387738345
0.3057553683877691
0.30577495829658163
0.30576805611988367
0.30573514584130224
0.30569375687607
0.3057332244694547
0.30573958845693244
0.30567792235207203
0.3055610124610367
0.3054738682802545
0.3054072142046266
0.305426613561389
0.30540200103776016
0.3054002309138648
0.30545136072548057
0.3054786314413204
0.3054804115302986
0.3054805127362509
0.3055130602363693
0.305515895646878
0.30553238187915427
0.3055678302100837
0.3056327858140228
0.3056552908940037
0.3056981257437942
0.3057470373459173
0.3058080012415342
0.30586075462029605
0.30592633131490166
0.30600381116506814
0.30605868007638215
0.3060558113792067
0.30607142764482026
0.3060944947427658
0.3061182255817972
0.30615564157953956
0.3062220384859084
0.3062910293377833
0.30630615723638926
