0.271740441145709
0.268455824888848
0.2732078033333777
0.273426552755798
0.2716504883599672
0.27346419859917104
0.27356150290772097
0.27291237679747504
0.27291693565881664
0.2750912796788615
0.2760870873488347
0.2764330781749503
0.27641573560241706
0.2774017585931255
0.27887617224880384
0.2793740376007162
0.2813496308756191
0.2827827650013217
0.28544202717346
0.29265771451166467
0.3035852496346101
0.31334594119722464
0.321201356777905
0.32958618681447915
0.33870892099511946
0.3472062655417637
0.35500722167636894
0.3628354762096802
0.37047639100399404
0.37729561130849726
0.3839609539117484
0.38876135167018216
0.39332580359944097
0.3986061663113249
0.40360540310118254
0.4078813963524515
0.41175836685981326
0.41359900969994057
0.4144425371428006
0.41660799058395187
0.419747995594323
0.42309040634925554
0.4261844035149108
0.42854049823757595
0.4311542968471628
0.433812089649477
0.4361436880652885
0.4383563366065153
0.439968911489393
0.4413900361560251
0.4434785027320459
0.44559283200006145
0.4470854159075497
0.44816799713186045
0.45014097075857595
0.45181932959303067
0.4537786376248792
0.45576556998837053
0.4577131481761191
0.4595113215400525
0.4606673868800651
0.4621587930770036
0.4635201933376799
0.4644402226833086
0.46534491724342014
0.46662623690807586
0.4680574135485396
0.46977650507331875
0.4714113193915125
0.47258365350066334
0.4734073688720433
0.4740128622641733
0.473921923759224
0.4737982052043128
0.4744338314208342
0.47539918541682397
0.475098494451199
0.4746473877080312
0.4754905345250006
0.4753794207751866
0.4738452477508913
0.4724278084183099
0.4723082645104139
0.47312958183243214
0.4727249259069598
0.4726140144155352
0.4724905140516301
0.47225563723984754
0.47312793984439677
0.4725336792488681
0.47210709884829627
0.4726365746352099
0.4732995418343396
0.4739858374425845
0.47363007406267793
0.473293351128661
0.4729030606757682
0.47166774026578856
0.4706691201790175
0.4702482110221881
