[3.289893980337492,23.561304302176524,-1.1371890798686095,-2.3405316647968957,-196.87694279361085,17.759679461426845,19.47581610169468,-0.9012353829992532,56.18300589103552,0.4248911183632454,4.169518901870085,0.2184834725994508,-4.953223220852845]
[3.289158161480902,23.55242252726241,-1.1374374321026615,-2.340923975291901,-188.4913626992095,17.834219762860545,19.480263466738975,-0.8996492603832441,56.173669301742514,0.42488461898022234,4.170606416183436,0.21853937364458395,-4.950628036021845]
[3.288204246877735,23.528084475148336,-1.1401787569358146,-2.3426514366482984,-176.09001551173122,17.883900506068816,19.477248359206797,-0.9129721597656913,56.1359083897584,0.4246930716842564,4.171207572948063,0.218589699311964,-4.959307204872244]
[3.287119675655709,23.521224706858337,-1.14532071862088,-2.3418205256875337,-169.12268250279334,17.91438172316527,19.477808458277515,-0.9093765927269425,56.13505698708787,0.42465503061410675,4.171533108168813,0.21860658702639987,-4.9565003935861744]
[3.2847471246003765,23.495034034103977,-1.1609786340395896,-2.3448004646787632,-160.1520374735989,17.946368820279915,19.48342969922245,-0.9334743332004907,56.10261789809285,0.4245815701071923,4.1726196981637935,0.2186680544611223,-4.980112066917197]
[3.2818784842233626,23.371724116858918,-1.1698587507748428,-2.3466811619188284,-144.28563921986947,18.045972305276376,19.47384010452233,-0.9339986920817854,56.14300712233436,0.42433921364118177,4.173021862031465,0.21843872885326693,-4.977834420807514]
[3.280001768882683,23.368509931481828,-1.0531994052694023,-2.3494266995356763,-138.45821095577003,18.08574036318758,19.480271865370057,-0.9360294263674394,56.11870544957457,0.42416855846653,4.173314886947576,0.21866180927568113,-4.980258383790913]
[3.278371497537323,23.26893130853936,-1.0460450815964655,-2.3525334820774866,-132.1985218643368,18.12576283287066,19.478953856198558,-0.9497839137873828,56.063852898875204,0.4240469551662194,4.173768485496056,0.2187399916508319,-4.993336146528247]
[3.275997118908948,23.19240454156158,-0.9312243779974484,-2.3542912342519444,-122.6861174580891,18.174630633927222,19.47218496144705,-0.951973759076205,56.03846044296281,0.42373842593687894,4.172875030841053,0.21852282383621233,-4.992999709342273]
[3.275136838341256,23.15381974987682,-1.066046821514905,-2.35744907425612,-111.79140316877512,18.175039134957277,19.482242713409985,-0.9512032751739381,56.03035350980666,0.42364799529554187,4.1740572087993195,0.21867039097076676,-4.994922964029789]
[3.273601972952805,23.11490606517517,-1.0652370775344675,-2.359647032993917,-103.00081564932964,18.214857929006104,19.479526147902998,-0.9542755733597209,56.00818695688988,0.42346563099933693,4.174101263409501,0.2186758604340863,-4.997742710588308]
[3.2713472995941424,23.10145252128827,-1.0836242974953851,-2.363812412614591,-96.20263726664476,18.240698629742695,19.474633581676862,-0.9758066339551438,55.902157792505506,0.42326701680900464,4.173831942355988,0.21850528227450813,-5.019980524144662]
[3.2691586624224334,23.038357048078627,-1.094330225342494,-2.3663960505089983,-81.86192752304807,18.28218759054536,19.46989895920599,-0.9777837390243792,55.85484257628804,0.42304566753297107,4.174022130288129,0.2188063753496997,-5.020492746887962]
[3.266349205649454,23.074104524276944,-1.0915325448684727,-2.369131439734084,-66.17447058324942,18.306922513950337,19.45545977222692,-0.9798446990804454,55.81614904377248,0.4227380946265195,4.1727409338850405,0.21867376761543542,-5.020134008175219]
[3.264097525144475,23.07411010785941,-1.1073657285871066,-2.3746012339569944,-57.99514513674221,18.29899469775539,19.443104772982725,-0.9835199494227915,55.67422028457784,0.4223505921767148,4.171796904162185,0.21864859016280463,-5.0240729194691]
[3.2591182252782556,22.92451334280401,-1.1355710008244118,-2.384757137005456,-42.035212691309226,18.367883186732605,19.427455968893433,-0.9957224041164761,55.54000985362519,0.42162157216427115,4.1704619440568,0.21873862853077553,-5.034109793852567]
[3.255863518094079,22.762302866023795,-1.1617714776391381,-2.3891909730585605,-33.36313449418091,18.379756455530295,19.419427912660076,-1.0021748286208165,55.4467598221993,0.42113307430329994,4.169897077691817,0.2186021537667621,-5.0402906258755715]
[3.2528899325278435,22.60545456846845,-1.1733848829531253,-2.394323243675385,-23.181488855684663,18.365930144656538,19.405369984924715,-1.0106579863647436,55.30460441291623,0.42066245533026286,4.168018953154925,0.21832897615053432,-5.045877349522664]
[3.2494826123887828,22.436552156236058,-1.1865303622030328,-2.401580601431271,-13.160426284527405,18.36567128793867,19.396624947560536,-1.0209711443482725,55.2050137636694,0.41998753064005434,4.166564163988214,0.21821183758232288,-5.053197800859596]
[3.2442369072678106,22.288896638739022,-1.2448120640465288,-2.413087155783664,-1.8724822777863301,18.31370805140766,19.371953941013356,-1.0412132154785632,54.95004760493499,0.41915878653479066,4.163155125172059,0.2180265229633493,-5.069344988851199]
[3.2348963410158142,21.83256046868416,-1.3493646338623095,-2.4392067253893144,-0.7600463733987779,17.854220495389445,19.321428864888595,-1.090473818125981,54.435036701515564,0.41777806427746456,4.155432495349608,0.21717891614925955,-5.107821355568577]
[3.2293093024998742,21.61077927617967,-1.3992775397500907,-2.4561739313996838,-2.029071321047802,17.639615261219127,19.284387205853672,-1.1219634918197339,54.11340144665245,0.4167245275208914,4.149182128449341,0.2165802694096166,-5.1327322473090256]
[3.2264339492280985,21.469254163189447,-1.4384381808943587,-2.4659559206368713,-1.3968293917480754,17.482283966418482,19.26699315900219,-1.1408605546352772,53.86951272067559,0.41618377365372256,4.145977068763959,0.21640307841604325,-5.146818733469919]
[3.2234096819115963,21.293784647471345,-1.4700478936783268,-2.478121666189768,-0.9669347450943705,17.304223657271827,19.245956154924357,-1.1614672496451228,53.64461445708295,0.41559832127089313,4.1423259166903135,0.21603952624174896,-5.164202172186136]
[3.2196491940595964,21.1099371223554,-1.5140007088362366,-2.491336052300997,-0.5871470514217818,17.044656045443983,19.226090804419293,-1.1951115685677989,53.39396386682335,0.4149328810204546,4.138750631197136,0.21579281247276885,-5.187824455286459]
[3.2110267426265424,20.725394420067,-1.5982200496156937,-2.519827792444548,-0.71191315907248,16.656937328539865,19.16420206218548,-1.249717632873934,52.81248021948538,0.4133949561852531,4.129796775429907,0.21519543698317728,-5.226268271742018]
[3.2074882290246056,20.57142395051301,-1.6444899261271062,-2.535331053409554,-0.5950724874215192,16.40292778650951,19.138505181635168,-1.2769718754729422,52.53779507501216,0.4127409547345345,4.125638445229894,0.21472100118433074,-5.247741860880998]
[3.2046013819047223,20.414941191032018,-1.6815575461535524,-2.546415786070492,-0.8335314909596738,16.250574718031014,19.110867836526285,-1.2971992800069503,52.326329723694165,0.4121779118380502,4.121984963499682,0.21445031797647812,-5.263724239905739]
[3.2002817899168785,20.202380272203882,-1.7270752055649996,-2.5606083101464865,-0.4677973858543352,15.963900941984829,19.081937829614315,-1.3267029082854198,52.00769026802537,0.4113908579745137,4.116643538598616,0.21222944160724388,-5.283810027305084]
[3.1962970998156286,20.01063775952384,-1.7727732875718611,-2.574783645349075,-0.6486611168802576,15.739049260116332,19.057280346509486,-1.350306329519059,51.78371947077498,0.410706737829829,4.113059919613361,0.2119458039053075,-5.302196133195101]
[3.192264477891292,19.780466022765822,-1.8158841913271815,-2.5883983998506523,-0.6712016214252129,15.515972224345166,19.03102559168725,-1.3773907751854588,51.521531345147984,0.4100165761797675,4.108856554345677,0.21154014170431903,-5.32247306985631]
[3.188838623637975,19.59593396762496,-1.8669429843455112,-2.6021157293981956,-1.279025275282949,15.291118882690844,19.009608579825272,-1.414228352107955,51.26074627378728,0.40934007032513775,4.104977449313514,0.2113593220929555,-5.35118285695882]
[3.185792149836904,19.438693076637023,-1.8979179702660234,-2.613277763907149,-0.7238645929892662,15.103015264873601,18.990779611861967,-1.44495084516999,51.06084573521283,0.40878403581762435,4.101730282246759,0.2110793733874697,-5.375184482284201]
[3.1818740960774883,19.194824766362927,-1.9349964616917228,-2.6289147952878635,-0.6494922458432572,14.881971568569746,18.957709651710616,-1.4752373213182135,50.731441765024975,0.40800604239629057,4.096747525911274,0.21080411175244718,-5.397797692072295]
[3.178159074080714,19.01497305624507,-1.977245604027926,-2.6414229483932363,-0.9110038933414062,14.690620745706413,18.93592139732723,-1.4978895167176265,50.4378449906901,0.4073241760211888,4.093145156766343,0.21058881929659215,-5.418068615806649]
[3.169565618386883,18.52144166622058,-2.066431499845033,-2.6718297020701294,-0.6442689265579363,14.181834308039095,18.877343682776402,-1.5569888138704207,49.799779976628855,0.4057374605955171,4.083369248235671,0.20980623406670434,-5.46192056102991]
[3.1649115195514717,18.327900407715763,-2.105029359662623,-2.6850215431446327,-1.0313176802866064,13.978774884613433,18.853796573117894,-1.5943988422194875,49.541058410058604,0.4050100488337024,4.079141069085719,0.20943627925626687,-5.489992854535601]
[3.1599004774303205,18.092966352810272,-2.1447772923367303,-2.699239017279407,-2.6894125120470442,13.831698077177212,18.82721928966799,-1.6214097349805654,49.279002590366545,0.40404239366409017,4.0746712422715,0.20898655619549983,-5.5077890980751505]
[3.154376751178542,17.832047906834642,-2.1839719782553177,-2.7148362756640454,-2.543052454288084,13.69243155242408,18.792029957075176,-1.6515975082188887,48.951680278576895,0.4030454972788343,4.068684001487024,0.20878282693418793,-5.529192113462879]
[3.1507520227490096,17.61995288012825,-2.293024243599472,-2.7279592815214624,-0.8639714815889219,13.503422366281004,18.76582643176631,-1.67681549883242,48.684001192147655,0.40234029261751814,4.06429395945462,0.20834989609889534,-5.546968549807992]
[3.1430306253284677,17.15978527501123,-2.3503797667526256,-2.7552466863145377,-0.605909973845187,13.081590907298802,18.7174220931388,-1.7394420986359733,48.16280820157095,0.40090152646152927,4.055899153040923,0.20771745758970359,-5.594435768519734]
[3.1387870737107466,16.927527557076683,-2.4079075797594793,-2.772921985786191,-0.5443200093457136,12.784438838305135,18.689653746443017,-1.774433849048821,47.7399333981271,0.40005525908574874,4.050156084988403,0.20730241419349393,-5.619085154377106]
[3.135476619613464,16.70481037795523,-2.4264591572535608,-2.786245624191307,-1.0692848613732273,12.58421611716796,18.66476576737313,-1.7973365924440514,47.50083624381694,0.3993739293655955,4.046198892536356,0.20712813322784657,-5.638288770576435]
[3.1321825358406015,16.56003633005339,-2.4672752786734833,-2.7983873168406554,-0.7905753176904123,12.433612544557372,18.647384113533317,-1.8197740480423383,47.30516992738842,0.3987849262855638,4.043006795632929,0.2068431525452981,-5.653954509279004]
[3.1274086117306172,16.169146202771902,-2.5043043623550987,-2.816586605228215,-0.5364912992911606,12.12788860172071,18.612575383730825,-1.8547303883848438,46.95575154790839,0.39783225802728855,4.037158751885929,0.20631027030819685,-5.678623001189913]
[3.116934444247896,15.492167216801414,-2.5800535395964865,-2.851527616816666,-0.5626307817288118,11.514322980811166,18.540967629359525,-1.9255499652689951,46.25759170764077,0.39602100366942045,4.025712363737156,0.20549581593237748,-5.72686733541445]
[3.1132459077907115,15.216648765116998,-2.6121059155388657,-2.8652869837795394,-0.6586986964711622,11.323546059412406,18.51423875004692,-1.9628805908139095,45.95351292662624,0.39521302560417865,4.02097804671579,0.20533853081978817,-5.758905818924231]
[3.1093915050766903,14.972756802514182,-2.6363077554261793,-2.877911955308362,-0.6177694331466657,11.077249519513389,18.481219748108153,-1.9902715742842163,45.661425282730974,0.3944415160855948,4.016032975497855,0.20506383643404485,-5.77578411788748]
[3.1045929276102027,14.680718922392256,-2.71701773275207,-2.8910415898073647,-1.4213670409484727,10.921626790596562,18.456822077980604,-2.015230933966623,45.37555214587461,0.3935007528912096,4.011623975511124,0.20463704494946594,-5.792498835578159]
[3.1010964167740642,14.49035354980617,-2.755730421440307,-2.9025994471253966,-0.9165320775001711,10.76865710357587,18.433492999300213,-2.0353637109794236,45.143200291662204,0.392809429776611,4.008040384211726,0.20403627642998673,-5.808267713656325]
[3.0929907996155435,13.949051851887477,-2.8153005860569227,-2.93009416671801,-0.5311282277366061,10.382071522518462,18.374122609983147,-2.0907725734157836,44.59903884485824,0.3912868154010151,3.9985181988383833,0.20331967863284428,-5.8469858276590045]
[3.0887839609713317,13.74605010399036,-2.85652577243062,-2.9455738092942663,-0.775955461191296,10.130765336392615,18.33815434004872,-2.117747304438306,44.348689556708585,0.390501047704603,3.994297017883795,0.2031227893301331,-5.870298896648284]
[3.0845892817221294,13.488017783461588,-2.8789394850290493,-2.959114081672826,-0.996326932201441,9.884058455626674,18.31327530260294,-2.144959695790649,44.08137146508211,0.38973923096168006,3.990157045651835,0.20271136160242134,-5.88710794091769]
[3.0799240773411896,13.200352528292125,-2.9007106245373664,-2.9736684103331585,-0.6547936600572192,9.628157663788869,18.277787710346296,-2.173081655002113,43.761848021082066,0.3889127641140197,3.985217343312479,0.2025054768599631,-5.9061060011585536]
[3.0757562988854157,12.98455710500952,-2.93618244099906,-2.9896214997569412,-0.7446426591573101,9.402259685646081,18.24095864286085,-2.2173081391490213,43.418276773183564,0.388068073983203,3.980050341070121,0.20219324377522485,-5.939984079598451]
[3.067186380243878,12.485297525058703,-3.0193209422710514,-3.021013589881299,-0.501330841170979,8.946631360125899,18.18502177325876,-2.2794797398614195,42.793240710086344,0.3864681341004783,3.9703432063164183,0.20153807082620342,-5.9842377246868255]
[3.061275187505269,12.140628504194106,-3.0716457950499585,-3.0372946081103254,-0.3710328408274882,8.63012190172699,18.140264337448368,-2.3135600049190765,42.422322391783034,0.3854465229361011,3.964230186074659,0.2010528632593905,-6.007806994556829]
[3.0557302089010636,11.740433923235468,-3.1061633563837696,-3.05513401002382,-0.5386249816041969,8.355341746593515,18.11410655922908,-2.345261530546267,42.126459163738474,0.384504162703762,3.959525663124275,0.2005393899732369,-6.032400030332209]
[3.04994150367529,11.36284557945668,-3.14514797056799,-3.075089339791931,-0.4206161860032841,7.949412753968172,18.075764215655628,-2.385652527222206,41.69019116624528,0.38342721357270715,3.9528247720102043,0.20016786755815616,-6.06009677433187]
[3.044664072707849,11.072439230528456,-3.183974083330495,-3.092722231737506,-0.6183810919618724,7.589553399770823,18.04818113116706,-2.417134870796323,41.344237037593004,0.38248601696216467,3.9476576119231144,0.1998174823330607,-6.084755604769898]
[3.035156715850065,10.557507949061783,-3.2593282040510063,-3.121648389774336,-0.4438031967119831,7.213439133987374,17.99171993844496,-2.4976127450043144,40.7589490278593,0.38075101806164985,3.938083677893544,0.1992485415137902,-6.148274721302058]
[3.03066268871386,10.311997499686804,-3.299404051039193,-3.138139621849762,-0.576746724510439,6.913454636321887,17.945700110501576,-2.5260955766660995,40.452432208128684,0.37988253515715964,3.9324992453972123,0.1987585730574458,-6.171048527335962]
[3.025317700425937,9.989921166677588,-3.3426122993181524,-3.1591476915542454,-0.40416791938400076,6.6017084253215,17.88382364768342,-2.568619970505436,39.99626470227596,0.3788811716243354,3.925655749617311,0.1983166234827727,-6.204518851273162]
[3.020152227628606,9.748754301378204,-3.3723072981778257,-3.1752035834030212,-0.7605760670309547,6.34798811130961,17.856084399233204,-2.598604953552043,39.68227972244029,0.3780063846628662,3.921082834247296,0.19817851197417496,-6.224843584524364]
[3.013672004149886,9.52498111030624,-3.4067568003329045,-3.189283809817633,-0.4328389687597549,6.12496795109805,17.8243058242359,-2.62734701395295,39.40203747274178,0.3771340877247317,3.916570636053074,0.19728979490736862,-6.243434658887092]
[3.0084425868430236,9.224966212621961,-3.4349935307723727,-3.2071337543433467,-0.41104197284791166,5.836480455174584,17.788932120434453,-2.663812361262781,39.0462262831208,0.37620785139577145,3.91090286353685,0.1968006873728494,-6.270487192508925]
[3.0028993814768574,9.102016038992256,-3.4664808267404683,-3.2216189085982343,-0.21564444061168808,5.705858662667547,17.756894492261903,-2.68752834143224,38.76161153468411,0.37531004355246883,3.9061012036105467,0.1965210714739865,-6.287673960698429]
[2.9967631915098987,8.892423951897452,-3.5101236357380747,-3.2400572369868383,-0.34724117986115566,5.394401036044261,17.72732336339301,-2.720596327300902,38.48956239871531,0.3743709693862445,3.9013862289613956,0.1961381223816776,-6.313380060894974]
[2.990415805436273,8.48164447496281,-3.5567492910495786,-3.2623456469538636,-0.4827693969530688,5.098368396489068,17.688313442922688,-2.7603152845770462,38.08691485343932,0.37328862261043017,3.894636404303848,0.1956535522044601,-6.341878005744663]
[2.9809387630072774,8.135682898277484,-3.622591404780018,-3.2841239825676842,-0.5004753809288548,4.709430575764748,17.594332973988855,-2.8019186514589176,37.651004831872,0.37216405649080736,3.888091885842946,0.19459375462300338,-6.372728089150703]
[2.9694777069976332,7.559849773750965,-3.693502241829755,-3.3208736303186166,-0.3541900701443652,4.153029151865437,17.517182676750043,-2.873364772097304,36.958788277419465,0.37021698132054326,3.8768988273045273,0.19330991557659738,-6.425313624995858]
[2.9630714030199834,7.277865691472168,-3.72142494206633,-3.3340696070032014,-0.7805824062293588,3.953022717680519,17.487371609680796,-2.9011520208382584,36.692745690984076,0.3693762451295183,3.872312507712747,0.19297002934665902,-6.442950620324397]
[2.958149060058257,7.079721465165064,-3.7314248881700762,-3.347216653388963,-1.7429158684244022,3.8300703076752995,17.46434247032205,-2.924438581667366,36.41983895695445,0.3685285211033508,3.8678092039417495,0.19272086545960343,-6.461966661032562]
[2.9514203590354895,6.767944328575035,-3.7628624913331867,-3.3623445634240974,-0.7452801922976505,3.558516859306072,17.4264588278939,-2.950647104764692,36.102011056357114,0.3676652094069291,3.862095910203952,0.19206859875329751,-6.484331665227774]
[2.9445018794854314,6.402209952525382,-3.8012524262821965,-3.3830482146914234,-0.36721887018873317,3.202066656328122,17.349371333625815,-2.9920584663582903,35.7188073621668,0.3666376382640844,3.8553756893425475,0.19141224831623244,-6.514498490050811]
[2.9384030384538926,6.064132449948589,-3.8275912917371326,-3.403390483832921,-0.3133296642632345,2.884604655003881,17.307708654943625,-3.0331925705128846,35.31332394611267,0.36558191799638934,3.8488847249778377,0.19084970827159178,-6.5450218075614055]
[2.9333701687845535,5.919298614645419,-3.838656931441608,-3.4155853313836966,-3.969482647625833,2.7477142403138437,17.289046128767797,-3.054281412499418,35.07876282859681,0.3648129838403989,3.8454897847480467,0.1904696850597828,-6.560849120486818]
[2.9289598062996576,5.711851490776143,-3.8575728224720542,-3.4273114498110187,-0.41646729815496225,2.633715728667521,17.261105444258188,-3.076274992305711,34.87427477742674,0.364059304938242,3.841178878053227,0.19015410276687095,-6.5763036741897265]
[2.923055933197653,5.408262518336803,-3.8914947336268653,-3.445819206159924,-0.37043201191374053,2.343934369587489,17.221515554952575,-3.1136215037088864,34.480247114428344,0.3630582421184516,3.8351608328477846,0.1896640387343691,-6.604267176485019]
[2.9186080175800337,5.244623948764335,-3.914592419503577,-3.45909391168152,-3.303928255161813,2.204002383081534,17.195499642099744,-3.136382854646712,34.17920560962161,0.36223325937195106,3.8300277490183188,0.18900727505926773,-6.621961549164348]
[2.910027296100763,4.875533766707442,-3.931151851319981,-3.4818512849692347,-4.571536075193167,1.9851118628019577,17.149514961343307,-3.1810264694294887,33.67979105167835,0.36068210757454844,3.8228442124778885,0.1883774003368936,-6.653436949923197]
[2.9057710774627905,4.693900127274857,-3.915225094130678,-3.492505685273517,-3.3081294720314,1.9219717380308767,17.12793204542089,-3.2022438383273735,33.42488781812421,0.3597936551958573,3.8193559930949146,0.18816013352175517,-6.6667937099380605]
[2.8996965506459444,4.4322575976483805,-3.9320182709390217,-3.5072142536382795,-0.19783849404806148,1.6674087958120483,17.074501666447183,-3.235501142283476,32.98670696173234,0.35879882114622064,3.811933465064353,0.1878059383242009,-6.689630666719158]
[2.8923862330107286,4.1205759776901125,-3.9761639832886657,-3.5261286582941875,-0.2897410347736073,1.3709226098290386,17.02550338398091,-3.270595272229983,32.61303221134273,0.3577266477208547,3.8051731894507097,0.18715762330096372,-6.71649815666196]
[2.8879650406405606,3.90272261054697,-3.882341408988516,-3.535758428160752,-4.030036013551381,1.2335092893155204,17.00794908905343,-3.28931583490399,32.47594394098835,0.35704641822284167,3.8019679687732286,0.18696983538742218,-6.729598796736002]
[2.876672494360686,3.3417122929844827,-3.9397444683369014,-3.5716527946191428,-0.21546000128567608,0.7986209460168234,16.934275516891304,-3.357573228119461,31.730357816974866,0.35510732994201366,3.790811263925807,0.18621907814741995,-6.7834299765021475]
[2.8724404697340042,3.1983350003455793,-3.9656279395455973,-3.5834833885774886,-4.121898000205521,0.7091113043493393,16.904663760165025,-3.4013395830460844,31.514560788442168,0.35441331205014187,3.786837502500841,0.18603419035866073,-6.821800861514432]
[2.8664437610653115,2.952342551720418,-3.981176503401684,-3.6006171039133847,-0.10891487165417174,0.49949385294803916,16.872760287206876,-3.4308260774737684,31.10749391191742,0.35350604810413655,3.78161921759438,0.18548537406529106,-6.844047588340923]
[2.861484939234612,2.760688103448006,-4.015208917634685,-3.6159745095801084,-0.42192478734927075,0.380836688702094,16.83780112879891,-3.4582866418748237,30.774732982214775,0.35262400957699497,3.776956376303626,0.18523457636593707,-6.865814442549056]
[2.857275575964034,2.6455833377406903,-3.883465611769837,-3.62915258914461,-3.5188307865801427,0.2823379546060407,16.812354417702068,-3.4788690781123637,30.528499050649035,0.351842648824479,3.773417353164829,0.1847652872739893,-6.882576480221767]
[2.8516785650790886,2.3974566695820263,-3.893200793553817,-3.6453194787852317,-0.2210049452201505,0.08920124152065041,16.776044874138396,-3.5111075804442553,30.18766642098686,0.3509065820079006,3.7679988036768424,0.18430758596155078,-6.907116212473638]
[2.8453593888022923,2.141648371773405,-3.92893221303951,-3.6649684543628096,-0.24921105413268888,-0.16045085740157394,16.7426943901021,-3.5457267579664955,29.816939123341665,0.3498366781553654,3.762464346032632,0.18390902446613502,-6.931740364111863]
[2.839480471827777,1.8563138663933942,-3.9668424532259285,-3.684754590461589,-0.22895647024352495,-0.42294327011514693,16.68917150760314,-3.584745681315448,29.401074510265616,0.3488496529940979,3.7548718321009185,0.18360532195909743,-6.959536815512817]
[2.8334086891657417,1.5468716384506838,-4.0002078729481605,-3.7040646424237003,-0.1926585250589649,-0.6909409714748851,16.65064636383634,-3.620375726867354,28.96996312073323,0.34784579257757303,3.7487957663183353,0.18314472509126536,-6.988031569866293]
[2.829197326379193,1.3544003619986351,-4.038544779490663,-3.716163389355329,-5.086206107745653,-0.8201350060927223,16.62946193970051,-3.6536704101939317,28.69824204895933,0.34721613698905174,3.744961675014602,0.18357954803822096,-7.013921977179261]
[2.824022031656811,1.1686887611055683,-4.0410457185221365,-3.729684674427504,-0.14347222503471213,-0.945217806661186,16.596719510055635,-3.6802081213543127,28.3995065435847,0.34638084405724423,3.7402676017762633,0.18319948487814394,-7.0345190104378394]
[2.8203288421304,1.0046962050292414,-4.062420522700926,-3.7388753547804154,-6.205692506169708,-1.0473640491978269,16.57441568048034,-3.6985285129035845,28.219081150185072,0.34577261224741007,3.736625079173214,0.1830382054916604,-7.046737636334044]
[2.815629692431597,0.9342154123655309,-4.0679400184093675,-3.748649297091267,-1.2108335638784895,-1.0867112757233173,16.540883557257526,-3.7134597330502523,27.953837328547387,0.3451230160498614,3.733270545933735,0.18254058963649622,-7.058807632910966]
[2.8099581670485483,0.8357809454810428,-4.063649776558637,-3.7564548842106813,-4.345251810843103,-1.1642426268119108,16.516491643632577,-3.7276684530097475,27.771647845901143,0.344473727801273,3.7304835430587966,0.18167480254228716,-7.068908210308176]
[2.805024314811345,0.6475150945796324,-4.055195316446059,-3.7690161070505765,-0.20937049196076116,-1.2500529828244593,16.483547540286107,-3.7488715491948117,27.484794529466104,0.3436730516942299,3.72551114942837,0.181294292972774,-7.0866524255223595]
