0.24830681958317918
0.2311473116952569
0.23324890765015183
0.23299934754624485
0.23141642321249778
0.23130166425389131
0.22902240074447577
0.2308833090552963
0.22732820658054304
0.22484145852832343
0.22541559362029212
0.2262948120041771
0.2270921257840596
0.22698487123635652
0.22636612913755957
0.2267875718166237
0.22702217320639084
0.22815452988159118
0.2286178390041051
0.2284718306962676
0.22879998555396047
0.22893773082982516
0.22978098066476357
0.23023532902216237
0.23051791745053152
0.23078609435455186
0.23093475461672616
0.23149148138424983
0.23183728790073418
0.23234038458722658
0.23210460688462575
0.231653196877897
0.2313739278732074
0.2311343638220298
0.23105975279067298
0.23128695141181646
0.23082216033318623
0.230672486466825
0.23050823926987196
0.23001770365057714
0.23041395590545902
0.2305848321115558
0.23043482175662702
0.23061328270767797
0.23037736084584753
0.22981381777338267
0.22959639279461522
0.22972981401567866
0.2300338898497164
0.22980916006738314
0.22967587856476746
0.22966239643520167
0.229708469857662
0.23001097162951195
0.2301662889688453
0.23000610555605602
0.23003848670662816
0.22967913686517866
0.22929556511472587
0.2293327957356194
0.2293071387072649
0.22925813849620363
0.22958920344280995
0.22989792785698407
0.22970362432282515
0.22975978650201992
0.22973681639040613
0.22968317873937552
0.22968133526679982
0.22979300059116167
0.22968937555168117
0.22946007148760242
0.22954176784078653
0.22957664673549674
0.2297120430357495
0.2295356833059783
0.22939603452250606
0.22939690731567197
0.22954030436964706
0.22953698534125247
0.22978155031631498
0.2297957063782894
0.22954303643438942
0.2295394580616068
0.2297984375891862
0.2296431049352825
0.22975121373750396
0.22987795493855584
0.23005872777648698
0.23025029960197954
0.23033917999376374
0.23038681407968428
0.23024836067269996
0.23001868284922367
0.2300165640479789
0.22986183446127467
0.22989085776188348
0.22973211916482533
0.22964628769770748
0.22954171561408768
