0.39273626119427646
0.38242901686847874
0.37844996396956254
0.3768475592767318
0.37842352742405266
0.3781685714371576
0.376910072445526
0.3774627436029099
0.37825877521336443
0.3784848310863124
0.37825779325348163
0.3790170935134335
0.3781361937214798
0.3778726457311258
0.3780737636803642
0.3774820322022349
0.3769450434305257
0.37665426663807977
0.3759345139337474
0.3767761504236875
0.3764440162191668
0.37617408886029025
0.3754601417362284
0.3756083561161123
0.37565925029397657
0.3758231689808078
0.3760486857723103
0.3760015050238586
0.37608005748549667
0.3761403526858778
0.376188227031298
0.37626127935244763
0.3765288372194739
0.3763161773884538
0.375942075284308
0.3758481953997675
0.37548974147530567
0.37548233595341246
0.37523610793294526
0.37526089345336205
0.3751200806771197
0.3748661095181899
0.3746590081675878
0.3746546833090087
0.37464934343289896
0.3746133398431611
0.3743915690723328
0.37439627303731937
0.37442036410530627
0.37431373826228154
0.37434179928446276
0.3744613370785076
0.3744965223977745
0.37445134192170787
0.37432129793195573
0.37417540000172234
0.37387846742684155
0.3740126885655511
0.37419035042132387
0.3742056049541014
0.3744047936050048
0.37447704614226046
0.3742922738619473
0.37426694064317023
0.3741304235287593
0.37410673231603836
0.37422446217423405
0.37417896412604845
0.37420357097066437
0.3741173637506265
0.3742006726659313
0.37404405127011725
0.3739144110293123
0.37397081094891543
0.3738703998948523
0.37391143247206776
0.37401448946333554
0.3741624894670418
0.37409533692499
0.3738976560595694
0.3739761646226282
0.37394659079729115
0.3739173344578452
0.3738729248763493
0.37377073973459246
0.37357198262161173
0.3735901426108136
0.37360632567457985
0.3735613273669075
0.3734383756225382
0.37327963381435103
0.3732152873866267
0.3731078951892671
0.3729755197052395
0.37297011286334203
0.37299125366450253
0.3729889574218104
0.37306469493883065
0.37316693260092026
0.3730636091864386
0.37313513246086777
0.37314800632801437
0.3731668398097893
0.3730727855102081
0.3730964878905844
0.37308218020854733
0.37303872837206287
0.3730695304766283
0.37308652699733796
0.3730817514957561
0.3729242729694903
0.3729173876537477
0.3730411250547937
0.3729817534530621
0.3729381252551049
0.37293817841737287
0.3728773656807585
0.3728895238923329
0.37282698320734176
0.37284533365022393
0.37279156567645844
0.3727341155737891
0.37268662157579285
0.3727278333268412
0.37278340656105713
0.37274686971988547
0.3728063618838973
0.37284142347826077
0.37278547519108596
0.37276610098610174
0.37277178865713556
0.3727603550812847
0.3727123473485519
0.37258320914193954
0.37251901550047545
0.3725110823755245
0.3725133194292941
0.37255948676374706
0.37258248095952373
0.37249769125656673
0.37241855811804414
0.3723974473960325
0.3724920826076531
0.37244047737401664
0.37246389133233415
0.37236128133005314
0.37233552555931326
0.3723530510761862
0.37238744113512157
0.37242787734449645
0.37238073815972256
0.3723690659673942
0.37232873929561316
0.37231694802248605
0.3723114775585425
0.3723180384609783
0.3722657467624893
0.3722231128536092
0.37219235189385813
0.37214059985865267
0.372151780092703
0.3721191180003466
0.3721095019335055
0.37210643710935654
0.3720147356973464
0.3718999625733139
0.3717855738337083
0.3717223595625711
0.37168328020411506
0.3716185052761608
0.3716733081101908
0.3716911545178775
0.37167943683767235
0.37170471778910974
0.3716847717896608
0.3716821923609436
0.3716710128328241
0.37167215421958016
0.3716409881652032
0.3716040477878631
0.3716925984467729
0.37171997781698796
0.37170378710358165
0.37167503839666655
0.3716935968432426
0.3716249527584056
0.37164236253390664
0.37159403673222996
0.3715129526926645
0.371521921830131
0.3715076105470696
0.3714954693625738
0.37151214354774764
0.3714486807266932
0.3714595406640771
0.37152812332025514
0.37154663389381054
0.3714952116216406
0.37145460924496376
0.37148941138277075
0.37150012766845414
0.3715489814122283
0.37154428712384
0.37155553555468135
0.37159585429655134
0.37158059595515386
0.3715325173011717
0.37146538928712064
0.3713779917074927
0.37136324034271945
0.37135112198587206
0.3713350189959446
0.37132935581151505
0.3713659434234935
0.37137025662540585
0.3713310024037759
0.3712621530016669
0.3712387900108933
0.3712394894475163
0.3712917856459425
0.3712923229372836
0.37126551002781955
0.3712516132713396
0.37124705587551654
0.3712111665992812
0.3711724271093957
0.3711269697658157
0.37110712015841807
0.37108631980746976
0.3711127485698386
0.37112547244983585
0.37109254469950637
0.37108549724555284
0.3710218566000827
0.3709673937248173
0.3709289682508207
0.37088184061128365
0.37088486858566855
0.37084003886035233
0.3707569903537084
0.3708422858281074
0.3709135044535525
0.37092774384967275
0.37093264029851386
0.3709578462630804
0.37100259103867317
0.3709943270798098
0.37095484870903617
0.3709574977783983
0.37092725864180737
0.37088931378382567
0.3708426624920726
0.37078175403809854
0.37074018740610476
0.3706627397778641
0.3706507785393308
0.3706379346156327
0.37063795547611944
0.3706499484942934
0.3706297508697128
0.37060302112947885
0.3705902747185401
0.37059624247319267
0.37059888273777863
0.37057428986168617
0.3705496780421195
0.370554437757477
0.3705178324856004
0.3705146487982908
0.3704994113866942
0.3704556287423064
0.3704355750374759
0.3704628860302893
0.37054154655145516
0.3705041841018042
0.370498028118918
0.37049162635925603
0.37047232449860384
0.3704555810222037
0.3704564640695705
0.3704774292917147
0.37049490829206244
0.37047744000295846
0.37046340307084014
0.3704747076747376
0.3704840965353951
0.37050498408988064
0.37052000663962403
0.37055573882182546
0.37061148729917764
0.37065070039912823
0.3706460953839993
0.3706749680461503
0.37075163164466146
0.37080060222099726
0.3708451725391548
0.37091485149927933
0.3709592230631823
0.3709978110040779
0.37102465026038783
0.371056398048501
0.3710824451764191
0.37108678352863605
0.3711072161178605
0.37109390207974563
0.37108390034690375
0.3710803912559947
0.3711194601551219
0.37116738167207475
0.3711909749492203
0.3711754810429647
0.37120681763922037
0.3711853771819128
0.37118735027111555
0.3712059398206531
0.3712088948179106
0.37117903231879995
0.37117990596291695
0.37115590141575977
0.37118174818166455
0.3712019352799978
0.37119555954285577
0.3712518490525329
0.371281261951977
0.3712908388245188
0.3713365161945198
0.37136509398766415
0.3713862028667044
0.3713918438211188
0.37139787554693715
0.3713528082689978
0.3713650682113502
0.371349509945485
0.37134658137711235
0.37134977429094584
0.37138535453415705
0.3713954012984325
0.37139598678722135
0.37137976913476006
0.3713751103719467
0.37138340153969557
0.37137396163422487
0.3713472509927241
0.37130929250186245
0.37128623967162433
0.3712622811359966
0.37125209470638953
0.37127798354401786
0.37127826215681664
0.3712792259108198
0.3712512477476545
0.37125091044904074
0.37122593919898833
0.371194772609319
0.371174942915947
0.3711483580295024
0.3711586643431794
0.37118751856143195
0.3712118558427245
0.3712110356816677
0.37121682541529744
0.3712125457606337
0.3712044538791073
0.3712254874341915
0.3712211590155497
0.37121324421713997
0.3712110139600804
0.37119975358604407
0.3711907333093288
0.37118681949995586
0.37116990389090176
0.3711244367674005
0.371103465820978
0.3710968517767714
0.3710451417145131
0.37101311429613715
0.3710021507215588
0.37099186246554844
0.37099556061800487
0.3710218877908742
0.371006101175433
0.3709997084426457
0.37101998698617505
0.37104294798385223
0.37103982093294585
0.3710297719611344
0.37104989832566554
0.371057638161311
0.37106313451721307
0.3710671543077183
0.37106895168122833
0.37104654819287564
0.37105080929224404
0.37102510910605685
0.37102436750311857
0.3710184925864858
0.37098745433308955
0.3709588424280321
0.3709698030202165
0.3709822810320886
0.37099878769278494
0.3710415158282134
0.37103568865503816
0.3710363783923046
0.3710398454791828
0.3710380480090359
0.3709869236780878
0.3709690289916559
0.3709532542114361
0.3709310821435173
0.37089752966567174
0.37087291007610634
0.370862911799624
0.37084117623520485
0.3708372848994658
0.3708235576247726
0.3708087361328272
0.37080717712955596
0.370801847396598
0.3708208631815891
0.3708212148375131
0.37081817275918316
0.37082083584718895
0.3708130556510845
0.37082177034568775
0.37084482178918277
0.3708314978753397
0.3708379887533718
0.3708684246391632
0.37087704350301903
0.3708666203322707
0.37086909566995463
0.37088837102164735
0.3708754397007463
0.3708607856644031
0.370869129634528
0.370881388867735
0.37090092844785116
0.3709009452538217
0.37091080202434834
0.3709182763920622
0.37089760526092824
0.3709082129115618
0.3708858564618253
0.37083140724332114
0.3708262541311697
0.37079153074408727
0.3707663666316533
0.3707817729159175
0.370786406622728
0.3707843820543526
0.3707590305766822
0.37075196159767193
0.37073335776153143
0.3707017095245866
0.37070463742012005
0.3706958898189076
0.3706870798731981
0.37066064248956315
0.3706335797098744
0.37062044487084556
0.3705922477785872
0.37056295404071915
0.37055483597354355
0.37054567930608323
0.3705518276418943
0.3705711517965395
0.37057253319162975
0.37055545164985493
0.37056376397463875
0.3706148675413128
0.3706200670181609
0.3706147035751994
0.37061408310908933
0.37062519019102863
0.3706291954042248
0.3706095251581269
0.3705878677588897
0.37058072370923495
0.3705975996627472
0.37060507667152165
0.3706124874684628
0.37062703849300205
0.3706183795036442
0.37064598346962285
0.37063161437375347
0.37061321519799856
0.3705934156089206
0.3705825579102661
0.37058318205945684
0.37057272191113255
0.37056075111653947
0.370553663303385
0.3705238811720732
0.37052306987359646
0.370525186807122
0.3704991121119358
0.3705022133560763
0.37050004678908754
0.37047054437341165
0.37047955132242566
0.3705125485996924
0.37053285044204526
0.3705305758376906
0.37053861320986137
0.37052330267890254
0.3705262036761966
0.3705671498888313
0.37058480539945776
0.3706127961508256
0.37062834228313024
0.3706242730964182
0.37062790656495687
0.37065682756604035
0.3706851480570499
0.37069973505473097
0.3706975276715887
0.3707029387678156
0.3707010073395978
0.37067971080863865
0.37065612227369954
0.3706393638459076
0.3706323751154027
0.3706256884214165
0.3706135131165102
0.3706064811172735
0.3706002438844978
0.37059591395374275
0.37059362086648023
0.3705938200936939
0.37056637000547427
0.3705552862133011
0.37053211900320976
0.37050717469180844
0.37051282276640407
0.37050434474899313
0.3704941488210095
0.3704628735642753
0.3704679799654754
0.3704844155191989
0.37051065013896617
0.3705089226889952
0.37050620928487943
0.370520213995635
0.3705183334310042
0.3705166609956984
0.37048449244582565
0.37047432411261993
0.37046617893983347
0.37048338620043864
0.3704890966135247
0.37049473716296394
0.37050119211956806
0.37049068837991844
0.37048125156446005
0.37047667637542697
0.3704622066545501
0.3704480175017246
0.37045495273029394
0.3704690620852927
0.37047481625704437
0.37047124108893353
0.37046372817065676
0.37045625480895605
0.3704316363389397
0.37041365687730865
0.3703981996384426
0.3703692328936276
0.37035833379168354
0.37033909512870733
0.3703377934927358
0.3703541073215053
0.37034542652453056
0.3703424717125713
0.37031823800937475
0.3703178558502357
0.370332928649581
0.3703256122434199
0.3703136533525899
0.37030710511694886
0.3703191186232699
0.3703220939134874
0.3703276069525302
0.3703245888176033
0.37032528585333435
0.3702903795892597
0.37026403068942
0.37025421413605364
0.3702566554209211
0.3702605445965915
0.3702847371600593
0.3702847998983697
0.37027895544982414
0.3702704546951725
0.3702645737874358
0.3702717376288048
0.37027096581641944
0.3702656726416878
0.37025522989949544
0.3702471171138239
0.3702614572594319
0.3702405711304798
0.37022926224041897
0.3702079268328815
0.3701924589274702
0.3701829615178252
0.3701703509052263
0.37018660523139
0.370172496448475
0.370156843646049
0.3701215721239606
0.37010437706071203
0.3700895736699793
0.3700923463539369
0.3700700421658908
0.3700552172870077
0.3700698339955081
0.3700836971521858
0.37008356982201007
0.37010172819036935
0.3700958230181665
0.3700992500973442
0.370075654045414
0.37007098174981734
0.3700705159739614
0.37008319624666547
0.37008523036749735
0.3700769529984774
0.37006996723312185
0.37008064519265194
0.37008732483500445
0.37010188936559585
0.370109903189093
0.37010535596126864
0.37008697881124636
0.3700823513626817
0.3700856760419019
0.3700985521924214
0.37010833693852596
0.3701069185363317
0.37009032128109093
0.3700580520138715
0.3700506165625109
0.3700561960430909
0.3700567006384233
0.37003442133215037
0.37001055425647666
0.3699937929821391
0.36998455732420216
0.36997227809493893
0.36995525351918085
0.3699376774311192
0.3699356509145869
0.36992907880035497
0.36994256678705006
0.36993514273326505
0.36993790684720435
0.3699366418421714
0.3699135350329922
0.36991587660393105
0.3699067482948005
0.3698949012766931
0.36988334222568486
0.3698867007218837
0.3698886696173857
0.3698818272651289
0.36987104837651275
0.36987098551146325
0.3698554234654308
0.36984174975621614
0.36985452562203747
0.36985705457361373
0.36984138374189973
0.3698311861886461
0.3698233238448679
0.3698354089738281
0.3698213452419245
0.369819840189189
0.369804303430356
0.36979247959006883
0.36979307437619696
0.36978680651202656
0.36978080840371597
0.36977105257894854
0.36976994596457646
0.3697717308484045
0.3697712393261931
0.36975384976697473
0.3697463902589051
0.369740513426405
0.36973469573483336
0.3697479054562896
0.36975434326053935
0.3697421694587479
0.36975917296075017
0.3697535091939091
0.36975170634596166
0.3697543047540063
0.3697475259286241
0.3697503275276589
0.3697504985102189
0.3697453411890079
0.36973748538118695
0.369740390162867
0.36973288733714504
0.3697262955281282
0.3697239765780286
0.3697226046544165
0.3697374381900656
0.3697219621018551
0.3697158074951246
0.3697094766190417
0.3696877074055527
0.3696832472928066
0.36966743798350865
0.36965425767557697
0.3696519833097602
0.36967320539066445
0.3696732318466387
0.3696624022745345
0.3696701759526546
0.3696865369157346
0.36969857963746006
0.36970628111713194
0.3697172820160925
0.36969519418387325
0.36966718272744403
0.3696645511213591
0.36965817089896397
0.36965256254758344
0.3696547802779012
0.3696471176498566
0.369638114737684
0.36964426824958124
0.3696316585768101
0.3696152679910818
0.3695990698466654
0.3695827200238812
0.36956809456970524
0.36956816394342723
0.3695706201990685
0.3695638691708398
0.36956395451427926
0.3695666588779494
0.3695502835837009
0.36952812171758026
0.36952916155480436
0.36952553800451826
0.3695303590258354
0.36954586328386946
0.36956346667305034
0.3695660079470217
0.3695740404039672
0.3695725049968906
0.3695869136014661
0.36958885739451913
0.36960244802064623
0.36960427879875646
0.36959486431711347
0.36960957570177816
0.3695983155115435
0.3695968687126009
0.3695975570968715
0.3695951606673163
0.3695909335318763
0.36958202036769794
0.3695640739565104
0.3695410356044519
0.3695474931355366
0.3695661313519679
0.36956573941749715
0.36957091516488194
0.3695715479564095
0.3695747350720213
0.3695657307759128
0.36957019777734657
0.36957255643610953
0.36957154670765635
0.36957035773487273
0.3695596718443534
0.36955445250507085
0.3695577462820787
0.36954518863939756
0.36952850153426836
0.3695437002037332
0.3695488206666353
0.3695445899758555
0.3695651689069479
0.36956283000856466
0.36956693277142827
0.3695894483526192
0.3695744710468026
0.36958100639879926
0.3695868957310882
0.3695827159688923
0.3695805886832351
0.3695874595436568
0.3695810115710076
0.36958348826357734
0.3695816700011352
0.3695677843941531
0.3695536836667259
0.36955998520972533
0.36956645323786896
0.3695671339548918
0.36957039871959035
0.36956688509584085
0.3695580386018699
0.3695551666617706
0.3695496146795517
0.36954431702887464
0.369540533431211
0.36954200958869254
0.3695487256178388
0.36955477661139075
0.3695536379013331
0.3695734706635822
0.36956670034368677
0.3695541044200838
0.36953575133182837
0.3695422607314088
0.36954526540204485
0.36954606260123
0.3695689232024541
0.3695828760689662
0.3695768109205347
0.3695693238069464
0.3695625004955955
0.36954404377546446
0.3695226910332824
0.36952344675589704
0.3695232837495297
0.3695351626224845
0.36954069393407096
0.369542357249653
0.3695484456219974
0.36956574967101213
0.36956933262868347
0.3695597601862053
0.3695671944732586
0.36958140640680454
0.36958504345066734
0.3695916751454142
0.36959474070114046
0.3695976403891556
0.3696073693793574
0.3696066980624841
0.3695965154242547
0.3696022300846335
0.3696081190065721
0.3696102320657578
0.369615059210245
0.36962534847107986
0.3696193107588956
0.3696186575942948
0.36960075758847655
0.36959264686752413
0.36960219218482315
0.36959235672836493
0.36959864245291824
0.3695822466704315
0.3695738745180705
0.3695760457126633
0.36956799551458774
0.3695570282090497
0.3695471241903494
0.36953132438706815
0.369534961676562
0.3695483851863321
0.3695575461430276
0.3695572317264868
0.36955050853694943
0.3695542155968853
0.3695488042949211
0.36953640277298266
0.36952223037379234
0.369518177784656
0.3695135228030153
0.36950748436634756
0.3695055845927463
0.36948371486113285
0.36947363366418334
0.3694764420413733
0.36947761275310465
0.3694595510486339
0.3694511087787226
0.3694453998746018
0.36944671217481323
0.36944878570745465
0.36945918071617
0.36947160399548407
0.3694724227120877
0.3694776625295723
0.36948048894775704
0.3694701376085567
0.36949084060072546
0.3695058309444523
0.36951843036044235
0.3695279876887932
0.3695270433054616
0.36952488242698434
0.36951958562915843
0.36950558845768333
0.36951692944246495
0.3695162304098124
0.36952423573689214
0.36952395508935487
0.369519108129969
0.36952211836123466
0.36952399874338115
0.3695299682630516
0.36953111058714755
0.3695262355396658
0.3695298082957024
0.369533628581354
0.3695353023749203
0.3695301797221873
0.36952385795348375
0.3695178721290131
0.3695080357938423
0.3694918682357509
0.3694979293590642
0.3694889755309676
0.3694875154783456
0.3694914573247397
0.3695034163658855
0.3695157783103172
0.36949840985713406
0.36949212342728127
0.36949773052547746
0.36950016294676674
0.36949348095525064
0.36948742614283425
0.36948808257621013
0.3694764335753994
0.3694720572483119
0.3694778816300103
0.36948085372290596
0.36947878995927674
0.36948182456617884
0.3694781875680143
0.369481692326498
0.36947331483021034
0.36947063780205974
0.3694593299547304
0.369447165124142
0.3694354643763254
0.36944550858199193
0.36944938697418545
0.3694434280971317
0.36944775365000154
0.3694281436610783
0.3694206487182483
0.36940816165816465
0.3694149062123357
0.36941565913086327
0.3694075223448711
0.36940664952798363
0.3693908381200887
0.36937910231024396
0.36938323453214716
0.36938401473744775
0.36937504042139396
0.3693716099773398
0.3693572221938039
0.3693538095035521
0.3693560703950781
0.3693564058771118
0.36936145822622707
0.3693601303178539
0.3693616988635587
0.3693555056740102
0.36934917701813763
0.3693595558641596
0.36936120016247787
0.36937440247501535
0.3693807450275783
0.3693721808202602
0.36936555204413435
0.3693731885183532
0.36938832495648316
0.3693802972999794
0.3693827581950748
0.36937992838353817
0.3693758904414359
0.36936967113933256
0.3693738463450796
0.3693822618874525
0.36938189706298574
0.3693772187400263
0.36937240248482595
0.3693713318967218
0.3693624086043767
0.36935305275921043
0.3693497565382759
0.36935470643268525
0.36934553924913877
0.3693568334020513
0.3693524530386709
0.3693440097303939
0.3693406873379888
0.3693305289371813
0.3693160880629714
0.36931906557702604
0.36931388913510893
0.3693117645296099
0.36931149781426237
0.36931168612041076
0.36930908791973366
0.36930597146115374
0.36931709859524586
0.3693157918120834
0.36930905606655706
0.3693116102569743
0.3693086804887034
0.3693169302908909
0.36932113166648006
0.36932405106222616
0.36931968693357764
0.36931917056827557
0.369315953882985
0.36931969569627493
0.3693235995314176
0.36933372935165365
0.3693378022902148
0.3693437639185621
0.3693528255510673
0.3693581073240104
0.3693527474001513
0.36934860334941416
0.36934703689142734
0.36934444334341987
0.36933599957046137
0.36933458977539074
0.36931570369522154
0.36930302898836737
0.36929715238520733
0.36929100199275966
0.36928345067050067
0.36929839498618294
0.369304339778947
0.3692964174341799
0.3692962716705969
0.36929694597709867
0.3692896446978296
0.3692950657465555
0.3692999565642029
0.36930099335786065
0.3692963398303904
0.3692940664265592
0.369287889291048
0.3692837893388014
0.36927520580102596
0.36927270464927864
0.36927103000811484
0.3692685103803943
0.36927189712677927
0.36928099912552487
0.3692805207456538
0.3692725827413015
0.3692777281855339
0.369277357217431
0.36928589807332335
0.36928600184513494
0.36928953691939875
0.36929397216954335
0.369289524752801
0.3693003802402457
0.3693110163646419
0.36931304811726284
0.3693099486716947
0.3692987096775951
0.3692970646537852
0.36929599375568983
0.3692904420584515
0.3692946932686658
0.3693058493900116
0.36930054787133076
0.36930309948397433
0.36930717407387087
0.36930323594715775
0.3693071754029136
0.36931028094511215
0.36932467443011435
0.36933379053187526
0.3693290882806235
0.36933506666948274
0.3693432832940198
0.36934516856114524
0.36934130852553126
0.3693427385913668
0.3693453566444521
0.36934738736358746
0.3693461280534838
0.36934274525024974
0.36933807184676953
0.36933782655440645
0.3693445804331121
0.36934264200540506
0.3693446011930729
0.36933847918332413
0.3693424589579488
0.3693498308974223
0.3693500891520085
0.36935666154029617
0.3693647167892522
0.3693641890994604
0.36937962491078435
0.3693931757388023
0.36940947405089813
0.36941143777530105
0.36941374888523365
0.3694160378990065
0.36941704627900335
0.369422413722119
0.3694309974047489
0.3694260726556192
0.3694227192801122
0.369417046411558
0.3694100804724435
0.3694155534890444
0.36941777419799976
0.3694265907173914
0.36943206959166897
0.3694369841625045
0.36944311602969776
0.369454665008167
0.3694504235624834
0.36945148702553454
0.36945265111449493
0.3694609810584067
0.3694601880055352
0.3694783379092352
0.3694929518570663
0.36947942386034227
0.3694791906325708
0.36946915438731076
0.36945871051314777
0.3694611595431991
0.36946234041632664
0.3694688162497679
0.3694713359017928
0.369467360576197
0.3694585520037662
0.369467036787426
0.36946910807535027
0.3694626466655476
0.36946548944048035
0.3694608395822809
0.36944992098732216
0.3694454263598923
0.36943793542382186
0.3694363836728395
0.3694367115083258
0.36943729144475046
0.3694423811961013
0.36944505479642437
0.36943510868933943
0.3694398707701311
0.3694526626284744
0.3694526845961707
0.3694441334290988
0.3694404053464576
0.3694389723623237
0.3694413776359863
0.3694318922919202
0.36942965255598853
0.36943211374673984
0.36943533378557564
0.36942665593074275
0.36942389918314833
0.36942871353742246
0.36943206882685603
0.3694309725244868
0.36942743237021697
0.3694300031161308
0.36942211758691307
0.36941842722112606
0.3694135870690284
0.3694248098369268
0.36941555279642796
0.36940769108470883
0.36940737507742644
0.3694084443212232
0.3694154233573097
0.3694127277302864
0.36940718227935315
0.36940243559598107
0.36939272790629757
0.36938568651021103
0.3693728256540959
0.3693720264472545
0.3693731312328994
0.36938274683099853
0.36939076399505955
0.36939932085330135
0.36940053561131486
0.36939447370079376
0.36939350831670237
0.3693917854309005
0.36939107026058793
0.3694002214223321
0.3694120461007731
0.36941505070266817
0.36942204230966075
0.36942770569965155
0.3694319054394434
0.36943774618413433
0.36943465120616326
0.36944136825188006
0.3694398475320329
0.3694398342338332
0.3694472077965016
0.36945152217798816
0.36945870588239615
0.36946646506759206
0.36947160739345797
0.36946912796048353
0.3694728851055361
0.36948618956860935
0.36949262066172467
0.3694884965295742
0.36948574029427694
0.3694820738751566
0.3694927085816731
0.3695000803322
0.3694997601390542
0.36950389982296195
0.3695010830437014
0.36950177249830557
0.36950246996218955
0.3695062566664585
0.36950904750729935
0.369516639523176
0.36951903254688107
0.3695175384973485
0.3695161762517122
0.3695107135571144
0.3695070944461552
0.36951438870519276
0.36951109595798604
0.3695154677615877
0.3695272599042061
0.3695347411813453
0.3695299397294949
0.3695396101768181
0.3695414410886378
0.36954089353370995
0.36953837153217783
0.3695486490338526
0.36955293545124457
0.3695474704715733
0.36955016612448666
0.36954515087676737
0.3695459678978539
0.36954248429098047
0.3695369571921508
0.36953263576266
0.36953388784099817
0.3695314490648808
0.3695379102818063
0.3695367942926787
0.36953831716839347
0.3695476484817527
0.3695472294834431
0.3695565820550938
0.3695548079334169
0.3695521434511428
0.3695492789741762
0.3695438169703957
0.36954500981351557
0.36954802598804587
0.3695583259694754
0.3695690363943297
0.3695750804225356
0.3695771655370155
0.36958177549337873
0.3695723374973842
0.3695576977966202
0.3695533107603417
0.3695560605232393
0.3695510992786948
0.36954820337506494
0.36954603917649964
0.3695484223640526
0.36954456351544335
0.36953714196702747
0.3695442975807619
0.3695505558906632
0.3695478580283842
0.3695458278627874
0.3695463207814283
0.3695402938223147
0.36953701741670103
0.36953493642514446
0.3695298352555591
0.36953368305616646
0.3695372782142176
0.3695400080124712
0.36953818119497456
0.36952498978058684
0.36952198868458
0.36953789233891265
0.3695378087241865
0.36953454694957844
0.3695320891737123
0.36953224265574436
0.36952639652431235
0.3695285062749443
0.36952947314182255
0.36952894126415947
0.36952302887688676
0.36952402802976
0.36951997848312984
0.3695281020179982
0.3695328909229739
0.3695278753835729
0.3695337019194432
0.36953619978182395
0.3695292448317964
0.36953524063306026
0.36954626349756947
0.3695540705743559
0.36954434882946247
0.3695346374707887
0.3695335129916666
0.36952793014866553
0.3695304490906788
0.36953667023616876
0.3695353809289534
0.36952858605216515
0.3695201376587645
0.36951505368415144
0.36951936841342037
0.3695242104194139
0.369530878758074
0.36953300516515225
0.3695419936539634
0.36954875121666014
0.36954920425279497
0.36953641409500715
0.36954230498348917
0.3695496980223023
0.3695519559243562
0.3695544998910545
0.36955990503451575
0.3695683741397421
0.36956718401094574
0.36956815385214065
0.369566369058864
0.36956319517470254
0.36956049118565415
0.36955592405296095
0.36955570106062796
0.3695580312746235
0.3695565494106003
0.36955907743040506
0.3695611621544046
0.3695590091006116
0.36956134688824854
0.3695713733504503
0.3695732927797088
0.36957880204920057
0.3695770389232889
0.3695744767150135
0.36956379126836264
0.3695610560477703
0.36956215525771996
0.36954990088469175
0.369543077840745
0.36954075268606484
0.3695364675932384
0.3695360150478026
0.369534318433766
0.36953106811590847
0.3695262949748884
0.3695200566014911
0.36951753325128434
0.36950348408863853
0.369501622999436
0.3694966688526121
0.369500122561621
0.3694923151182006
0.369496799242362
0.3695052405019696
0.3695019783778851
0.3695056363809211
0.3695009111248694
0.3694901594898942
0.36949061745480954
0.3694915879605651
0.36949494743087263
0.3694931876118111
0.3694926487375393
0.3694911197980634
0.36949564012635977
0.36950021344112793
0.36950039705148835
0.36950994885364624
0.3695159586196838
0.36952375323246517
0.36952366897779787
0.3695225285994462
0.36951853642479104
0.3695244579651757
0.36951216473398674
0.36950697954890904
0.3695088323988259
0.3695084926151298
0.3695064931915663
0.3695028210655324
0.36950273208300816
0.36949658801993995
0.3695034567703438
0.3695021081942259
0.3694923245918874
0.3694874578197724
0.3694877558546717
0.36948338471096737
0.36948211882991744
0.3694767241603263
0.3694777868658526
0.3694710267576366
0.3694629806716395
0.3694655788258922
0.36947722930911675
0.36947319769654097
0.3694691070796176
0.36946198944553743
0.36946390121243516
0.3694680305934372
0.3694682749969372
0.36947277796731104
0.3694805210518537
0.36948054202677977
0.3694776944173372
0.36947247150029866
0.3694716074707017
0.3694710516453149
0.36946341241286673
0.3694621586555259
0.3694588472103111
0.3694578826918864
0.3694624155235253
0.3694666231706199
0.3694615965807884
0.36945618845645256
0.3694577549750634
0.3694571960269666
0.36945775328348707
0.36946447561288004
0.369475511360626
0.36947329779497234
0.3694749800940813
0.36948015778155224
0.36948328092168375
0.36948264851126655
0.36949147206099414
0.3694947791962274
0.3694965057247834
0.36949473460571125
0.3694861521108218
0.369488678583145
0.3694939382152868
0.3694954850827867
0.3694946916003493
0.36949542149930187
0.3694968537304725
0.36948764449883625
0.3694755316971392
0.36947537113158646
0.3694698733437269
0.3694717661374901
0.36948280303319136
0.36947917309347184
0.3694791259352992
0.3694738965775123
0.3694707226580553
0.36946362265058663
0.36946817787416936
0.36946297486120633
0.3694561419481678
0.3694513918128553
0.3694455058916177
0.3694483792919893
0.36945102701329796
0.3694538799363395
0.36945423451926707
0.3694389988303012
0.36943286335817477
0.3694330908094246
0.3694379653107696
0.3694538237867478
0.3694581663396263
0.36946050677385095
0.36946011845239696
0.36945849350465065
0.3694578439243544
0.36944968192058636
0.36944755098837384
0.3694411187935418
0.3694272452314228
0.36942727158434563
0.3694305322024188
0.3694326827158568
0.3694341436553577
0.36943864558727657
0.3694387446334089
0.3694362990959444
0.36943843551301525
0.36944493137213374
0.3694398799222805
0.36943621193375026
0.3694327527834604
0.3694270491406382
0.3694220026674319
0.3694281156349727
0.36943156797879184
0.3694300049642483
0.36943279140555996
0.3694384446565287
0.3694417164548743
0.369442866038848
0.36945003320064107
0.3694560221571304
0.36946365425451355
0.3694688720811068
0.36947922363993624
0.36949779115874615
0.36950786285999493
0.36951372273911226
0.3695213205035877
0.36952544043595636
0.3695309865594498
0.3695278517955545
0.3695283476756624
0.3695284693461294
0.36952287201695183
0.3695235494438805
0.36951634085950985
0.36951677076107287
0.369519215234951
0.369519767181473
0.3695184259955651
0.3695149699452434
0.36950675652936
0.36950103336110357
0.36950501505205036
0.3695006122162298
0.3694903662582394
0.36948410703967277
0.3694832081456258
0.3694907359144526
0.3694926762671341
0.3694997656054058
0.369504028122998
0.3695077893154239
0.3694996304588735
0.36949572696570127
0.36949977756978647
0.3695081197997325
0.36951139865700056
0.36951895862672174
0.36952041734492236
0.3695111592385539
0.36951609925742335
0.3695189987623516
0.36951203849934283
0.36951537904603665
0.36951872552987514
0.36951728026003366
0.3695175036111413
0.36952306136041774
0.36951893750366915
0.3695147744605019
0.3695150647159313
0.36951239108530404
0.3695126316057582
0.3695154483584446
0.36951430873486196
0.369507097556597
0.3695002785818015
0.36948962175155536
0.3694858869880842
0.3694935892487183
0.36950222249529613
0.3695076232378738
0.3695128434329084
0.3695146562004301
0.36951833794828237
0.3695162923333065
0.3695168906036785
0.36952304109880013
0.3695260841088375
0.3695325893105131
0.36953913160680274
0.36952973013202683
0.3695256365726904
0.36951844813795415
0.369523110952214
0.369523662274265
0.3695232259572145
0.36952041915268014
0.3695149268476346
0.36951186599690516
0.3695108038026183
0.3695054855178097
0.36949844338498483
0.3694983617591121
0.36949927410985023
0.3695047353659992
0.36950714004348467
0.36950587694871206
0.36949196586846117
0.369490985227031
0.36949068201888585
0.3694928797804939
0.36948643282952726
0.3694810727118466
0.36948869207982404
0.3694928618722197
0.3694894908417721
0.3694903537314416
0.36948845898990057
0.36948319761382253
0.3694857301169634
0.3694859074800871
0.36948796146672175
0.36949325374101005
0.36949533479415164
0.3694988060273653
0.36950033456016224
0.369495042775767
0.36949606769935617
0.36949182687811205
0.3694827699089754
0.3694728580295594
0.3694700940994206
0.3694742832374891
0.3694762553831099
0.3694716061745092
0.369478001600177
0.3694817550595029
0.36948109840474175
0.36948021130218983
0.369479774627064
0.36948071961440726
0.36948475097233024
0.36947966341040217
0.3694744659800333
0.3694836741732901
0.3694841879818044
0.36947985027806685
0.3694825779262805
0.3694850358937095
0.3694812424577585
0.3694705746791607
0.36946845635338443
0.3694714391400771
0.36947692351404915
0.3694822716007034
0.36948561159893023
0.3694787901040396
0.3694775264036523
0.3694705738035445
0.36946217680489796
0.3694649639496939
0.3694670635797937
0.3694624586115836
0.36945973832102275
0.3694584427008566
0.36946103571975814
0.36945730513682706
0.36944790946381606
0.36944854004682853
0.36944680071413977
0.3694483036683681
0.36944729058305326
0.3694410915259469
0.36944412005949995
0.3694372010385319
0.36943349574551804
0.3694302656036995
0.36943054212035414
0.36942282691833683
0.369428966163931
0.36942964038099535
0.369428168413144
0.3694267140855761
0.36942492306947905
0.3694272303913965
0.3694257053263233
0.36942036333878747
0.36941678153374435
0.36941129864206385
0.3694117821610406
0.369406952856055
0.36940166584710427
0.3694013004185535
0.3694054562242425
0.36940325774245714
0.36940410719363137
0.36940621934422785
0.36940173107992175
0.3694039042834336
0.36941026274551947
0.3694149909397967
0.36941491893241407
0.3694210765169563
0.3694181049849345
0.369417129396367
0.3694207003767439
0.3694211566967472
0.3694199918216425
0.3694181306592702
0.36941784843276687
0.36941656442328025
0.3694130964691939
0.3694103614277086
0.36940363272713933
0.36939866333038357
0.369391689936352
0.3693925273799722
0.36939046332372943
0.3693918578569342
0.3693815622592039
0.3693831622131615
0.36938331344700087
0.369386278081165
0.3693797881430324
0.3693743851354354
0.36936942456467453
0.36936440003925564
0.36936618146269384
0.3693664738348059
0.3693675875672032
0.3693652623738916
0.36936520538956663
0.36936465181581446
0.3693731733182821
0.3693758283475389
0.36937423915450324
0.36937582907572913
0.3693706074093135
0.36936513182512803
0.3693606164648857
0.36935533775260315
0.3693541558734628
0.36935469507641
0.3693543611763163
0.36935365466064135
0.3693554388596271
0.369363535043908
0.36936625988985344
0.3693702059156236
0.36936896732458646
0.3693693075199767
0.36937224098708676
0.3693696080057685
0.36936790634145394
0.36936571120434164
0.3693620779239009
0.36935966254372843
0.3693541631568957
0.3693561989744473
0.3693543436733395
0.36935379401890667
0.3693516747334299
0.36935154583164354
0.3693527408293411
0.36935288092665475
0.3693533542110112
0.3693527384938419
0.36934971522168586
0.3693454979836708
0.3693446203006319
0.3693449051695146
0.3693448868813935
0.3693382437104871
0.36933539006189275
0.36933007919828365
0.3693350047937479
0.3693346238810505
0.36933418690196834
0.36933353664296603
0.36932902704683135
0.3693320825093457
0.3693342287590722
0.3693299370439616
0.3693336806282172
0.3693345381616228
0.36933455539972654
0.36933563802452035
0.36933276939760207
0.3693328799186064
0.36933389332698946
0.369334482763665
0.3693396586654388
0.36934177544564867
0.369342731692416
0.36933940761547907
0.3693364520888964
0.36933738945085515
0.3693403941008457
0.3693475527187431
0.36935113253515517
0.36934853720549593
0.36934633853600146
0.36934362187488584
0.3693448763131526
0.36934247750196614
0.3693365294472182
0.3693339169882792
0.3693265698748436
0.3693240391659873
0.3693273235110413
0.3693250660313725
0.36931931728458606
0.3693175761803938
0.3693135667273835
0.369316742415973
0.3693174106339445
0.36931361029160814
0.36931919285198145
0.3693229899479813
0.3693262257308998
0.3693311008611048
0.3693400563162008
0.36934663231957665
0.36935119118188814
0.36934683596340406
0.3693447431270825
0.36934746329649654
0.36934978839989474
0.3693543276391259
0.369362709565106
0.369368429560827
0.3693711902446834
0.36937481723049664
0.36938388882373124
0.36939242136767614
0.3693944520290381
0.36940136851191124
0.3693976247331326
0.3693942697562077
0.3693987614930246
0.36939335600076845
0.3693877501658799
0.3693887241501225
0.369392291344969
0.36939274306448333
0.36939448020719623
0.3693952373955038
0.36939353112616
0.369393756253418
0.3693938025535038
0.36939453098141684
0.3693968256216798
0.36940087127560856
0.36940123882908876
0.3694017507576247
0.369407769823041
0.36940853029195675
0.3694084553618284
0.3694110724103747
0.3694151793818394
0.3694163577439178
0.3694168576756539
0.36941307438473453
0.36941798989381397
0.36942918367001243
0.3694326678794482
0.3694310124906461
0.3694361966631524
0.36943885923079645
0.3694398647731231
0.3694402451411826
0.3694436855711953
0.36944237655014533
0.3694423407429704
0.3694425812393638
0.36944898984027924
0.3694480775673747
0.36944394425092597
0.3694393197440685
0.36944015175278316
0.3694433710842237
0.3694438469944299
0.36944485249633296
0.3694466909714696
0.3694516033225109
0.36945468687345795
0.36945205037676687
0.36944833504143143
0.36944671398391016
0.36943924764121194
0.3694399373123646
0.3694432227410881
0.36944404618163845
0.36943181211476905
0.36943450213969137
0.3694421154741672
0.3694351280107002
0.3694367921705553
0.3694424158913413
0.3694420900771763
0.36944663877756667
0.3694552909136608
0.36945649168107414
0.3694566781817768
0.369457544894642
0.36945916096395376
0.3694555442915316
0.36945607067147074
0.3694530979735551
0.369454227986758
0.3694595500524167
0.36945935677438696
0.3694534199614929
0.3694552031771072
0.3694627877672049
0.3694607065964339
0.3694561570014361
0.3694568006947614
0.3694571159183807
0.3694547431590835
0.369455063996571
0.3694554996805684
0.36945657928127046
0.3694585905783233
0.3694546810714796
0.3694529410742367
0.3694551947842404
0.36945076679199207
0.3694459538406921
0.3694424133379774
0.3694339283586747
0.36944068709067196
0.3694487464497692
0.3694497156920742
0.36944206314689293
0.3694408579135689
0.36943796564174164
0.3694303157823801
0.36943212854997487
0.36943055539236797
0.36942501882075807
0.3694239885939576
0.369419718940868
0.3694172705197946
0.36941549723258466
0.36940950460833544
0.3694104397512742
0.36941020978801
0.36941007429981504
0.36941249618709665
0.36941437696044677
0.3694094419047963
0.3694128189045325
0.3694160859745409
0.36941355291984235
0.369412083024377
0.36941428220504735
0.36941619940585074
0.3694073185838868
0.36940223316798254
0.36939913232218985
0.3694051302729002
0.3694084640292038
0.3694103102665124
0.3694086996939672
0.36941099162472846
0.3694092242711119
0.36940729663292055
0.36940880334800213
0.36941239223653694
0.36942472993953723
0.3694234386641005
0.3694196086862002
0.36941486350418296
0.36941792859132494
0.369418052771257
0.36941595855313475
0.3694112201804987
0.369414883591289
0.36941491335595933
0.36941921820819196
0.3694172526157654
0.36942094877976817
0.3694226201775268
0.3694258119805839
0.36943059539851053
0.36943622743294635
0.36943749348784916
0.36943628126899447
0.3694308202593357
0.3694287910896641
0.369423120453048
0.3694232008841555
0.3694241954802993
0.3694281787733493
0.36942761950356146
0.36942516788724195
0.36942232002516695
0.36942195073404654
0.36942953604954687
0.36943819652803106
0.36943546515841724
0.36943966088212704
0.3694471561565534
0.3694501420849282
0.3694489923272273
0.3694470008119952
0.3694494199702214
0.36944977787577454
0.36944737831379987
0.36944401918474296
0.3694398934229683
0.36944194700232036
0.3694461002949214
0.36945011433759106
0.36944834417457073
0.36944819392951317
0.3694407832880501
0.36944317421632816
0.3694488007232943
0.36944989817227686
0.3694492949277845
0.3694536037341524
0.36944950383329306
0.3694503382278748
0.3694491187227592
0.3694521141086331
0.3694510005939719
0.36945792752197587
0.36945592547191636
0.3694656247134779
0.36946926510057876
0.3694678761313434
0.36947204386388965
0.3694742885547059
0.36947082304683576
0.3694630828699455
0.36946232331400564
0.3694673240138997
0.36947298099075115
0.36947490741075983
0.3694777286372545
0.3694814418106944
0.3694836743819851
0.3694844381255447
0.3694884952251035
0.3694886925670733
0.3694877011888009
0.3694890936255489
0.3694868089887823
0.3694921077062118
0.36949814489235816
0.3694976148468135
0.36948985755866903
0.36948978754373146
0.36949486947183424
0.36949289277214764
0.36949093868575267
0.3694921961232577
0.3694951950102888
0.3695000757632878
0.36950301082661974
0.3695079695075708
0.369506119672334
0.369507822430272
0.3695088114406508
0.36950793058422343
0.3695013469354702
0.3695051787040543
0.3695126347939959
0.36951127730451605
0.369508950467717
0.3695089803460227
0.36950875067054406
0.3695112198696885
0.36950743414706855
0.3695007060542434
0.3695034187777542
0.36949530143236625
0.3694907032670727
0.36949291967089815
0.36949456917617823
0.3694952826567021
0.36949506854597186
0.3694887678851539
0.3694827518379816
0.3694804897989294
0.36948020778042506
0.36947749006703134
0.3694809988075995
0.3694805484917334
0.36947951886289165
0.3694753825423436
0.3694732422646439
0.3694758911992708
0.3694795911613688
0.3694784060819569
0.3694777820446925
0.3694793061246225
0.36948105875577175
0.36948054348425974
0.36948224064179047
0.3694902349915563
0.36948827523899086
0.3694902745131283
0.3694869204507237
0.3694852583116327
0.3694851919410386
0.36948308472299957
0.3694817183162758
0.36947876501265153
0.36947662333355874
0.3694790244577933
0.3694761627227754
0.36947079743431194
0.3694709619757136
0.369470674150962
0.3694690257129731
0.36946715244058914
0.3694681716526799
0.3694733685048816
0.369475056504619
0.3694752104494124
0.3694779517996589
0.3694765866926882
0.36947300628413465
0.36946520394590315
0.3694633909535944
0.3694612290338146
0.3694646243947942
0.3694670892161646
0.3694705316118768
0.36947761783800787
0.36947618421823647
0.36947850702126434
0.3694783000370821
0.36948297615452524
0.36948146701907475
0.36948552927720707
0.36949082732265953
0.36949417258361356
0.36949564512379407
0.36949527223737905
0.3694916652585315
0.3694902837199924
0.36948422628034344
0.369488681406274
0.3694926350422368
0.36949100779410815
0.3694907191834485
0.36949066985071094
0.36948416537461326
0.36947833961375315
0.36947304050729535
0.369475171406509
0.36947264986430584
0.3694679128884964
0.3694660108987452
0.3694677524563041
0.36946659718399794
0.3694690206782862
0.3694774177379614
0.3694844881854924
0.36948857336837326
0.36948483805980403
0.36948012259352025
0.3694793952969272
0.3694808436372397
0.36948289927853284
0.3694838590395438
0.3694799521132011
0.36947552065161354
0.3694736526049965
0.3694768377015261
0.36948110577969173
0.36948215264310486
0.3694836806881262
0.36948606919418614
0.369482342687535
0.3694755786735706
0.36947435441674514
0.36947620900937717
0.3694742566209581
0.3694745606302992
0.3694806279575504
0.369482223792741
0.369481663439299
0.36947861932063314
0.36948057897098063
0.36948001874714603
0.3694789388491963
0.36948022451881746
0.3694798635179724
0.36947579672598213
0.3694720596190054
0.36947399409514936
0.3694745801573434
0.36947362575454346
0.3694746353984283
0.3694754085079887
0.36948076411207686
0.3694833700860873
0.36948229753186684
0.36948130536326185
0.3694847882603039
0.3694902499673297
0.36948793398385926
0.36948927577110746
0.3694910912817574
0.36948861314963716
0.36948537335389936
0.36948473924617264
0.36948402214727444
0.36948055168758104
0.3694786961635662
0.36947740330571543
0.36947429694487505
0.3694757463498296
0.369473390531966
0.3694709343401026
0.36946948574115474
0.36946961776255344
0.3694710598444077
0.3694707013902694
0.36947234034701487
0.3694694401187003
0.36946820421222765
0.3694690709164742
0.36946193302134617
0.36946074844537985
0.36945993781676245
0.3694592397823226
0.36946270155398947
0.3694635947267637
0.36946357799917723
0.36946177533369834
0.3694635126298896
0.3694603978630844
0.36945925754398795
0.3694591170636443
0.3694585801704482
0.3694594829407954
0.3694602438292974
0.3694609717116471
0.36945853839262266
0.369459997327096
0.3694564123840154
0.3694629986228901
0.36946616747452726
0.369467882199357
0.3694679519988755
0.3694654106728722
0.3694640111558357
0.3694684806103397
0.36947245112425375
0.36947306783461087
0.3694689479738686
0.36946383018248546
0.3694656177784545
0.36946496473575463
0.3694628710878654
0.3694586182636919
0.3694580764216382
0.36945836088000333
0.3694596935386552
0.3694568104805624
0.3694580415789917
0.36945811285847313
0.3694532109041044
0.36945375551264886
0.36945505258659816
0.369447449710119
0.3694420499434957
0.3694408993909452
0.3694354829955067
0.3694309988304683
0.36943303350096385
0.36942839746853684
0.3694280792836485
0.36942503766293017
0.369420949434236
0.3694170661716844
0.3694148658376005
0.36941660782649116
0.36941492392193775
0.3694112067909375
0.3694097569646758
0.3694104908201675
0.369413973949143
0.3694095130226165
0.36940741339144667
0.3694040463879031
0.36940749117566685
0.3694092687395971
0.3694047375702568
0.36940202036884
0.3694005140270301
0.36939701872659586
0.36939234597633613
0.3693891457607323
0.3693908801754131
0.3693928633671243
0.3693926599961506
0.369394890592
0.36939429292399445
0.3693874608191254
0.3693838826172134
0.3693856712871793
0.369381650613542
0.36937799812824795
0.36938066857112
0.3693774900928826
0.3693785762618852
0.3693806491675139
0.36938206083736086
0.3693830698436563
0.3693857933968815
0.3693881571491756
0.36938865725497194
0.3693860823867437
0.36938574397548946
0.36938188207760225
0.3693788592543794
0.36937689434850124
0.36937412616873944
0.3693692590153858
0.36936164868939403
0.3693631225132695
0.36936359470700136
0.3693672210503283
0.3693659911518638
0.36936834497560833
0.36936899361073083
0.36936384714699755
0.369365901404769
0.36936256121182426
0.3693626134415621
0.3693621987078919
0.3693596805799122
0.3693563728497095
0.36935955870566883
0.3693582846948452
0.3693587575982438
0.36935227449745184
0.36935471456772445
0.36935258145965755
0.36934455977645064
0.36933793479621274
0.3693393248148351
0.36933739704932644
0.3693356416148625
0.369337391136214
0.3693394763954221
0.36933904618881225
0.3693385928105856
0.3693380046535943
0.3693396093076828
0.3693389379394553
0.36933651947036766
0.36933638283365905
0.369337286705243
0.36934400970955594
0.3693416728790969
0.36933960084578893
0.36933709603179027
0.3693363673001778
0.3693343439446115
0.36933533768806437
0.3693364721482923
0.3693338705152621
0.3693346122844429
0.36933244509005275
0.36933161217628435
0.3693277432610226
0.369320755150342
0.36931891267944417
0.36931849258731714
0.36931477635094156
0.36931004222692465
0.36930638399376786
0.3693023766926071
0.36930815414599516
0.36931181285629444
0.3693128970612567
0.36931528980831446
0.36931612761732324
0.36931949805995196
0.36932766109458326
0.3693340272857726
0.36933901794453866
0.3693429387044919
0.3693434507174693
0.3693453273903838
0.3693524376358132
0.3693511685353691
0.36935370305612314
0.36935886232188586
0.3693638802017426
0.36936837491680563
0.36936549875801816
0.36936919775752364
0.36936970058749385
0.3693696018275385
0.36936996451970355
0.36936963228922653
0.3693719830476792
0.3693740284801271
0.3693779659416541
0.36937724043952974
0.36937291588515336
0.3693686327339266
0.36936943285767415
0.36937079348718166
0.3693706899133829
0.3693706530428509
0.3693748949656095
0.36937779618089767
0.36938500718782685
0.36938999479273377
0.3693906853625303
0.3693926828912076
0.3693886770313306
0.3693863574685162
0.3693901733901273
0.3693895263396087
0.36938998424301733
0.3693902273498022
0.36939209054953703
0.3693922676067532
0.3693922008160896
0.36938868754118015
0.36938807367349463
0.36938455222305283
0.3693807843366354
0.3693825641631476
0.3693841127023604
0.36938495251561737
0.36938547846921593
0.36938708744574106
0.36938344557433067
0.3693808838398488
0.3693867145352048
0.3693877866689285
0.3693943112294848
0.3693980901375148
0.3694005558471823
0.369404236466134
0.36940435857299414
0.36940448397563685
0.3694035728557622
0.36940035042178826
0.36940304780916716
0.36940712574007234
0.3694118022441682
0.369412448006483
0.3694064274992255
0.3694049872871646
0.3694031240460979
0.36940510055482295
0.36940548563331904
0.3694019295665904
0.369399086806469
0.369396970686985
0.3693963587933074
0.36939225617594296
0.36939366907325366
0.36939697849231207
0.36939476514227454
0.369394758801725
0.36939839785174755
0.36940058206026444
0.3693989580403731
0.36939819956828884
0.36939925100462595
0.3693998896342706
0.3694003850476892
0.36939704859640493
0.3694005863226244
0.3694054933075266
0.36940617550885585
0.369406188976942
0.36940585518159613
0.3694044542151533
0.36940601369311743
0.3694045208381862
0.3694064631636845
0.36941054254952155
0.3694085025684738
0.3694080432630066
0.3694104259052689
0.36941638073104877
0.36941916596080443
0.3694163788294484
0.3694126992670778
0.369410914145884
0.3694111825860793
0.36940939114511473
0.3694128711209417
0.3694104090237384
0.36940700304843477
0.3694009544390614
0.3693994516673411
0.3693960479079648
0.36940039721268497
0.36940317080634893
0.36940759929716166
0.3694063341606532
0.36940040028171967
0.3693974080247683
0.36939542475348053
0.36939546624893804
0.369398681928547
0.36939906281951274
0.36939700685511867
0.3693908774481724
0.36938700957387716
0.3693824845923911
0.36938635862627217
0.36938098246880374
0.36937851031592966
0.3693736952731245
0.36936643886581866
0.36936645296249465
0.3693661319914395
0.3693616109990045
0.3693569267297887
0.36935935058908687
0.3693610267271636
0.36935908761768693
0.3693609272397509
0.3693613304255488
0.36935690793015763
0.369353339406145
0.36935012378540055
0.36934714844253635
0.3693484741315434
0.3693441607005361
0.36934110974582146
0.36933604096788186
0.3693327307944611
0.3693307825017681
0.36932769326157416
0.3693279212443635
0.36933026046922346
0.3693298272852914
0.36933423502068646
0.36934192362001594
0.3693443678244578
0.36934481229730903
0.3693409151701925
0.3693376121544457
0.3693371265935792
0.369335776836953
0.3693346317126815
0.36933372884969423
0.36933346331280986
0.36933412334556165
0.3693347778999414
0.36933810605427264
0.369336882675826
0.3693327588109786
0.36933068511359124
0.3693345248024689
0.3693377703461795
0.36933772456957686
0.3693362022305183
0.36933291818835484
0.3693327470604589
0.3693288411844634
0.36933034462275477
0.3693310175706014
0.3693340896531217
0.36933714816978636
0.3693375405701926
0.36933568076828327
0.3693387659123459
0.36933805481937254
0.36934009181460953
0.36934050729482615
0.36933683012003127
0.3693357913067908
0.36933382882830257
0.3693310512780514
0.3693290529777401
0.36932479075568353
0.3693242132557971
0.36932360789286156
0.3693230824851455
0.3693247311791787
0.36932440917684156
0.3693285728939297
0.3693268841992926
0.36932379985974956
0.369319263037424
0.3693171493789757
0.36931765671592126
0.3693161771269677
0.36931498366255794
0.3693104073512864
0.36931111351604823
0.3693131767905624
0.36930768792345486
0.369306872142748
0.3693039197039307
0.3693059875874759
0.3693045177180916
0.3693040448428485
0.36930475224183823
0.3693036392802989
0.36931003845502935
0.36931160817466185
0.36930942215379164
0.3693149296549004
0.36931656118295286
0.36931085916828504
0.36931043881484116
0.369312131049427
0.3693085200264602
0.3693045888409671
0.36930703745434407
0.3693114532410236
0.36931648030992165
0.3693155701967022
0.36932127791476665
0.36932510251744516
0.36932377373942116
0.36932012126185865
0.3693176206170142
0.3693137636408898
0.3693188144617574
0.36931878032942916
0.3693169593197434
0.369321209581107
0.3693217756080089
0.36931965180253
0.36931310207655604
0.3693186175622118
0.36931718466907565
0.3693136886169362
0.36930938740747477
0.36930517598910584
0.36930522921273884
0.36929880869012444
0.36929669442920154
0.36929186683548615
0.3692929583846051
0.36929218890918425
0.36928872220821235
0.36928900047715996
0.36929447398586973
0.3692934387387597
0.3692941828011429
0.36929815299551927
0.36929657442573977
0.3692933248438578
0.36929385066172865
0.36929290877008303
0.369295423098892
0.3692940599317468
0.3692908893723734
0.3692882982307599
0.3692887291253434
0.3692866939531366
0.3692814590463185
0.3692773923937617
0.3692788440595182
0.3692801709894697
0.3692761645806233
0.3692736878055855
0.36927401275582217
0.36927416335787533
0.369274754331468
0.36927931025781524
0.369283722628686
0.36928669644556833
0.36928687044119585
0.3692826296352189
0.36927975739883767
0.3692775976080972
0.3692747864538389
0.3692787147603618
0.3692784705501656
0.369282352117254
0.3692808346928823
0.36927910764766403
0.36927828701257737
0.36928063844437115
0.369282743201265
0.3692836450262085
0.36928345117287203
0.369283727944999
0.3692827037402681
0.3692808782166265
0.3692830883240113
0.3692803423131829
0.36927972646463214
0.3692805175727628
0.3692786768159361
0.3692789622110922
0.3692773224619862
0.36927983264974834
0.36928241365702325
0.3692866606604763
0.3692872764007398
0.36928826333734227
0.3692896920656002
0.36929133906614553
0.3692871389713029
0.36929058606979337
0.3692926526778352
0.36928986046841394
0.36929302145533033
0.3692976657981444
0.36930086126765316
0.3692953603323287
0.3692883314875004
0.36928368461947664
0.3692807288172464
0.3692808770188104
0.36928277872302057
0.3692904740510392
0.369292548624757
0.36929445791787735
0.3692968328823199
0.3692954232591216
0.36929494749544967
0.36929482438153255
0.3692989691772692
0.3693008911309305
0.3693012524729003
0.3692994157063475
0.3693001419752901
0.3693040242373396
0.3693041002769463
0.3693057974731367
0.369306245178427
0.36930693036152046
0.3693055866852682
0.3693042359419076
0.3693011127870215
0.3693014719751432
0.36930136706792965
0.36930179402864544
0.36929975699238987
0.3693035080917317
0.3693072072832662
0.36930651850567153
0.36930630631938743
0.3693080195235483
0.3693085395438499
0.36930880251978415
0.3693067550823862
0.3693101849516186
0.36931324317240455
0.3693127437747639
0.3693124311747143
0.3693147925098263
0.3693182953133504
0.36931957077429206
0.36932006972113207
0.3693193289995769
0.3693189449602067
0.3693214037555123
0.36932384840490906
0.36932384837188165
0.3693231715331897
0.36932557780435976
0.3693211975732581
0.3693202452380266
0.36932119871886554
0.36932040899294094
0.3693242658995624
0.369325080979842
0.36932298016110915
0.36932359292308947
0.3693218847392778
0.3693213070158617
0.36931743720902327
0.36931716650341084
0.3693141402532328
0.3693102170400242
0.3693005371734952
0.36930070427508893
0.3693021735526851
0.369301150420956
0.3692977193175855
0.3693001510182448
0.3692969875961539
0.3692987004487444
0.3693014214587722
0.3693052526657587
0.36930453589441026
0.3693036990985089
0.3692998417714719
0.36930346682676835
0.3692996816702199
0.3693011681826749
0.3693011170487854
0.36930279738301375
0.36930419611804605
0.36930418259614883
0.36930229122971653
0.369304950525976
0.36930888404058854
0.36931312836748315
0.36931260117913434
0.3693130846559261
0.3693116504710392
0.36931199693533734
0.3693072425340744
0.3693066658610109
0.3693068026353621
0.369306954096873
0.3693122414845342
0.36930807516089187
0.3693097157035399
0.3693117914197733
0.3693168965866383
0.3693175677608408
0.36931523922630405
0.3693136592378626
0.36931006343708606
0.36930736597293184
0.3693061896986578
0.3693067082120309
0.36931177449863
0.36931457748565805
0.3693161918419666
0.36931175068118266
0.3693119198310097
0.3693100310870485
0.3693056588881669
0.36930384577489894
0.3693053673254719
0.3693059037233516
0.36930556759856825
0.36930641497946237
0.36930660385882136
0.36930402978652693
0.3693038008331961
0.36929947745116604
0.3693026787617111
0.3693035197064703
0.369302052489199
0.3692976684482913
0.36929737257390066
0.3692977051445926
0.36929633830683856
0.36929593272934125
0.36929725571871413
0.36929962637389463
0.3692984201654267
0.3692957057883021
0.3692985003332425
0.3692967052802538
0.36929552174870706
0.3692975476391325
0.36929862679430614
0.3693002459694968
0.3693033780672475
0.3693044993314994
0.3692989619275176
0.3692968913324416
0.36929721348045824
0.3692999782691738
0.36929567366821575
0.3692918440492296
0.3692886755919454
0.3692930471156562
0.36928867997236536
0.36928554355681276
0.36928467555119865
0.36928653388676347
0.3692876787245343
0.3692837126625435
0.369281261060335
0.3692787481027363
0.36927614779583867
0.36927449768379234
0.36926909666501756
0.36926616689111136
0.3692663164334038
0.369269215425578
0.36927186537734197
0.36927228541701135
0.36927315085675366
0.3692778617546581
0.36927533017087083
0.3692782827457446
0.3692816513106399
0.36927874480708095
0.3692795176566476
0.36927982263042153
0.36927590387182624
0.3692721943251241
0.3692747439376358
0.369272062898191
0.3692695162855774
0.3692687612410386
0.36926594916877126
0.3692599871854386
0.3692558385182342
0.36925250364819834
0.36925353480260037
0.3692534545213624
0.3692564365836904
0.36925745474360555
0.36925742373469966
0.3692517045735158
0.36925046160544367
0.36925148409136055
0.3692524140594046
0.36925448561261753
0.36925190863035995
0.3692530657408764
0.36925267322035865
0.3692549443175686
0.369258148429991
0.3692593153501975
0.36926325545298455
0.36926456624205123
0.3692640148842596
0.36925993857934525
0.369259084734328
0.3692606995866714
0.36925736123756536
0.3692545763179891
0.3692540515431641
0.3692497628303946
0.36924746408501896
0.3692450178391869
0.36924298801412037
0.3692486862139418
0.3692543110540568
0.36925312117683906
0.36925505082535093
0.3692534133319287
0.36924820320790575
0.3692439060172946
0.3692386239276675
0.36923533712978746
0.3692345186083132
0.3692362653637819
0.3692360975875527
0.36923737526594197
0.36924242558048126
0.3692409216561454
0.36923856636434055
0.36923796902256856
0.3692369780264761
0.369234540370074
0.36923364388085683
0.36923548635071757
0.3692399606330015
0.3692431358947912
0.36924947269470126
0.36925449459912524
0.36925422495809673
0.36925559798888297
0.36925591939392616
0.3692564758555628
0.3692592028502545
0.36926680606001444
0.3692681802955864
0.3692746424006406
0.36927586242600985
0.36927769773197
0.3692771611633522
0.36927683485231827
0.36927634836872447
0.3692778404381515
0.36928201443264563
0.36928305577184306
0.36927910503114214
0.3692793498710238
0.3692814826627848
0.3692829835774622
0.36927981009994
0.369277758334785
0.3692750555970374
0.3692747748447213
0.36927766366364867
0.36927987493389686
0.3692839373463814
0.36928193830251665
0.3692826950502789
0.3692865166997976
0.36928550138513927
0.3692881512158104
0.3692870695260566
0.36928660489171355
0.36929132648513285
0.369290363494395
0.3692925832416657
0.3692928657829741
0.3692912016830386
0.3692905275869917
0.3692916043906833
0.3692931629350999
0.36929600241775357
0.3692959155502784
0.36929421803911777
0.36929466562764296
0.36929702918848234
0.36929307510424214
0.36928779726949346
0.36928624921382946
0.36928828780576267
0.3692866342410683
0.36928641786004224
0.36928731354589556
0.3692833638714121
0.36928402954273226
0.36928558215801616
0.36928518792636195
0.36928125186465977
0.369278570898439
0.36927739841758095
0.3692762593134074
0.3692771653112939
0.36927764039217975
0.36927587496499825
0.369274875504962
0.36927662146651336
0.3692751975142836
0.36927390427844875
0.3692772479176556
0.36927780704280316
0.3692771527924586
0.3692767186587591
0.36927623423143724
0.36927188060749644
0.3692705912236542
0.3692673615896651
0.36926343360626374
0.36926553182414945
0.3692679222166878
0.369265331905925
0.3692627960706177
0.3692647942185191
0.36926546710820857
0.3692649805015932
0.3692596694766272
0.36925748773869393
0.36925906008770076
0.3692586684367207
0.3692597818087638
0.3692567624305044
0.3692562419076997
0.36925686350675174
0.36925695202488135
0.36925980925121
0.36926188220424505
0.3692637822531744
0.3692673522194537
0.36926484902732876
0.36926244479744347
0.3692615941193157
0.36926180337021874
0.36926605063900897
0.3692688074186198
0.3692700324884348
0.36927164612692737
0.3692690248905252
0.36926745340570927
0.3692645327916449
0.3692637029922717
0.36926525789480014
0.3692653377447681
0.36926652872297044
0.3692635479076434
0.36926264569732414
0.3692625823484516
0.36926155521912213
0.36926170844850054
0.3692593697137303
0.36926098844841676
0.3692612752588308
0.3692644049314292
0.3692663105658138
0.36926587297883073
0.36926399662300907
0.3692638616241694
0.3692623581888807
0.3692632630151513
0.36926687853627566
0.3692667385040111
0.36926810843390484
0.3692640801742934
0.3692653409722023
0.3692640221281395
0.36926834946059306
0.3692687229843625
0.36927287274760656
0.36927479057118656
0.3692727797054173
0.3692773181563322
0.36927919907468165
0.3692788863823292
0.36928048705573435
0.3692806266504738
0.36927836131313035
0.369276805908703
0.36927221697859275
0.36927161111276646
0.3692700312002425
0.3692709982871326
0.3692714246295985
0.3692677163485053
0.3692679797593605
0.3692711622558098
0.3692704599334725
0.369267099600695
0.369264072876374
0.3692616333642488
0.3692604829320017
0.3692590209893316
0.36925932401967065
0.36926109618346725
0.3692591201610539
0.36926121253617034
0.3692644368259436
0.3692653378588298
0.36926888624878496
0.3692712645950361
0.3692750556930362
0.3692741468649179
0.3692732010154276
0.36927229660742783
0.3692738452662674
0.3692749731398456
0.3692759280792305
0.36927751265333314
0.3692744724100696
0.36927119118569574
0.36926807419630125
0.36926511640374565
0.36926718394460906
0.3692701579435909
0.3692717060162322
0.36927316497407664
0.36927792645875157
0.3692801098343134
0.3692797107967077
0.36928273135797507
0.36928450323343287
0.3692853079856415
0.36928605247181817
0.36928465430781576
0.3692861860910597
0.36928701689833326
0.3692862498097506
0.3692841004110241
0.3692834454353485
0.36928128104577446
0.3692795039273995
0.3692805008565241
0.36927701163510973
0.36927918985946157
0.3692799163702036
0.369282453205069
0.36928096326454074
0.36928406660157465
0.36928794905914564
0.36928853314594356
0.36929088180416214
0.3692875070840256
0.36928364249925894
0.3692869279547178
0.36928966319092627
0.3692915137299505
0.36929611569556997
0.3692940452397054
0.36929382051535553
0.3692916565790781
0.36929387226193416
0.3692942755658778
0.36929323818305115
0.36928967478896996
0.36928584662385866
0.36928523453921996
0.36928626088972044
0.36928781123542137
0.36928790244537646
0.36928705572546733
0.3692867280883748
0.36928251917450505
0.3692819082727444
0.369283572396972
0.3692841874242702
0.36928626449547913
0.36928515731835015
0.36928470765272703
0.3692894884413663
0.3692904521598009
0.36929437598378034
0.3692988724365757
0.36930213204455964
0.3693021834984802
0.36930416896999096
0.369304046689266
0.3693062365564712
0.3693068377882219
0.36930556911959245
0.3693077278301203
0.36930893482749705
0.3693084864749399
0.36931147340124615
0.36930959385325635
0.36930898366262616
0.3693089896936016
0.3693056982426122
0.36930692309829416
0.3693040404580274
0.36930234720755295
0.36930466737619705
0.36930691886395056
0.36931001869133673
0.369307774115774
0.36930376957711836
0.36930179100004595
0.36930221661220464
0.3693032394937747
0.36930382979838505
0.36930307344857605
0.36930394995458465
0.3693068123664817
0.36930746090514865
0.369306040785839
0.36930596330196186
0.3693048396299963
0.3693099083239146
0.36931230736230913
0.3693129467457855
0.3693119063196604
0.36931150684973696
0.36931391916805095
0.3693196512966164
0.369321825567436
0.36932256218330706
0.36932523346878304
0.3693273525765995
0.3693285682969271
0.36932890723289985
0.36932757313530523
0.3693282755830793
0.3693299378235545
0.3693307817104856
0.36933537014290413
0.3693403130100345
0.36934314615847147
0.36934930848106023
0.3693548830767106
0.36935478975284247
0.3693547473051483
0.3693555778657557
0.36935615726149423
0.36935578986442996
0.36935382229831243
0.3693533559789663
0.36935961648834
0.3693620771156083
0.36936552172592796
0.36936642853843243
0.36936348068851393
0.36936261416140637
0.36936325885704085
0.36936427484904516
0.369369496819954
0.36937284665845693
0.36937008947688027
0.3693680563177786
0.36936875113344825
0.3693725906242531
0.3693734905479308
0.36937457791437267
0.36937540570038985
0.36937365989610726
0.3693741650843045
0.3693784779391945
0.3693794949782029
0.3693802670334836
0.3693781932262536
0.3693762494814862
0.36937643169847556
0.36937271036423985
0.36936968435364187
0.36936607529524995
0.36936337806278313
0.3693653424998456
0.36936195025086554
0.36936352593585786
0.369367934545026
0.36937191484932613
0.36937081787150017
0.36937073108186247
0.3693721987341841
0.36937379671576975
0.36937433634145506
0.3693734907256871
0.3693757001273829
0.3693791083158599
0.36937690474517115
0.3693756661957985
0.3693756636602524
0.36937585779696275
0.3693750380603893
0.36937239872706334
0.3693749902857048
0.36937734823025364
0.3693818349643366
0.3693802307168723
0.36937583458608736
0.36937707802518077
0.369374922735338
0.36937149301829125
0.3693731108098723
0.36937645108620826
0.369379398186117
0.3693824894511234
0.3693822103418202
0.36938321587291595
0.36938201718128955
0.369382540872804
0.36938307767021644
0.3693805571185796
0.36938055785414703
0.36937656981276984
0.36937326905172907
0.36937445908578515
0.3693773810821761
0.36937689058338685
0.36937636318451067
0.36937664564925576
0.3693790093212681
0.369379486640131
0.3693828096602514
0.36938257439162675
0.36938378694840807
0.36938925586869853
0.3693916921457898
0.3693886297160335
0.36938354780322064
0.3693829944078099
0.36938293402545724
0.3693814406579248
0.3693805382747437
0.36938027220775793
0.3693816488242823
0.36937974252004274
0.3693796906212934
0.36937654254107427
0.3693759225497004
0.36937640539383293
0.3693770660131332
0.3693795038567323
0.36937883696188134
0.36937899051128886
0.36937883441069264
0.36938115437252245
0.3693831822788217
0.36938517234264673
0.36938486211648236
0.3693855305489252
0.36938356413378903
0.3693834868183586
0.36938302426332326
0.36938509036949446
0.3693853791134908
0.3693868288227688
0.36938420704720654
0.3693812030096788
0.3693825638564163
0.3693871966968129
0.36938657868398966
0.36938526388607734
0.36938728610583565
0.3693914105950091
0.3693909340543588
0.3693919045865359
0.3693948250673887
0.3693971026772775
0.3693981428051112
0.3693970327960047
0.3693987668897801
0.3693984057470904
0.3693931048495939
0.369395501649914
0.36939585453966167
0.36939501767939203
0.36939417691241483
0.3693952154184507
0.3693958155276821
0.36939652431877606
0.3693978296227255
0.36939917696217184
0.369400074345968
0.3693966099187867
0.3693952638463249
0.36939254624396656
0.3693937132286861
0.3693941029407234
0.36939302218607517
0.3693920187827
0.3693896726071822
0.36939053850798903
0.36938856251007135
0.3693873654493922
0.3693873545685798
0.36938082430904223
0.3693764405096705
0.3693760822246813
0.369373537699873
0.36937272344953204
0.3693720401932932
0.36937286570028854
0.3693714856573364
0.36937175153002244
0.3693735542167078
0.3693759807740749
0.369377279853199
0.3693783971494889
0.36937917248518076
0.36937941864663626
0.3693807639332032
0.369381473930502
0.36937838148344543
0.36937623562850996
0.3693777443360505
0.36937632194375697
0.36937366430776375
0.3693711418221103
0.3693702444297354
0.3693689315246068
0.3693685758573214
0.36936992356800413
0.3693699937859991
0.3693705007125811
0.3693649211187322
0.36936045663267936
0.36935946018219684
0.36935933598650933
0.3693597236716111
0.369358621376158
0.3693556827551532
0.3693580336064095
0.3693617037933971
0.3693598304443589
0.369358483360911
0.36935715385023576
0.3693560559079155
0.36935598468577263
0.36935912438901863
0.36936602775239114
0.3693664770077694
0.36936213577996513
0.3693589809601167
0.36935961153863317
0.3693595381744501
0.3693587386963613
0.3693581757362319
0.3693599345451994
0.36936084435272487
0.3693597769794578
0.3693593897214294
0.36935788569883454
0.36935651681816317
0.36935536953525716
0.3693579393617346
0.36935634700774955
0.36935401565945
0.369357366478255
0.3693538895802685
0.3693547738496185
0.36935522729033515
0.36935066392531696
0.36935000334558965
0.3693499560305938
0.36935064813081436
0.369352483634913
0.36935237833900664
0.3693512751835103
0.3693519199034318
0.36935352669955346
0.36934942263383674
0.3693468999757694
0.3693460689505736
0.36934707580653736
0.36934757617899167
0.3693478278290324
0.3693450442665927
0.36934039776546906
0.3693419023079646
0.36934147167367576
0.3693376996875974
0.3693359691154763
0.36933758911313136
0.3693368799103041
0.3693383193745916
0.36933631409041945
0.36933457868794917
0.36933623421023015
0.36933437423406684
0.3693330163120918
0.36933112245113936
0.36932763629568144
0.3693268390547221
0.36932403703461486
0.3693187479952447
0.36931733382978604
0.3693194251095044
0.3693208462083656
0.3693217455144313
0.3693255005713468
0.36932419306061454
0.3693248869698551
0.369329733082699
0.36933229715180954
0.3693348195822549
0.3693405641096069
0.36934410294694936
0.36934517900461583
0.36935090769141826
0.36935325012804543
0.3693542373556594
0.36935445332454514
0.3693556375699328
0.369356336614835
0.36935655663278427
0.3693549432952748
0.3693550395148855
0.3693570225267766
0.36935784893636936
0.3693594051308799
0.36935919561527775
0.36935473469575236
0.36935550426451874
0.3693563957662919
0.3693567054694041
0.3693569282066285
0.36935520048769077
0.3693558987607494
0.36935380363400394
0.3693514927867753
0.3693504299407802
0.3693536492443789
0.3693514880223841
0.36935316383376626
0.36935544187462
0.3693535181819423
0.36935673796575735
0.36935914392490743
0.3693588420078417
0.3693545257131007
0.3693508709722238
0.3693519315146276
0.36935607126360026
0.3693606614194195
0.3693620799228074
0.3693648175635249
0.3693678599689328
0.3693673845626975
0.36936856887466574
0.36936775059520216
0.3693710098031406
0.36937468772627613
0.36938039692882113
0.3693836686600148
0.369387717412977
0.36938953144289943
0.36938660089605296
0.36938697459401354
0.3693842736266606
0.3693850273570376
0.36938517674045546
0.36938642027668556
0.36938797207399876
0.36939297433167945
0.3693935506022607
0.3693915249784257
0.36939305776700604
0.3693919622646616
0.3693913964356412
0.36939161281916766
0.3693913401641804
0.3693902806026113
0.36939489043726614
0.36939573450641183
0.36939521739142234
0.36939873581931115
0.36939891870821534
0.3693982377853771
0.3693953193921558
0.3693943783106605
