0.2629746204635894
0.2509678595117851
0.2537561214471468
0.2542686664644441
0.2546563552485182
0.2549156215092369
0.2550585476232752
0.2542361106777219
0.25379860389270226
0.2554225834223656
0.2559369552744188
0.25600102054784396
0.25512650141817733
0.25597496859655133
0.2557805422647528
0.2544442454988561
0.25448799177646947
0.25402308573442595
0.25444214386930064
0.25496591538157376
0.2545711245984145
0.25458631301219686
0.2548403018819858
0.2540101980129157
0.2542160817607862
0.2538063254399832
0.25384001263793365
0.25383166601100127
0.25434552029909796
0.25413839561207513
0.25373251351696974
0.2536682518982112
0.25412148350969266
0.2542295770826917
0.25440535740641673
0.25435793452062144
0.25446629608751525
0.25458928866223524
0.25506262719722095
0.25474340498878045
0.2545998516076957
0.25465550307936036
0.2546185935941039
0.2547562655993046
0.25522379007427026
0.2551825655631526
0.25539796751712623
0.2555205434888028
0.2556840327632133
0.2556214840745933
0.2558444005919427
0.25593012069193605
0.2559547803331841
0.25579498423188884
0.25579480139791677
0.25577947868319023
0.25571287728886544
0.25581624927664454
0.2557979377251639
0.2557448874550419
0.2559006926560847
0.2558173993216117
0.25603667729516266
0.256150960061556
0.25591138538623087
0.25608764594633987
0.2562257493557184
0.2561151008482615
0.2560950147467955
0.2559066799423915
0.2556966515943284
0.2555365018229051
0.25573202310073445
0.25580653726478736
0.2559265326995867
0.2560380757177412
0.25596175983651087
0.2560240880694024
0.2560465101548976
0.2560415775746901
0.25616494031313747
0.2561561568625606
0.256231348876647
0.2562036126741587
0.25612401270270124
0.25627007151637404
0.2564606075149136
0.2565308109336931
0.25648592357394995
0.25661752916566444
0.25647315944632404
0.25661747881172203
0.25667070377892787
0.2567151203550258
0.2566603480175059
0.2566049545535113
0.2565514399367751
0.25667898458193544
0.2568122654305455
0.2568161535883932
