0.2504689532415965
0.24268969771745835
0.24787938623555061
0.2591534671407721
0.25895220462181995
0.26202410119259134
0.2627915196210311
0.26246645361569443
0.2636100319903827
0.2685681490866171
0.2696858660971173
0.27149749379038485
0.27238969952843
0.27560904982892503
0.2758716509754119
0.27657602647746604
0.27937576766486477
0.2805189613718263
0.2830791103400082
0.28357961969376433
0.2831912306145629
0.28431799440799915
0.284178063088396
0.2839260047250276
0.2839386266581006
0.28548319206247386
0.28523410031743074
0.285987377903475
0.28519505178158244
0.28510671934921017
0.2848610366232782
0.2848970189436372
0.28510815878412243
0.28558738114029564
0.2860465763527946
0.2861707851666382
0.2869453863188167
0.2874496011529665
0.28747576127629515
0.2871038427846754
0.2854483504331473
0.2836140797096599
0.2822127654767467
0.2808206942601698
0.2792304840992966
0.27807179190341924
0.2769507665009547
0.2754060818971834
0.27457255846939127
0.2740121389978295
0.27295442708068074
0.2717185155886366
0.2706716257535467
0.2696396418917663
0.26852824010364656
0.26757682091093277
0.2679285880331422
0.26791153240807836
0.2675648504267868
0.2668353652667622
0.26591907865686965
0.2650037610818087
0.26413040794457365
0.26339073504323357
0.26295275479611047
0.2622861591606732
0.2618594478969578
0.2619030780962716
0.261805458558679
0.2615174226197261
0.26190775690519585
0.26269231119725156
0.2634679941176665
0.2639018012986595
0.2643781413309508
0.26495300932455246
0.2657319657319657
0.26632462022003367
0.26668566987624326
0.26663854196727094
0.2669382429208058
0.26721220146539104
0.2679122776607653
0.26828411339006697
0.26825084911123853
0.26852507633742406
0.2689862339619889
0.26902004172403426
0.268705271115792
0.2685751693490078
0.26873244368052074
0.2692748242520052
0.26965937018388947
0.2697492047458873
0.2698120622851911
0.2702632175227942
0.2704957449749766
0.2707452744812314
0.27101107932459395
0.2713215164709195
