734731.0730870728,1060038
733221.9821479267,1057862
732280.9328115643,1056506
731940.1297036323,1056016
732148.3193117282,1056318
731948.9877516204,1056032
732035.1809567888,1056159
732882.9946874875,1057384
732098.5325570438,1056254
731947.6736665589,1056038
731997.8198074687,1056112
731905.8591071828,1055981
731091.0439336991,1054807
731661.8182568988,1055632
731908.9422713369,1055990
732800.7391716073,1057278
733322.2881840351,1058032
733754.2877371919,1058657
736045.7269224536,1061965
737068.5745106422,1063442
736764.2056102962,1063004
737009.4193244737,1063359
737259.4956373083,1063721
737810.7557872701,1064518
737625.3830091264,1064252
738179.5560670455,1065053
738294.3787175087,1065220
739664.4745592035,1067199
741799.6469695941,1070281
742555.9871770295,1071373
743629.9445608241,1072924
743739.7825679472,1073084
744378.3240119605,1074007
744071.0090120825,1073565
743982.7250108114,1073439
744240.0836144772,1073812
743733.6775123777,1073083
744209.1999653603,1073771
744068.0885552119,1073569
743805.7014435893,1073192
743647.2035001103,1072965
745467.7522990024,1075592
748415.3052785827,1079845
743044.9185167081,1072101
743178.3126768966,1072295
742665.064252086,1071556
742296.5442547473,1071026
742212.2065590727,1070906
741258.1090233065,1069531
741098.2048385557,1069302
740796.330615957,1068868
740436.8313590228,1068351
740059.2119815412,1067808
739313.0151507366,1066733
739046.2769444003,1066350
738310.5152478076,1065290
737848.3419927803,1064625
737445.1023367338,1064045
737472.3833690993,1064086
737031.1516352599,1063451
737245.5206473968,1063762
737539.5078205783,1064188
737787.1774818108,1064547
736701.4822185771,1062982
736944.0604190796,1063334
736646.9380583545,1062907
736807.9557571039,1063141
736409.1432725238,1062567
736304.613565031,1062418
735786.4165204663,1061672
736184.4732615761,1062248
736475.0665599004,1062669
735585.3223861402,1061387
736045.2352295556,1062052
735567.8515643477,1061365
735859.2470017591,1061787
735354.2696119517,1061060
734953.9214511662,1060484
735108.7460712121,1060709
734815.130076901,1060287
735592.3096831075,1061410
735348.0965023513,1061059
734632.9139280507,1060029
734694.060522694,1060119
734575.7611595341,1059950
733907.5569996671,1058987
734021.388173681,1059153
734260.7626244125,1059500
734167.9459576121,1059368
733965.1911663045,1059077
733838.64523647,1058896
733440.9846780661,1058324
732919.4164698735,1057573
733651.4805588957,1058631
733384.8552722447,1058248
732873.0348337465,1057511
732893.3209482762,1057542
732503.4770918032,1056981
732087.939344782,1056383
731789.0403368841,1055953
731316.422202606,1055273
730907.2349064768,1054684
730533.974380641,1054147
730125.0250494245,1053559
730038.1485416994,1053435
729806.0699455325,1053102
729718.8931962327,1052978
729826.0705905048,1053134
729211.428221412,1052249
728545.1326998633,1051289
728134.178345033,1050698
728195.4434904889,1050788
728055.8332808177,1050588
727527.925819465,1049828
727438.0143885054,1049700
727906.1176713022,1050377
727410.8362270432,1049664
727273.8638326083,1049468
726982.6893306958,1049049
727016.2433416661,1049099
727207.9951580219,1049377
726777.8509950482,1048758
726751.1776841038,1048721
726984.1795737656,1049059
726880.8715225204,1048912
726877.602174439,1048909
726495.022996142,1048359
726565.4583133729,1048462
726519.2555361472,1048397
726415.5216442812,1048249
726485.1641487898,1048351
726841.1013268745,1048866
726778.3909096774,1048777
726372.3625036352,1048193
726259.7022849093,1048033
726102.1515930353,1047807
725837.0122905363,1047426
725815.3018148011,1047396
725542.5239717225,1047004
725449.4632380079,1046872
725317.1861114898,1046683
724849.4974898736,1046010
725091.7169698714,1046361
725157.595840457,1046458
724784.1309017169,1045921
725109.7647521731,1046392
724924.2260506427,1046126
724772.3878535999,1045908
725055.1267319107,1046317
725123.3745204607,1046417
725241.9098900568,1046590
725201.4279768977,1046534
725672.7255641596,1047215
725541.6408773902,1047028
725534.4600571274,1047019
725651.3411382858,1047189
725094.8674992328,1046388
725405.6881475514,1046838
725463.1650192307,1046923
725269.3141193513,1046645
725180.103600037,1046518
724961.1222528084,1046204
725248.2521829512,1046620
725038.3452243677,1046319
725212.9867340173,1046573
725322.8246438997,1046733
725252.9665045453,1046634
725773.2037332908,1047386
725909.4123120746,1047584
725917.400173867,1047597
725962.3881804209,1047664
725345.9632635438,1046777
725401.7651368785,1046859
725383.5450656195,1046835
725099.6507630143,1046428
725190.4894807227,1046561
724937.84766066,1046198
725493.5676657812,1047001
725961.3357002714,1047678
726195.1319414184,1048017
726764.157556798,1048840
727229.0286845188,1049513
726065.4180751214,1047838
727412.3872627906,1049783
728326.6034612334,1051103
729097.623467541,1052215
729035.7441829676,1052128
730293.6537405781,1053950
655537.8650064275,946065
733996.0031571148,1059301
733155.1280029144,1058086
732817.9219841075,1057601
732176.4434873115,1056677
731844.8253207563,1056200
731626.5401704384,1055887
730827.1311572266,1054735
731531.2886141401,1055751
731481.5491583117,1055680
731262.8740784742,1055366
731695.4405121187,1055991
731251.4984245251,1055353
729608.7193661288,1052983
730750.872778004,1054632
731781.9841391675,1056119
732279.5254838553,1056838
732710.4537138534,1057461
734203.5989635537,1059616
734631.07450135,1060236
737673.2849169108,1064626
737685.1115075119,1064641
737586.2812680448,1064498
737819.8867657313,1064835
738147.9646859749,1065310
738527.7454099321,1065859
738789.5970156458,1066237
739060.501278773,1066628
739458.3004939472,1067203
740323.3842989695,1068455
743077.4268041675,1072427
744282.9142828234,1074166
744730.006634381,1074812
744153.2762962189,1073981
744938.8514590933,1075116
744924.9159329762,1075097
745045.1941494993,1075273
744357.083094643,1074281
744337.0126545881,1074254
744606.4501007412,1074645
744607.3609111835,1074648
744792.2310946784,1074917
744682.7241252533,1074761
748779.5553294932,1080663
745679.4622851161,1076200
743579.3993276446,1073175
743333.5688723254,1072822
743062.1813266777,1072432
742291.0726653137,1071321
741227.813220546,1069788
740453.9578456441,1068673
740329.174133165,1068495
740244.7431431152,1068375
740438.510709644,1068656
740084.5823597314,1068148
739555.7030584251,1067387
738975.0382490335,1066551
737588.0481998923,1064552
737443.6592021869,1064346
736874.82358999,1063527
736998.1785709744,1063705
736601.6650232783,1063136
736508.5884527406,1063004
736175.655013355,1062526
735615.3741511507,1061719
736210.6614484056,1062581
736483.2082836765,1062976
736560.6698309565,1063089
736564.137898413,1063095
736161.6750892976,1062517
735642.8164534697,1061770
735716.4695857884,1061878
736796.5184607668,1063438
735320.8622780626,1061311
735695.4618953862,1061854
735554.2441076587,1061652
735665.5895858401,1061814
735820.4743596697,1062039
735401.0760507591,1061436
735011.6913340845,1060875
734432.159859851,1060041
735001.5641576705,1060864
735614.7452516889,1061750
733797.7327004226,1059130
734434.9380363734,1060052
733718.7413021566,1059021
733977.4936321496,1059396
734203.2636792934,1059723
733979.495362873,1059401
733903.6577034376,1059293
733665.0137581278,1058950
733413.3315874959,1058588
733574.0250685895,1058821
732346.002183122,1057051
732693.6989198925,1057554
732572.0342854856,1057381
732079.3738799104,1056672
732003.5009805202,1056565
731824.2606165828,1056307
731600.2376978213,1055986
731635.8604024982,1056039
731256.9453019956,1055494
731360.9009475377,1055645
731006.7630927078,1055137
730561.3246198994,1054497
730345.5796533877,1054187
729492.2070946272,1052958
729331.800336479,1052728
728832.5562799918,1052009
728479.2038149963,1051502
728402.817147922,1051392
728060.4875884765,1050901
728215.4364714188,1051127
727953.0100221264,1050750
727423.6650122206,1049988
727396.0556498452,1049949
726976.6140312196,1049346
726803.4911923539,1049097
726955.6723199235,1049318
726625.1361310614,1048841
726705.3627416955,1048959
726388.715459309,1048504
726180.2420528001,1048205
726185.7397582757,1048215
726374.3536780584,1048488
726316.831955177,1048407
726417.8210633935,1048554
725994.4633782742,1047945
725964.7712963938,1047904
725813.7252713481,1047688
725739.2619165475,1047583
725795.2364920098,1047665
725479.9643308822,1047212
725462.612003434,1047189
725310.1583861983,1046971
725471.5359915618,1047206
725175.3329749263,1046779
724881.4712596922,1046357
724694.3348455905,1046088
724643.6980198286,1046017
724664.7376546736,1046049
724715.77386565,1046123
724556.6236794146,1045895
724721.0144185863,1046134
724700.0220199073,1046105
724808.6523002989,1046264
724593.872498888,1045955
724785.7787015882,1046233
724515.26337528,1045845
724726.001880296,1046149
724507.4200982498,1045837
724708.9047943449,1046128
724775.3385788556,1046227
724935.8833475446,1046461
726109.9491180575,1048158
725895.932094453,1047849
725296.2528559509,1046984
725214.0661040656,1046867
725450.9203916121,1047211
725358.8786900879,1047079
725435.0976069503,1047190
724839.2159595101,1046333
725170.6224913867,1046813
725582.7964506246,1047409
725343.0233126741,1047067
725395.2964746072,1047144
725625.93114777,1047476
725122.7888217843,1046753
725605.500154678,1047451
725945.5738567287,1047944
725610.5793107674,1047463
725607.5122670737,1047461
725736.1809706608,1047649
725221.6955800573,1046909
725362.7136846406,1047115
725344.570865026,1047092
725496.2748657002,1047313
726014.5198023004,1048062
726662.3220362037,1048996
726741.1605908363,1049112
727389.2641167588,1050054
727784.2649600166,1050634
728617.0933182901,1051837
728835.0578259323,1052153
729780.1130467908,1053518
730117.2992408935,1054007
730946.3033763173,1055204
171937.70452074916,248211
