0.271740441145709
0.26787543754802356
0.2717530898498635
0.2717040250493181
0.270157695723754
0.27073563675550166
0.27037493862699175
0.26945464232139554
0.268764638788284
0.2698509962969494
0.2694772077343979
0.2693078804759386
0.2690244419780491
0.269609409615165
0.269423668261563
0.26826618919725453
0.2683949537426409
0.26811934091109346
0.26852059681587065
0.2690476868327402
0.26879533332393424
0.2692056247152128
0.26916481733021336
0.26814161604223247
0.2682991881752536
0.2683052607469505
0.26846926945432326
0.26841655566037714
0.26894933544049404
0.26895343571048347
0.2687028846953331
0.26883142039275726
0.26911325974729755
0.26943540445450187
0.2699309969582852
0.2700879341229816
0.2703095115409605
0.27037506375293974
0.2708340791952699
0.2708123788935355
0.2708900079818784
0.2709829048880712
0.27116937756475207
0.27129450560581647
0.2716685064091022
0.27184750041465744
0.27221492135066877
0.2723455800486159
0.27249048445259627
0.2728024651281247
0.2731159813085737
0.27317392493326037
0.273167908774588
0.27290000118334795
0.27290626902222803
0.27296806150561287
0.27279552037140486
0.2729862104236001
0.27291962676333087
0.2727489265690117
0.27282649200526493
0.2729463131918271
0.2733198695515238
0.27348255410712186
0.27328380292413285
0.2735504429496209
0.2737802447833043
0.2737184707125337
0.27373194819331353
0.273830545661867
0.2737265120935945
0.27361985200015326
0.27388316800753126
0.27407202872478126
0.274372016653895
0.27448585873049913
0.27451363918565846
0.2745782711839202
0.27460594777158903
0.27468892142817725
0.274693748098227
0.2747561263126648
0.2748447288311858
0.27487186930105073
0.27482842875211616
0.27500022459309914
0.27515857763265866
0.2751768284891089
0.2751811282239272
0.2752347893970395
0.27513262988566745
0.27523138056194235
0.275295401020522
0.2754610052968374
0.2755466188223631
0.275629454328675
0.2756679007040121
0.2758214551929504
0.27595354754879403
0.2760222919019834
