0.23772229626338912
0.23606635597449055
0.2349555046403561
0.23738357115746916
0.23401699716216945
0.23266895783442557
0.23018781998946528
0.22758832377687013
0.22521366314951802
0.22531522596492085
0.2256052826030182
0.22563990151695656
0.22533751804728921
0.2247060927886472
0.22371799574000467
0.2230752921313263
0.22361684121878841
0.224057853207905
0.22435307012285607
0.22538365963155163
0.2257295700354536
0.22590909012479776
0.22565371289816305
0.2253084625231418
0.2253313631102932
0.22473986456733455
0.22494048972742114
0.22529218273467633
0.22528600030960594
0.2254543972239657
0.22508964842312304
0.22482702897219728
0.2245252427684435
0.22457873215605073
0.22451223845321716
0.22451997507336416
0.22465261156529942
0.22459065600028197
0.2245555376179259
0.22461607473854292
0.2246659443947919
0.2248125154855753
0.22466277234578924
0.22458271621049988
0.2244808876934551
0.22438967375300817
0.2245840197759133
0.2244742379707291
0.22440333412184246
0.22431086053383983
0.22441356494292422
0.22449730155795306
0.22425352020238531
0.22400375527249441
0.2238194581402965
0.22387882430328745
0.22389634361883445
0.223870237718933
0.22402283197547723
0.22390567156996366
0.22376903629586944
0.2235843681025341
0.2235557997960689
0.22342555578138681
0.2232915692727216
0.22322464962787766
0.22313843808423733
0.22301146853513962
0.22294152899454617
0.2228649203433004
0.22267789566930624
0.22256550074079576
0.22263287132756465
0.22261545501086857
0.22262623738930182
0.2225025006887802
0.22236529165162758
0.2223737138335982
0.2222204040685363
0.22207500564123717
0.22211114930552459
0.22206573011140332
0.222151894334688
0.22209128346707308
0.2221425729146681
0.22220621106189112
0.22222064640636235
0.22206839433234818
0.2221891218054888
0.22218142828976598
0.22227177614577973
0.22244635971260673
0.22248908599410205
0.22251895001078037
0.2225472900759951
0.22260812047602538
0.2225373506731833
0.2224122214989447
0.22242483960130152
0.2224455888075632
