0.29108543304604656
0.3035197782732199
0.3065781911070018
0.30865215825277637
0.3100686082541317
0.3111123085391019
0.31162460459865765
0.31142009730682285
0.31165511868184204
0.31206097520764303
0.31237100291445596
0.3125501153935893
0.31233267476761706
0.3121447254731128
0.3120874926288133
0.3120123174348555
0.3117814847317886
0.31133689836407885
0.31098422527746994
0.3107201613215966
0.31044629999041945
0.31011758423465297
0.30988489305335193
0.30981272682848354
0.30977213211931565
0.30973803707918984
0.30959596478267065
0.30959283419331807
0.30962602200654327
0.30945031098740855
0.30910696653558795
0.3087422444861949
0.3084757871921893
0.30822738494340707
0.30800647945667453
0.30787577529726073
0.3078088348353969
0.30764338800538044
0.30753069739867006
0.3075668927302182
0.30773997684282306
0.3077909106824781
0.30777526619237494
0.30773110293749306
0.30772688642245
0.3077594537157262
0.30781182975940047
0.30788299243139156
0.3079114352144668
0.30790898486977447
0.3078364347907602
0.3077867932166804
0.3076933968345613
0.307674474339373
0.30768084615573077
0.3077823908288609
0.30784376984420503
0.3079240026623617
0.3079573749975174
0.3080203471718467
0.30811835896606876
0.3080853299922279
0.30809950714174555
0.3080672438346896
0.3080020477197978
0.307943673285482
0.3079826300660741
0.3079786019403914
0.307908865285733
0.3077835621519256
0.30767394134698495
0.30760335690792795
0.30759932224579917
0.3075577266864904
0.3075495426437184
0.3075860881367115
0.30762168071331547
0.30761247993661284
0.3076010276073491
0.3076270272690517
0.3076247786368177
0.30762441505793103
0.3076468345055565
0.3076992421778263
0.30770577874267263
0.30775709068855717
0.30781981199910974
0.3078900655001907
0.3079539641475299
0.30803666279452485
0.3081258587276459
0.3081810385342529
0.30817672763884624
0.30819432267007624
0.30821746900408636
0.308237462577103
0.3082682311070832
0.30832717044418384
0.30840281331580116
0.30842199034502293
