0.030104470934975397
0.030843608498780914
0.027467988434531184
0.025493138936535164
0.024963153839206623
0.025796192812684568
0.027597054360034803
0.028332792059090492
0.029246426529445396
0.029167406005402102
0.029754420428179686
0.030008847203903625
0.031431687238960206
0.0320788356486297
0.03390235747078284
0.034674364208042964
0.03555307530922628
0.0359334015528862
0.036039334133642256
0.03627703494665801
0.036556774844620124
0.03729684085903563
0.03732531123809729
0.037482588279854796
0.03743978367850354
0.03699473540410157
0.03736983702225694
0.037397182365735825
0.03700538843576299
0.03734010729194648
0.03739618480622367
0.03779662102428296
0.037644341648023195
0.03744953685338419
0.037287586814059
0.037051838339317314
0.03677682258282787
0.03664946378243842
0.03652428838888328
0.03646019245935852
0.03674976107108359
0.03743807757102727
0.038272368069954266
0.03853184693735595
0.038697794595821386
0.03893895746753084
0.03885001288750816
0.03887161827611704
0.03878446342138103
0.03878285432935242
0.03883636252764421
0.038679337851834354
0.038566662860345755
0.038535507069774204
0.03839123774779113
0.03852411874222772
0.0385425701794288
0.038552001704054976
0.03856647064174315
0.0386298021560797
0.03875572720879358
0.03893152587669559
0.039221176044323756
0.039356901811108326
0.03950831062544231
0.039459848675337736
0.03948597272569268
0.039521049213619666
0.03956930421198488
0.039711789538502414
0.03970870130528229
0.03980856651746372
0.039735190408019226
0.03977328605080552
0.04001760895060248
0.04032967511180959
0.040485023683634484
0.04061917587391741
0.04084869068196886
0.04124304913076698
0.04145778252481224
0.041299322414811955
0.041149754972297226
0.04125467799621502
0.041405971444602396
0.041716515017743046
0.041823200701541816
0.04178240369388813
0.04173148223955836
0.041729041916167664
0.04172746869935302
0.04173273550185481
0.04168306162385341
0.04161267098632109
0.04178696192777132
0.04216750832484336
0.04233203917779248
0.04250772436588345
0.04261638225512405
0.042676927631110306
0.042718521299278604
0.04279790498187486
0.04281792439947542
0.042853227033651325
0.04296036320194708
0.04311660873508239
0.04316284442799112
0.043181093851350834
0.04321316229088548
0.04311699917598041
0.04308815301620532
0.04309287034884869
0.042994909295281616
0.042807224060108874
0.0427972715373234
0.04279970284141863
0.04280885418863371
0.04285977388442321
0.04281070293558957
0.042778922764206063
0.04275899038205013
0.04280354580273614
0.042900936609172026
0.0429342903792243
0.042961144259739
0.04305490941486341
0.04317160059012334
0.04326518966546524
0.04333159918233228
0.04350833759407264
0.043548301001899624
0.043580208019212245
0.04359380817233072
0.04359492667647403
0.04359371404417273
0.04363172808768664
0.043652017351439185
0.04369494486026187
0.04369171307803956
0.04367067540249556
0.04367783383376758
0.04366254520173325
0.043593933760233475
0.04356284349591883
0.04341477704496371
0.04332132747024075
0.04331196152319926
0.04329519657495208
0.04338563063766009
0.04338664888024945
0.04339664954811509
0.04345467954490511
0.04345781073719987
0.04347740268054445
0.04360270726762649
0.04368838600598257
0.04367633215681086
0.04377666056976539
0.04368838101104432
0.0436574048767194
0.04365823874605858
0.04356567625319319
0.043536334215311605
0.04350789522886815
0.04343260055338183
0.043409604449710225
0.04335441104173542
0.04335750554168955
0.043348319574514405
0.043335366993765674
0.043269402307221615
0.04321729115665639
0.043196759314635146
0.043148862970953945
0.04306503920754567
0.04298296713096409
0.04291578767601192
0.04286981353485348
0.04284348335763731
0.04276895664605317
0.04264269427095046
0.04259464324153609
0.04255620290838179
0.04254200619136303
0.04246423676218303
0.04240137238375746
0.04238129777381019
0.04235892851557495
0.04223992229206022
0.04209911751334566
0.04200076793442848
0.041998073824157
0.042024912245792516
0.0419593233848999
0.04197674492281284
0.04201115704531107
0.0420521203829335
0.04205127190478455
0.042068599973189895
0.04211247661335227
0.04215531648347911
0.04225088865955739
0.04227799802131706
0.04233294610317661
0.042287953095488294
0.042247737379460096
0.042206714508172254
0.04217319212259853
0.042224267637848235
0.0422063211014167
0.04212430436145428
0.04206222288928317
0.04200196233829429
0.041945100769202784
0.0419064601493536
0.04189933120329834
0.041842085364439716
0.041773094795364146
0.04176045100067633
0.04173182737985282
0.04172732369416609
0.04176670802192539
0.04175550734390329
0.04172494750265092
0.0417146024980272
0.041769426535033544
0.041783627268914304
0.04178556066840341
0.04180800087993375
0.04186516751222633
0.04189323845733652
0.04202982902016732
0.04208264370142557
0.0420984926414344
0.04213590491164875
0.04213924028761703
0.042162980846929
0.042118275909419856
