0.36790194419111893
0.37635025611100303
0.37496656147728574
0.3732630917663944
0.37325634204715247
0.37451717222967373
0.3737481308005421
0.3722101582964902
0.37261103295462683
0.3721614246830274
0.3716381627768967
0.3726341474737486
0.37277772400836306
0.372757108940614
0.3725385418751389
0.3722941818786052
0.37281344297266006
0.37312108830872837
0.3730707236332089
0.37334479597970893
0.37351187882382203
0.3735352131716195
0.3734540193340802
0.3732183619172108
0.3731114229371264
0.37329725738642966
0.37319753178607623
0.37335248245597086
0.37290838555822675
0.3726949019116847
0.3724880761761923
0.3721146881455736
0.3717297373447615
0.37185417920526276
0.3719108155380175
0.37194625188880653
0.3715878827868651
0.37179340629878266
0.37185327655961287
0.37164296490318705
0.3713917319469246
0.37144438059889756
0.37177360887520966
0.37193037111574656
0.371948112206708
0.37194526648375387
0.3719643874494485
0.371949751470789
0.3717999575314733
0.37173637844544744
0.37169799658441605
0.3718447740459326
0.3717601353022086
0.37176468153655
0.37180483564062566
0.3718011633380553
0.3718092829141979
0.37181647328681733
0.37172394813757176
0.3716499707003621
0.37154071222354823
0.37158451331533326
0.3715573258936329
0.3713088799980509
0.3712105769170227
0.37108656620061725
0.37102884480679255
0.3710352589200499
0.3709610793992364
0.37085717203172003
0.3707761533599725
0.370848981027663
0.370947626949817
0.3708151992337618
0.37072648522908713
0.37059055715467276
0.3703964968489786
0.3704490017433076
0.370470116306016
0.370480391308646
0.3703742376554977
0.3701924523640587
0.37012230811601565
0.3700713116526258
0.3699960346776734
0.36991283417777526
0.3698267495148532
0.36986398270552234
0.3698468831867558
0.36985129686661994
0.3698262117569407
0.3697599735830039
0.369804337536289
0.3698566554465491
0.36986635647431115
0.3698166841219457
0.3697228022536694
0.36974201323829936
0.3696669363810064
0.3696376778282042
