[0.12365366028202482,0.18569581798129536,0.045278460373870205,-0.03271031546469914,-0.0018749938997993446,-0.011607352954735443,0.3161571515238958,-0.03227713655783598,-0.02276833550588045,0.7903723469550186,0.7823581814192724,0.1313599115076347,-0.042265855667626806]
[0.12368307275335023,0.1856973535858164,0.04527784751757509,-0.03262487865217574,-0.001879571516982392,-0.011574023005737824,0.3161736000390964,-0.03228098863076403,-0.022823427260156463,0.7904060655539151,0.7823494092282478,0.13138153888428034,-0.042258198333662435]
[0.12374961205905681,0.18568858650001935,0.04529845089075059,-0.032616780322496305,-0.001829984168123834,-0.01144885830130438,0.3162176225558922,-0.03225792152368414,-0.02285416144911884,0.7904623071936214,0.7823665430980206,0.13140084689046808,-0.042241700727711676]
[0.1236874204960063,0.18570914148210568,0.0452128965393573,-0.032626867315258615,-0.0018082406018940307,-0.0114428849599882,0.31619138900892224,-0.03225470086840345,-0.02284272818374881,0.7904280545411607,0.7823643543084497,0.13139287245898662,-0.04223204565401671]
[0.12368287559728859,0.18568707191022718,0.045241055035448584,-0.032689061025285966,-0.0018028065981544944,-0.011436859817436716,0.31621146744959255,-0.032250040622265025,-0.022767377031981978,0.7904188980571973,0.7824306430811805,0.13140077802503616,-0.04225437684899264]
[0.12367909378089303,0.18571581088741573,0.0452422978371763,-0.032690952761554544,-0.0018320387856382496,-0.011403178331465386,0.3162585573848504,-0.03222660226355889,-0.022826769379223396,0.7904633077232031,0.7824597524237996,0.13141771520087314,-0.04224655525877537]
[0.1236714979605267,0.18571941982439114,0.04521250138893689,-0.03270057720916735,-0.0019174370844103916,-0.011452817521459494,0.31622587728616663,-0.03221328509242929,-0.022837137642759336,0.7904969036677069,0.7824570033812309,0.13140738469398838,-0.0422472244520397]
[0.12370430052995574,0.18577054297337567,0.04521438676833482,-0.0326665954260199,-0.0019918291610111767,-0.011440113350345118,0.3162573255388962,-0.03219550606859114,-0.022834321075846677,0.7905568660219762,0.7824981271043013,0.1314315538070502,-0.04224712195496974]
[0.12370770852273341,0.1857262519636135,0.04525330861486266,-0.032653749996290206,-0.0020265798953816405,-0.011381542440814397,0.3162480380592099,-0.03218437849692206,-0.02281961583709229,0.7905408482027311,0.7824751999691949,0.13143846681982174,-0.042244135797011674]
[0.1237671917737752,0.18574849804385643,0.04526362195964123,-0.03262232540446433,-0.0021025631417094792,-0.011450811704330412,0.31629897381728544,-0.032165140792589635,-0.02280345492134997,0.7906376569394481,0.7825701600623658,0.1314459674744747,-0.04223616141896936]
[0.12380802996782342,0.18570401558931118,0.045289975245709775,-0.03256249246825397,-0.0020996038768673147,-0.01156687151770235,0.3163120579326057,-0.032168095562847616,-0.02276715506059395,0.7906636406903295,0.7825980413834108,0.13147899857161693,-0.042227308353357196]
[0.1238726308699944,0.18571607809900184,0.04506160812928079,-0.03252712445574703,-0.0020829818147297618,-0.011500257501477125,0.3163419223273349,-0.03214169550293651,-0.02275076393794008,0.7907048542861179,0.7826078496643755,0.13151417594678513,-0.04222493419672867]
[0.12385897292149183,0.1856245557484132,0.04507280729035711,-0.03261217553992576,-0.0021262631095070334,-0.011554667409501906,0.3163296921194589,-0.0321428790604158,-0.022838802830016543,0.7907244056899985,0.7825847575541616,0.13152543728525384,-0.04224391955405816]
[0.12386494733173986,0.18559610560391449,0.045004451185360186,-0.03259896765950394,-0.0020901817004381163,-0.011559392834088163,0.31626874451698356,-0.03212286182143395,-0.022934800186703692,0.7907439934818107,0.7825345458775259,0.1315160902844531,-0.04224250783750802]
[0.12389421877260495,0.18555689862329627,0.04501300554433009,-0.032608864930647394,-0.0020744429347826472,-0.011540802735545835,0.31625499530387163,-0.032119658739435,-0.022935450952978876,0.7907441183662153,0.7825415887425086,0.13150800734794832,-0.04224194690308587]
[0.12395068773730354,0.18554545974768843,0.04499220946782039,-0.03255028169897989,-0.0020060247375919206,-0.011563982322414046,0.3163155095982596,-0.03209428774186719,-0.0229556506951312,0.7907616159410564,0.7825897898455145,0.13152444547971964,-0.042216256261940505]
[0.123868998417742,0.1855520930126823,0.04499197331838543,-0.03252701240269393,-0.0020801335791889677,-0.011571334187230048,0.31627586081776166,-0.03209298709925043,-0.022988249538561017,0.7908241248674527,0.7825820456044956,0.1315347273193599,-0.04221810007319235]
[0.12391047716231687,0.1855021494271035,0.04498842725727733,-0.03245851398314777,-0.0021696147356293424,-0.011594308734652262,0.3162682319157678,-0.03209640647734048,-0.023000656395369634,0.7909199207121431,0.7825760314763246,0.1314454698568591,-0.04221928233737271]
[0.12394963577812365,0.18548196698729555,0.04499930812658479,-0.03242324050535885,-0.0021949423570432483,-0.011551796091934994,0.31627141667067327,-0.03209059540008015,-0.02294049207591161,0.7909155329847062,0.7826372363111349,0.131444236135522,-0.042208895845086185]
[0.12389031498267992,0.18548553391906497,0.04502297821191072,-0.03239986882820664,-0.0021563795753780065,-0.011537176988855402,0.3162027085375966,-0.03208569032985395,-0.02296190626702409,0.7908971777713678,0.7826078337723275,0.13145628492394199,-0.04220285395291186]
[0.1239089812937097,0.18548006697041808,0.04504113064247201,-0.03241553661894017,-0.002244485026999879,-0.011514632692673242,0.3161944090510839,-0.032085751188836345,-0.022912142686391607,0.7908941159340046,0.7826032170290168,0.13149986272017963,-0.04219187963794879]
[0.12392688173233714,0.18540336808875368,0.04505113334579053,-0.03240573421347285,-0.0022370294955201633,-0.011517410484223852,0.31619909049967543,-0.032082340553104334,-0.022951589807458966,0.7909369571237328,0.7826434267348071,0.13156095239333654,-0.04218421084279194]
[0.12388851411073785,0.1853686206317957,0.045047957226622075,-0.03244604907798485,-0.0022374360057229817,-0.011531983799984366,0.31619765545403333,-0.03210621111716158,-0.022953655362607267,0.7908312514642417,0.7826612647862933,0.13157742532630806,-0.042198521536396416]
[0.12388156300032827,0.1852436235436579,0.04505972206366539,-0.03240778322356887,-0.002349829746136803,-0.011485109585474277,0.31614681951231516,-0.03211647838477601,-0.022967562195713786,0.7908113512182517,0.7826307202993045,0.13157929822192085,-0.04218714790868448]
[0.12390832769521633,0.18519296234691282,0.04508236096982881,-0.03244254375391898,-0.0023804267659146812,-0.011504928587741268,0.31611537587403943,-0.03210200198910007,-0.022948417923141562,0.790847302685058,0.7825961932815552,0.13145424961358182,-0.04219943073197246]
[0.123929919857688,0.18517261022689532,0.044994136328208284,-0.032442950712174484,-0.002368589999115272,-0.01143715358136353,0.3160699803845894,-0.0320936002822496,-0.022923745405598262,0.7907689821257708,0.782528456081331,0.1314804816527755,-0.04218028628238003]
[0.12401002532278785,0.18518503957472193,0.04501349596826094,-0.03249436290436487,-0.0023995759111488835,-0.011461056993584382,0.31608920993542566,-0.03208122842407131,-0.022952334912266743,0.7908615886583029,0.7825263373633153,0.13150523983364162,-0.042193875141720495]
[0.1240619565357277,0.18515096297027195,0.04500630414040967,-0.03256492956434909,-0.002437882810199715,-0.011395318595027664,0.3160976696387947,-0.03207317689053111,-0.022892682242049843,0.7908721644069823,0.7825199263147044,0.13150104758495088,-0.04219281783651372]
[0.12402327296483708,0.18514140617763758,0.04504167190976115,-0.03258508257999207,-0.0024771235981618594,-0.011439318687708675,0.3160144175998619,-0.03208938989476877,-0.022955991349656684,0.790881972686143,0.782465434932285,0.13151346892344426,-0.04219618340114745]
[0.12396392109936517,0.18510943886046913,0.04503936078551554,-0.03250867831097874,-0.00248273149979877,-0.011425050913147692,0.31575863461551296,-0.0320554401315781,-0.02294422075135,0.7909098617521308,0.7824487849388246,0.13154060791510216,-0.042174109638932734]
[0.12405324590530956,0.1851099360088514,0.045039071448161536,-0.032437407239861105,-0.002608884936829603,-0.011419754992808792,0.31575244630162924,-0.032059557635057814,-0.023006896448005944,0.7909337567105683,0.7823841897979784,0.13159263202236152,-0.042189288183720516]
[0.12405000779632225,0.18514536202653722,0.04501724901522898,-0.03242070133071773,-0.0026640276100462594,-0.01144452213304617,0.3157767778389279,-0.03203656457990933,-0.02295334378558966,0.7909473264508591,0.782421786608646,0.13164211589673266,-0.04218000645480905]
[0.12409555925298618,0.18513620172596004,0.045025262790054726,-0.0324323812745919,-0.0026289370925109794,-0.011455158630125983,0.3158188288700574,-0.032052459705501635,-0.022970308241787665,0.7909606886275394,0.7824317764513791,0.131635135413984,-0.042193332956733706]
[0.1241183568020322,0.18506288527368903,0.044849664219783855,-0.03243025688550536,-0.0025481207169637176,-0.011448239330816084,0.3157836746918032,-0.03206222097787895,-0.02302572467288826,0.7910152665628283,0.7823896595748933,0.13166004597289713,-0.04219869124792738]
[0.12412472027969151,0.1850618148224877,0.04489107620445529,-0.03241477498810913,-0.002575434692920825,-0.011413754984330945,0.3157228760917641,-0.032053161484486274,-0.02298936596970246,0.7908664563767862,0.7823216746868087,0.13167230662626206,-0.04218780639779163]
[0.12420693323821287,0.1850375361842655,0.04487857322808498,-0.03242018937254775,-0.0025362775376777547,-0.011466295021944743,0.3157762837812172,-0.032028195405529356,-0.022983346387440907,0.7909330049216206,0.7823307366228462,0.13169948276820967,-0.04219682397084347]
[0.12423977437483869,0.18500023656899936,0.04485085303642132,-0.032374106032223376,-0.0024976417120393586,-0.011483240336746482,0.315759583988693,-0.03201166866350675,-0.023081446156062453,0.7910220370122408,0.7823047779653366,0.13166678743656957,-0.04218001023271177]
[0.12422434948728761,0.18507168674892013,0.04482856996880853,-0.032320577824061655,-0.002482615664718235,-0.011449091575255957,0.31576127936922427,-0.03201329141267488,-0.02307686270261465,0.7910125515643529,0.7823296662767761,0.1316806643528411,-0.04216989231811267]
[0.12423713388343183,0.18509697081643542,0.044839920028506806,-0.03237266186882009,-0.0025178864149561658,-0.01143907259776299,0.31571637604593167,-0.03203910405838665,-0.02315710194110998,0.791008052764831,0.7823124381421751,0.131721720140594,-0.04218751823517186]
[0.12430740206179403,0.18505444203324614,0.044861568182315105,-0.03235050843449097,-0.002513572218918622,-0.01144276377025082,0.3157685484278039,-0.03201825689930428,-0.02313537845982496,0.791023902310309,0.7823598991240039,0.1317049853349249,-0.042177049256785976]
[0.12441728616237199,0.18507157582380473,0.04486295311944714,-0.03241360165230265,-0.0024804559255363883,-0.011367299171433556,0.3158215636779584,-0.032011641736968736,-0.023203761720371453,0.7909994573712588,0.7823386956093985,0.13171695920900614,-0.042202543638786956]
[0.12444179753221778,0.18506946399972274,0.04487374958585823,-0.03241970220632551,-0.002421764144430668,-0.0113564195097041,0.3157999348976449,-0.032018371269698705,-0.023382527147488265,0.7910334655159887,0.7822499222756302,0.13174946984358746,-0.04221038420199403]
[0.12438657056141741,0.1850849504777238,0.04487608953830039,-0.03243831500408681,-0.0023660261473607692,-0.011416775734010298,0.3158223497821745,-0.03202379301772402,-0.02349183552552398,0.7910593970913096,0.7822531769071428,0.13181411114473474,-0.04221945690928477]
[0.12448693035043334,0.18509659914565005,0.044889289324725246,-0.03237246692977069,-0.0023714463405202844,-0.011381994727017456,0.3158569623069174,-0.03201044742000286,-0.023518262368335333,0.791132275046577,0.782268477992889,0.1318493631019304,-0.042190454327473294]
[0.12456986978950528,0.18502091810804594,0.04488743319360154,-0.032314490479237803,-0.002367295481497616,-0.011344991319309126,0.3158973131866484,-0.032014521119839476,-0.023559145948945197,0.7911513571053521,0.7822772574519631,0.13187877603682704,-0.042201346785392085]
[0.12460560830887854,0.18498049188259907,0.04490460637767203,-0.032285277414394874,-0.002437476171003171,-0.011386587443069772,0.31591672627634915,-0.0319868106037541,-0.023631968682457098,0.7912235765460661,0.7823079373426893,0.13189717672776916,-0.042184857198326334]
[0.12463841127709552,0.1849392466956533,0.04492714958165714,-0.03221455749709367,-0.0024358672080392737,-0.011392701139599015,0.3159588906317346,-0.031961609952624793,-0.023664677210120246,0.791237549188778,0.7823360610225017,0.13192932002976612,-0.04215854052159869]
[0.1246474737588636,0.18500099164160244,0.044930562673657456,-0.03218072978650072,-0.0024366264477162147,-0.011381572394722754,0.3159635979171641,-0.03193412874686628,-0.02362290496458937,0.7912428862699549,0.7822871194607214,0.13195229886663484,-0.04216265076595412]
[0.12474306226945005,0.18498559572236203,0.04487134086444393,-0.032133908400393395,-0.0025083258973186678,-0.011441427981758165,0.3160075692876243,-0.03191965053573295,-0.023748149393275558,0.7912874753092082,0.7822892035989675,0.13196559979613035,-0.0421370579418114]
[0.12477028826887825,0.1849348625237677,0.04489402533414777,-0.032169214571881245,-0.0024243898174553112,-0.011438955820917068,0.31597836901373794,-0.031901857865734864,-0.023833723387032633,0.791419084829569,0.7822417133525689,0.1319235944549706,-0.042127951312953396]
[0.12480839104876518,0.18489216827054417,0.04480786892951928,-0.032207861653874396,-0.0024603987121271354,-0.01143784516841394,0.3158982272624093,-0.031907397804624114,-0.023837738906607554,0.791374226245538,0.7821647901267883,0.1319464951883109,-0.04214672216789769]
[0.12482917089495531,0.1848685787807583,0.04479108934356859,-0.032178517734294955,-0.002485569902896002,-0.011455893017227733,0.3158709975094013,-0.03190743972991345,-0.023834946584294643,0.7914145262534809,0.7821174462117241,0.13190529479125546,-0.042161933760719035]
[0.12486534039650736,0.1848893645287772,0.0448137999320165,-0.03216510592250778,-0.002472776759183992,-0.011399732932438565,0.3159046149128159,-0.03188805003424769,-0.02374834125395694,0.7913989266265378,0.7821406690459959,0.13192666484830215,-0.0421413942090099]
[0.12494801830768135,0.18483768433973674,0.044826073875155845,-0.032145481300040996,-0.002471203598868661,-0.011405575808527376,0.315931273085001,-0.03187769742819639,-0.023736284588429593,0.7914350014624799,0.7821555633978045,0.13193982005543445,-0.042114156164928536]
[0.12487369258274968,0.18485656001851775,0.04484531634751334,-0.032151249581082605,-0.0023981032144875323,-0.011454704235536937,0.3158243126692098,-0.03187953413453035,-0.023757419788718336,0.7914040107041211,0.7820882985274248,0.1319430597824275,-0.04211272840575442]
[0.12493348212361387,0.18487493632865584,0.044866428717660826,-0.03212745163320977,-0.0023809039237909645,-0.01143763509889563,0.31584068078273836,-0.03185497156018189,-0.023791601676120513,0.791461795520475,0.7821185002469601,0.13196796508476466,-0.04209081608547182]
[0.12492653410626026,0.18473995791981931,0.044876644788408485,-0.032088156867143496,-0.0023829261729449774,-0.011404962315842065,0.315798440457028,-0.031829677014284324,-0.0237524149750689,0.791591624474711,0.7820931121872843,0.13193492122813621,-0.042080154081278735]
[0.12491565728152618,0.1847107439020064,0.04487836522126485,-0.03205162290488509,-0.002369437464524205,-0.011428535721010298,0.31571494130068584,-0.031806799183985636,-0.023807402735765752,0.7915983156356676,0.7821213325393734,0.13190647090166074,-0.04207638868420435]
[0.12495137498093421,0.1846044906746487,0.0448467871178814,-0.032084767403391584,-0.0023611909493741734,-0.011457060458943631,0.31573786244470636,-0.03180274408831526,-0.02379966894423782,0.7916151980930013,0.7821638916483765,0.13192099061316406,-0.04207598258758413]
[0.12491474201306932,0.18461697061398852,0.04481688750010957,-0.03212106118297509,-0.0023812474491549177,-0.011446709874195165,0.3157526715416078,-0.03181319622085974,-0.023809582310487513,0.7916642247522837,0.7821098937232812,0.1319081973567323,-0.042080560828445544]
[0.12492154222137418,0.1845854568834608,0.04483882816625821,-0.03205310129623405,-0.002335327073762982,-0.011454814913497688,0.3156719976914998,-0.03180707485736389,-0.02385061044114347,0.7917947198205806,0.7820275931820856,0.13192139864638372,-0.04206040616754009]
[0.12498349313516928,0.1846083897838613,0.04485570801587939,-0.032078979235786315,-0.00236149513977202,-0.01157421177594416,0.3157134392716193,-0.03183603629773086,-0.02392557248540445,0.7918352318757015,0.7820256966085551,0.13194610648582294,-0.04206763453083232]
[0.12500661970796212,0.1845939359403902,0.04484743616171382,-0.0320900074859265,-0.0024123364555845564,-0.011567102541054142,0.31571349143764355,-0.03181944627124014,-0.023911223872797913,0.7917775575640542,0.7820523946565276,0.1319852007874222,-0.04206606481143224]
[0.12501134650604934,0.18457566433978592,0.04485018377781692,-0.03211722610409974,-0.0024154335177586283,-0.011566971532435738,0.3157223679267537,-0.03182822417225764,-0.023949735581612015,0.7917523452041008,0.782004746010233,0.13199075484151504,-0.04207686800171807]
[0.12509175865885683,0.18451532601985926,0.0448442484024971,-0.03215502625389904,-0.0024095323474038212,-0.011614935388393997,0.3157513756650047,-0.0318537643016957,-0.02391208346407524,0.7917673957126342,0.7820228042331323,0.13200592377373685,-0.04209232967685961]
[0.1251010167689713,0.18453680989141358,0.04485088481128535,-0.03213188200178726,-0.0024160275210436603,-0.011608035759618425,0.3157408639081776,-0.031850466641903365,-0.023919457672605997,0.7917483805279318,0.7820267437039731,0.1320173036789748,-0.04207644095471425]
[0.12515388351220344,0.18447144786125302,0.044883123758246636,-0.03225335022565036,-0.002438981390678144,-0.01158588051856429,0.3157481521192358,-0.03186740329378284,-0.02389443314792972,0.7917005117827152,0.7820146999715227,0.13204473556929253,-0.04209499596086209]
[0.12515232197811474,0.18438717457206333,0.04489065797642925,-0.03234573741490326,-0.0023732229707920894,-0.011507152124071,0.31571774527655777,-0.03186643302551766,-0.02387291302060471,0.7917225365003562,0.7821174144689251,0.13207169118569254,-0.0421119437554167]
[0.125138359763092,0.18444112499161736,0.044908575929032295,-0.032401668232452864,-0.002436510836399278,-0.011514371783145495,0.3157335035618181,-0.03186932446251928,-0.02387289461135041,0.7917544989997491,0.7821600308215669,0.13203319139680472,-0.0421343526377985]
[0.1251596447205405,0.18435097883068896,0.0449206754411039,-0.03235545595226472,-0.0024961620430555926,-0.011510800176264555,0.31573293611339914,-0.03185823401034549,-0.023955623024305615,0.7917966534505961,0.7821466176786332,0.1320483109928717,-0.04212225680471471]
[0.12518684488763804,0.18439030919770213,0.044875672178471354,-0.03232719203391999,-0.0024410197336719518,-0.011477832251762346,0.3157363288895708,-0.031846093141431046,-0.023944590110736262,0.7917337316744866,0.7820894243263071,0.1317249852210489,-0.042086825528925835]
[0.12521280262236623,0.18433956734777485,0.04489268964498345,-0.03235324025931566,-0.002448296378116651,-0.011463608393862438,0.3157348479096774,-0.031832311362175625,-0.024011167608131236,0.7917092867750216,0.7820569734261873,0.13169937934904313,-0.04207440663915591]
[0.12526469350321026,0.18433454100062915,0.04490408868956484,-0.0322742842126827,-0.002472101602269141,-0.011442689144829684,0.3157778084710296,-0.031830298874814145,-0.024005710036495227,0.7917684509817776,0.7820686158991915,0.13171301977651534,-0.04205098853003484]
[0.12528313290793605,0.18426801777340784,0.04492823011475345,-0.03222570046615247,-0.00244900403185798,-0.01143900982549104,0.3157776896530764,-0.03181278578766928,-0.024089523219060258,0.7918025144448521,0.7820481367536322,0.1317237167524172,-0.04203103846467098]
[0.1252499101777846,0.1842421507183678,0.044929153944558035,-0.03219612767052928,-0.002459437025836824,-0.011413330049937068,0.31573809084559606,-0.03180021541024964,-0.02408385866356117,0.7917611687562328,0.7820247739614894,0.13169785900496828,-0.042015427560535494]
[0.12525791159640254,0.18423596480125895,0.044946657671358435,-0.03223605212518094,-0.0024767437854441685,-0.011484955354951018,0.31577467791626657,-0.03178318373022744,-0.024080856343557843,0.791794892369208,0.7820417228698453,0.1317168644246399,-0.042027306767758954]
[0.12534262008033756,0.1842821157684543,0.04493324737246276,-0.03226847327859241,-0.002462006415550019,-0.011463605842683985,0.31581767056591264,-0.03177568023946543,-0.024080728536101957,0.791865766912432,0.7820446222776705,0.13175333143911105,-0.042012803895596834]
[0.1254275894327547,0.18432190082105976,0.04494199551751496,-0.03216985128090059,-0.002450049349690794,-0.011432646130554617,0.3158491993472646,-0.03175353772878484,-0.024046605377310352,0.7918881050493546,0.7820605477896923,0.1317597660993544,-0.04199712662070358]
[0.12543241059049945,0.18427439798373182,0.044954408200997845,-0.032188874881994574,-0.002469337942724206,-0.01146523477899742,0.3158777929836674,-0.03174863334306392,-0.024133727946347525,0.7919148650381728,0.7820469232254309,0.13179555623661132,-0.04200302622664191]
[0.12547938268809392,0.1843244032554732,0.0449640205043997,-0.03211479917005516,-0.0025355741686236073,-0.011456123026789614,0.3158518381115561,-0.03173233965957595,-0.02417707326131452,0.7918793495964743,0.7819812968766799,0.1318149267860213,-0.04197013093610551]
[0.12548744916920254,0.18434170088592342,0.044945119911196534,-0.03215877949304629,-0.0025850546356149104,-0.011451607868365207,0.3158567878891187,-0.03174267225954161,-0.02435746128002751,0.7918963784482447,0.7819531344041487,0.1317972121543356,-0.041998916891990055]
[0.12545659867432596,0.18431591590069593,0.04496048858107923,-0.03215375701145174,-0.002561345441052475,-0.011326742665327311,0.315871741771271,-0.031725009146429874,-0.024317351681326496,0.7919609697506006,0.7819953289902658,0.13181837983605388,-0.041990386897641015]
[0.12542085930015323,0.18419867931452608,0.044964376349415774,-0.032107056675160645,-0.0025976700202110124,-0.011264452119240181,0.3158841722822428,-0.03172706845121279,-0.02426866986917019,0.7919689458713497,0.7820166546517392,0.13178799516335674,-0.04196845455726872]
[0.12537242618617533,0.18418821916249006,0.04473104634041124,-0.032103341924167667,-0.002685157111778655,-0.011213070561417769,0.3157516635449105,-0.031744835097624165,-0.02430343124641855,0.7919668387279805,0.7819905189227516,0.13173319024866986,-0.04197698279516239]
[0.12539611577987783,0.18415004091439707,0.044762391904359176,-0.03207041512236935,-0.0026401457735166856,-0.011247857840033827,0.3157699265337939,-0.03170672746743296,-0.024329304690505614,0.7919357564993007,0.7820149063316997,0.13174199249622412,-0.04197030892688218]
[0.12540797540422988,0.18412443654304447,0.04476424412158995,-0.03211379701367042,-0.0027387029034560534,-0.011209150434829514,0.3157673551733814,-0.031717643534049274,-0.024372894115748084,0.7920050118349823,0.7820642833702144,0.13175780499284606,-0.041991025778736216]
[0.12549195512594158,0.18419709831570238,0.044746984848311834,-0.03211263641720127,-0.0026845156422494625,-0.011280887590001907,0.31580297119432754,-0.03171269468087382,-0.024392526987413187,0.7920396418394281,0.7820524204196777,0.1318147545197458,-0.04199661535183446]
[0.12552490185048895,0.1841813943765671,0.04476315294922437,-0.032090642935790274,-0.0027062174169763943,-0.011205424096444585,0.3157749353712125,-0.0316796112481656,-0.024415892758350967,0.7920471320608952,0.7820121338399757,0.13182842978672546,-0.04200016511397374]
[0.12552547000752806,0.1840475026763339,0.04477169505585662,-0.03209111072502403,-0.00277239683811374,-0.011204322632435726,0.31571177660064487,-0.03166732481677845,-0.02441324221801215,0.7920628013182314,0.7819202435931649,0.1318699593213937,-0.04200696209838992]
[0.12557349631831008,0.18404240917783238,0.0447597670014033,-0.032046407911848034,-0.002732533638316712,-0.011231961782966988,0.31568886319949074,-0.03164844843428807,-0.02448121470943861,0.7920583756085495,0.7819061721852889,0.13192441661761825,-0.04199971239917692]
[0.1255787614510163,0.18397587977064708,0.044717157329142686,-0.032079094239885364,-0.0027093714676831855,-0.011244299000697093,0.31568728406164265,-0.03167236644214853,-0.02448371675963271,0.7920953105650108,0.7819316026005635,0.13194295655598928,-0.04201466413432326]
[0.12552024051028576,0.18397675029268468,0.04472917952863021,-0.03206597088125446,-0.0027470287789922243,-0.011208612690490248,0.315610790298705,-0.03164854380213839,-0.02445384008785165,0.7921183410069883,0.781926534999347,0.1319775068855311,-0.04201038558031637]
[0.1254693329843882,0.1839796015414033,0.04476281077527302,-0.03203115172410291,-0.0027020055493889522,-0.011178436167612745,0.31560418501415416,-0.03164000720864002,-0.024452780418748016,0.792053305230209,0.7819275976289469,0.13199719825348466,-0.04200306430204176]
[0.1254290447468381,0.18391166257945837,0.04478476438677755,-0.032017031967122744,-0.0026400250249306915,-0.011196209908171774,0.3155958605700679,-0.03163752981510372,-0.02449791194885279,0.7920681781340527,0.7819414839812924,0.1320052424618641,-0.04200655057273664]
[0.12548542328435644,0.18390192328848323,0.04476377104823658,-0.032049544921391115,-0.00263063930301708,-0.01113705536456132,0.31556829755138505,-0.031639136711886354,-0.024480649802425678,0.7921216595275555,0.7819657922990267,0.13192692748317195,-0.042014357269978445]
[0.12557419253426513,0.18389869796609906,0.04478028227244618,-0.032037750093340596,-0.002641641365879328,-0.011146226999243091,0.31561620591548856,-0.03163507122450772,-0.02447358076274806,0.7921380827186967,0.7820019031535959,0.13194054055483934,-0.04200684750450972]
[0.12558749187398974,0.18395211787436516,0.044721604973861157,-0.032070207635280075,-0.0026606398240325247,-0.011194202588635566,0.3155998155901593,-0.03163743909268638,-0.024497149838275504,0.7921631240726178,0.7819736162902667,0.13196460525698525,-0.04199450414973099]
[0.12558916635939407,0.18389486402619828,0.04473768015999967,-0.03213028387028569,-0.002650556303708951,-0.011226608063003475,0.3156379700535761,-0.03162545722453322,-0.024502931594312896,0.7921449754974511,0.7820337848418824,0.13196665317173878,-0.042007131876404646]
[0.12555727937749173,0.18380434846349547,0.044729699266162694,-0.03212148644931439,-0.002601762022317339,-0.011213182689119472,0.315634462773998,-0.03163795874610905,-0.024569935692558404,0.792094533431862,0.7820350470519196,0.1319558078239875,-0.04200066325304296]
[0.12559759009438895,0.18375442707561174,0.04474240872231579,-0.032190937130356354,-0.0026278188216302878,-0.011222877139095954,0.31569677127645235,-0.031624459554625305,-0.024589899142920126,0.7921360568797093,0.7821099731585519,0.1319807215971605,-0.04200767008113532]
