0.03326228257151127
0.03198606757227447
0.027467988434531184
0.025578902229845626
0.025421448981278114
0.026197507306952583
0.02791416233530038
0.028628133492107112
0.0296169239565466
0.029167406005402102
0.030124597483865423
0.030969917697483522
0.032360212552156147
0.033455223478106776
0.03463809010834117
0.03505655733635008
0.035767088125402094
0.036142814187290005
0.036174196687001045
0.03634251926934854
0.036456132438668666
0.03702291516138112
0.036895473749732316
0.03729338239588809
0.037287775314336
0.03683324973595462
0.037092021067002615
0.03705624680467448
0.03674159762521488
0.037132686535911216
0.03715403250105685
0.03742252910172382
0.03721243730447596
0.03690546917146389
0.03664590748332716
0.036467557908142496
0.03623728872207145
0.036086016639437085
0.036014641419746855
0.035938979074598795
0.03623300535490642
0.036786056817806
0.03749079257250894
0.03755879587201467
0.037584059908703435
0.037527256639514006
0.037350755276661894
0.037428066475004455
0.03736853529110352
0.03745834656664802
0.03749344169882225
0.03740382033406219
0.03725746932931557
0.03727893472765909
0.037106197596522734
0.03704240745674033
0.037007348029392116
0.03700055945947608
0.037038684656606695
0.03710593112385314
0.037259400757427695
0.03739361885575985
0.0377159641998732
0.037844746705177894
0.03801575209487251
0.037926410191936974
0.03790712311885719
0.03764477765331736
0.03769295296822502
0.038312387179355985
0.03837572640935654
0.03828512594996902
0.03805594607749289
0.03797297381410316
0.03808089087061998
0.03827394300754174
0.03846977092656155
0.03867420955557809
0.03913260359413031
0.039765916669870886
0.040008564003569586
0.039924709354839695
0.03982902005799637
0.03993767901655177
0.04004344127008695
0.04031035128554994
0.04039300622249352
0.04036097546367893
0.04030456496567211
0.040302208083832336
0.04030921883424875
0.0403615240195501
0.04028031912224657
0.04021582818829039
0.040423602647909285
0.04080319698893423
0.04103202565867702
0.0413025273210658
0.041443118675383
0.041490279681234456
0.04152882625869411
0.04156945797612823
0.041578313180579494
0.04156656001461907
0.04161770549578296
0.0417244425478807
0.041727721345434295
0.04172265691905099
0.04168398264214403
0.04158536726901338
0.041528773073783526
0.04155527298857123
0.04145947885930955
0.04127570780082642
0.04119800489289893
0.04119317781057148
0.04123387932034931
0.04123430825624848
0.04117955173410973
0.04111502919449939
0.04106418684283845
0.04111103628752512
0.04121608667042657
0.041231837178973746
0.041210299817635666
0.041318992461663866
0.04141938812159614
0.04156487036266575
0.041643301003340946
0.04179474571337008
0.041828432657096126
0.04184332113941372
0.041826214407108764
0.041807305485937855
0.04181962394590775
0.041853147811697036
0.04182374427573382
0.04175709295203666
0.0416822267088262
0.041656189993540836
0.041606295621447284
0.041491967622746956
0.0413924509560742
0.041370465501172286
0.041212035200893324
0.041093873966695144
0.04107483242333484
0.041043264154362685
0.04105777974434646
0.04100240051780242
0.041020711476633075
0.041063753845708734
0.04101652698806855
0.04097466806839131
0.04104708120617382
0.04107117310443491
0.04104773076322493
0.04114441471553121
0.041107285033816464
0.04108476466846182
0.04107340354553901
0.04099203280595508
0.04095008963775868
0.040904197757494376
0.040824992157398626
0.04078821330474041
0.0407154010320476
0.040651781351148164
0.040633547307451216
0.040603532808355935
0.040554392778634235
0.040523835692002436
0.040526616434727145
0.04049915609680799
0.04040002734039854
0.04033706152084736
0.04027295370851641
0.04022124746876339
0.04018125327549848
0.04011085405754485
0.039995188111007135
0.03992923986730332
0.039866575302686225
0.03985078673025314
0.0397989245278735
0.03979631837680284
0.03982568806159028
0.03981280715390215
0.03971222031271049
0.03959083993781434
0.03948758847892767
0.03949112611491474
0.03950522978794725
0.03941512637529409
0.03943175336455083
0.03942570857856113
0.03945287487663013
0.039482155825342743
0.0395017634578257
0.039517011495995735
0.03953634785765561
0.0395884542014573
0.03960730561876982
0.03964823979537074
0.03959590906159218
0.03953856071131778
0.03947757529360412
0.03943635118909376
0.039471630643335885
0.039460275911405523
0.03938317680623312
0.03932691565113586
0.039359272679971295
0.03943844165395806
0.039568382292963535
0.03971024978527245
0.03966376472604639
0.039605208216024756
0.03956782245032838
0.0394862830722889
0.039450198407914604
0.03947921744291861
0.03940657873412622
0.039358449815200695
0.03931242298856223
0.039296118047373145
0.039298222900137424
0.039272426256576426
0.039263403830554974
0.0392988344988345
0.0393026206883184
0.03941346705294279
0.03945867656699359
0.03943083350783252
0.039444847660170784
0.0394519551413762
0.039439512520270247
0.03937536840627281
