4428
4318
4289
3591
3958
2806
942
2826
3385
4365
3890
2007
1764
2372
3196
2130
4033
4751
4447
2348
1714
3650
2014
1929
2803
2581
2080
588
584
1007
1170
2181
1832
1922
3738
1584
1736
1824
1885
3645
1306
3358
2066
1776
2408
1755
1681
1264
989
1164
705
555
519
2336
1479
1782
2079
1984
2020
2275
2008
1916
2179
1881
1854
1757
2330
2206
2397
3425
2096
1781
1252
884
937
564
548
944
1143
2765
2233
2065
1889
1949
2063
1666
1825
1736
1424
1765
2008
2830
2223
2226
2342
1875
1147
1102
636
1091
570
701
1489
1866
2500
1698
1644
1675
1990
2318
1990
1982
1741
2107
2693
2646
2616
2663
2400
2311
1426
983
827
664
819
653
1233
1884
2198
2016
1804
1873
1777
2050
2190
1840
1801
2179
2498
2915
2333
2534
2239
2241
2416
2720
1757
1369
932
825
671
863
1229
1472
1876
1938
2339
2063
1779
2259
1802
2000
2287
2327
2366
2291
2178
2507
2078
2136
1999
1470
1101
698
1057
718
735
1267
1561
1891
1906
1471
2029
1769
2134
1795
1894
1667
1742
1687
1369
884
834
646
825
486
511
657
1224
2017
1890
1823
1528
1588
1837
1602
1487
1588
1497
2269
2121
1706
1810
1790
1803
1210
743
667
550
741
513
638
1305
1754
2309
1808
1581
1692
1577
2148
1754
1777
1805
1792
2521
2281
2327
2132
1702
1733
1189
822
612
507
801
732
1176
2027
2045
2068
1799
1889
1972
1714
2319
1810
1505
1834
2268
2521
2030
2224
2487
1830
1397
876
728
734
530
966
1163
1881
2247
1882
2062
1776
1910
1715
1794
2055
1679
1785
2218
2323
2755
2162
2251
2058
1654
1548
893
753
707
716
1498
1560
1943
2060
1753
2136
1759
1736
1858
1706
1536
1718
2166
2199
2362
2462
2124
2000
1589
1724
1871
1362
988
623
738
1242
1172
1335
1948
1882
2532
2035
2083
1942
1413
2346
2116
2248
1995
1979
2302
2380
2191
1706
1579
1600
1010
618
640
712
1266
1475
1476
1771
2005
2448
1876
1953
1986
1842
2129
1951
1908
1855
1629
1767
1309
853
913
712
871
617
791
1039
1585
2111
1676
1725
2217
2015
2131
1960
1914
1842
1716
1913
1695
1625
1611
1314
1277
731
602
610
737
820
903
1283
1518
1570
2015
1675
1745
1686
1693
1948
1469
1849
2078
2087
2498
2199
2055
1584
1177
1078
753
519
501
633
1394
1792
1949
1815
1683
2094
2403
1585
1772
1659
2006
1387
2072
2300
2134
2573
2049
1664
1244
803
900
561
707
917
1165
2082
2009
2033
2006
1779
2161
1702
1933
2199
1633
2270
2312
2341
2495
2366
2510
1856
1418
992
855
971
583
711
1173
1725
2628
1903
1808
1531
1756
2227
1888
1827
1565
2033
2727
2448
2348
1948
2227
2639
2097
1618
1538
1179
1232
672
688
863
999
1989
1736
1988
1930
1972
2308
1451
1475
1527
2383
2177
1740
1772
1957
2036
2223
1700
1484
1000
905
872
508
720
983
1172
1887
1671
1883
1548
1755
2322
1583
1886
1940
1753
1832
1397
1322
1140
1361
1208
534
475
473
637
1546
1823
1707
1798
1556
1876
1565
1573
1723
1702
2100
2001
2402
2260
2206
2536
1811
1332
1005
604
928
482
478
622
1129
2386
2131
1855
1909
1617
2271
1541
1826
1887
1476
2152
2148
2311
2312
2240
2343
1523
1156
689
748
1013
600
644
1237
1699
2487
1858
1791
1575
1684
2188
1762
1855
1348
1704
2348
2381
2151
2109
2328
1978
1257
859
653
586
1034
619
1297
1849
2150
2291
1766
1680
1793
1879
2210
1729
1625
1810
2129
2749
2232
2130
1640
1956
1956
1141
788
672
571
1127
1135
1764
1811
1907
2103
1735
2316
1682
1862
2261
1676
1830
2169
1844
3810
1790
2511
2055
2018
2876
1621
1248
898
694
1060
857
1144
1319
1743
2239
1834
1858
1847
1861
2048
1918
2197
2137
2098
2443
2439
2034
2082
2654
2023
1440
830
646
660
1140
1042
1214
1519
1641
2520
1844
1839
1470
991
1739
1478
1411
1282
1387
1786
986
784
598
498
836
493
617
1137
1180
2213
1677
1548
1534
1623
1763
1566
1508
1438
1842
2536
1906
1668
2001
1493
1621
961
599
556
478
867
679
1175
1723
1601
2186
1613
1705
1811
1363
2221
1709
1395
2206
1389
1852
1935
1967
2418
1635
1346
742
468
519
497
856
1575
1893
2324
1988
2157
1563
1804
1731
1834
2202
1171
1729
2089
2050
2690
2113
1994
1677
1150
1307
659
561
528
726
1587
1718
1797
1638
1509
2228
1492
1214
1464
1604
1667
1429
1794
1812
1857
2463
1701
1358
1338
818
1202
681
620
670
906
2042
1532
1773
1676
1658
1958
1707
1476
1286
1482
1921
1781
1761
2371
1939
2856
1966
2030
1889
1533
1664
990
608
608
811
2480
1537
1645
1825
2017
2550
2044
1841
1708
1985
2306
2434
1653
2075
2194
2658
2140
2008
268
1780
1574
749
597
739
884
1703
1516
1555
1819
1690
2376
1434
1268
1514
1399
2317
1747
1615
1351
1483
1231
706
509
511
493
978
1055
1528
1856
1619
1862
1622
1598
1568
1566
2047
1408
1532
2038
2090
2037
1704
1669
1500
1213
1198
483
467
404
596
1360
1475
1886
1812
1301
2020
1636
1580
1650
1590
1845
1736
1995
1906
2247
2630
1561
1260
845
765
1593
496
519
601
1178
2352
1662
1894
1712
1624
2144
1468
1723
1312
1419
1899
1591
2155
1884
2111
2622
1843
1052
939
608
1044
503
626
1132
1762
2250
1590
1752
1667
1718
1942
1781
1678
1460
1760
2702
2368
1976
2291
2267
2214
1527
1225
827
648
1080
598
920
1354
1857
1863
1712
1522
1810
1426
2418
1515
1491
1843
1933
2445
2031
2213
1941
2174
2291
1655
1398
1316
900
1088
593
762
1085
1236
2303
1730
1939
1808
1728
2267
1381
1755
1669
2156
2253
2075
2158
2862
2155
2244
1618
1289
983
695
1244
802
781
1202
1475
2037
1558
1868
1612
1495
2351
1722
1700
1487
1683
1964
1150
970
947
899
1066
541
438
660
1079
1676
2287
1611
1768
1374
2093
1525
1228
1545
1326
2092
1459
2010
2002
1576
2116
1069
814
745
598
1014
455
563
1136
1481
2034
1324
1410
1265
1185
1678
1615
1633
1434
1683
2648
1791
1888
2447
1763
2330
1128
803
626
575
1114
610
1153
1769
1913
2079
2004
1581
1496
1386
2306
1546
1225
1362
2011
2627
1895
2354
2083
1767
1521
893
603
661
559
1143
1030
1688
1631
1534
2061
1563
1612
1633
1427
1974
1280
1725
1911
2296
2678
1885
2089
2139
1613
1400
864
589
522
762
1568
1331
1777
1538
1810
2275
1846
1566
1662
1759
1687
1853
2110
1853
2087
2532
2065
1607
1560
1550
1689
1170
856
512
580
1335
1154
1569
1387
1309
1897
1790
1552
1422
1714
2332
1935
2239
1646
1690
2423
2292
1935
1939
1773
1885
992
672
555
729
1380
1443
1460
1835
1816
1911
1829
1813
1731
1816
2267
1768
1575
1305
1319
1458
922
653
519
565
1019
626
907
1344
1516
2132
1352
1320
1462
1665
2023
1311
1189
1413
1743
2436
1849
1733
1793
1279
1255
663
514
413
467
932
1033
1597
1932
1859
1833
1563
1308
1444
1455
1961
1438
1529
2068
1640
2178
1884
1632
1370
1050
1268
643
512
463
537
1307
1429
1747
1765
1329
2023
1345
1324
1607
1594
1908
1337
1742
2300
1799
2569
1848
1667
1205
693
1080
546
541
558
1012
1967
2146
1797
1630
1466
2154
1699
1716
1509
1300
1792
1634
2067
1615
1981
2430
1630
1335
1147
824
1195
525
674
1116
1597
2392
1411
1797
1245
1411
1888
1671
1688
1255
1767
2668
1796
1764
2127
2050
2341
1776
1452
1482
1175
1471
645
620
978
1043
1694
1705
1631
1834
1656
2315
1686
1718
1738
2059
2665
1949
1774
1812
3076
2517
1761
2180
1041
651
996
1056
1025
1189
1298
2116
1727
1784
1424
1519
1907
1439
1470
1599
1474
1755
1451
1111
710
570
935
405
420
623
1041
1743
1580
1368
1540
1347
1847
1509
1759
1463
1261
2088
1603
2015
1870
1917
2241
1177
1031
757
509
1004
481
524
988
1497
2026
1494
1400
1624
1336
1776
1840
1747
1393
1405
2445
2040
1996
1809
1570
1993
954
821
614
462
918
562
943
1493
1562
1989
2006
1329
1531
1374
1988
1492
1138
1391
1979
2220
1711
2124
1903
1355
1685
875
615
533
573
1169
1261
1485
1593
1557
2182
1347
1839
1421
1774
2052
1154
1602
2071
1883
2646
2252
1811
1933
1484
1502
991
712
655
609
1312
1118
1175
1388
1434
1874
1837
1438
1419
1537
1698
1449
1680
1888
1487
2163
1853
1831
1636
1547
1656
1065
753
604
578
1295
1034
1011
1362
1681
2153
1496
1467
1650
1399
2282
1826
1804
1567
1591
2708
1755
1472
1672
1414
1698
791
577
609
589
1831
1089
1202
1242
1347
2291
1586
1451
1253
1523
1776
1371
1332
1208
1518
1776
861
672
543
520
1010
546
907
1326
1822
2149
1425
1574
1378
1494
1999
1546
1263
1575
1589
2196
1528
1804
1597
1195
1550
720
590
448
486
1219
877
1632
1623
1470
1877
1573
1679
1512
1780
2059
1671
1841
2262
2118
2369
1754
1595
1325
1080
1288
670
480
500
654
1546
1707
1543
1585
1406
2220
1602
1523
1588
1637
1953
1643
1821
1721
2027
2303
2129
1540
1026
884
1121
462
536
657
1097
2236
1702
1700
1891
1442
2221
1695
1618
1729
1261
1845
1864
1851
2439
2141
2632
1828
1478
1130
935
1046
544
587
1164
1407
2348
1813
1458
1599
1800
2310
1617
1812
1550
1723
2223
1781
1726
2006
1975
2220
1668
1699
1576
1089
1396
625
633
828
996
1831
1406
1424
1538
1722
1896
1651
1363
1401
1942
2422
2123
1714
1746
1941
2486
1681
1631
1408
837
1103
614
684
1113
1268
1760
1587
1477
1452
1579
1872
1513
1383
2001
1607
2087
1181
1324
1220
791
1117
561
405
538
603
1571
1514
1737
1348
1433
1777
1357
1469
1616
1548
1733
1813
1820
1982
1679
2176
1532
1045
1050
693
1057
458
526
716
1162
1947
1608
1849
1792
1428
2021
1512
1815
1751
1486
2066
1702
2169
1697
1796
2102
1489
928
836
551
1025
538
545
925
1416
2178
1522
1369
1191
1620
2007
1331
1707
1145
1452
2114
2117
2268
2115
1702
1959
1162
934
684
581
1177
688
1152
1427
1837
2239
1714
1363
1406
1590
1953
1384
1130
1495
2081
2357
2290
1980
2079
1850
1834
1352
899
678
669
1252
941
1518
1811
1872
2240
1387
1447
1726
1528
2167
1318
1405
2134
2143
2401
2174
1974
2033
1569
2247
1332
1035
870
559
1342
1080
1198
1512
1668
2079
1674
1616
1863
1523
2059
1496
1824
1907
1999
2455
2145
2295
1738
1605
2186
1415
929
675
613
1357
968
1104
1357
1458
2077
1588
1914
1426
1726
2059
1548
1855
1645
1350
1970
1221
765
677
495
1006
507
713
1087
1736
1970
1505
1423
1515
1378
2148
1675
1273
1431
1396
2230
1570
1455
1778
1499
1551
895
614
634
447
964
572
936
1688
1565
2546
1357
1535
1684
1697
2297
1514
1405
1446
1865
2413
2013
1919
1890
1581
1603
718
630
470
559
1058
1059
1767
1771
1580
2176
1358
1406
1456
1551
2301
1209
1388
1861
2031
2367
2238
1665
2256
1261
1251
565
561
575
536
1558
1804
1695
1492
1767
2058
1438
1581
1531
1421
1915
1418
1747
2362
1742
2790
2045
2641
1665
954
1291
565
515
755
1378
2272
1733
1626
1617
1573
1981
1409
1415
1364
1112
2108
2043
1859
1821
2259
2676
2279
2004
1752
1338
1726
967
670
629
911
1814
1606
1656
1570
1945
2331
1531
1799
1648
1760
2368
1966
1740
2135
2014
2348
1933
1975
1525
1473
1632
627
689
658
807
1842
1323
1676
1817
1800
1988
1494
1320
1414
1746
2027
1445
1391
1303
1002
1238
629
543
726
566
1054
948
1568
1564
1744
2217
1521
1341
1243
1373
1865
1644
1835
1746
2552
2199
1740
1635
1344
951
1222
674
495
499
711
1833
1581
1622
1875
1571
1976
1729
1305
1408
1599
1907
1506
2180
1742
1706
2523
1992
1694
948
810
1180
691
530
614
1119
1986
1831
1528
1555
1569
1818
1637
1750
1347
1251
2184
1948
1731
2102
1933
2422
1820
1169
943
787
1149
558
625
972
1597
2134
1395
1348
1490
1724
2024
1709
1422
1245
1738
2174
1917
2048
1974
2056
2162
1673
1124
666
606
1086
641
981
1602
1548
2231
1497
1722
1620
1643
2030
1298
1484
1713
1941
2385
2033
1721
2133
1697
2385
1651
1615
1254
799
1081
648
974
1217
1536
2212
1419
1673
1621
1538
2070
1500
1879
2091
2429
2324
1899
1972
1997
1568
2643
1518
1203
1034
653
1172
807
971
1300
1572
2072
1876
1730
1871
1656
2839
1824
2439
1556
1345
1906
1314
1057
957
640
1123
476
548
598
1036
1937
1469
1500
1285
1561
2110
1283
1344
1488
1243
2184
1885
1978
1609
2010
1922
1383
891
799
595
1379
532
585
1162
1465
2329
1609
1347
1419
1508
1971
1573
1439
1256
2254
2284
1808
2204
2227
2033
2285
1154
979
852
622
988
607
1028
2158
1890
2461
1882
1281
1842
1841
2315
1720
1187
1330
1604
2354
2200
1873
2117
1403
1582
859
598
500
449
1221
1062
1562
1875
1564
2299
1788
1371
1720
1683
2195
1202
1661
1982
2075
2312
2278
1819
1780
1331
1447
864
657
585
632
1634
1704
1657
1661
1655
1943
1424
1615
1477
1527
1712
1581
1877
1973
2005
2270
1740
1920
1519
1733
2219
1287
898
639
680
1405
1166
1259
1505
1823
2459
1997
1526
1493
1327
2413
2060
2048
1968
1749
2341
1593
1690
1620
1532
1619
803
540
606
802
2138
1195
1620
1487
1887
2414
1717
1381
1433
1541
2012
1380
1479
1526
1244
1514
940
670
584
514
991
709
970
1428
2192
1998
1520
1645
1639
1606
2168
1530
1247
1716
1882
2526
2047
1454
1761
1292
1645
666
505
425
513
1185
1182
1340
1785
1835
1885
1355
1416
1411
1468
2109
1516
1501
1584
2618
2510
1835
1615
1448
1233
1426
597
470
453
626
1462
1498
1473
1417
1333
2887
1814
1659
1683
1485
1674
1395
1790
2146
2188
3279
1834
1926
1434
852
1143
589
730
788
1150
2224
1652
1656
1549
1517
2007
1613
1636
1359
1109
2147
1662
1705
1888
2156
2670
2002
1312
1108
782
1316
558
609
1196
1449
2057
1481
1313
1281
1376
2117
1411
1556
1302
1415
2608
1904
1766
1864
1840
2909
1595
1774
1581
994
1396
587
673
740
1041
1717
1847
1742
1946
1851
2504
1633
1370
1803
2113
3078
1983
1746
2209
1836
2214
1792
1415
1357
924
1197
590
630
1001
1342
2441
1494
1667
1859
1856
2254
1572
1507
1525
1742
2070
1367
1407
1120
1015
1796
518
537
559
551
1943
1664
1380
1325
1508
1821
1519
1344
1651
1605
1736
1658
1724
1690
1750
2293
1594
1505
1188
680
1241
487
450
640
1232
2198
1820
1633
1449
1557
2165
1693
1823
1537
1373
1977
1752
1955
2375
1629
2493
1446
1091
837
752
1232
588
793
1074
1499
2878
1555
1393
1680
1447
2339
1619
1415
1164
1452
3194
2204
2267
2088
1682
2347
1285
908
716
525
1125
718
1194
1418
1694
2206
1843
1754
1580
1800
2302
1490
1167
1502
2024
2318
1870
1748
2038
1728
1911
1205
766
787
660
1307
1029
1439
1630
1559
1864
1265
1601
1594
1426
1901
1369
1741
1950
1584
2270
1889
1654
1956
1443
1919
1191
1072
930
539
1370
695
945
1422
1226
1686
1467
1275
1274
1275
1759
1486
1766
1513
1730
2254
1484
1639
1397
1390
1619
1054
856
506
565
1176
686
845
1048
1091
1656
1471
1534
1305
1143
2297
1360
1263
1270
1205
1992
1394
1111
1107
896
1613
617
487
559
645
1142
912
1061
969
1341
1930
1617
1294
1264
1313
1828
1642
1466
1491
1238
1631
827
640
549
476
979
591
912
1430
1524
2228
1394
1189
1466
1793
2235
1670
1313
1427
1896
2373
1696
1707
1511
1167
1686
669
574
515
442
1209
978
1581
1615
1726
1929
1809
1349
1324
1761
1945
1417
1638
1943
2144
2540
1780
2061
1652
1328
1364
733
476
501
550
1784
1514
1912
1468
1537
2211
1490
1622
1735
1626
2634
1955
1598
1910
2147
2425
1651
1592
1309
1176
1262
760
695
707
1155
2039
1873
1419
1699
1358
2143
1413
1804
1541
1471
1909
1717
2152
1923
1802
2645
1799
1584
1683
1257
1945
1217
707
741
783
1853
1269
1390
1540
1702
2487
1827
1777
1625
1644
2236
1722
1741
1961
1618
2537
1588
2009
1275
1339
1460
512
539
743
843
1546
1283
1410
1577
1516
2171
1379
1414
1205
1482
1785
1283
1101
1505
1260
1556
978
673
607
474
1165
954
1344
1650
1781
2172
1392
1309
1223
1590
1881
1329
1880
2158
2097
2067
2282
1518
1356
1089
1190
607
483
463
524
1791
1764
2210
1851
1533
1844
1387
1532
1478
1615
2111
1427
2049
2009
1824
2240
1593
1460
1039
854
1201
467
504
554
984
1883
1675
1436
1315
1674
2382
1350
1374
1359
1412
1995
2032
2132
1794
1997
2711
1987
1173
843
667
1098
604
699
1115
1657
2621
1472
1416
1519
1677
1969
1601
1469
1421
1436
2743
1876
1726
1750
2138
2378
1508
1229
955
661
1213
677
1187
1599
1649
2101
1489
1784
1493
1553
2332
1315
1371
1604
1601
2159
1607
2006
2019
2324
3093
1701
1346
1235
952
1195
607
949
907
1674
2233
1292
1864
1950
1672
2251
1735
1422
1687
2100
2018
1828
1806
1778
2141
2066
1403
1137
830
609
1410
842
907
1002
1358
2110
1761
1886
1619
1430
1788
1317
1568
1742
1647
2828
1375
1576
895
756
1147
558
569
848
992
2816
1651
1567
1503
1260
1900
1284
1746
1576
1407
2100
1929
1639
1465
1809
1918
1285
901
876
624
1033
537
586
1213
1553
2314
1560
1439
1619
1508
2038
1800
1441
1451
1428
2697
1996
1799
1778
1676
1939
1183
709
654
605
1825
574
957
1632
1700
2128
1392
1482
1662
1744
1940
1469
1381
1461
1685
2310
2292
2006
1823
1424
1579
830
607
504
495
1238
901
1530
1484
1681
1919
1624
1426
1822
1608
1957
1154
1788
1695
1879
2266
1886
1637
1638
1442
1743
942
573
564
549
1663
1488
1504
1388
1626
2335
1945
1524
1384
1509
2023
1608
1665
1899
1925
2091
1983
1933
1670
1609
1952
1015
694
527
683
1282
1067
1389
1324
1563
2155
1530
1539
1449
1526
2965
1526
2089
1807
1736
2183
1634
1648
1623
1758
2148
837
610
614
610
1315
1295
1256
1466
1224
1966
1277
1290
1523
1424
1934
1297
1568
1401
1766
1937
810
637
576
502
1109
615
948
1670
1458
2355
1249
1284
1356
1370
2054
1555
1245
1895
1602
2748
1662
1500
1342
1208
1461
767
637
472
510
1438
1110
1331
1673
1529
2081
1209
1358
1480
1662
1936
1454
1750
1787
1995
2176
1679
1894
1364
1170
1720
646
534
555
705
1641
1699
1851
1448
1384
2123
1459
1583
1350
1358
1751
1565
1579
2006
1906
2374
1964
1699
1088
949
1408
540
498
683
928
2082
1810
1762
1690
1307
1908
1416
1666
1439
1132
2193
1860
1951
1596
1718
2702
1667
1553
1173
915
1222
562
590
1104
1371
2375
1718
1450
1309
1694
2114
1417
1353
1146
1612
2783
1845
1575
1690
1615
2307
1650
1464
1269
1162
1434
555
657
794
849
1794
1381
1590
1472
1687
2488
1751
1276
1457
1633
2445
1339
1414
1569
1555
2506
1814
1580
1205
811
1144
510
649
726
929
2026
1234
1350
1536
1441
1842
1376
1417
1601
1543
1869
1282
1290
1136
799
1234
461
451
432
616
1602
1159
1908
1315
1383
1822
1335
1328
1415
1594
2051
1401
1965
1491
1394
2109
1448
1290
937
1805
1080
453
485
634
1015
1880
1604
1484
1709
1699
2595
1494
1757
1755
1499
2005
1876
2060
1851
1839
2142
1517
984
875
597
1413
478
631
974
1323
2104
1742
1323
1626
1773
2310
1454
1345
1151
1606
2500
2078
1583
1842
1698
1997
1130
1050
722
611
1258
608
1055
1538
1656
2198
1297
1305
1515
1518
2299
1590
1270
1688
1801
2634
1634
1832
2055
1708
2097
980
904
785
610
1299
899
1320
1644
1308
1818
1833
1657
1684
1630
2155
1109
1266
1907
1870
2326
1884
2184
1952
1785
2102
1278
1038
810
692
1256
722
837
1482
1438
2043
1411
1654
1721
1518
2065
1448
2023
2687
2026
2814
1807
1580
1559
1461
1761
1115
790
825
714
1374
839
1059
1500
1342
2188
1289
1509
1217
1345
1798
1143
1382
1196
1491
2205
1131
1123
855
732
1101
582
762
1108
1230
1925
1574
1585
1451
1378
1865
1353
1274
1221
1507
2418
1445
1471
1549
1806
1941
879
641
523
452
1482
609
932
1189
1465
2015
1394
1290
1592
1568
2236
1404
1256
1497
1740
2233
1437
1776
1528
1550
1774
865
667
477
566
1151
934
1327
1605
1634
1862
1266
1340
1391
1486
1903
1275
1549
1926
1677
2189
1639
1832
1437
1094
1413
650
585
544
553
1681
1085
1315
1700
1211
2207
1250
1412
1531
1397
1844
1234
1569
1510
1668
2382
1506
1342
1397
1151
1718
814
616
595
652
1970
1051
936
1278
1024
1733
1128
1329
1464
1088
1754
1205
1243
1069
1355
1724
1237
1158
1043
967
1634
884
647
463
514
1145
671
823
853
1060
1708
1156
1238
996
1160
1598
1367
998
1003
1135
2113
1621
1365
830
707
1320
472
503
554
598
1321
1114
922
1376
1045
1928
1212
1239
1235
1433
2014
1294
1212
1077
995
1330
575
500
482
459
1069
849
1343
1573
1840
1855
1098
1176
1173
1437
1788
1476
1361
1412
1388
1848
1387
1576
1233
933
1302
517
420
486
671
1503
1159
1486
1416
1238
2096
1325
1644
1284
1328
1906
1515
1506
1688
1490
2274
1480
1272
1047
775
1239
526
633
548
1017
2049
2039
1453
1263
1253
2097
1423
1351
1600
1219
2036
1552
1721
1533
2037
2854
1462
1319
796
689
1117
474
540
1273
1370
2337
1815
1218
1273
1563
2252
1462
1253
1111
1462
2151
1649
1740
1925
1667
2140
1260
937
951
664
1227
708
910
1170
1786
1939
1481
1361
1380
1291
1933
1170
1366
1316
1616
2403
1506
1882
1907
1979
2151
1432
1540
1075
921
1214
649
704
858
1024
1902
1881
1400
1491
1445
2238
1313
1506
1866
1747
2898
1807
1805
1911
1945
2639
1486
1222
972
622
1273
730
713
1122
1401
1924
1394
1345
1647
1295
2251
1391
1422
1498
1145
1966
1518
1076
914
623
1112
454
529
518
1059
1834
1423
1560
1297
1334
2145
1224
1268
1246
1455
1894
1474
1658
1754
1772
2079
1113
811
766
669
1598
507
666
1218
1433
2246
1405
1349
1466
1362
2431
1771
1471
1500
1507
2423
1671
1823
1921
1656
2052
1173
880
659
486
1246
942
1040
1629
1606
2147
1683
1547
1313
1422
1919
1273
1158
1356
1570
2540
1493
1765
1503
1515
2036
931
729
547
631
1209
967
1533
1568
1321
2141
1438
1351
1538
1322
1905
1123
1639
1753
1976
2640
1833
1899
1494
1672
1830
804
703
571
592
1560
1260
1411
1445
1314
1760
1541
1324
1169
1352
1891
1402
1314
1444
1616
2254
1689
1503
1639
1268
2027
1147
860
637
718
1450
941
1026
1123
1262
2351
1406
1325
1782
1336
2616
1780
1588
1698
1781
2146
1682
1538
1392
1500
1957
829
550
636
667
1459
995
1460
1426
1480
2931
1529
1421
1452
1439
2193
1836
1312
1253
1513
1854
875
730
509
506
1225
580
965
1799
1420
2238
1599
1396
1443
1626
2159
1391
1289
1603
1791
2688
1462
1763
1646
1453
1637
735
627
472
557
1147
930
1223
1519
1645
1998
1527
1358
1648
1578
1936
1358
1141
1457
1971
3107
1676
1624
1634
1545
2117
685
512
492
641
1758
1281
1469
1412
1425
2114
1313
1592
1430
1285
1836
1435
1549
1543
1526
2127
2006
1433
1113
964
1207
573
467
657
1183
2324
1449
1808
1651
1288
2497
1441
1432
1534
1114
1989
1543
1675
2178
2013
2488
1622
1554
1253
929
1497
585
638
966
1376
2768
1518
1420
1213
1459
1853
1316
1285
1143
1283
2119
1723
1445
1543
1592
2394
1855
1688
1629
1124
1469
610
671
655
1082
2092
1640
1384
1329
1553
2144
1308
1264
1408
1400
2586
1379
1575
1825
1556
2232
1425
1924
1029
932
1130
530
625
818
1105
2406
1203
1314
1294
1306
2202
1478
1296
1529
1704
2077
1513
1442
1294
873
1186
523
491
542
569
1523
1243
1325
1389
1220
2060
1575
1252
1285
1467
2028
1328
1745
1781
1657
2580
1373
1339
882
685
1232
467
508
536
1212
2200
1759
1633
1318
1586
2055
1494
1567
1242
1316
1943
1669
1605
1630
2096
2379
1329
1088
719
561
1359
465
639
938
1464
3201
1514
1378
1271
1430
2041
1523
1507
1382
1555
2361
1957
1726
2077
2047
2235
1049
1497
731
508
1175
619
997
2248
1473
2190
1627
1338
1740
1466
2147
1195
1023
1139
1391
2170
1582
1938
1528
1665
1965
1037
789
776
566
1556
906
1361
1385
1409
1863
1214
1580
1345
1280
1925
1129
1259
1446
2027
2301
1728
1636
1619
1533
2234
1519
979
894
531
1280
712
1073
1295
1362
2003
1261
1532
1433
1546
2011
1646
1821
1588
1759
2319
1439
1432
1526
1668
1884
1202
807
607
615
1332
799
919
1135
1113
2996
1327
1408
1278
1583
2132
1360
1408
1608
1269
1993
1116
790
577
501
994
451
662
1101
1178
2329
1390
1627
1443
1210
1952
1254
1296
1175
1487
2127
1611
1792
1424
1429
2241
991
659
603
506
1139
692
948
1427
1680
2015
1460
1262
1341
1441
1952
1537
1314
1582
1605
2368
1762
1571
1610
1459
1744
945
603
630
492
1205
1113
1371
1475
1578
2105
1460
1395
1667
1338
1921
1090
1445
1732
1784
2728
1979
1576
1535
1301
1388
629
568
560
547
1712
1234
1499
1451
1335
1807
1237
1625
1255
1278
2138
1546
1496
1636
1760
2174
1823
1491
1344
959
1453
702
541
620
895
1820
1706
1410
1341
1125
3002
1321
1639
1299
1218
2037
1448
1832
1594
1731
2683
1743
1736
1440
1177
1533
824
565
587
688
1621
990
1128
1268
1209
1798
1847
1262
1611
1388
2037
1397
1410
1601
1609
2037
2549
1512
1265
1181
1441
557
512
671
671
1524
1048
1124
1185
1192
2011
1173
1276
1160
1223
2032
1434
1411
1088
1108
1707
601
563
458
498
1175
1024
1156
1563
1200
1823
1308
1165
1398
1557
2236
1103
1238
1429
1668
2096
1707
1484
1190
960
1210
536
436
442
502
1633
1310
1418
2320
1540
1872
1391
1206
1455
1226
1658
1470
1539
1558
1452
2121
1816
1368
1098
780
1136
524
522
575
1023
2037
1541
1375
1415
1231
2385
1437
1307
1259
1350
1882
1506
1864
2047
1649
2162
1469
1005
940
641
1211
624
667
945
1183
2015
1471
1265
1361
1287
1836
1447
1528
1135
1304
2306
1865
1564
1525
1515
2543
1245
938
707
656
1161
599
1072
1472
1520
2092
1334
1333
1241
1488
2084
1220
1226
1289
1515
2483
1842
1649
1548
1699
2339
1574
1156
988
800
1404
588
949
904
2258
2364
1212
1349
1196
1593
2396
1387
1232
1725
1410
1890
1518
1423
1671
1821
1887
1337
1009
720
548
1439
619
935
898
1115
1720
1207
1335
1355
1350
2097
1285
1843
1464
1402
2245
1177
951
852
588
1322
409
504
722
1115
1851
1321
1416
1166
1363
1972
1494
1289
1611
1300
2190
1509
1458
1837
1485
2153
1086
1029
794
582
1095
505
581
1127
1161
2492
1390
1364
1209
1565
1898
1377
1293
1460
1560
2448
1773
1514
1601
1431
2380
873
859
550
461
1314
571
876
1241
1478
1939
1567
1356
1389
1569
1978
1502
1404
1505
1804
2273
1840
2071
2034
1303
1561
748
606
655
589
1262
884
1294
1406
1428
2007
1271
1310
1295
1264
2045
1104
1598
1733
1812
2254
2049
1825
1523
1625
1730
739
658
799
637
1554
1156
1495
1377
1428
1814
1450
1708
1291
1286
1913
1664
1507
1759
1553
2000
1831
1819
1426
1336
1725
1223
792
562
571
1275
879
1059
1366
1175
1770
1588
1189
1502
1417
1924
1656
1401
1299
1237
2243
1485
1797
1560
1149
1743
777
631
753
649
1422
816
1023
1327
1429
1838
1540
1530
1263
1234
1950
1226
1395
1391
1074
1586
706
555
552
445
1378
683
912
1105
1531
2316
1216
1328
1150
1492
2025
1281
1199
1614
1703
2177
1522
1346
1337
947
1703
578
572
442
432
1346
1054
1151
1391
1541
2026
1390
1478
1242
1445
2205
1203
1530
1558
1641
2417
1687
1499
1142
1042
1502
649
546
478
583
1786
1247
1729
1492
1574
2154
1214
1362
1485
1476
1918
1296
1468
1553
1686
2587
1736
1315
1231
772
1291
483
560
565
841
1802
1489
1300
1199
1207
1994
1546
1449
1166
1075
2277
2662
1558
1757
2120
2275
1353
1304
963
873
1320
521
608
1064
1145
1842
1277
1122
1184
1276
2330
1340
1213
1169
1500
2313
1475
1596
1402
1569
2187
2029
1318
1325
851
1537
668
611
684
938
1646
1048
1095
1422
1495
2152
1277
1337
1462
1559
2070
1743
1349
1707
1877
2327
1338
1266
1026
853
1191
503
636
694
891
2353
1486
1340
1525
1314
2105
1291
1423
1386
1358
1850
1445
1184
982
758
1221
514
472
440
526
1708
1373
1594
1248
1143
1924
1409
1243
1301
1399
1907
1356
1580
1553
1641
2084
1176
1016
749
601
1256
492
566
683
841
1974
1454
1461
1243
1452
1998
1309
1201
1602
1320
2118
1742
1571
1481
1876
2613
1124
834
688
563
1044
549
539
1018
1186
2336
1521
1234
1280
1391
1924
1482
1261
1563
1878
2318
1569
1588
1592
1501
1952
1170
752
611
542
1228
531
863
1217
1401
2261
1578
1594
1402
1283
2256
1492
1331
1311
1635
2580
1768
1648
1578
2530
2163
899
749
627
527
1279
908
1155
1328
1432
1983
1429
1289
1309
1589
2202
1190
1342
1592
1551
2069
1258
1358
1684
1589
1710
1537
923
835
552
1918
644
730
955
1440
1867
1346
1268
1873
1156
2127
1310
1673
1589
1301
2116
1385
1349
1206
1090
1597
946
648
581
490
1340
768
849
1215
1036
1887
1263
1263
1150
1402
2153
1212
1289
1183
1312
1676
1144
1068
1016
737
1904
540
547
603
646
1402
876
1076
1009
1253
1788
1611
1275
1191
1292
2486
1428
1421
1217
1114
1754
837
524
471
500
1166
660
942
1260
1369
2052
1498
1285
1565
1356
2300
1538
1211
1315
1595
2411
2029
1780
1406
1310
1491
754
540
450
482
1334
886
1637
1800
1656
2018
1590
1575
2371
1669
2252
1369
1430
1898
1650
2307
1542
1517
1420
1089
1418
562
507
544
552
1695
1529
1463
1599
1396
2261
1627
1334
1604
1214
1727
1325
1526
1815
1991
2455
1510
1461
1183
1125
1550
685
648
717
971
2143
1566
1549
1512
1238
2598
1333
1331
1340
1070
2154
1602
1595
2005
2413
2150
1543
1605
1725
1264
1606
884
665
578
835
1538
1279
1452
1428
1648
2063
1422
1784
1300
1552
2186
1636
1566
1418
1677
2613
1620
1574
1391
1017
1551
551
595
684
808
2238
1209
1450
1616
1350
2939
1657
1342
1591
1799
2112
1302
1276
1394
1113
2183
738
545
465
507
1493
939
1090
1233
1583
1959
1438
1226
1269
1501
2089
1306
1329
1870
1511
2504
1696
1361
1274
835
1490
620
501
527
613
1481
1389
1385
1625
1371
2048
1493
1393
1700
1666
1876
1501
1607
1826
1633
2476
1423
1301
1023
677
1442
473
689
651
938
2170
1468
1395
1594
1304
2159
1422
1417
1701
1403
1946
1592
1994
1705
1622
2427
1725
1063
835
672
1600
602
678
928
1641
2107
1436
1470
1377
1631
2046
1879
1336
1133
1436
2470
1766
1757
1676
1616
2064
1443
1147
836
833
1256
589
986
1382
1603
2347
1544
1324
1355
1685
1972
1286
1377
1774
1884
2686
1942
2206
2059
1853
2398
1429
1443
1244
962
1285
620
866
1041
1424
2024
1464
1442
1494
1357
2204
1323
1438
1665
1836
2272
1453
2229
2050
1632
2182
1478
1245
831
556
1163
665
828
1209
2179
2023
1563
2493
1498
1629
1963
1399
1627
1789
1624
1808
1299
1166
729
638
1084
453
464
577
912
1908
1375
1439
1686
1204
2121
1465
1480
1449
1224
2118
1571
1848
1525
1577
2140
1135
1027
603
570
1108
447
568
886
1582
2544
1353
1231
1230
1331
1935
1432
1559
1198
1405
2228
1522
1524
1609
1302
1803
1022
900
608
592
1224
501
1010
1201
1336
2296
1226
1331
1206
1278
1834
1311
1302
1410
1736
2338
1963
1663
1537
1201
2074
775
579
500
551
1177
873
995
1199
1281
1824
1328
1940
1179
1299
1972
1356
1661
1474
1411
2344
1381
1445
1321
1268
1666
698
601
628
603
1514
1319
1331
1204
1076
1957
1259
1498
1203
1175
1720
1380
1484
1769
1746
2309
1674
1848
1688
1561
2091
1216
774
816
648
1463
1005
1547
1339
1628
2157
1434
1454
1495
1471
2327
1613
1710
1562
1596
2813
1848
1596
1438
1688
2360
846
574
673
698
1737
1092
1389
1436
1457
2038
1692
1552
1301
1338
1970
1517
1390
1407
1239
1852
788
621
602
482
1063
724
1083
1262
1249
1844
1206
1198
1218
1135
1853
1444
1131
1231
1490
2355
1809
1543
1393
1289
1497
680
566
470
468
1206
920
1478
1421
1352
1821
1311
1508
1186
1325
1879
1220
1486
1582
1892
2326
1614
1614
1342
939
1431
609
546
567
593
2288
1719
1623
1403
1249
1981
1264
1417
1328
1433
2248
1483
1605
1607
1873
2959
1696
1692
996
799
1328
556
691
694
992
2287
1497
1375
1312
1569
2220
1307
1493
1288
1351
2184
1676
1709
1540
1911
3422
1536
1191
958
672
1332
541
580
1032
1465
2746
1420
1752
1549
1345
2222
1491
1319
1200
1434
2281
1983
1618
1783
1681
2496
1715
1340
1295
1003
1367
511
670
803
1002
1876
1286
1298
1431
1496
2907
1930
1365
1511
1744
2480
1873
1370
1779
1966
2333
1678
1254
1131
980
1277
644
790
827
1033
2667
1298
2059
1512
1526
1997
1409
1663
1462
1661
2120
1103
1042
885
996
1223
555
411
429
666
1532
1358
1744
1348
1293
1959
1172
1362
1309
1536
1937
1519
1632
1924
1720
2309
1356
1297
803
607
2204
553
497
753
993
1945
1802
1408
1398
1388
2640
1446
1351
1283
1236
2329
1608
1555
1733
2000
2387
1470
1130
661
603
1159
496
625
951
1592
2155
1562
1397
1438
1306
2650
1724
1734
1179
1400
2358
1730
1726
1820
3196
2263
981
780
583
519
1184
559
924
1563
1525
2337
1437
1266
1332
1417
2107
1480
1252
1469
2382
2281
1952
1883
1792
1848
2194
1161
827
606
665
1569
1040
1422
1760
1390
2341
1583
1516
1651
1755
2104
1455
1403
1666
1706
2364
1612
1556
1593
1445
2153
1216
1351
821
617
1331
940
1053
1257
1590
2248
1500
1400
1452
1921
1952
1514
1624
1942
1858
2172
1634
1724
1872
1523
1937
1298
858
595
640
1320
874
1223
1270
1407
2127
1488
1338
1295
1404
1933
1542
1526
1322
1581
2019
1063
1054
775
692
1421
646
533
872
1135
1920
1983
1210
1050
1358
1871
1276
1561
1793
1334
2504
1993
1702
1496
1243
1701
796
616
489
507
1221
728
993
1445
1642
2045
1436
1537
1545
1700
1875
1595
1296
1503
1863
2409
1639
1518
1682
1388
1757
787
613
611
453
1200
991
1546
1809
1413
2255
1270
1264
1329
1598
2174
1141
1643
1568
1671
2710
1766
1573
1494
968
1453
519
480
510
618
1834
1870
1487
1579
1389
1934
1547
1320
1433
1380
1837
1495
1938
1960
2078
2631
1945
1508
1188
1112
1375
628
662
607
895
2028
1639
1646
1351
1743
2184
1649
1411
1334
1142
2289
2031
2033
1679
1689
2642
1957
1471
1477
1250
1731
723
660
770
817
2138
1249
1423
1547
1513
2683
1968
1487
1667
1509
3286
1864
1632
1594
1969
2746
1751
1727
1657
1256
2444
558
634
713
868
1719
1475
1633
1524
2381
2127
1499
1313
1488
1655
2338
1591
1259
1202
958
1370
576
546
460
485
1906
1165
1508
1553
1578
2194
1307
1435
1383
1367
2167
1372
1486
1622
1755
2379
1748
1450
1259
841
1251
546
643
543
740
1792
1520
1553
1383
1706
1904
1255
1332
1441
1392
2007
1524
1621
1672
1597
2356
1568
1484
1088
830
1211
487
492
580
1030
2071
1758
1527
1320
1424
2454
1462
1369
1805
1311
2414
1829
1876
2109
1776
2229
1286
1094
734
559
1322
528
549
976
1374
2117
1637
1505
1352
1659
2014
1432
1371
1204
1402
2349
2716
1697
1635
2104
2189
1477
932
798
721
1484
756
987
1355
1494
2730
1553
1400
1353
1612
2165
1674
1139
1375
1854
3623
2160
1668
2218
2025
2674
1479
1328
1120
922
1345
745
784
1196
1372
2130
1624
1648
1680
1480
2073
1343
1716
2035
1655
2311
1587
1566
1738
1880
2177
1428
1086
1025
658
1496
781
1056
1171
1683
2162
1503
1490
1727
1384
2329
1752
1547
1513
1334
2035
1132
1109
835
564
1399
502
585
692
893
2065
1388
2008
1492
1474
2024
1383
1343
1494
1342
2131
1853
1774
1911
1668
2434
1116
839
642
587
1140
494
625
1013
1440
2105
1795
1303
1272
1589
2816
1422
1382
1490
1480
2551
1691
1685
1679
1625
2539
1050
922
650
562
1350
619
946
1347
1567
2165
1459
1684
1711
1383
2213
1387
1199
1387
1583
2536
1684
2184
1609
1937
1780
739
615
585
512
1298
941
1789
1741
1487
2217
1274
1684
1511
1441
2775
1273
1379
1706
1883
2491
1782
2516
1517
1256
1844
907
687
657
1090
2383
1439
1455
1375
1749
2017
1340
1646
1550
1411
2074
1803
1619
1824
1671
2513
1681
1875
1935
1450
1953
1151
953
659
733
2195
990
1321
1332
1360
2293
1587
1526
1435
1571
2084
1525
1718
1693
1751
2598
2105
1578
2676
1273
1845
1324
956
832
842
1528
1043
1184
1273
1738
2119
1426
1319
1316
1271
2111
1678
1298
1283
1068
1792
730
739
526
493
1256
654
1094
1500
1420
2020
1599
1242
1657
1464
2723
1354
1416
1435
1716
2202
1648
1726
1638
1060
1597
730
542
475
547
1295
947
1636
1573
1288
2024
1266
1561
1337
1423
2420
1281
1889
1846
1576
2200
1741
1492
1128
845
1279
634
513
567
636
1719
1385
1463
1486
1313
1880
1353
1290
1363
1310
1810
1327
1948
2020
1859
2384
1589
1303
942
793
1246
587
488
584
976
1965
1429
1797
1270
1422
2679
1429
1504
1685
1396
1956
1565
1532
1730
1780
2577
1483
1166
1065
891
1367
731
742
1027
1525
2071
1524
1445
1383
1584
2009
1448
1688
1228
1616
2635
1757
1677
1983
1687
3539
1545
1476
1382
1152
1435
614
692
947
1002
2061
1590
1552
1766
1504
2375
1663
1610
1712
2238
2380
1560
1785
1831
1707
2669
2108
1465
1268
810
1247
684
717
1284
1322
2850
1436
1657
1440
1590
2232
1364
1520
1524
1382
2050
1191
1135
1091
732
1242
505
564
560
668
1757
1311
1482
1404
1274
2152
1245
1390
1482
1287
1884
1601
1582
1836
1498
2488
1377
1315
844
656
1163
449
437
623
980
1982
1521
1354
1557
1297
2117
1273
1563
1330
1598
2118
1567
2017
1753
1951
2355
1599
930
736
570
1311
498
519
974
1212
2468
1664
1345
1418
1261
1950
1306
1516
1181
1425
2244
1617
2122
1597
1547
2128
992
830
605
492
1340
592
1092
1728
1725
1953
1485
1277
1792
1371
2320
1345
1221
1744
1966
3491
1818
2065
1806
1780
1848
1005
766
649
634
1334
892
1322
1633
1669
2412
1503
2564
1586
1643
2160
1303
1497
1599
1812
2374
1802
1821
2008
1934
2291
1328
1212
817
612
1451
1762
1035
1485
1366
2193
1685
1539
1779
1541
2070
1590
1684
1687
1735
2131
1826
2003
2009
2385
2483
1326
1238
683
661
1278
825
1073
1335
1621
2277
1588
1533
1488
1486
2430
1698
1405
1286
1176
3225
1093
753
686
592
1295
569
801
1004
1743
2799
1416
1298
1439
1384
1991
1525
1501
1384
1359
2117
1682
1474
1503
1461
1879
881
636
533
565
1365
742
931
1835
1669
2152
1401
1300
1287
1283
2323
1369
1378
1546
1823
3096
1619
1955
1615
1311
2144
753
561
464
512
1406
959
1469
1680
1494
2182
1448
1517
1381
1665
2276
1186
1715
1885
1833
2650
1856
1765
1517
1211
1557
717
510
644
558
1801
1440
1531
1633
1371
2063
1671
1568
1402
1503
1950
1615
1555
1982
1686
2437
1851
1590
1468
1165
1461
642
555
712
1168
2789
1518
1513
1631
1323
2661
1362
1606
1372
1186
2086
1643
1730
1808
1694
2708
1842
1568
1653
1546
1708
892
570
746
776
2541
1533
1315
1631
1791
2384
1452
1472
1313
1702
2283
1830
1774
1626
1602
2564
1666
1576
1336
1147
2315
721
755
789
817
1819
1247
1337
1713
1679
2295
1626
1682
1321
1488
1948
1365
1135
1184
865
1423
652
574
512
524
1315
926
1314
1703
1525
2206
1299
1474
1546
2260
3237
1264
1498
1646
1971
2182
1808
1464
1319
877
1267
528
507
578
653
1847
1462
1451
1675
1354
2608
1536
1311
1416
1304
1955
1822
1759
1793
1493
2240
1673
1390
1001
739
1312
736
621
785
1075
1865
1325
1388
1619
1588
2393
1640
1573
1380
1355
1953
1727
1367
1410
1377
2113
1204
1164
965
794
1752
668
554
635
855
1909
1033
877
994
1080
1656
1091
1265
1230
1129
1683
1082
1174
1244
1195
1652
888
716
549
572
1215
458
535
843
827
1658
993
1196
1243
1250
1982
1623
1255
1513
1446
5337
1173
1482
1298
1350
1830
1006
931
749
642
1229
524
638
795
959
2064
1223
2241
1592
1495
2309
1442
1427
1630
1535
2159
1527
1517
1461
1296
1932
1148
1097
866
649
1256
697
809
1022
1139
2033
1524
1409
1560
1603
2490
1401
1351
1309
1224
2994
1263
985
705
619
1325
461
550
821
1154
2076
1422
1398
1229
1278
2159
1290
1530
1314
1268
2120
1906
1545
1520
1440
1874
965
855
657
485
1291
616
634
982
1635
2510
1518
1287
1340
1348
2052
1532
1282
1169
1317
2459
1660
1485
1554
1524
2077
882
763
794
519
1157
620
1112
1740
1585
2172
1368
1301
1633
1610
2066
1340
1152
1572
1581
2260
1739
1677
1865
1476
1907
882
627
699
545
1270
963
1738
1605
1585
2102
1392
1687
1740
1609
1980
1443
1517
1848
1646
2558
1833
1860
1697
1269
1765
843
573
673
623
1646
1402
1531
1400
1618
2022
1414
1618
1713
1650
1948
1611
1699
2027
1992
2525
1751
1850
1955
1502
2300
1043
943
556
578
1648
1154
1159
1352
1415
2235
1671
1705
1786
1506
2239
1912
1941
1975
1562
2693
2144
1713
1906
1723
1917
886
655
620
616
1553
1045
1354
1394
1588
3269
1553
1846
1557
1863
2413
1458
1342
1200
1301
1673
994
672
567
497
1161
652
942
1561
1366
2211
1292
1346
1290
1502
2869
1633
1247
1794
1570
2202
1678
1939
1530
1433
1511
715
597
560
543
1272
942
1373
1726
1553
2174
1263
1457
1463
1608
1901
1193
1534
1636
1670
2448
1705
1905
1499
1065
1502
652
569
518
618
1712
1371
1479
1379
1325
1859
1312
1363
1471
1658
1931
1410
1884
1818
1678
2765
1665
1374
1342
884
1501
593
487
649
993
2722
1667
1428
1358
1283
2297
1372
1735
1462
1279
2193
1658
1662
1705
1955
2878
1528
1545
1318
1046
1459
711
582
944
1286
2070
1357
1328
1259
1326
2083
1701
1257
1178
1544
2745
1740
1818
2083
1859
2405
1948
1709
2270
1030
1408
689
565
719
882
1825
1441
1779
1811
1821
2536
1811
1486
1365
1757
2374
1537
1428
1509
2848
2316
1618
1352
1202
934
1247
799
698
933
1159
2027
1535
1449
1456
1478
2330
1412
1411
1289
1532
2223
1427
1187
1172
787
1236
583
527
487
672
1765
1341
1560
1420
1155
2085
1308
1462
1488
1381
2212
1565
1727
2961
2034
3240
1774
1433
996
661
2029
618
604
604
962
2070
1659
1416
1293
1237
1921
1370
1471
1432
1510
2159
1660
1776
1786
2033
2871
1615
1074
887
763
1211
567
548
893
1597
2545
1534
1401
1421
1587
2075
1813
1366
1137
1455
2719
1870
1752
3382
1722
2262
1195
1090
745
637
1317
739
1090
1640
1537
2171
1500
1361
1590
1655
2170
1374
1180
1377
1725
2543
1712
2023
1626
1883
2198
1238
931
707
662
1396
925
1383
1500
1447
2206
1364
1396
1508
1508
2303
1188
1509
1712
2283
2506
1717
2101
1747
1903
2324
1411
1154
893
574
1566
891
1230
1206
1685
2278
1740
1588
1667
1702
2666
1507
2475
1903
1798
2482
1864
1856
1864
1607
2202
1243
1042
724
609
1451
803
1016
1464
1827
2110
1426
1451
1436
1468
2351
1651
1385
1398
1203
2218
1092
810
652
502
1209
533
561
895
1233
1876
1462
1314
1190
1431
2082
1790
1643
1438
1491
2253
1499
1437
1416
1480
1995
1022
738
661
599
1204
655
794
1097
1754
3092
1487
1461
1562
1371
2022
1511
1241
1708
1462
2384
1816
1468
1376
1189
1758
824
682
584
566
1288
885
1018
1420
1525
1927
1620
1469
1502
1449
2083
1365
1292
1377
1442
2241
1378
1456
1118
885
1859
769
522
544
541
1482
864
963
1042
1081
2067
1541
1503
1429
1309
1912
1361
1299
1149
1136
1860
1085
947
938
793
1609
575
537
469
521
1987
552
624
716
899
1715
1070
927
934
990
1698
964
883
866
900
1661
888
786
576
542
1340
563
475
519
592
1433
750
956
977
1036
1787
1101
1172
1146
1364
2154
1270
1350
1344
1282
1945
1332
1216
856
966
1407
555
505
564
797
1547
1010
1098
1103
1142
2228
1458
1223
1171
1316
1927
1138
1443
1230
985
1517
712
606
513
507
1312
771
828
996
1013
2102
1294
2323
1585
1322
2002
1258
1622
1543
1865
1950
1479
1442
1287
931
1445
544
547
481
539
1739
875
1298
1375
1237
1982
1250
1349
1493
1537
2017
1266
1465
1613
1411
2240
1320
1346
985
781
1430
619
582
538
706
1513
1019
1075
1155
1368
1823
1401
1226
1562
1281
1989
1610
1362
2548
1309
2269
1490
1411
1085
825
1250
616
549
742
754
1809
1033
1077
1151
1394
1897
2209
1365
1253
1436
2123
1494
1574
1707
1477
3177
1786
2068
1851
1580
2212
827
818
704
714
2355
940
1013
1211
1125
1996
1226
1137
1233
1496
2043
1064
1179
1079
1168
1825
835
808
884
696
1142
566
568
811
943
1709
1163
1343
1347
1370
2172
1336
1369
1730
1387
2924
2338
1536
1678
1721
3896
1191
974
830
596
1168
599
788
872
1241
1991
1309
1392
1355
1394
2152
1397
1344
1323
1145
1744
1060
1024
663
619
2033
506
676
535
1071
1965
1792
1584
1139
1426
2596
1197
1398
1487
1302
2922
1622
1623
1617
1408
1919
1127
728
628
475
1135
441
567
1111
1414
2364
1904
1350
1483
1356
1958
1400
1394
1245
1472
2749
1572
1679
1730
1230
1935
797
686
483
481
1173
584
1020
1400
1499
2084
1206
1107
1250
1350
2409
1447
1392
1751
1765
2438
1844
1399
1458
1282
1522
637
593
720
494
1189
952
1266
1468
1382
1906
1268
1500
1420
1354
2255
1352
1336
1658
1908
2552
1753
1531
1520
927
1494
852
658
516
682
1546
1525
1667
1425
1321
2030
1262
1320
1367
1592
1945
1644
1637
1937
1859
2589
1637
1653
1715
1607
1865
1028
742
776
570
1411
914
1103
1193
1308
2336
1439
1461
1456
1534
2299
1691
1799
1830
1769
3200
1661
2908
1578
1338
1798
845
543
655
697
1497
1070
1363
1283
1391
2080
1421
1473
1212
1418
2678
1244
1309
1115
1147
2055
653
551
472
503
1430
567
974
1335
1657
2115
1340
1175
1415
1318
1987
1336
1293
1435
1653
2245
1526
1392
1375
901
1532
750
510
490
448
1153
935
1361
1457
1488
2306
1338
1306
1630
1662
2420
1339
1618
2021
1880
2618
1932
1672
1338
1031
1478
640
470
540
663
1924
1458
1854
1787
1385
2264
1471
1746
1427
1424
2347
1629
1774
1914
2200
2775
1512
1168
982
830
1306
687
604
607
1127
2549
1758
1421
2355
1256
2147
1392
1551
1704
1444
3179
1938
1940
1647
1633
2421
1414
1140
872
794
1332
599
632
1034
1603
2179
1365
1247
1167
1320
2296
1545
1520
1476
1664
2534
2047
1776
1545
1576
2319
1565
1443
1561
1110
1590
557
593
699
1041
1717
1598
1370
1361
1519
2299
1544
2514
1562
1812
2625
1915
1669
1706
1860
2305
1629
1395
1202
815
1284
564
838
841
1013
1878
1406
1512
1661
1613
2228
1516
1396
1498
1759
2053
1324
1265
1150
1146
1525
702
798
553
508
1485
838
1241
1128
1137
1809
1396
1312
1693
1535
2008
1572
1879
1771
1683
1955
1325
919
762
589
2020
473
438
509
1094
2165
1604
1533
1636
1402
2104
1481
5382
1966
2391
2150
1742
1692
1648
1557
2527
1098
810
640
636
1275
560
691
938
1331
2257
1694
1381
1350
1429
2147
1588
1326
1271
1602
2523
1959
1972
3046
1805
1986
977
779
626
529
1195
552
1185
1443
1688
2171
1695
1228
1602
1507
2221
1624
1197
1554
2006
2428
1843
1677
1672
1362
1805
892
655
540
540
1256
966
1440
1842
1481
2382
1332
1322
1393
1623
2403
1403
1677
1893
1882
2669
1764
1535
1461
1275
2093
942
778
742
463
1072
461
503
472
497
1091
608
572
394
386
1126
312
285
288
324
864
265
307
317
285
925
302
265
270
258
1066
527
607
657
737
1682
1084
1008
1067
999
1927
1182
1102
1046
994
1773
813
796
606
515
1189
629
534
758
1278
1838
1368
1152
941
1246
1849
1159
1439
1079
1214
2094
1568
1345
1289
1218
1827
950
703
551
458
1404
680
1066
1211
1332
2066
1120
1255
1157
1120
2123
1499
1280
1556
1568
2310
1524
1614
1396
1114
1642
692
580
476
467
1370
1176
1344
1592
1421
2233
1265
1224
1369
1455
1961
1157
1355
1973
1803
2350
1666
1572
1380
1121
1499
668
502
504
546
1793
1329
2460
1433
1353
2210
1564
1334
1535
1433
2081
1346
1683
1836
1891
2465
1636
1493
1116
825
1383
792
565
599
1137
2362
1642
1823
1637
1435
2208
1673
1463
1518
1215
2334
1799
1800
2144
1881
2848
1880
1690
1400
1361
2437
912
629
656
755
1674
1214
1509
1486
1509
2435
1458
1457
1418
1954
2651
1778
1898
1640
2655
2675
2001
1560
1437
1219
1623
667
575
745
957
1761
1270
1351
1711
1401
2445
1524
1365
1385
1739
2342
1195
1105
1256
895
1555
696
568
412
511
1274
954
1424
1386
1300
2057
1367
1189
1412
1552
2366
1344
1442
1698
1752
2256
1560
1586
1155
750
2195
544
470
480
610
1810
1506
1525
1702
1351
1981
1366
1311
1631
1456
2400
1700
1651
1813
1656
2489
1620
1382
1123
771
1289
553
444
619
1104
2418
1619
1867
1521
1263
2257
1376
1677
1612
1189
2089
1822
1705
1790
1718
2221
1493
1212
691
537
2007
599
566
1235
1409
2261
1788
1347
1472
1466
2256
1510
1483
1273
1519
2695
1817
1870
1731
2749
2530
1142
866
611
538
1194
595
1097
1392
1513
2369
1353
1192
1341
2502
2153
1463
1356
1652
2019
2587
1997
1618
2991
1657
3219
1711
1209
1045
888
1471
651
739
949
1151
2229
1671
1695
1620
1520
2235
1523
1586
2116
1938
2324
1578
1874
1821
1677
2464
1437
1215
898
522
1166
549
953
969
1252
1900
2495
1477
1519
1668
3183
1983
1583
1415
1220
1888
1507
1472
816
662
1297
489
515
673
931
1885
1515
1403
1444
1253
1895
1318
1668
1281
1203
2157
1710
1866
1419
1397
2942
1050
927
638
545
1729
440
591
900
1406
2558
1595
1372
1234
1285
2149
1497
1523
1356
1553
2715
1849
1742
1577
1507
2090
1062
709
510
593
1284
650
1246
1431
1597
2401
1296
1531
1487
1558
2148
1495
1222
1591
2063
2484
1818
2175
1531
1429
1709
719
675
498
500
1468
963
1388
1678
1479
2316
1618
1504
1666
1713
2681
1474
1523
2114
2000
3700
2136
1750
1629
1149
1686
947
587
593
725
1688
1493
1645
1489
1419
3230
1585
1452
1737
1372
2177
1583
1699
1919
1743
2768
1668
1823
1637
1293
1843
1227
864
513
690
2604
958
1181
1332
1664
2647
1931
1758
1630
1568
2566
1991
1757
1673
1739
2492
1831
1433
1221
1074
1821
753
523
617
672
1819
1248
1356
1384
1699
2179
1600
1571
1857
1726
3806
1861
1582
1819
1632
2238
1264
891
806
620
2035
614
728
803
1085
1868
1256
1681
1640
1668
2374
1493
1571
1536
1479
2453
1462
1392
1559
1261
1733
679
546
608
498
1370
1007
1218
2061
1521
2232
1492
1795
1800
1716
2327
1384
1575
1864
1775
2216
1845
1437
1469
858
1400
674
643
620
688
1859
1358
1634
1469
2934
2149
1462
1459
1471
1495
2295
1497
1684
1745
1668
2452
1774
1514
1119
775
1272
574
477
714
1038
2496
1806
1397
1314
1252
2402
1410
1682
1716
1530
2293
1821
1745
2367
1938
2440
1663
1171
907
774
1342
637
720
958
1395
2187
1593
1356
1265
1375
2447
1692
1499
1383
1776
2537
1923
2066
1734
2337
2392
1558
1377
1398
989
1718
622
586
786
920
2147
2252
1972
2154
1951
3159
1749
1708
1648
1914
2839
1738
1825
1887
1750
2461
1635
1365
1213
967
1597
658
735
829
1031
3379
1405
1432
1562
1586
2373
1412
1497
1681
1567
2069
1258
1037
1077
725
1508
703
453
466
755
1687
1478
1588
1582
1253
1980
1266
1369
1282
1361
2939
1709
1794
1638
2051
2441
1703
1291
933
787
1182
479
536
604
1021
2392
1598
1564
1360
1533
2649
1628
1681
1432
1255
2334
1653
2114
1854
1698
2456
1306
873
665
536
1359
493
626
979
1426
2514
1536
1397
1348
1700
2205
1527
1516
1262
1424
2662
2189
1687
1928
1771
2235
942
708
619
577
1337
648
1048
1686
1622
2726
1349
1303
1459
1520
2261
1416
1207
1687
1774
2668
1989
1754
1779
1672
2080
918
769
539
529
1281
990
1454
1704
1655
2558
1310
1485
1473
1488
2093
1559
1465
1728
1881
2578
1715
1700
2824
1743
2052
1339
1088
821
747
1398
744
1047
1149
1516
2152
2808
1636
1434
1518
2254
2912
1873
2078
1685
2587
1651
1812
1679
1533
2558
1371
943
714
553
1346
917
1027
1284
1306
2177
1522
1447
1353
1410
2020
1494
1543
1157
1053
1796
978
1295
639
529
1158
557
622
1058
1322
2344
1363
1306
1507
1546
2060
1421
1290
1169
1785
2587
1599
1721
1514
1306
1911
731
737
572
509
1170
677
968
2510
1615
2389
1316
1479
1575
1347
2128
1506
1397
1585
1981
2679
1758
1596
1490
1110
1399
654
639
491
464
1333
985
1453
1602
1595
2184
1407
1893
1468
1670
2139
1247
1958
1875
2046
2807
1889
1955
1628
1010
1404
634
565
513
715
1706
1459
1737
1529
1336
2040
1691
1631
1667
3226
2379
1726
1765
1786
2140
2530
1884
1756
1357
1111
1394
539
668
600
948
2432
1938
1505
1385
1463
2162
1443
1422
1386
1487
3335
3051
1787
1695
1874
2566
1813
1589
1730
1370
1888
872
598
837
902
1693
1261
1423
1591
1683
2401
1953
2888
1586
1831
2554
2421
1716
1878
1983
2558
1723
1792
1422
1093
1531
666
652
664
856
1950
1343
1648
1785
1868
2495
1611
1767
1615
1512
2388
1494
1161
1365
1037
1425
678
523
477
583
1353
1133
1390
1595
1624
2079
1274
1233
1386
1678
2308
1182
1515
2010
1656
2314
1508
1498
1016
814
1275
501
524
602
606
2689
1484
1692
1393
2376
2176
1292
1406
1532
1521
2131
1601
2069
1850
1996
2340
1544
1154
1078
814
1392
613
469
616
1154
1992
1499
1691
1473
1207
1950
1392
1382
1333
1338
2646
2195
1829
1771
1785
2275
1427
982
725
665
1273
522
751
918
5076
2421
2071
1565
1305
1801
2055
1448
1831
1306
1589
2925
2341
1969
2041
1786
2273
1295
1181
747
663
1277
676
1218
1409
1703
2586
1330
1330
1740
1388
3297
1528
1463
1502
1787
2790
1919
1960
1758
2862
3501
1480
1625
1084
830
1452
606
980
1200
1201
2060
1477
1480
1736
1479
2645
1492
1680
2313
1872
2650
2044
1870
2069
1902
2186
316
1705
1282
851
1375
722
802
1098
1212
2124
1501
1373
1527
1532
2105
1466
1355
1429
2648
2157
1094
927
748
573
1324
510
633
646
1048
2352
1522
1427
1363
1338
2250
1755
1441
1543
1332
3331
1744
1815
1655
1565
2213
1233
771
719
516
1302
455
637
936
1429
2438
1547
1382
1515
1396
3437
1839
1577
1599
1479
2622
2133
1672
1936
1781
2415
1403
756
778
542
1303
601
1041
1471
1517
2385
1754
1347
1569
1370
2307
1619
1383
2483
1846
2430
1926
2015
1845
2940
2047
726
602
679
564
1612
992
1752
1571
1579
2354
1200
1479
1272
1594
2042
1260
1697
1903
1814
2570
1883
2054
1902
1489
1754
1011
700
827
655
1760
1458
1552
1685
1445
2155
1642
1542
1972
1530
2102
1561
1914
2188
1727
2507
1900
1939
1927
1641
2146
1038
789
539
644
1520
1074
1258
1586
1658
2254
1819
1639
1588
1436
2543
2070
1893
1813
1731
2553
1810
1705
1818
1522
2113
890
733
731
737
1907
1174
1325
1423
1661
2380
1507
1490
1674
1638
2259
1522
1350
1290
1143
1908
857
604
635
476
1496
682
1236
1297
1648
2335
1546
1367
1288
1236
2124
1694
1295
1603
1760
2601
1940
1512
1476
1121
1614
659
643
488
602
1359
987
1416
1706
1684
2259
1306
1473
2714
1436
2191
2749
1504
1744
1882
2424
1861
1578
1374
928
1518
577
604
641
643
1918
1546
1574
1506
1737
2153
1371
1406
1326
1271
2002
1542
1654
2137
1992
2594
1583
1472
1051
787
1604
590
601
576
1070
2717
1503
1797
1676
1391
2110
1378
1476
1397
1140
2359
1912
1747
2018
1890
2564
1754
1548
1017
816
1531
720
701
728
973
2489
1404
1331
1207
1536
2190
1415
1615
1355
1462
2627
1900
1790
1642
1814
2399
1669
1772
1386
1220
1606
572
748
677
953
2327
1347
1307
1656
1599
3267
1769
1511
1477
1697
3891
1627
1566
1533
1692
2461
1349
2031
745
585
1373
688
804
1246
1256
2210
1697
1311
1315
1499
2133
1336
1452
1741
1716
1983
1149
1172
752
655
2175
536
487
624
942
2085
1476
1527
1614
1538
2247
1297
1315
1296
1197
2271
1611
1506
1578
1359
2326
1229
1021
687
530
1260
592
647
980
1580
2325
1564
1526
1584
1430
2203
1409
1495
1215
1527
2661
1856
1682
1678
1866
2579
938
774
634
556
1225
683
1159
1417
1646
2469
1420
1290
1284
1633
2217
1418
1275
1444
1943
2581
1827
1768
1624
1465
1930
748
594
560
486
1328
1055
1299
1537
1414
2118
1282
1412
1420
1437
2125
1507
1633
1715
1934
3403
1796
1614
1550
1383
1659
816
685
609
655
1594
2725
1587
1523
1520
2439
1377
1319
1433
1232
2045
1561
1748
2017
1681
2491
1852
1715
1599
1499
2399
1176
992
593
753
1549
1071
1495
1515
1571
2307
1726
1568
1501
1643
2708
1733
1736
1732
1652
2617
2010
1654
1545
1558
1894
867
545
602
698
1538
1277
1391
1420
1540
2262
1630
1837
1637
1746
2372
1471
1423
1298
1293
1912
1056
683
492
439
1363
601
1021
1645
1554
2105
1317
1221
1573
1252
2419
1489
1437
1569
1630
2517
1766
1510
1570
1214
1856
671
744
570
450
1389
1227
1719
1610
1543
2098
1310
1722
1411
1416
2237
1564
1415
1865
1958
2649
1767
1743
1363
1472
1329
584
631
578
689
1755
1509
1625
1450
1362
2050
1482
1613
1680
1655
2131
1457
1861
1966
1799
3255
1600
1502
1028
837
1472
734
633
667
1220
2372
1747
1705
1359
1364
2288
1779
1371
1580
1534
2249
1733
1889
2113
1934
2381
1458
1207
1014
845
1321
694
760
1022
1432
2656
1840
1383
1345
1733
2346
1700
1479
1420
1535
2806
2221
1960
1753
2118
2441
1919
1627
1381
1230
2019
722
763
897
2088
2764
1790
2779
3065
2230
2949
1979
1516
1827
1850
2660
1992
1946
1844
2242
2436
1879
1334
1240
887
1277
640
800
842
1065
2239
1645
3113
1842
1546
2405
1697
1843
1708
1895
2316
1553
1443
1025
901
1510
624
485
619
777
2269
1564
1867
1511
1451
2206
1536
1422
1681
1439
2262
1643
1856
1895
1643
2527
1477
1287
1011
675
1613
579
550
619
1076
2504
1595
1499
1480
1350
2363
1496
1449
1690
1296
2499
1784
1799
3009
1949
2214
1442
1092
903
641
1228
623
535
1202
1593
2344
1751
1641
1290
1472
2151
1617
1327
1319
1633
2709
1846
1975
1762
1642
2315
1235
822
699
597
1380
767
960
1753
1846
2577
1424
1478
1718
1437
2428
1692
1329
1728
1740
2819
1864
1821
3097
1736
3334
876
821
588
571
1423
1196
1679
1885
1702
2363
1578
1486
1409
1834
2453
1459
1474
1840
3078
3587
1805
1921
1962
1555
2219
1290
1029
862
648
1506
931
1141
2622
1546
2551
1565
1563
1915
1755
2408
1608
2140
1948
1779
2832
1829
1760
1765
1728
2130
1185
851
568
675
1661
895
1260
1384
1507
2495
1575
1647
1729
1438
3326
1531
1756
1364
1596
2271
1148
742
595
548
1264
486
690
887
1306
2675
1412
1486
1208
1246
2020
1434
1444
1373
1447
2485
1806
1843
1471
1595
1908
851
679
636
491
2274
738
1008
1324
1785
2446
1500
1370
1495
1586
3724
1568
1246
1719
1720
2378
1643
1590
1693
1415
2068
783
567
565
559
1402
1018
1685
1541
1601
2269
1455
1331
1329
1631
2244
1312
1899
2128
1998
2659
1776
1593
1473
1116
1602
655
501
577
588
1632
1414
1844
1643
1291
2326
1673
1339
1440
1381
2021
1428
1543
1613
1918
3570
1971
1560
1261
1248
1615
644
1041
631
1137
2054
1576
1391
1238
1289
2045
1402
1459
1591
1273
2067
1647
1813
1544
2027
2696
1631
1594
1387
1165
1848
886
633
776
867
1771
1123
1254
1311
1608
2040
1576
1334
1432
1613
2381
2895
1495
1752
3186
2621
1639
1479
1274
1176
1578
647
578
799
776
1880
1592
1248
1388
1331
2255
1405
1548
1794
1606
3408
1493
1231
1253
1016
1687
713
614
536
562
1310
1097
1345
1672
1477
2285
1259
1501
1404
1495
2059
1543
1648
1655
1676
3717
1461
1299
1058
916
2398
626
526
504
589
1790
1579
1402
1477
1401
2188
1345
1246
1385
1478
1928
1372
2077
1996
2025
2299
1630
1436
1088
693
1261
545
604
660
996
2392
1754
1542
1223
1221
2155
1406
4656
1782
1703
2817
2018
2002
1680
1794
2991
1331
1166
913
749
1539
500
667
1003
1412
2710
1515
1329
1501
1620
2604
1556
1794
1307
1572
2868
2003
1692
1849
1987
2595
1156
888
813
680
1364
691
1065
1248
1766
2232
1420
1332
1433
1641
2611
1439
1339
1726
1978
2917
1663
1801
2070
1816
2339
1474
1198
1007
830
1729
768
837
994
1193
2070
1476
1680
1501
1692
2485
1424
1564
1700
2027
2690
1643
1679
2193
1701
2247
1624
1287
1040
681
1407
672
1205
1013
1302
2502
1806
1599
1746
1437
2222
1645
1826
1412
1282
2003
1176
997
921
700
1912
532
579
799
932
2056
1627
1436
1663
1567
2200
1489
1308
1548
1327
3403
1874
1798
1662
1694
2299
1189
1053
676
662
1255
601
641
1038
1660
2633
1837
1399
1428
1517
2442
1772
1750
1481
1531
2627
1873
1940
1760
1678
1981
1025
673
620
555
1197
689
995
1462
1819
3951
1445
1427
1833
1792
2418
1543
1264
1410
1939
2810
1749
1701
1741
1525
1855
836
607
559
462
1310
1027
1348
1746
1744
2157
1499
1420
1630
1503
2145
1563
1549
1795
1822
2835
1923
1729
1647
1395
3564
879
761
655
695
1894
1740
1567
1501
1430
2339
1425
1304
1408
1600
2369
1548
1806
1909
1714
2361
1969
1633
1491
1368
2920
1217
794
645
771
1575
1066
1428
1605
1437
2458
1685
1833
1731
1713
2641
1929
1724
1916
1502
2409
2046
1590
1418
1633
1876
988
527
590
717
1627
1194
1615
1485
1807
2277
1525
1473
1508
1442
2223
1372
1386
1505
1230
1890
870
625
513
575
1256
765
987
1269
1818
2209
1418
1326
1218
1326
2531
1546
1506
1473
1561
2239
1637
1609
1388
1035
1614
770
604
557
525
1493
1026
1405
1459
2567
2082
1217
1369
1499
1468
2295
1299
1594
2003
1866
2486
1743
1420
1235
950
1509
672
552
575
647
2793
1758
1751
1399
1334
2062
1629
1336
1457
1411
2197
1520
1679
1713
1973
2684
1760
1447
1069
744
1302
533
545
587
1169
3182
1759
1552
1422
1254
2251
1389
1597
1634
1327
2307
1701
1685
2045
1731
2396
1495
1260
927
910
1800
790
720
1066
1391
2426
1829
1369
1296
1465
2142
1516
1446
1306
1729
2403
1633
1609
1975
1570
2523
1548
1704
1272
1203
1539
713
763
869
1242
2382
1449
1469
1612
1750
3966
1517
1343
1554
1822
2381
1817
1571
1800
1724
2648
1578
1362
1373
872
1360
719
703
995
1274
2727
1566
1848
1751
1676
2703
2457
1672
1855
1772
2240
1322
1250
990
917
1455
569
586
528
619
1824
1531
1538
1537
1621
2151
1418
1340
1416
1379
1986
1698
1682
1644
1565
2762
1517
1210
1127
738
1483
630
534
623
1024
2506
1574
1491
1372
1559
2225
1599
1716
1692
1362
2487
1842
1730
1919
1710
2384
1518
1008
743
683
2397
584
647
1157
1527
2268
1613
1602
1330
1303
2118
1339
1364
1325
1373
2534
1971
1640
1690
1877
2156
1055
772
660
522
1321
684
1149
1625
1912
2112
1370
1340
1520
1400
2399
1373
1218
1346
1823
2780
1787
1883
1637
1783
2349
1116
970
1798
595
1560
1086
1363
2579
1505
2357
1393
1576
1280
1337
2116
1443
1605
2030
2135
2321
2016
2051
1872
1564
2229
1407
1312
928
648
1625
928
1045
1243
1432
2156
1788
1683
1656
1435
2414
1528
1800
2008
1724
2313
2119
1595
1597
1711
2093
1175
831
688
631
2508
849
1196
1214
1617
2302
1518
1472
1519
1543
2349
1538
1545
1532
1322
2159
1139
876
756
537
1327
516
739
925
1266
3756
1554
1324
1235
1285
2084
1483
1681
1296
1499
2733
1882
1446
1577
1381
1946
1029
723
711
594
1427
696
1216
1528
1559
2524
1359
1328
1282
1307
2507
1696
1443
1452
1864
2404
1703
1596
1528
1269
2994
711
566
569
581
1463
931
1504
1625
1797
2170
1708
1374
1367
1581
2332
1390
1765
1816
2993
2388
1905
1890
1395
1330
2926
728
608
646
664
1697
1477
1702
2459
1415
2715
2080
1971
1867
2256
1913
1762
1624
1774
2159
2599
1716
1714
1345
1128
1705
751
648
732
981
2087
1509
1339
1322
1253
2144
1483
1364
1419
1433
2272
1679
1661
1345
1623
2363
1534
1520
1270
1283
1669
886
640
717
794
2716
1249
1293
1126
1396
2139
1539
1388
1496
1376
2121
1614
1320
1345
1609
2250
1406
1204
1035
962
1558
658
574
670
706
1558
1183
1378
1259
1608
2398
1184
1338
1246
1631
2272
1254
1323
1164
1307
1824
962
800
653
562
1415
704
756
757
832
2069
1242
1182
1144
1407
2248
1252
1254
1428
1227
1934
1189
1412
957
874
1300
557
464
549
623
3222
1453
1431
1403
1464
2278
1316
1243
1498
1530
2003
1378
1795
1467
1764
2594
1410
1009
879
733
1355
588
490
615
1273
2397
1726
1369
1231
1227
2300
1329
1595
1594
1367
2107
1697
2088
1687
1600
3595
1428
1016
914
762
1327
476
784
966
1570
2504
1516
1339
1243
1679
3543
1468
1383
1237
1667
2278
1920
1611
1677
2016
2264
1343
885
789
649
1265
705
911
1404
1782
2705
1424
1303
1387
1360
2155
1786
1189
1665
1718
2282
1686
1788
1627
1952
2225
1514
1387
1072
791
1385
770
890
1099
1142
2013
1489
1769
1546
1571
2482
1473
1478
2982
2153
2585
1545
1601
1670
1593
2157
1331
1092
905
914
1317
681
882
1094
1232
2354
1528
1302
1281
1557
2213
1620
1753
1480
1122
1949
1131
923
897
697
1409
530
609
656
913
2272
1417
1461
1480
1221
1996
1358
1509
1489
1311
2545
1663
2985
1534
2619
2403
1294
1048
787
756
1320
455
587
1062
1374
2289
1530
1552
1306
1556
2138
1410
1604
1518
1702
2608
1630
1824
1967
1570
2012
1115
815
701
622
1236
610
1153
1434
1537
2263
1441
1296
1639
1486
2188
1299
1015
1222
1370
2339
1601
1747
1619
1447
1960
872
666
549
548
1361
1059
1411
1450
1480
2249
1329
1454
1434
1616
2117
1149
1260
1524
1661
2494
1837
1572
1532
1285
2009
861
787
591
718
1721
1438
1634
1689
1336
2370
1400
1270
1344
1302
3130
1545
1733
1576
1622
2301
1945
1593
1552
1394
3510
1074
825
669
761
1695
1053
1118
1271
1355
2125
1534
1593
1571
1354
2508
1544
1509
1408
1654
3503
1832
1517
1387
1457
1707
1017
806
532
693
1774
1035
1228
1203
2592
2351
1315
1400
1298
1576
2304
1264
1264
1344
1198
1779
809
685
615
467
1340
727
995
1441
1376
2152
1418
1203
1375
1305
2085
1538
1219
1511
1886
2319
1574
1710
1555
1270
1809
917
629
564
498
1314
1105
1264
1639
1405
2066
1497
1379
1372
1693
2388
2542
1729
1728
1594
2447
1836
1576
1325
1056
1706
704
580
633
643
1777
1396
1563
1842
1813
2244
1550
1552
1498
1469
2154
1535
1680
2043
1793
2771
1722
6329
1319
1129
1794
720
725
880
1670
3203
1811
1597
1485
1481
2250
1825
1580
1755
1485
2552
1728
1740
1904
1786
2614
1955
3031
1208
1262
1580
800
822
1254
1420
2699
1792
1365
1598
1441
2392
1397
1483
1512
1398
2525
2094
1494
1686
1955
2670
1599
1435
1162
1087
1802
708
795
855
1188
1999
1363
1386
1401
1703
2378
1366
1327
1579
1466
2408
1462
1694
1592
1619
2279
1451
1275
1039
951
5687
602
816
946
1200
2395
1408
1422
1509
1462
2416
1512
1600
1462
1455
3308
1327
1290
1373
916
1604
671
582
668
647
2059
1251
1714
1491
1319
2001
1388
1358
1608
1362
2171
1588
1660
1788
1526
6278
1397
1285
977
800
1487
723
789
766
1182
2178
1590
1450
1665
1457
2662
1523
1563
1659
1488
2523
1917
1959
1673
1618
2576
1854
1072
845
645
5529
657
619
951
1673
2282
1534
1390
1602
1495
5962
1594
1533
1307
1567
7083
1709
1628
1686
1620
7823
1247
928
707
748
1637
696
1083
1391
1604
2147
1520
1607
1824
1560
2477
1586
1434
1661
1775
2555
1863
1630
1820
1782
2570
1107
796
726
726
1827
1029
1244
1515
1574
5757
1534
1454
1547
1397
2073
1448
1527
3713
1899
2624
1808
1598
1838
1620
2347
1286
1204
859
860
1570
964
1087
1265
1284
2093
1474
1545
1664
1675
2521
1552
1984
1852
1616
2314
1730
1648
1678
1499
2247
1253
982
718
800
3170
954
1123
1183
1328
2050
1473
1270
1544
1362
5693
1324
1359
1250
1318
6248
1318
1097
990
703
5709
729
839
1090
1492
2275
1438
1379
1232
1383
2187
1434
1383
1379
1858
2764
1797
1758
1627
1552
6438
1049
758
656
681
1324
671
1075
1294
1704
6719
1465
1385
1357
1535
2501
1433
1333
1378
1867
2391
1797
1586
1697
1181
1912
988
730
591
603
5031
1023
1439
1854
1691
2365
1496
1378
1386
1698
6209
1238
1406
1586
1937
2439
1801
1549
1519
1117
3067
873
710
622
755
7139
2724
1682
1460
1375
5938
1703
1714
1610
1395
2133
2199
1636
1848
1510
2661
1965
1652
