0.03496752552953137
0.03481193950228856
0.12941078125091127
0.2134944530709178
0.2451000900090009
0.2884955653149998
0.3202035933308091
0.3198711925042075
0.3257626390550256
0.3297369805181712
0.3283195563299902
0.34004124256231866
0.3524352003234881
0.34853176004888003
0.3501262427633031
0.3535035963098139
0.3483196143329834
0.3391933536372408
0.33314758796370003
0.33093402108014375
0.3312988380232351
0.32820852096511927
0.3204987578757876
0.31552703353518685
0.3109902570596491
0.30775632551293924
0.30442691405619626
0.30404058983035287
0.3047042686033052
0.3025589645996722
0.2955877583509561
0.28845666899632855
0.2808713569094036
0.2734468695729727
0.2665864019490069
0.25996602956023834
0.25380459997763133
0.2480851377832417
0.2425360163824419
0.2373241015147311
0.23209823260053167
0.22730278753066147
0.22262087806478723
0.21840487692242627
0.21425109503912126
0.21044615390230548
0.20671246662466736
0.20311059660071015
0.19962903356843997
0.19611326211986277
0.1928371700117793
0.1896638817164602
0.1865787239920488
0.1834513615293535
0.18051303941412042
0.17777306781872504
0.175176888806151
0.17261959412927003
0.17027603683445267
0.1680803284757391
0.16600932504068294
0.16410740373874155
0.16253964018883604
0.1610341914612731
0.15982569569819416
0.15889599429708431
0.16070638623435776
0.1638973504966192
0.16568420194189604
0.16797276794039437
0.1710302927042519
0.17208657110912173
0.17140019528543052
0.17087766915229732
0.17045907156614815
0.16943935569396443
0.16844352199925874
0.1670880678666048
0.16567262766037213
0.16396539919654557
0.16230160691476891
0.16065043335676268
0.15913081718612151
0.15763716850493134
0.15619792731299373
0.15469324814348945
0.15325550024213583
0.15185400111575367
0.15053246126369912
0.1491757471790218
0.14783325860331767
0.14645690719150112
0.1451155574994344
0.14390393596627515
0.14274758904461876
0.14164289740883315
0.14056828450560638
0.13962287318672525
0.1386693167009606
0.13772104172318891
0.1367112003811448
0.1357191643192055
0.1347721922838966
0.13383537745078855
0.1330591344740489
0.13294653158820513
0.13488814976742508
0.13797038124005795
0.13940787970432467
0.13977764498732825
0.14010036101103146
0.14072442202933336
0.1415605184518452
0.14193013611135835
0.14171432628006006
0.1412448786972051
0.14046347774093088
0.13955637397287807
0.13863370739048753
0.13778485463907994
0.13696800210369897
0.13621231107888862
0.1353912475733603
0.1345970900303795
0.13385203947549323
0.13311303305740232
0.13242772364230396
0.13177092062854304
0.13112521715821954
0.13047651374723895
0.12988398397087195
0.12938904444696214
0.1287873796464535
0.12816618370458863
0.12750546755111794
0.12686200571835604
0.12618365076521895
0.12563893108188662
0.12518059939181692
0.12549440158113967
0.1269096123628121
0.12739708912788353
0.12683653276327353
0.1262964892206352
0.12585067520429513
0.12549747988215287
0.12540944285977823
0.12702676707395189
0.12921762539890352
0.13037035774301223
0.13104467507424578
0.13178744519940963
0.1327081165653123
0.13355397993993598
0.13384404707917258
0.13340490543767275
0.13293011571557983
0.13242317026029493
0.13189563028257037
0.13128789673740063
0.13079590731847865
0.13026036198871915
0.12974874050908936
0.12925173023943667
0.12877093605037226
0.12824303437581822
0.12771424331622352
0.12715948320012135
0.12660871101478116
0.126049662437747
0.1255554650980947
0.12507669300064622
0.12460981107267233
0.12428415184835667
0.12424770268701488
0.12546101225507167
0.12731659375788124
0.12818325570071076
0.12896535471746384
0.13012668661385932
0.13041591268697728
0.1300264167678644
0.12955264280588993
0.1290563834940559
0.12855619931093748
0.12807085319617198
0.1275809448411362
0.12710355098044304
0.12660066974975415
0.12613637512500983
0.12563880616799408
0.12512301907660606
0.12465977297909324
0.12419500965254736
0.12375705341576683
0.12336498886675167
0.12303989929556819
0.12272007912195429
0.12236158936550084
0.12199865167598377
0.12162857598450898
0.12126098312631746
0.12100747899066243
0.12111570271094474
0.12242207329621649
0.12411728093228185
0.12504079246334004
0.12558301133837008
0.12604368359448673
0.12620014240691693
0.12597528351480652
0.12573326958524048
0.12557647827804252
0.1253821007698841
0.12518241435718658
0.12494538655726396
0.12460791590391351
0.12417521715923366
0.12372207613465792
0.123260290471888
0.12282678961773728
0.12236639025263864
0.12194107948222721
0.12152426781964547
0.12109323587631035
0.12067300710781863
0.12024379786003188
0.1198431746806297
0.11941861440989682
0.11900047856880966
0.1185839496203196
0.1181925165966282
0.11777657594198572
0.11737668091232412
0.11698880130724812
0.11661411873358378
0.11626162844614078
0.11590526400274828
0.11555284886979264
0.11517838730297641
0.11482190723057756
0.11446112243578346
0.1141356790024045
0.1137925044149176
0.11348631577885746
0.11331687355656798
0.11399027769759586
0.11509680058914983
0.11586086083428253
0.11626396495548437
0.1168057856114927
0.1170180110927409
0.11699808360072435
0.11764789455925583
0.11867475686987822
0.11931173567531117
0.11965042736392123
0.119888864026208
0.12015861137883263
0.12046493221910136
0.12098675145772202
0.12162980060460658
0.12185465733424056
0.12153716387770509
0.1212138016120863
0.12089292075252088
0.12056215516523115
0.12022907452897358
0.11989592089411608
0.11955376280619182
0.11919114528203109
0.11886499738027849
0.1185472687926304
0.11821194755668388
0.11789917811453277
0.11760781515394893
0.11730863049914368
0.11699947885309135
0.11670440764844994
0.11643806794149406
0.11615950248335408
0.11586580793197086
0.11557367626278063
0.115264229112744
0.11497574125990824
0.1146903012711689
0.11441666228356738
0.11418404436508701
0.11393443372338581
0.11368296283349108
0.11343416281537318
0.11318836745525372
0.11292509589420481
0.11265279868413874
0.11236503484222672
0.11207981607156461
0.11180984297237412
0.1115504226376715
0.11134539973447635
0.11121137506130495
0.1115239120591185
0.11261668287850042
0.11388851657769984
0.11445920006343158
0.11457196681970776
0.11466278310338418
0.11482523062910127
0.11512185383383056
0.11537487906758807
0.11565951543524321
0.11578866147484314
0.11585584652984109
0.11582436014019175
0.11569507992283877
0.11548935817113504
0.11525784442940502
0.11500226396962134
0.11472476259108956
0.11447286856792559
0.11420197858750616
0.1139259541417842
0.11364762088972562
0.11337948554269828
0.113127815723608
0.11286368211256165
0.11259849589822019
0.11232173694520768
0.11204285129836739
0.11178179105581791
0.11151116094917833
0.11125930877395325
0.1110093717953432
0.11074348900443687
0.11048527799441034
0.11024921754631539
0.11002587153024769
0.10980599541681316
0.10958875668312913
0.1093522680815581
0.10912014559381399
0.1088816473005574
0.10865858848126252
0.10842354570725357
0.10823761821708947
0.10814390648719645
0.10834954115273364
0.10934406123839958
0.11043636805895216
0.1109232039986322
0.11115496574880686
0.11137934825517966
0.11137112328585089
0.11122764168590292
0.11107147422594298
0.11085454831737135
0.11063668702471097
0.11041855719236815
0.11022141131995185
0.11001793808876004
0.10982621044832126
0.10966083813592181
0.1095274747977284
0.10957140403448955
0.10990540908452542
0.11063469495773534
0.1113913305099245
0.1118263644855373
0.11203849187146309
0.1122333875419175
0.11240363188198592
0.11241443043606222
0.11247451284640113
0.11255028950204438
0.1128116606850553
0.11328212583821166
0.11341371205724501
0.11325819660766041
0.11312628665057521
0.11297248101435373
0.1128520740289137
0.1127137521097809
0.11256262702250022
0.1123798866945518
0.11221381718422059
0.11202281521343964
0.11184960446464456
0.11166761481086422
0.11151945398206234
0.11134124546010946
0.11118402813272162
0.11102619492399354
0.11089443453921233
0.11071732264946053
0.11053624420222606
0.11034557214727163
0.1101830034179333
0.11001592761516057
0.10982811272652543
0.10965659486586447
0.10948039662050735
0.1093234864495254
0.10919112785906476
0.10915121305027894
0.10956185540553998
0.11029586062174182
0.11071864052936571
0.11079800797338504
0.11092784518139343
0.1110304697189262
0.11104993496894738
0.11107648464085627
0.1110593497820456
0.11108233408037198
0.11121279309058638
0.11147205011366959
0.11191852765974374
0.11208147466834725
0.11202022379267346
0.11200937642151312
0.11220765316017475
0.11264483845938647
0.11325825675798742
0.11356305906128748
0.11364647672785028
0.11385785861520935
0.11409913671144939
0.11434549632359209
0.11464710786868161
0.11484433979753993
0.11499037553528414
0.11494957579527477
0.11490910314946647
0.11482708609302236
0.1146761729012311
0.11454391962442954
0.11438091208214415
0.11423552293373668
0.1140699917668532
0.11390892692349555
0.1137242546525121
0.11356609034203725
0.11341294556329373
0.11325110873705659
0.11309147904081797
0.11294372413438569
0.11277841985930703
0.1126142460298858
0.11243537526044287
0.11228624036315105
0.11212855991122243
0.11198975109048952
0.11179860790154765
0.11162665373502623
0.11145978645843214
0.11130038176391213
0.11112995877648005
0.11100228017103747
0.11087167619095616
0.11075558054780832
0.11062307629241051
0.11049963353154021
0.11033822966053287
0.1101552740039556
0.10998237080285225
0.10983126717469174
0.10968605778429207
0.10956287884568414
0.1094171636910047
0.10928593493286888
0.10913291698370879
0.10900852431784158
0.10888519013634097
0.10903181175260383
0.10952320467786004
0.10973292818089181
0.10959813494735918
0.1094738936121912
0.1093279585519031
0.1091564178932028
0.10900323201169373
0.10885894803517752
0.10871219963366134
0.10857048343098845
0.10861836824480182
0.10900671929008598
0.10930839085725882
0.10934147085373556
0.10976338159821812
0.11033938254486714
0.11060399645829015
0.11066729535338855
0.11071136942794957
0.11080128867311444
0.11094066460223398
0.11106357967194766
0.11122598466517726
0.11133583000312332
0.11141185033047661
0.11147896762237514
0.11160832461624541
0.11165010651693372
0.11156417316827066
0.11146187105508412
0.1113344354660868
0.11117574244869598
0.11103865299382955
0.11088070269342715
0.11073145630410756
0.11057962392018436
0.11043469020478891
0.11028987425251678
0.1101562183462937
0.11000436062600226
0.10986871224388785
0.10971123001543173
0.1095587367727008
0.10939684477397221
0.10927197965196947
0.10912316084501127
0.10899832544595783
0.10885665862662025
0.10871989273328522
0.10859807137673647
0.10853676386211103
0.10872395010213025
0.10934960035705465
0.1100986698669867
0.11037737448936112
0.11064066530762867
0.11113667827154648
0.11134261256962892
0.11135173223869618
0.11165522044492328
0.11204706422863779
0.11222515797164069
0.11214113954240033
0.1120633472147604
0.11198294459942912
0.11189886779766561
0.11179510135315868
0.11170791514174962
0.11159931583842267
0.11147141958056729
0.1113437226459374
0.1112149578594223
0.11109929971699091
0.11097305421739133
0.11083036926102034
0.1106906243096353
0.11056920038575922
0.11043573834289201
0.11031199500537509
0.11018782863479135
0.11010508173732621
0.1101095798870146
0.11030060481709318
0.11045469857643112
0.11060805359729445
0.1107625420365021
0.11099753123492967
0.11108275724212957
0.11100110746782473
0.1109371895589559
0.11087716002586458
0.11080148593793154
0.11071153056332128
0.11062095798386531
0.11055371305332298
0.1104811054824588
0.11041636008052028
0.11040183227649304
0.11052437572367743
0.11079759329782615
0.11114732638852698
0.11138814160580257
0.11137267094082677
0.11142136341285731
0.11151508625982871
0.1115317984103872
0.11145193654123112
0.11135205381003217
0.11123709587226516
0.11113984400284836
0.11103973306481682
0.11091978774876181
0.1108026286917112
0.11068977477057944
0.11055721422358117
0.1104499733847046
0.1103195521745957
0.11020790685680983
0.11012056404331635
0.11004769404870686
0.11004536797878318
0.10999490683540526
0.10986268206080266
0.10971907326253116
0.1095587822467893
0.10938045112781955
0.10919886513888173
0.10902355781378487
0.10884498667099671
0.1086677110226838
0.10849349628739381
0.10831681455689843
0.10813927948419431
0.10796288409515514
0.10778676000933426
0.10761126133985628
0.1074359663448618
0.10725992450616105
0.10708445863903628
0.1070392599889827
0.10763212701643572
0.1082377370603087
0.10849980959282612
0.10870445380304454
0.10901240770255267
0.10926658814811521
0.10948211155780044
0.10968227313150607
0.10992957754365758
0.11001080951533272
0.10992376843850844
0.10984216879774333
0.10976661391135588
0.10971257947385486
0.10969690933117295
0.10983383219195542
0.1100754070288685
0.11014409955946576
0.11002931161605059
0.10995466829096417
0.10990480854023554
0.1098534461956834
0.10979931745941511
0.10973634289599243
0.10967117478748489
0.10955350114295236
0.10940990827841672
0.10927176841298124
0.10911804951122152
0.10897152422469841
0.10881539846292322
0.10866823502480089
0.10852873352955146
0.1084168245673628
0.10832495338018676
0.10823969223206469
0.10811806972509819
0.10797011398009379
0.1078136511421104
0.10765105682982092
0.10749223139322076
0.10733118684533197
0.10716895289448213
0.10701084091662165
0.10685164019136137
0.10668980809619834
0.10653162106912364
0.10637495671059213
0.10621511049674898
0.1060562248913484
0.10589868380493411
0.10573962273095117
0.10558113230935934
0.10559826443371696
0.10612669075253038
0.10675485767185484
0.10704770271351564
0.10755217986036907
0.10812623537508151
0.10839692423705218
0.10883093419366485
0.10935306587271362
0.10962766640594751
0.10995961941970113
0.11033343426694056
0.1105056636919263
0.11047203668842313
0.1104440832518797
0.11038148231182411
0.11032479156570502
0.11028850219190171
0.11023712984831767
0.11018642228005657
0.11011734068868226
0.11006778608350919
0.11001918255046254
0.10997780269786665
0.10991313788690038
0.10986253577702652
0.10979829937495962
0.1097320229651298
0.10966396264075327
0.10963690843298754
0.10967478265565557
0.1100975027651062
0.11060156214691189
0.11089502637516155
0.11109532907314976
0.11128493299629998
0.11142491869754878
0.11158560125759157
0.11177152836352444
0.11200714656923583
0.1121076564981339
0.11207517558313684
0.11201541852257688
0.11194632559578496
0.1118481891700751
0.11177587787467416
0.1116836943178419
0.11159280458343093
0.11148793131562526
0.11140577076575582
0.11132066139056744
0.11123165584029697
0.11113051741917075
0.11104926027129791
0.11095166109778726
0.11085236871242905
0.11075275466877361
0.11065916322826515
0.11057496184401049
0.11049277350639602
0.11047529119443085
0.11056418064463233
0.11101789799268794
0.11148658629284751
0.11172376943957693
0.11180357205472811
0.11172602283443926
0.11162862689745703
0.11153977064784813
0.11144235758456959
0.1113449961013522
0.11124927208778697
0.11115462778856772
0.1110696471032336
0.1109829738215211
0.1108862048072486
0.11078817227177264
0.11069281350216316
0.11060159317222065
0.11050398417837413
0.11041435808144497
0.11031976290000409
0.11022156477911568
0.11013303117237903
0.11005316228360906
0.10997462129643013
0.10993579867494713
0.1100976906093461
0.11040454614566372
0.11058289932776134
0.11098341614696022
0.11146841985153651
0.11176708372468985
0.11193727964891212
0.1120961031326977
0.11230825453827714
0.11255057683321805
0.1126277235253823
0.11254436009100224
0.11246187583528415
0.11238542584136088
0.11230541331126981
0.11223977409170988
0.11219069448403954
0.11211943109719039
0.11204360218995019
0.1119535531993008
0.1118714947007493
0.11180579350470247
0.1117245299016097
0.11163516198626051
0.11154819166756545
0.11146569858245475
0.11137066203584699
0.11127198437363937
0.11117485432371907
0.111078333554621
0.11097329868417688
0.11086810096460059
0.11076335360664531
0.11066767791246883
0.11056668930393912
0.1104630884040111
0.11035808461372253
0.11026932123896395
0.11016649935549776
0.11011761871672247
0.1101191152588179
0.11012099901089797
0.11012190873581333
0.11012233145153161
0.11012551377534788
0.110127722074584
0.11012954311352308
0.11013055249029532
0.110132273719447
0.1101343195685048
0.11013425519443702
0.11013548938988382
0.11013623660638705
0.11013649685556642
0.11013659478341774
0.1101371576668369
0.11013644061393447
0.11021445206633607
0.11041445481613268
0.11048813951875917
0.11043352657982844
0.11036831225969411
0.11030088589530576
0.1102304828567946
0.11016150839797781
0.1100925405415967
0.11001560879102841
0.10994963140323101
0.10990432480362008
0.10985325015130537
0.10980015646021112
0.10976710251109507
0.10977555136276827
0.10985230474912007
0.11004197826891601
0.11028471141947244
0.11036850177853756
0.11027972456169893
0.11019710462681953
0.11010050990184034
0.11002634435920891
0.10993874131944534
0.10985356597812815
0.10975956334821048
0.10967047584909219
0.10958539073301078
0.1094980205976475
0.10941687776583169
0.1093352955888028
0.10925172351951531
0.10916000496276802
0.10906325383165451
0.10898863216392596
0.10890757571902077
0.10884948041224213
0.10879885552781476
0.1087514911091378
0.10870680509851723
0.1086746157164541
0.1087115687346991
0.10910235663686653
0.1095704481665563
0.10980383983696725
0.10992051377072337
0.10994192685799971
0.11017833216763002
0.11050856339204283
0.11070552966601453
0.1110184975851874
0.1113855712451763
0.11156914282234545
0.1117392407818556
0.11191202099787341
0.11201825107376234
0.11207941348784144
0.11220538007779644
0.11235492949511809
0.11241576388403995
0.11237098913984758
0.11231088272153085
0.11225753762362461
0.11219145871401416
0.11213534610998299
0.11206193259464811
0.11200648379861401
0.11193572684884986
0.11187477199322322
0.11181367828777786
0.11174564703552978
0.11168146884867505
0.11161672937589362
0.11156845837412464
0.11154443812390583
0.11152917629271863
0.11155812494338405
0.11179112663952077
0.11210882813819684
0.11228372629439715
0.11252257034683724
0.1128191983961371
0.11296575769075745
0.11301719955757272
0.11309393384614932
0.11319252827929684
0.11334571065499031
0.11348356321394333
0.11361078184471307
0.11367250863556773
0.11367159060647392
0.11363828211557925
0.11355868869476003
0.11347385121710328
0.11339571113952371
0.11332133049229699
0.11324336463001096
0.1131656158254821
0.11308492589142449
0.11300609380315565
0.11292417919807791
0.11283038366008388
0.11273268663032095
0.11264411857781344
0.11256488002951734
0.11248372279298952
0.11241468173028443
0.11233395510841579
0.11224689089691423
0.11216727301561515
0.11208292576007413
0.11202382363533579
0.11196722693811934
0.11196592552543796
0.11200611359571219
0.11230190223585995
0.11268027821594116
0.11284915294824212
0.11287540800966836
0.11293031021016936
0.11299622885861997
0.11307903015814796
0.11312609302475315
0.11316862463180996
0.11321860803396379
0.11327860547320234
0.11336926239976576
0.11349632045059214
0.11363970176793681
0.11375153310370115
0.11387400116409098
0.11394836781001705
0.11400835551452386
0.11404807647962104
0.11409334367900278
0.11414542853399118
0.11426118364735816
0.1143961199560515
0.11445486413278488
0.11439682434235858
0.11434251929450424
0.11426830599990319
0.11420719149306352
0.11412757056065868
0.11404614833169932
0.11397130951056651
0.11389299432769374
0.11381826039616964
0.11374219340918341
0.11367263444009522
0.11358674512114876
0.11351346906323695
0.11343533559588083
0.11336154246801868
0.11328970284376039
0.11322525881539462
0.11314397883986217
0.11307237233607478
0.11299880005733569
0.11293801507089615
0.11286736873279501
0.1127946127546478
0.11272707556867093
0.11266184309110272
0.11259837202765766
0.11251987908764852
0.11245625778511122
0.11239715528345573
0.11233373223373609
0.11227778670773973
0.1123181321620583
0.11249191734127005
0.11255862949365547
0.11248033011543475
0.11239733349512135
0.11231072217085679
0.11223637115171348
0.11215678661910695
0.11207994545919406
0.11199463591044055
0.11191586714044548
0.11183868795963285
0.11176282943662455
0.11167906207556975
0.11160131038314627
0.11151452671661563
0.11143137690036585
0.11134266932793234
0.11126800673952844
0.11118880050646768
0.11110388820878975
0.11102733366839374
0.11095384069445641
0.11087891192648941
0.11083084714088762
0.11090808706893937
0.111102434982602
0.11125188186175157
0.11150795438085355
0.11182385633486588
0.1119854706383956
0.11210627699998199
0.11225383671339063
0.11239601851587351
0.11247428804431676
0.11254179857748747
0.1126086301465025
0.112670606670326
0.11270617675546951
0.11270624898702718
0.1127271038690859
0.11279580604039184
0.11290218682064815
0.11301121499695627
0.1131117401760943
0.11315068419634243
0.1131193024851797
0.11307067344577205
0.11300062908790032
0.11292267999850614
0.11284433226670355
0.11277398207803738
0.11270111612340006
0.11262097522831373
0.1125485121775288
0.11246786405665578
0.11240240359269092
0.11233548713198965
0.11226135268476196
0.11218174359152454
0.11210340747250341
0.11202485397959178
0.11194603128264038
0.11186650669492357
0.11178888797368725
0.11171165878167927
0.11163578178819107
0.1115531508090423
0.1114794073207403
0.11142245202633344
0.11137032608907717
0.11130989221673565
0.11125581164529025
0.11121816199893729
0.11117186682673146
0.11112337587132953
0.1110844451866074
0.11118431337312568
0.11154262604178296
0.11189603738493843
0.11208598513301948
0.1121895063599784
0.11225631689978587
0.11235343034040271
0.1124703417740399
0.11251800606837095
0.11245813131964391
0.11238830598772019
0.11232614639453664
0.11225827295727639
0.11218716613201529
0.11210994003899125
0.11203728508022645
0.11197288288425032
0.1119112480547255
0.11185177969949617
0.11179055054240168
0.1117286019927654
0.11167086082324082
0.11160674408947442
0.11153553295178747
0.11147010231360238
0.11141140059535544
0.11135860609594243
0.11130440963127942
0.11125465905998762
0.11119911240937164
0.11114560835012093
0.11106975785179425
0.1110032892011998
0.11093819059110734
0.11088720944893757
0.11084143387396539
0.11080182434609857
0.11081510519161973
0.1110801221002427
0.11140791556595586
0.11158865524554062
0.11167407689830307
0.11169956367526064
0.11174308042255862
0.11180342483706562
0.11186799646138898
0.11190610771826696
0.11198134517253165
0.11206884841814196
0.11217295300690197
0.1122668853142407
0.11230898695089035
0.11227629923512211
0.11224546979995313
0.11220123722561035
0.11214898765288468
0.11208543716233964
0.11202368843637649
0.1119653775474493
0.11190420824620805
0.111837423083289
0.1117681957057153
0.11170274455636858
0.11164502750357973
0.11158995823190217
0.11153945793073855
0.11153304656045582
0.11172333246182488
0.11200310238501218
0.11214599099766316
0.11226694682540986
0.1123948762707997
0.1124824065342224
0.11249533126572975
0.11257556223509525
0.1127295062967362
0.11284239323870002
0.1128868261496889
0.11292992751759189
0.11298621500139466
0.11307702911352711
0.11318102115313032
0.1132050845782633
0.11314762926733425
0.11308022146767086
0.11301483106324908
0.11295463640203442
0.11289308223971381
0.11282281511192857
0.11275167055207877
0.11268586360865752
0.11262766229762627
0.11256600119352846
0.11250353203551704
0.11243360705793096
0.11237291670602965
0.11231601144258956
0.11225753281037433
0.11220030091505985
0.11215004110435517
0.11212653081251919
0.11218188524822445
0.11222734113395615
0.1122876225801121
0.11240088503611553
0.11255783563085799
0.11261970444632025
0.11256349819439565
0.11250771050683842
0.11245455883929102
0.11239280551941358
0.11232696682715572
0.11227478638378766
0.1122301686065289
0.112212485407779
0.11225818517036464
0.1123017243636855
0.11235125476409778
0.11237613750127118
0.11237711169519063
0.11240782334962164
0.11247887520209972
0.11253450381673123
0.11258139271940514
0.11264139896769322
0.11268703364469863
0.11269768273250913
0.11264379702550179
0.11258511046227476
0.11252405874640904
0.11245431773885582
0.11239225935525948
0.112334624410396
0.11227516490706954
0.11222963351492789
0.1121880784280377
0.11215255244459303
0.11211363672839465
0.11210156870094626
0.1121575509157137
0.11230248079313357
0.11246636204041774
0.11253618546879551
0.1125545908277044
0.11259624556936944
0.11263599003865435
0.11264199982770973
0.11265249155377535
0.11265878136459807
0.11267458067672093
0.11269514256684529
0.11269093248227302
0.1126686119407786
0.1126464836212488
0.1126424895346866
0.11277590325170979
0.11299645827558416
0.11310456708769207
0.1131188758838761
0.11309472977161765
0.1130581867453187
0.11300262244908978
0.11293985277711151
0.11287258717175422
0.11281970756874146
0.11275435439661555
0.11268849790143082
0.11261663292714268
0.1125484260603347
0.11248261277120665
0.11241032915214812
0.11234480381472844
0.11228363745912048
0.11222233399545753
0.1121553258963044
0.11208759370478706
0.11201722622631993
0.11194570692076491
0.1118791490498382
0.11181681974300023
0.11176709137025895
0.11175357131808811
0.11195844487489592
0.11224612378791989
0.1123899940668703
0.1124790180731769
0.11252268701334757
0.1125387628167533
0.11251106255847554
0.11247165554859834
0.11241685686044402
0.11235758973419964
0.1122963209816711
0.11223287421378302
0.11216641683179891
0.11209869285247348
0.11203387492454656
0.11197157832934485
0.11190299906872626
0.11183315157161466
0.11177355218575487
0.11171422052818282
0.1116482824639724
0.11158168763148452
0.11151986326719283
0.11145697859466218
0.11140981720705695
0.1114043874282634
0.11151315470033558
0.11165216509850767
0.11175551234485843
0.11174905549110185
0.11168799681411168
0.11163741989099535
0.11159593598473805
0.1115507974786641
0.1115190293395656
0.11148695421901224
0.11146299224755798
0.11142524316200979
0.11139936377812393
0.11140905265710994
0.11141795756699759
0.1114018891745081
0.11149931301941479
0.11161807193141794
0.11170979961018287
0.11173201948294832
0.11176140447243021
0.11174546188223317
0.11169350430037688
0.11163798334098013
0.11157804478847697
0.11151692762037868
0.11145359548992916
0.11138941963580982
0.11132253169651118
0.11125591920972912
0.1111959948639713
0.11113903385257631
0.11108439033779322
0.11102873606529849
0.1109915552542673
0.11100437513653016
0.11108683947775337
0.11110835286915278
0.11105769933795226
0.11099541538722393
0.11093417294602669
0.11086966923459173
0.11080482045341253
0.11074142177618987
0.11068814522440072
0.11063911660856461
0.11061344724758058
0.1106119625733999
0.11064161266024339
0.11067136403226682
0.11067590427462815
0.11063028795696503
0.11058207850219011
0.11053722050494721
0.1104846779031195
0.11043440365046361
0.11039855370426672
0.11038921564497448
0.11041799794239279
0.11040758134882651
0.11034883207691507
0.11029737940178441
0.11024612823585275
0.11019634671098971
0.11015339278582705
0.11012509938376122
0.11013298064765256
0.11015407200124157
0.11017549310074598
0.11017673321389838
0.1101169753321595
0.11005790653889377
0.10999679681629235
0.1099440844120402
0.10988673798227383
0.10983460911352512
0.10978355679072167
0.1097256713912615
0.10966933637563406
0.10961378768109481
0.10955281105402004
0.10949859002955299
0.1094420441838565
0.10939310013322269
0.10937197046135741
0.10939415499766116
0.10964132333195988
0.10990150812935634
0.11002988079675635
0.11009217546178247
0.11006124493817074
0.11001799727089433
0.10996991961010552
0.10992441157397217
0.1098775256706202
0.10983309707834849
0.10978698079443973
0.10973947075236762
0.10969213653975139
0.10963796748526244
0.1095871931799639
0.10953445076893767
0.10949047661038902
0.10944924344271925
0.10941876397861569
0.10939104055224172
0.1094110491354491
0.10951950615940458
0.10967058312675589
0.10976154191086426
0.10976983193014414
0.10971614596122531
0.10966283222613683
0.1096107440625756
0.10955163724054852
0.10949987081832889
0.10946028757884176
0.10943388669218543
0.10942640385645662
0.10941339728958335
0.10943356248998207
0.10958548024835675
0.10976840716480697
0.10987905457654247
0.10989822632050436
0.10991069721049436
0.10995399878089307
0.10997469285778465
0.10994177285763815
0.10991120501152779
0.10989629179389182
0.10998576288047329
0.11014093334466056
0.11024643884333324
0.11026257376847699
0.11027199391358564
0.11025037341458685
0.11021509393197736
0.1101765394409922
0.11013514782040075
0.11008809467589643
0.11004006634330246
0.10999785959710828
0.10995109558548695
0.10991279726828018
0.10987032555105165
0.10982886403823164
0.10978930840674393
0.1097582505347773
0.10974953490774438
0.10991429608463221
0.11017102034291883
0.110304870905226
0.11040526418669351
0.11053511605010445
0.11057574667265871
0.11053082656688093
0.11048086016786865
0.11043342162674501
0.1103910521357458
0.11033847169578279
0.1102892765919714
0.1102483283230502
0.1102080208392004
0.11016473368981293
0.11012355069818869
0.1100846082959228
0.11003865195395837
0.11000524665511248
0.1099690998602187
0.1099363017524738
0.1098969219381351
0.1098550724310712
0.109808551340866
0.10975519916711798
0.109710422678603
0.10966355962101604
0.1096200398622695
0.10957204468625245
0.10952991593606422
0.10948510169106408
0.1094362061607007
0.1093833490303661
0.10933280850860548
0.1092860464430146
0.10925913372172293
0.10933023433753188
0.10961125269988575
0.10988867365595982
0.1100335395136139
0.11015858583826432
0.11029822517128164
0.11034808092457002
0.11029868042551019
0.11024886380165166
0.11020254872180431
0.11014960510585707
0.11009348682248599
0.11003718852466973
0.1099824359166059
0.10993181870024718
0.10988199886716679
0.1098266745564139
0.10977320313438502
0.10971868632357783
0.10966299062151733
0.10960256058330699
0.10954460119209816
0.10948674294590026
0.10942683080187679
0.10936742618086788
0.10931270873068369
0.10925817372391064
0.10920574656520714
0.10915329416387415
0.10909486962338859
0.10903680660448171
0.10898055748307334
0.10892356082035552
0.10887394715181113
0.10885627218289069
0.10889748984317217
0.10895609780461553
0.10898693636405873
0.10905251125024495
0.10913413702305669
0.10915941933850404
0.10910123152214318
0.10904263714861788
0.10899398043668608
0.10895541215444028
0.10892016782198884
0.10890961464895464
0.10897035886437935
0.10909502151949857
0.10915468737136826
0.10912751307378538
0.10913318600354278
0.10914572084705326
0.10919905084498387
0.10921342342514431
0.10919200875682074
0.10917299700597567
0.10918863408733553
0.10918967973697441
0.10921708738368527
0.10922420990554771
0.10923278249482078
0.10929940252389976
0.10941565911171285
0.10947120337784444
0.10942490539517984
0.10938497673072396
0.10933317078953114
0.10928042163753598
0.10922884331816585
0.10917718495445007
0.10912445832734319
0.10907271198297559
0.10902159793307405
0.10897181459185387
0.1089267673505511
0.10888211381787129
0.10883175980651712
0.10877731441265358
0.10872654250025403
0.10867826687642773
0.10862394306619928
0.10857611548482829
0.10852726680983991
0.10847327295040154
0.108421024467537
0.10838005680661489
0.10835832449710632
0.10841178974851777
0.10862036684461511
0.10883981948046254
0.10894932650033355
0.10903615086051158
0.10911278821587428
0.10920139871345312
0.1092593892900609
0.10933166923174382
0.10939915897228007
0.10945170674938433
0.10947535941818975
0.10957287108615761
0.10970678246191545
0.10975280138098009
0.10971249062642112
0.10966779374328464
0.10961595181839652
0.10957200606390552
0.10952090622123166
0.1094680020936777
0.10941200042066046
0.10936198028277166
0.10931336397829806
0.109268543180251
0.10921453096798911
0.10916303290097265
0.10911733606818284
0.10906393545835952
0.10901904688452917
0.10896558374136904
0.10891321347682888
0.1088598345474996
0.1088149749030188
0.10876470544808495
0.10871806514325671
0.10867217853858678
0.1086271465082993
0.10857720980037022
0.10853086295299685
0.10848253390744779
0.10843599343953168
0.1083888631022316
0.10835225260400289
0.10832110995547756
0.10829435782628967
0.10827805464704211
0.10831212873314115
0.10850343238583712
0.10871111620951981
0.10884302087216582
0.10891232749013449
0.10891770141184237
0.1089123275831739
0.10888874128633598
0.10886079768385051
0.1088176948616972
0.10876594382298232
0.10871215030982544
0.10866324703592098
0.10861541648277871
0.10856821516088781
0.10851653023512163
0.10846732906316343
0.10841987019495775
0.10837086892328411
0.10831956836718609
0.1082758719950691
0.10823444188578935
0.10820071615652102
0.10815593204496068
0.10811311138144991
0.10806698444125425
0.10801797831639691
0.10796280353168884
0.10790721560110407
0.10785665159543924
0.10780958485259509
0.1077644106240623
0.1077128187729768
0.1076631807246551
0.10762391428246858
0.10758946603636935
0.10762235280690577
0.10773392733670414
0.10779016214536676
0.10778665582911869
0.10784094175223391
0.1080468127535466
0.10827465637695421
0.10839897757140218
0.1084458783437286
0.10844736924079053
0.1084327566021546
0.10839993635666939
0.10836040949165607
0.10831000679735957
0.1082584318056995
0.10821237658386511
0.10817621598921076
0.10813225988721974
0.10808891840386935
0.10804038470071527
0.10800036714513868
0.10795146068204312
0.10791532040545404
0.10786639364963369
0.10781863596301172
0.10777168054790551
0.1077296785708472
0.10768786300477019
0.10765354975211723
0.10761838048976902
0.10760410633005088
0.10767455094263707
0.10781162479106038
0.10790382713713013
0.10798562736594335
0.1081001173280567
0.10815512914746171
0.10817952295555011
0.1082276910153
0.10829925748804291
0.10839358606991589
0.10842545004379918
0.10838316173609566
0.10834190943076236
0.10829849436269308
0.10826322379067
0.10822931874334045
0.10819728456965419
0.10815868304229548
0.10811658925000035
0.10807401463699835
0.10803689002121153
0.10799132960793055
0.10795396809650741
0.10790695657446252
0.1078638032376543
0.1078202792872453
0.10777539920137232
0.10773517811774155
0.10769472275016495
0.10765078015351442
0.10760405604940156
0.10755405703929914
0.1075092917200381
0.1074621991916532
0.10741570030381481
0.10736805327378164
0.10732491316819624
0.10727512612631383
0.10722492859748997
0.10716995621450515
0.10711558619547762
0.10706091158799118
0.10700635664891867
0.1069513959386868
0.10689594823915022
0.10684063479904687
0.1067903828720677
0.10675321200391596
0.10682385775035193
0.10703921034766155
0.10727587324730098
0.10749939709167118
0.10772782265576245
0.10792800504434462
0.10814133939287425
0.10824129442192852
0.10824918815435822
0.10826600364656039
0.10825566429460949
0.10825337814646467
0.10822425953639164
0.10819997907142956
0.10816007274369661
0.10813375587038705
0.10809442366303319
0.10805952737396873
0.10802377098528576
0.1079981602293548
0.107968694062732
0.10794911904974867
0.10791066655729696
0.10787156858128873
0.10782567439578081
0.1077962227871972
0.10776742644701459
0.10774377190531788
0.10773230175388752
0.10771836172892081
0.10772865463731132
0.10777505736331992
0.10786448251484014
0.10797151061592727
0.10800785227574249
0.1079664877984507
0.10792705980965359
0.10788535035400422
0.10784956477005252
0.10780318532498115
0.10775928574545039
0.1077118152777605
0.10767233290989482
0.10762554431601945
0.10758168647238872
0.10753835144300819
0.10750208265890836
0.10746280325065644
0.10742241994687696
0.10737999309251929
0.10734067966171344
0.10729867316724002
0.10725605685496642
0.10721443784495817
0.10717723344239533
0.10714115820857856
0.10711751985821855
0.10712342033204317
0.10722736752252261
0.10738922846862355
0.10749139566452554
0.10757536848765675
0.10766593569356801
0.10780147860913158
0.10793663950945676
0.10798843193217023
0.10796453538101339
0.1079335731158307
0.10789768017098482
0.10785899999681173
0.10782275414321932
0.10778622875305216
0.1077521155117911
0.10771733393720127
0.10768582572113043
0.10764502247855944
0.10760228620464322
0.10755935879103462
0.10752852964130438
0.10749334653047357
0.10747972949268267
0.10749057964186252
0.10755090735462149
0.10763156208941682
0.10773055266272227
0.10783288800536377
0.10791930708203852
0.10795811677995144
0.10796720422842311
0.1079789568744611
0.1079915436445693
0.10801893382576458
0.10807155599185894
0.1081320189106068
0.10819409114786177
0.10822201502168438
0.10821575691947379
0.10820398504243034
0.10817163999168394
0.1081387548342085
0.1081067455883976
0.10806878731341424
0.10803301436850947
0.10799701872680122
0.10796132493304988
0.10792590406092377
0.10788712213836436
0.10785280825281733
0.10781965968236087
0.10778097565319636
0.1077401233461922
0.10770371609090844
0.10766441540158504
0.10762267629776269
0.10758441280151383
0.1075449116547747
0.10750936776120534
0.10746978673145527
0.10743516415880185
0.1073983634566806
0.10735654136249431
0.10731825155982395
0.10728578218117366
0.1072547846370546
0.10724128218153789
0.10728521792491162
0.10739477449688753
0.10743829352362552
0.1074096744432457
0.10737575774817064
0.10733626514779622
0.10729782216867198
0.10727036775371268
0.10724433794158664
0.10725070372118674
0.10732529991732093
0.10747625010955301
0.10764278690298384
0.10774506134204104
0.10785669921130145
0.10801584328404311
0.10808604321703588
0.10808327074966233
0.10808235175714635
0.10808173451553871
0.10808658647260745
0.10808392802781129
0.10807928224265415
0.10807118658239585
0.10805798112806299
0.10804095827073525
0.1080099184550425
0.10797366147164894
0.10793236996573112
0.10789566499897164
0.10785256769616965
0.10781482058959736
0.10777350134012346
0.10773316599748706
0.10769637161264296
0.10765775956735252
0.10761292978683878
0.10757263672835672
0.10752878106056724
0.10748735143453425
0.10743938957208017
0.10740112548080015
0.10735687178834188
0.10731905735033531
0.10727668564533159
0.1072331454594045
0.10719257537625348
0.10715659414745202
0.10711848561420989
0.10707773018807258
0.1070391243629065
0.10700095318235905
0.10696664143465903
0.10692952309448077
0.1068947915670145
0.106916850924555
0.10703086571792705
0.10708201870032232
0.1070496953272499
0.10702591738847256
0.10703237321830243
0.1071794633756546
0.10739920732392776
0.10752870818108357
0.1077121103899603
0.10792430958413217
0.10803231017432892
0.10819388299437503
0.10838114817472423
0.10844781555531177
0.10842927212610194
0.10838874020701968
0.10834888294431434
0.10830707446161722
0.10825989668416176
0.10821390374210185
0.10816900224346575
0.10812480186117303
0.1080843948348937
0.10804274609583764
0.10800163181744785
0.10795791963626973
0.10791710559339389
0.10787541186141318
0.1078345129423302
0.10778849685284898
0.10774351220030758
0.10770194452128505
0.10766648567349035
0.10762732356725681
0.10758702552038497
0.10754507252969965
0.10750146167517559
0.10745482612884995
0.1074096140848665
0.10736675325580147
0.10732340295698516
0.10728168009355542
0.10724209238446225
0.10720652012444731
0.10717397113910714
0.10714296138362402
0.10710438168122198
0.10706471356739322
0.10702785121749607
0.10699313273284843
0.10695555230739597
0.10692267631295702
0.10689227963497613
0.10685872808091247
0.10683026379736751
0.10680315312371227
0.10677899105648471
0.10682290606793596
0.10693558414415072
0.10699090806322765
0.10704214256065664
0.10716558467083853
0.10721940366884068
0.10718609086025127
0.10715091921324674
0.10711561154390602
0.10707650813640683
0.10705016468586606
0.1070499641476255
0.10715673443765722
0.10732888617471951
0.10743089177622409
0.10753892223349669
0.10768439072629983
0.10774995383586916
0.1077380425977187
0.10771447349560301
0.10768064539397366
0.10764226880532768
0.10760393084913451
0.10756460804816477
0.10752262525943566
0.10748389825588499
0.10744189728446178
0.10740270293742081
0.10736060557875335
0.10732307210536185
0.10728000318346266
0.10723935749738253
0.10719724255004268
0.10716201213675447
0.1071200907176393
0.10707926071668519
0.1070382631234861
0.10699686793787663
0.1069548187724159
0.10692301975113377
0.1069060260966892
0.10692672999634488
0.10709841565064826
0.10729960460446554
0.10738989978171103
0.10742713056033003
0.10740288475152883
0.10737726354835868
0.10734532879642132
0.10731747516338855
0.10728353663509116
0.10724595071273153
0.10720572147915962
0.10716638297954714
0.10713054326413955
0.1070959457266244
0.1070567895655331
0.10701901965797306
0.10697978634471668
0.10694039809517884
0.10690160771157219
0.10686031300820074
0.10682191840013612
0.10678831169176782
0.10676174918003907
0.10675198743640336
0.10678786286014637
0.10694617925934494
0.1071443828988222
0.1072596575526084
0.10733947791972717
0.10741419954656574
0.10748250366866298
0.10753092751701993
0.10759472626959278
0.10764951728043962
0.10769025725593914
0.10771187421348538
0.1077159739719444
0.10769887682381916
0.10767604257695591
0.10764781256718825
0.10761382874717097
0.10757650737554593
0.10754179939234133
0.10750626006717531
0.10747130899037514
0.10743571330444643
0.10739756003493527
0.10736124500631185
0.10732760639087924
0.10729168221325808
0.10725623365923337
0.10721997218977783
0.10718594760944662
0.10715704701837564
0.10712975579855788
0.10711427770773542
0.10711149805301358
0.10716723113986625
0.107308673824249
0.10746513774771146
0.10754467883137402
0.10761697255918869
0.1077099576453604
0.107744125841049
0.10771499142807864
0.10768481325923229
0.10765046483919223
0.10761874720443419
0.10758161076636853
0.10754301558963304
0.10750872904053733
0.10747653046709663
0.10744075474940777
0.10740239822724511
0.10736573322386735
0.10734046127690011
0.10730744694885692
0.10728411007956504
0.10726144456121627
0.107258485841714
0.10729933965068258
0.10747039985464088
0.1076471751153184
0.10773759830472442
0.10774595735326528
0.10772937520831703
0.10770484940246094
0.10767594602735647
0.10764772360843033
0.10762032844037284
0.10758743379993067
0.10755592246695309
0.10752610477862584
0.1074952648947293
0.1074638717915769
0.10743527128243296
0.10741058972558842
0.10738363710275947
0.1073483896001857
0.10731257145068071
0.10728430239770827
0.10725285116627471
0.10722349683631446
0.10719359832445825
0.10716874458339788
0.10714180710005379
0.10711027993917954
0.10707877969316414
0.10704789337872138
0.10702156968887726
0.10699579421616662
0.10699904288318775
0.10705195863270342
0.10718423639014192
0.1073193868824401
0.10741824945820845
0.10758040381140631
0.1077555665354152
0.10783985647109777
0.10790022291186263
0.10793930885182086
0.10796251604013561
0.10796420415070547
0.10795632750820214
0.10793159742995734
0.10789881376735945
0.10786494460723818
0.1078265051350683
0.10779496970060304
0.10776153172120059
0.10772306246635983
0.10768808826805806
0.1076555165662198
0.10761836363583456
0.10758480934130099
0.10755031087279035
0.10751652551547805
0.10748189038289567
0.10745011956251613
0.10741485614361823
0.10738089955880514
0.10734239058605428
0.10730446249745183
0.10727108280947964
0.10723424799341236
0.10720102039397389
0.107160289656014
0.10712293047523767
0.10708568794981665
0.10705121859309412
0.10701169015638569
0.10697743821873004
0.10694289600599023
0.1069078998181291
0.10687090937461487
0.10683567900339647
0.10680263291159836
0.10677199137707974
0.10674762365443409
0.10675264494123676
