808
273
231
231
290
341
217
197
227
410
230
208
190
190
254
190
185
184
240
318
185
182
188
178
278
222
245
239
224
344
221
243
221
218
343
179
213
177
173
270
216
188
181
176
292
219
217
245
215
328
176
172
204
191
267
172
173
176
171
348
174
172
174
206
316
172
171
172
174
297
170
209
172
169
350
179
173
170
171
330
177
172
170
170
311
234
171
169
168
317
215
214
214
240
374
168
205
172
171
344
199
170
169
173
320
174
168
192
173
383
171
169
172
169
364
168
178
219
171
338
172
171
168
168
380
171
170
170
215
357
173
172
168
168
367
169
168
169
170
381
173
168
170
170
379
174
168
169
171
371
213
217
213
212
427
170
169
169
169
377
168
167
168
168
392
168
171
168
172
374
170
168
170
170
385
171
168
169
168
388
170
172
170
171
415
171
168
167
172
394
168
169
170
168
355
174
219
169
171
390
170
173
170
170
367
168
169
168
218
387
169
170
169
168
353
167
167
170
171
403
230
167
169
168
384
167
166
168
169
389
168
167
163
170
404
172
170
168
170
383
169
168
167
169
365
206
167
164
170
407
168
168
169
168
361
171
169
170
169
445
172
166
169
166
361
173
168
170
171
421
202
168
166
168
368
170
174
175
174
433
176
171
172
198
329
169
173
168
167
411
173
172
167
168
373
200
166
166
172
419
176
173
169
168
374
167
172
169
200
385
201
198
201
198
400
167
167
169
167
385
202
168
172
168
348
167
170
171
171
377
206
165
198
165
370
199
196
196
197
399
202
167
168
168
403
170
167
169
168
359
197
167
167
167
373
198
165
167
168
353
205
175
169
170
372
197
198
231
198
396
168
205
167
173
374
174
170
166
169
408
170
209
168
169
387
170
169
170
168
370
477
221
183
186
403
167
167
170
172
370
171
209
211
171
382
168
169
170
167
371
184
223
182
185
428
169
167
170
169
368
170
204
175
166
398
215
183
183
187
401
170
192
184
169
379
170
169
171
197
388
167
170
204
169
374
168
166
172
172
410
167
169
201
166
379
167
172
169
167
378
168
200
205
172
391
169
168
170
170
376
168
168
202
196
376
169
168
171
167
374
168
167
207
171
413
169
169
169
167
406
170
173
201
169
374
170
166
201
169
381
172
169
202
171
376
169
172
172
169
424
169
168
210
168
388
170
169
169
168
389
203
169
216
169
378
166
167
168
169
374
182
182
231
216
397
171
173
171
173
387
171
173
210
172
417
171
168
170
166
370
167
167
198
170
365
169
168
170
200
387
184
186
214
185
386
183
188
185
185
439
170
169
657
177
384
167
169
169
169
381
168
204
197
170
380
169
168
170
168
377
170
169
188
170
423
171
168
172
172
371
172
172
195
172
400
205
172
170
170
386
167
185
172
171
393
173
177
170
204
386
171
198
172
173
373
172
170
170
174
424
182
180
174
170
381
168
168
170
172
399
203
663
172
172
405
175
170
174
174
429
175
172
175
169
441
170
169
173
172
452
173
172
172
173
428
174
171
168
168
428
172
170
174
169
401
171
199
174
169
417
179
172
168
171
401
177
174
169
188
439
186
185
187
184
413
169
175
171
192
436
171
171
172
167
393
171
172
172
207
385
171
203
169
171
383
174
172
195
174
386
170
171
170
169
428
170
171
210
169
388
171
171
170
171
392
204
193
201
171
395
170
174
172
170
399
171
215
170
201
392
169
171
169
170
380
221
185
185
185
454
171
174
167
170
403
212
169
171
172
400
202
172
173
168
430
176
172
171
169
403
169
171
169
171
469
190
191
185
185
415
171
170
169
171
461
173
172
170
175
395
171
173
169
171
436
175
206
169
173
402
172
173
173
211
386
172
177
170
173
437
170
171
196
175
400
175
169
171
178
433
171
171
200
169
389
172
172
171
170
400
172
200
210
170
402
170
172
170
171
396
169
214
171
171
429
171
170
170
169
402
197
179
171
172
404
202
171
173
171
428
197
187
188
187
412
170
172
171
206
467
175
173
171
174
399
177
173
174
177
514
177
175
171
172
402
169
169
174
172
432
176
208
172
170
401
174
174
172
202
418
170
177
172
174
440
170
169
174
218
416
174
173
177
178
439
175
178
202
179
412
172
174
175
171
401
176
207
215
176
404
175
177
172
170
412
172
217
174
174
459
178
178
172
175
405
189
217
184
188
1107
171
175
175
170
397
211
174
177
177
433
175
230
173
172
432
193
186
185
192
420
177
175
179
178
497
177
175
177
177
411
177
177
176
174
513
172
175
173
181
392
177
184
176
173
445
179
177
204
176
403
179
172
173
172
444
194
186
190
186
452
173
175
173
204
418
173
169
176
174
438
174
175
177
214
418
172
179
170
178
412
173
173
239
177
401
176
176
175
178
411
174
200
180
176
433
175
177
175
175
410
187
225
192
190
426
210
178
178
183
409
198
174
175
176
411
179
178
178
207
403
221
174
176
174
400
174
172
175
177
466
178
177
178
177
409
190
187
189
185
490
209
172
172
172
413
176
174
179
176
475
178
173
178
205
411
171
174
174
178
451
171
173
172
178
447
179
172
171
204
410
175
171
171
171
415
186
225
219
197
422
173
177
172
173
419
174
173
218
213
408
174
182
180
175
399
174
204
180
175
450
173
176
170
171
419
174
209
171
170
411
178
208
173
174
407
204
176
179
169
406
177
172
183
170
472
179
176
173
174
421
187
192
191
186
525
173
178
175
177
415
171
172
170
174
454
196
221
195
184
433
171
174
175
175
441
173
173
175
171
443
176
172
178
218
410
175
176
175
172
445
189
188
218
204
433
176
175
177
175
407
175
172
244
172
419
173
172
175
176
410
175
212
178
171
449
173
178
178
176
405
213
203
185
187
426
209
176
174
175
411
217
175
173
172
412
176
175
176
209
450
182
179
173
175
414
176
175
172
171
518
173
175
176
173
417
173
171
176
174
443
211
176
175
178
417
175
178
174
203
425
173
177
172
214
409
176
176
196
183
410
175
182
181
177
456
178
203
186
174
398
175
175
174
176
418
176
256
174
181
413
171
171
173
174
416
213
175
174
1103
409
190
192
185
188
475
202
188
194
188
506
173
174
171
171
454
178
177
179
172
415
187
219
185
191
468
188
189
190
188
433
180
173
173
204
450
176
181
176
172
417
174
179
214
175
434
172
179
174
174
422
181
219
178
174
412
190
222
191
187
430
211
177
179
175
420
186
185
193
199
508
194
189
192
186
426
177
178
178
172
506
190
195
193
187
424
188
191
191
211
445
175
206
177
176
412
178
172
178
203
423
176
177
178
177
442
174
179
204
175
412
173
176
176
182
437
191
225
194
189
432
174
180
177
175
419
209
207
178
177
422
179
176
172
172
457
184
176
176
174
440
178
177
176
180
499
173
173
179
176
460
176
179
175
177
452
174
176
181
175
427
179
178
209
209
416
174
176
175
175
422
176
179
203
178
456
176
175
179
181
405
177
218
177
180
450
178
177
174
178
417
200
184
185
174
415
177
179
214
176
441
183
177
176
174
426
175
178
173
178
522
179
175
176
177
411
195
195
197
191
500
175
175
175
174
426
191
196
195
219
426
177
216
177
175
416
175
180
199
180
418
176
180
179
176
456
178
205
181
180
419
179
179
176
179
463
208
190
176
177
434
190
189
195
192
470
189
210
179
180
433
193
193
188
190
507
176
181
179
173
452
178
180
180
175
470
192
194
196
192
476
179
176
179
211
419
178
176
181
174
418
187
224
214
200
429
180
173
180
173
428
183
213
186
211
414
180
181
178
183
415
175
209
178
176
453
176
178
177
176
419
213
186
180
176
420
208
179
180
175
458
183
179
180
180
428
172
177
178
215
483
177
173
179
180
419
189
193
189
215
470
175
175
171
175
411
183
180
175
214
418
212
172
173
177
423
189
190
214
192
441
180
172
206
177
419
179
221
178
174
420
191
190
193
189
475
199
182
177
176
413
177
175
171
175
466
216
175
179
172
422
181
177
178
177
492
189
190
190
225
436
176
177
175
176
451
179
184
175
183
458
177
177
176
202
429
180
180
181
181
423
210
175
210
183
421
179
175
177
179
416
181
214
176
1365
410
180
178
180
177
413
206
183
176
174
497
179
175
177
181
460
199
191
195
188
432
212
179
180
180
495
179
179
184
177
424
182
186
178
235
437
175
181
175
174
415
179
178
197
185
434
180
178
174
181
412
179
184
208
174
428
206
175
177
174
410
174
225
176
180
432
177
176
203
173
428
209
177
182
176
417
183
179
189
176
496
179
175
180
173
416
174
176
177
181
498
180
176
177
178
419
180
180
180
216
425
194
199
229
191
444
178
179
213
186
427
182
180
178
181
460
180
213
188
179
423
184
181
180
177
459
221
184
178
178
415
176
182
184
180
495
233
179
182
180
424
200
197
198
195
508
178
187
212
182
417
178
179
180
203
431
188
177
180
179
463
195
195
229
195
447
184
178
179
182
458
176
209
184
182
433
178
174
182
182
470
216
215
180
183
414
195
194
197
198
501
185
176
187
213
420
179
184
180
182
487
185
184
185
177
466
186
181
182
208
428
185
180
181
180
467
183
180
206
183
418
179
182
180
183
424
181
250
190
183
435
184
179
180
180
422
844
188
179
218
424
185
178
182
181
485
184
180
182
184
465
179
185
185
193
425
180
177
181
183
429
213
177
201
191
429
186
180
183
179
432
184
217
226
181
428
180
184
184
178
440
194
181
180
183
466
180
180
181
181
484
194
200
196
197
485
197
200
198
221
434
184
177
177
185
424
229
198
222
197
437
182
186
181
184
436
201
199
216
181
428
178
179
181
178
460
188
188
179
185
453
180
185
182
185
480
180
178
187
178
463
179
182
203
192
429
183
181
184
180
429
184
242
205
179
429
179
179
184
182
426
227
183
179
214
473
182
185
179
183
491
196
195
198
195
482
183
180
179
224
434
187
184
182
184
459
194
227
211
195
448
185
179
179
178
454
212
228
191
195
432
177
176
179
183
502
197
199
196
227
434
193
193
212
203
441
180
178
184
179
473
178
205
190
178
425
194
204
194
197
478
224
183
179
177
436
194
194
196
194
485
199
192
195
232
439
178
178
202
192
429
192
196
195
197
475
181
207
182
176
427
183
179
182
179
461
226
179
183
179
424
179
183
178
181
503
182
177
216
180
418
197
198
219
207
440
180
180
185
179
459
181
208
181
181
427
182
185
185
186
481
191
189
184
181
428
187
181
184
183
503
192
213
182
182
430
184
178
187
201
427
183
181
182
216
429
183
204
189
185
435
182
182
178
181
1940
238
197
200
199
453
185
187
183
184
515
299
197
199
199
460
185
189
184
205
436
183
185
216
178
434
184
186
221
188
431
184
186
182
183
469
211
198
184
180
430
188
182
186
182
535
183
181
180
180
427
181
179
180
208
444
211
182
182
184
435
182
185
209
189
431
184
179
213
179
424
207
198
182
179
429
185
183
183
180
536
182
178
180
179
449
185
180
184
201
482
186
180
180
187
438
202
222
210
201
443
212
183
181
182
436
219
192
183
183
434
181
183
213
182
493
181
187
182
182
432
181
185
180
210
466
181
182
181
182
431
179
196
195
185
461
180
187
180
184
435
232
187
185
178
428
184
215
185
186
511
191
183
187
183
440
180
182
187
236
446
177
175
176
178
425
175
192
192
180
464
173
177
175
172
427
193
183
174
175
426
173
209
173
176
505
179
173
174
175
424
173
178
174
192
461
173
175
171
175
428
177
190
188
176
456
172
175
173
175
434
197
184
174
170
422
175
171
176
202
503
181
176
171
171
435
183
177
175
190
469
167
175
174
176
429
178
178
206
182
432
176
174
210
171
419
192
191
178
177
432
177
182
174
171
516
193
173
176
176
451
179
183
184
183
496
215
185
179
185
430
180
179
192
192
423
183
183
183
214
431
187
206
194
182
436
183
183
185
179
490
195
186
181
185
428
182
179
194
184
502
220
182
182
181
426
179
180
182
213
440
179
184
211
179
435
188
186
215
189
441
182
182
183
180
465
207
189
180
181
440
196
194
196
196
551
195
185
181
181
434
179
183
182
198
466
182
179
218
180
436
185
183
203
187
436
181
185
182
182
475
184
207
185
181
433
182
179
183
184
497
204
199
200
196
449
185
180
185
179
508
197
197
228
194
442
183
182
183
208
438
194
199
196
199
484
183
184
214
189
444
182
184
182
182
473
202
206
189
182
436
184
184
181
178
501
188
186
217
184
428
185
187
186
200
470
188
184
185
185
469
187
180
215
194
438
179
182
182
181
472
188
221
198
184
433
200
197
195
196
495
189
181
211
188
433
182
182
182
185
507
188
185
181
183
472
185
186
202
193
433
189
190
186
184
467
189
210
199
185
445
183
183
185
184
466
202
218
188
185
440
185
185
187
185
497
192
186
188
218
449
200
197
216
208
456
183
185
192
184
476
184
203
191
186
442
183
186
187
186
454
225
188
185
184
437
179
186
189
182
476
190
192
215
182
431
182
186
184
219
440
190
184
184
186
458
182
203
203
185
434
181
184
186
186
436
258
204
188
186
434
182
182
184
184
518
193
185
212
183
445
199
206
201
224
460
183
190
187
186
2300
186
207
202
188
439
184
186
186
189
570
219
196
184
185
443
183
186
185
189
525
213
186
184
185
443
183
186
185
215
445
185
189
186
213
436
183
202
194
188
440
188
182
191
186
468
222
214
202
204
459
205
201
196
203
571
187
185
188
186
443
192
205
199
226
470
185
209
183
189
437
187
207
193
188
436
185
189
184
207
430
215
202
187
188
445
191
183
183
184
551
192
182
189
181
437
188
183
190
207
481
190
187
184
184
444
186
212
200
187
440
187
219
189
184
470
208
200
198
198
457
182
188
181
217
517
184
184
187
177
448
185
194
200
193
477
186
184
186
194
437
189
227
190
183
470
178
182
187
185
478
193
191
186
187
444
184
219
187
186
528
185
187
188
185
438
185
188
251
198
449
193
187
187
187
442
203
190
197
186
484
186
186
184
187
515
198
185
185
191
469
186
184
188
205
465
188
184
187
190
478
190
205
198
199
442
183
181
185
185
438
245
199
187
183
443
188
189
184
185
518
191
181
218
185
445
189
183
188
214
446
181
188
186
183
476
185
212
200
187
445
183
190
187
187
506
201
186
185
185
443
185
187
189
187
567
183
183
184
187
442
181
188
216
207
445
221
190
184
187
450
220
221
205
207
449
201
207
241
200
510
225
204
206
203
459
186
182
187
242
474
203
200
209
204
459
188
192
207
199
479
184
189
191
182
440
223
205
187
187
477
186
185
188
187
522
192
189
184
184
443
220
187
188
210
456
199
203
203
203
455
185
218
238
184
441
187
185
182
184
473
200
185
186
223
435
191
189
186
187
531
189
184
186
193
480
200
203
231
205
461
183
189
185
186
485
208
203
188
185
432
184
189
190
187
515
231
186
187
182
441
189
187
187
215
464
205
207
235
200
467
187
208
194
190
447
201
202
200
204
514
196
187
193
184
444
186
187
187
189
579
195
189
186
186
448
183
183
215
210
446
222
190
183
187
444
213
204
195
185
442
186
187
226
187
521
199
184
182
182
440
187
186
185
256
451
189
184
188
184
441
184
218
196
187
481
189
188
185
185
483
198
189
193
186
478
191
190
192
187
524
184
185
187
187
458
188
219
214
196
438
209
202
203
206
463
225
198
187
228
452
182
185
187
188
533
185
184
190
185
480
189
186
205
208
445
186
187
193
190
483
207
194
195
190
448
183
188
191
196
504
200
225
186
185
450
190
189
188
224
457
214
183
228
186
451
183
227
202
189
442
201
205
202
212
563
199
187
188
186
438
200
202
205
230
522
188
189
193
193
451
188
212
201
191
436
223
185
189
187
483
204
197
189
187
446
190
196
224
189
542
189
185
185
185
443
188
184
210
234
436
183
186
189
187
451
210
208
189
185
484
192
185
184
186
511
190
187
191
183
448
224
183
211
198
448
185
189
190
190
440
205
231
186
192
446
192
190
184
190
522
190
186
191
227
449
204
202
224
210
452
202
202
206
201
509
199
193
186
185
455
191
189
184
185
562
187
185
186
184
447
182
205
206
193
451
207
241
204
203
492
193
187
188
189
453
190
187
189
220
527
204
200
203
203
460
185
206
207
192
486
188
186
188
188
491
195
190
190
190
2176
190
185
187
212
490
183
188
185
187
445
189
350
202
192
463
190
190
182
187
527
198
187
186
212
444
186
185
262
208
452
183
185
183
188
477
216
199
188
191
447
192
191
184
188
1251
187
191
185
185
441
188
205
199
184
441
211
186
202
191
572
191
189
184
206
449
184
186
227
200
446
187
186
187
186
453
207
190
188
217
443
186
190
188
198
490
187
187
187
188
478
184
211
195
191
446
189
194
186
191
578
222
206
205
204
472
192
187
205
199
488
193
190
189
187
443
209
196
192
192
451
215
191
192
187
497
195
185
183
185
446
188
206
233
191
444
200
187
185
191
499
206
192
188
216
441
193
190
191
209
466
187
194
184
191
485
190
221
206
191
452
184
186
187
186
573
190
188
184
189
449
195
192
208
205
483
189
196
185
188
458
220
204
199
189
450
191
217
190
186
529
191
189
187
187
446
189
189
218
231
455
204
203
203
207
471
211
217
189
189
468
187
186
185
190
493
193
188
186
196
487
188
191
216
199
452
186
185
191
187
456
269
225
212
209
468
185
190
189
188
541
195
197
218
185
444
194
188
221
197
451
187
188
189
190
485
232
223
204
204
467
190
191
188
187
578
187
189
193
190
458
186
192
218
201
497
189
189
188
187
449
217
217
189
192
446
189
220
187
185
539
190
189
190
188
456
187
192
230
238
450
200
188
189
192
470
196
195
187
192
491
191
188
188
193
549
187
191
188
185
492
189
198
202
200
453
187
186
187
192
489
237
188
186
191
453
189
187
189
208
499
207
202
241
201
472
187
215
206
189
452
190
189
187
187
543
198
191
190
191
457
191
188
193
212
505
213
188
193
191
451
189
207
215
196
494
193
191
193
189
539
202
191
186
196
456
187
220
203
207
464
188
185
186
187
461
199
199
230
185
455
185
185
188
185
534
192
191
188
186
485
186
190
208
194
456
198
189
191
188
487
208
205
187
188
453
190
187
190
190
534
218
187
188
188
455
187
189
210
201
445
193
190
220
186
480
201
202
188
189
457
189
191
185
218
541
193
187
191
185
454
187
210
196
199
493
188
193
190
193
510
201
188
195
187
462
223
189
188
205
464
206
205
207
204
468
208
238
258
203
458
208
200
205
203
573
198
187
190
187
495
191
193
207
204
460
183
193
192
187
480
220
193
185
187
456
196
194
191
188
539
229
186
191
188
458
191
193
215
203
455
189
188
225
191
854
206
195
188
190
692
190
189
188
204
692
192
188
190
194
790
188
221
204
192
608
192
188
194
190
791
202
189
194
189
675
190
191
201
201
603
185
186
184
193
664
255
197
190
192
570
189
187
186
189
683
191
192
227
188
658
189
209
198
201
633
194
189
192
187
739
203
201
187
184
613
194
190
193
222
650
187
186
187
192
691
204
209
195
187
570
187
196
189
187
782
201
190
186
188
571
233
189
211
202
630
183
186
183
194
638
199
195
227
193
607
189
193
188
212
678
188
188
188
228
601
187
215
203
189
575
187
189
186
192
844
196
188
184
185
605
189
191
216
210
595
187
186
186
192
712
216
197
195
188
526
222
188
186
189
747
189
187
188
191
753
274
1445
200
198
463
187
185
199
193
787
197
191
189
199
541
185
192
191
209
626
189
195
190
186
777
210
197
195
190
554
187
189
185
188
736
195
191
185
195
559
187
203
209
200
674
190
193
195
189
733
195
194
188
189
595
207
186
190
216
547
188
191
186
185
738
207
228
201
187
574
193
185
186
190
715
192
220
191
185
597
188
206
196
205
594
98
98
98
101
601
108
104
100
99
432
103
102
99
115
442
100
100
102
98
520
118
113
103
107
404
99
102
100
95
595
108
98
99
100
402
100
101
113
103
434
101
101
100
101
513
100
103
102
101
409
103
102
99
112
547
96
96
99
99
461
99
122
114
98
412
100
98
96
98
583
105
102
102
104
448
104
96
119
102
495
97
101
98
97
510
107
106
104
100
449
102
98
100
111
452
104
97
104
101
477
204
208
192
193
576
191
196
193
190
960
212
205
209
209
497
198
199
208
196
621
228
203
189
191
689
211
212
206
205
561
189
191
239
200
658
193
188
188
191
692
202
195
232
193
606
196
197
201
203
680
191
188
193
232
641
204
202
203
191
591
192
193
189
192
641
196
189
191
194
720
191
206
195
209
610
185
190
195
190
884
199
192
189
193
615
188
194
211
205
624
188
196
195
194
768
209
194
191
187
564
194
191
189
223
546
190
193
195
194
810
240
224
207
204
555
221
197
187
210
689
194
193
193
192
697
250
199
191
194
557
196
191
198
212
650
194
214
193
197
599
216
222
194
188
716
191
196
224
190
626
189
191
195
191
650
210
204
208
213
478
190
192
194
190
783
189
197
193
194
534
192
217
204
199
613
186
191
188
195
845
198
194
187
195
657
191
207
202
198
524
193
192
194
194
797
204
191
188
188
780
226
210
211
200
536
197
195
202
191
655
216
220
195
192
681
194
190
213
210
586
191
193
225
189
728
211
195
194
197
552
218
208
233
216
662
194
197
187
189
729
207
202
191
195
620
189
196
195
213
566
198
194
206
192
699
220
208
195
194
612
195
192
194
218
646
227
193
188
193
765
214
210
197
192
477
196
227
194
190
818
207
198
193
195
554
197
220
201
237
657
192
197
190
192
753
202
193
195
192
712
192
193
238
207
500
195
194
193
194
772
223
198
196
193
618
201
195
206
204
600
199
195
198
195
734
210
201
192
194
540
192
222
198
219
596
193
196
196
194
786
215
204
232
194
548
199
193
195
193
728
206
211
206
212
711
195
223
217
197
618
195
195
194
199
793
206
192
195
192
485
195
195
222
206
716
190
191
195
196
777
230
209
216
210
567
193
224
213
201
612
191
197
198
193
742
219
200
225
194
599
193
190
192
223
645
204
209
211
209
719
225
221
197
204
708
208
211
213
227
744
193
195
191
194
576
211
206
226
190
698
194
203
196
198
696
200
189
190
193
581
198
245
207
217
681
193
198
202
193
689
229
211
250
210
663
218
387
239
209
547
216
214
233
232
978
211
190
196
195
664
232
245
209
214
609
195
227
247
229
853
208
198
196
198
642
225
226
235
205
552
197
211
222
223
769
216
248
212
214
758
229
228
247
200
563
201
214
225
258
789
235
213
207
210
688
221
233
227
206
595
207
229
224
239
781
218
195
196
212
647
223
226
229
216
560
190
213
208
220
888
252
224
196
214
591
211
225
244
229
636
217
216
250
241
673
205
206
195
213
659
209
225
222
247
690
200
200
210
227
704
209
205
199
200
745
214
226
228
237
580
203
194
208
236
781
247
213
193
195
657
241
240
247
266
605
195
223
208
227
836
205
203
194
195
559
248
241
241
293
685
196
192
208
228
772
216
217
198
190
727
224
226
233
237
579
193
194
211
229
711
247
205
198
190
576
224
225
234
229
664
220
192
209
230
720
245
220
198
200
570
223
228
224
261
678
198
196
208
209
657
236
208
196
198
635
240
243
246
244
884
199
193
208
212
682
236
201
192
191
639
227
224
226
247
659
193
193
195
214
827
237
218
195
195
635
228
261
226
229
677
195
203
230
213
678
268
227
216
242
659
226
227
228
233
584
192
202
213
213
828
243
211
203
197
741
229
225
224
233
646
197
202
207
229
800
260
213
200
195
605
229
232
231
240
608
197
198
212
227
695
225
257
207
198
692
243
243
244
246
598
196
198
211
258
708
278
210
196
201
571
250
246
239
255
1803
194
197
211
225
722
218
217
194
197
576
227
230
234
245
584
196
195
210
236
759
258
230
215
213
751
229
222
225
236
614
199
219
207
229
753
228
208
200
196
593
216
231
225
264
613
200
197
216
225
745
232
228
209
252
708
210
225
250
211
643
200
201
226
233
787
215
200
192
210
570
211
225
245
239
699
199
203
216
227
824
223
218
210
251
573
249
245
246
227
670
198
217
241
230
765
240
205
195
212
688
229
228
240
221
634
200
213
250
226
654
210
199
197
197
834
230
228
247
258
615
200
211
225
229
787
210
200
193
195
712
229
244
215
208
562
212
214
225
226
814
207
195
193
196
685
229
239
224
206
630
226
208
224
227
780
208
195
196
209
604
260
1277
210
218
553
232
213
220
243
765
233
193
192
225
586
251
233
225
219
753
210
260
227
232
645
199
197
212
210
590
231
229
237
195
712
245
238
241
236
542
214
218
264
224
849
235
206
199
199
579
225
230
227
254
692
222
229
229
231
696
217
216
196
197
673
246
251
252
243
640
196
229
227
229
863
192
197
197
229
627
240
211
199
195
728
231
225
216
252
655
213
210
229
244
765
230
212
210
225
637
224
230
240
224
630
191
196
229
228
896
224
204
195
212
571
240
226
266
211
645
193
212
227
226
782
246
201
198
215
585
213
233
214
212
634
210
227
250
225
859
200
198
199
200
736
244
248
250
208
601
230
227
230
211
816
193
198
200
238
677
228
217
207
200
631
225
229
227
243
718
199
205
199
228
724
225
218
200
198
691
225
227
211
257
620
197
193
210
224
773
226
202
196
212
638
221
230
251
221
562
194
209
225
226
803
209
205
199
217
593
213
254
235
216
547
196
230
223
232
813
227
197
222
211
640
212
236
217
209
607
212
227
227
283
812
224
216
217
213
657
228
229
212
200
744
228
225
226
213
762
203
198
202
209
759
230
230
224
195
658
229
223
227
213
771
212
212
213
225
747
231
220
210
195
642
257
225
230
242
758
197
194
200
228
691
240
249
199
199
648
228
224
212
233
724
202
198
260
229
753
203
215
197
211
682
228
229
237
208
769
204
200
226
228
667
228
219
214
228
657
212
227
244
215
681
214
208
245
236
696
219
199
199
216
760
217
228
235
223
590
228
227
225
223
773
224
216
216
227
684
214
268
240
218
552
196
233
232
226
812
214
200
230
196
701
247
250
240
213
714
227
224
226
215
784
204
197
197
215
771
222
214
216
195
547
226
229
229
236
779
204
196
194
227
660
231
225
216
198
700
228
228
211
248
697
209
200
211
227
763
233
208
201
198
628
227
263
211
242
633
210
210
246
242
779
218
207
227
214
556
230
225
239
228
709
201
199
229
227
773
218
198
199
212
643
213
226
237
219
703
199
227
228
232
790
208
200
198
212
696
212
260
216
214
601
214
226
224
233
763
269
211
211
229
671
226
236
213
199
647
225
229
260
215
800
200
200
202
213
637
224
239
207
228
607
235
226
227
241
642
202
202
197
225
725
221
222
200
201
720
224
227
212
252
648
196
196
269
227
790
222
208
200
215
621
259
227
249
211
599
196
199
227
224
809
237
214
242
228
637
217
228
244
229
661
195
214
226
227
822
215
198
197
213
725
215
241
216
214
624
213
228
224
227
728
211
197
201
216
815
241
213
219
205
593
231
229
225
228
761
211
197
194
228
717
232
223
199
204
647
229
260
214
251
673
196
199
215
229
812
204
213
237
209
590
230
230
243
210
571
211
199
231
257
813
215
204
202
213
645
214
224
249
212
673
200
214
235
230
720
213
203
195
210
732
213
245
226
215
610
215
228
231
229
811
243
200
198
216
583
245
228
219
199
734
225
232
257
229
757
214
218
216
245
748
244
229
202
229
615
229
229
217
250
601
198
198
216
230
752
208
209
203
213
826
230
230
247
214
660
200
202
229
230
707
214
206
197
214
834
217
242
219
217
661
216
294
231
229
834
227
219
219
213
694
245
224
218
200
677
230
273
230
229
705
207
201
209
228
655
252
220
239
195
614
228
229
216
238
715
200
200
228
231
1713
217
216
201
216
656
220
229
250
224
642
200
228
228
231
772
234
203
201
216
678
213
247
210
216
588
227
230
233
217
810
201
206
202
216
675
226
221
216
204
609
244
234
229
243
675
201
201
203
229
752
210
251
200
202
723
231
232
230
243
543
197
206
247
229
851
216
204
200
215
647
217
233
236
241
691
203
233
230
227
912
207
200
201
243
618
263
232
231
221
606
236
229
233
238
950
214
213
214
245
710
254
226
200
201
658
228
231
215
244
623
203
203
231
232
767
233
208
205
219
660
216
233
256
219
592
198
231
229
230
894
224
207
202
217
610
262
270
247
227
658
215
233
234
231
800
212
244
203
232
692
242
233
247
217
625
233
232
260
250
633
198
199
231
229
881
218
218
228
215
671
228
229
237
206
634
198
226
233
254
855
217
205
207
215
664
223
257
242
204
607
227
228
228
212
786
213
202
203
213
717
245
245
232
214
776
229
232
231
238
655
200
201
230
228
763
221
215
208
216
626
230
229
232
212
644
207
231
227
231
858
211
229
201
215
635
218
260
224
204
720
235
227
256
222
744
205
199
200
235
739
238
218
203
225
593
229
229
217
246
818
198
201
231
233
804
223
205
204
216
706
217
242
238
212
676
202
228
229
228
818
213
202
200
214
681
240
218
237
201
649
246
244
249
246
633
229
201
228
231
874
205
217
199
219
580
231
256
233
222
663
200
231
234
230
881
238
202
232
218
700
217
242
245
201
699
228
227
231
235
644
213
218
233
295
875
217
221
202
217
739
229
228
265
218
606
203
198
229
233
815
212
205
202
215
679
232
231
227
227
567
217
234
228
229
774
210
201
202
230
665
239
258
226
203
714
232
231
228
238
656
220
221
254
247
908
216
210
203
217
650
234
216
254
217
718
202
213
229
229
871
215
209
200
199
608
242
210
217
205
676
234
230
228
242
754
199
200
205
232
642
210
208
206
213
680
247
279
245
213
553
202
200
229
235
836
215
209
225
215
618
229
247
207
221
696
232
231
230
230
801
205
203
199
215
707
245
248
203
211
645
233
232
236
225
690
202
202
233
232
826
212
215
199
216
663
228
221
237
226
609
230
230
237
233
909
216
204
204
201
622
245
252
210
202
735
233
232
237
257
636
200
208
235
257
818
219
212
206
217
744
221
231
239
225
687
204
234
232
230
829
217
206
203
204
713
250
229
230
201
636
249
247
247
261
739
204
204
206
233
775
218
206
203
222
704
233
259
257
227
564
202
203
229
231
812
208
204
227
220
635
235
244
218
210
722
233
230
233
228
749
202
201
204
214
737
234
227
213
1902
721
210
201
201
217
804
217
205
217
216
707
229
243
234
210
752
220
215
230
242
752
204
204
235
231
786
222
209
208
236
778
232
237
227
225
666
236
228
235
229
789
207
235
231
238
749
220
232
236
234
767
260
200
210
235
758
235
216
201
234
713
251
242
216
201
637
244
242
208
204
808
236
259
219
206
628
233
242
221
205
588
233
234
261
237
678
218
232
239
225
733
236
232
237
218
960
232
222
204
217
615
233
235
236
232
683
233
234
229
232
762
205
204
230
219
835
231
220
233
239
828
214
203
233
221
711
243
217
209
218
677
220
262
239
209
625
256
232
248
226
615
201
221
235
234
890
257
203
202
218
740
258
219
241
201
643
220
258
236
246
741
201
208
233
233
778
217
235
202
219
725
248
270
253
238
654
224
251
249
284
830
206
206
201
231
650
235
215
204
222
724
234
247
271
249
604
206
219
236
237
880
227
217
214
236
675
256
218
214
222
744
235
232
243
233
720
204
208
251
231
67997
491
208
180
216
2030
402
209
184
172
1727
203
200
230
219
1686
203
251
194
227
1679
170
215
197
184
1456
201
171
200
185
1549
165
164
195
202
1794
166
166
205
197
1739
170
166
181
195
1381
211
186
166
181
1392
196
204
181
171
1606
196
181
201
200
1328
165
194
199
197
1328
164
169
167
196
1426
169
184
194
182
1306
230
165
172
199
1297
200
227
661
166
1170
194
195
210
191
1211
168
199
195
199
1227
204
170
167
201
1258
164
167
195
195
1224
217
175
171
188
1815
183
210
180
171
1123
180
198
195
233
1100
164
197
199
197
1429
164
166
171
204
1392
167
167
203
214
1085
217
217
186
170
1035
201
194
210
185
1073
168
196
199
200
1797
165
169
168
200
1126
165
170
198
199
1110
218
186
174
171
1026
195
181
263
190
934
172
197
199
199
1076
168
167
170
194
1074
176
168
203
199
1031
200
217
235
167
904
197
202
183
211
989
169
198
188
238
1160
170
169
168
196
1168
181
180
184
200
2830
200
205
187
169
1076
196
203
218
199
913
176
197
198
198
996
170
172
219
197
1131
171
191
201
198
1027
199
222
177
169
942
194
200
200
207
856
168
200
244
198
1038
167
172
167
194
904
221
183
169
181
1035
198
197
206
179
922
183
204
201
201
950
222
170
189
202
1007
171
168
188
202
898
200
224
187
2307
1067
201
198
184
211
886
174
198
197
194
1015
168
204
186
187
949
208
170
172
201
796
199
201
206
187
828
186
202
201
187
940
228
171
179
199
1003
190
177
170
199
833
199
211
200
245
855
198
200
201
200
1759
173
172
205
274
1776
172
170
270
201
1598
187
172
188
281
1693
215
193
194
188
1890
199
206
191
177
1666
204
200
287
189
1994
206
184
229
253
1205
187
273
215
213
1788
185
204
212
190
1497
276
199
213
195
1521
201
202
207
184
1390
189
211
190
175
1493
186
292
179
188
1595
195
174
199
204
1698
185
174
172
209
1355
179
172
188
197
1680
286
183
175
202
1402
231
200
181
172
1346
204
218
192
186
1515
199
202
224
185
2965
191
204
204
212
1716
177
174
205
204
1545
175
175
190
244
1339
190
208
190
206
1390
190
252
189
175
1605
206
202
275
191
1601
190
191
204
216
1551
176
195
201
202
1301
173
176
191
258
1820
205
188
201
203
1248
193
223
204
177
1490
207
210
214
192
1605
205
204
283
208
1083
177
267
204
204
1627
174
178
187
204
1502
202
176
189
275
1649
218
201
184
174
1272
203
203
226
183
1460
176
206
202
271
1606
177
176
203
204
1302
179
179
190
201
1544
201
179
181
206
1315
192
218
190
188
1403
267
201
220
188
1489
195
207
201
204
1482
177
175
202
204
1573
176
256
191
203
1393
223
198
175
193
1425
185
230
205
189
1190
204
204
207
210
1266
176
204
203
192
1502
172
177
193
286
1412
278
177
205
211
1295
208
215
194
183
1018
276
205
204
217
1432
184
207
203
191
1202
175
177
192
204
1315
198
177
209
193
1267
204
221
215
177
1033
210
202
206
215
2415
179
203
202
205
1061
176
174
206
204
1641
181
178
229
209
1104
217
196
207
195
1220
205
210
211
190
1154
188
204
203
212
1402
177
174
205
191
1230
177
179
193
204
1383
240
252
178
190
1490
191
226
188
194
1537
204
206
205
219
1064
177
195
205
204
1512
179
182
185
204
1438
269
181
205
206
1216
206
238
205
190
1350
192
203
224
215
1253
176
192
204
205
1345
185
180
244
201
1280
272
176
207
210
1369
218
213
208
180
1545
205
205
233
265
1392
203
206
207
213
1292
181
177
198
208
1273
187
178
192
206
1383
220
214
178
191
1321
209
274
219
193
1001
273
196
207
216
1224
240
179
191
204
1572
180
177
195
203
1377
239
200
180
178
1233
204
206
214
194
1387
198
209
207
1288
1076
224
200
213
215
1366
179
179
179
271
864
179
185
182
188
1486
185
191
183
256
1301
277
178
180
208
1046
223
220
247
192
1160
308
196
199
191
1017
296
218
207
180
1173
294
236
187
180
1268
215
205
180
178
1263
217
191
192
208
1259
196
192
191
193
1179
204
178
210
197
1408
180
193
206
208
2287
181
208
206
219
1029
194
218
204
198
1068
221
196
182
206
1048
188
194
211
206
1168
177
208
209
185
1113
245
195
178
208
1097
181
193
209
241
1214
225
195
230
189
1068
224
198
180
199
1084
185
208
209
218
1014
194
215
209
177
1060
192
193
207
211
1103
180
219
191
195
1031
181
269
203
204
1089
299
185
197
206
1093
180
217
204
195
1255
179
209
214
195
1209
192
209
210
210
1208
313
196
207
208
1179
182
185
214
210
876
209
196
215
192
956
218
198
185
208
1229
181
193
209
214
1142
184
194
222
259
1161
215
190
278
211
1275
181
193
221
195
1165
198
193
212
208
1075
182
199
218
194
1099
201
196
212
206
915
182
183
221
201
1187
220
203
181
198
1108
186
198
206
215
1046
185
206
224
190
1088
188
197
204
210
1237
181
196
218
200
957
218
221
184
209
960
192
191
207
207
917
181
221
217
186
1109
194
195
212
209
820
240
210
206
197
932
212
273
215
186
1051
259
178
216
208
1081
192
248
216
215
998
208
291
200
211
1021
182
220
269
228
1056
180
218
280
207
966
224
185
180
270
988
182
197
215
213
1126
185
214
228
209
974
211
250
219
184
1117
229
204
182
275
1027
230
209
181
209
963
233
198
184
197
933
267
209
196
182
978
211
222
195
184
2122
211
211
407
223
994
181
206
210
213
1128
183
177
210
208
923
186
182
194
205
936
220
203
180
194
903
207
223
215
194
842
197
212
213
217
930
177
200
211
211
1264
184
181
195
193
930
244
207
184
197
1039
211
220
214
217
992
196
206
210
229
993
187
192
206
206
1025
184
181
195
208
1151
183
182
196
207
1125
181
182
208
210
1050
198
187
208
207
1033
209
183
198
210
1165
197
182
209
209
958
195
183
194
207
996
191
181
211
210
906
189
183
206
209
1223
181
182
209
261
1017
184
212
262
215
997
211
254
206
195
932
251
201
198
206
804
183
193
244
208
970
189
183
232
208
1046
187
183
242
212
920
185
233
206
218
831
182
195
210
284
993
243
207
230
194
874
207
262
204
182
1119
197
187
195
210
852
183
227
208
212
990
187
235
208
210
931
184
181
256
207
941
183
181
211
259
892
186
195
207
222
960
187
197
217
218
874
214
227
217
185
862
217
228
186
212
1074
194
199
209
211
996
183
184
213
218
950
219
224
202
190
1000
218
186
208
214
1227
180
182
210
227
952
213
217
231
187
950
232
193
199
214
1054
180
182
212
210
1022
181
196
214
220
881
209
228
216
184
918
201
192
211
211
851
187
199
261
210
2281
182
196
210
217
885
184
208
232
216
804
236
216
194
205
789
224
242
195
199
864
201
187
236
207
975
190
212
209
214
1103
220
182
212
211
992
227
186
212
206
1010
185
228
211
210
883
183
243
211
222
895
232
208
211
204
777
208
221
265
203
879
222
195
243
210
835
208
183
207
214
958
179
184
209
212
991
186
183
216
226
873
198
209
215
258
745
207
214
225
200
940
221
192
182
214
993
183
199
215
212
1011
184
184
212
217
889
184
197
213
210
956
182
184
211
210
951
187
218
208
213
1026
186
193
198
214
924
185
181
194
209
1004
271
209
184
198
866
210
231
212
209
805
199
212
211
229
1267
182
187
184
209
1081
192
183
183
209
1001
221
199
209
183
989
212
219
217
207
954
198
211
214
220
958
186
180
198
210
1001
185
186
202
215
1125
182
184
210
212
1110
194
183
209
210
921
228
186
184
210
952
205
201
184
212
861
225
204
182
211
935
197
200
199
209
926
204
185
209
198
914
196
186
210
213
1040
183
183
215
210
1041
187
186
215
213
1017
216
185
199
213
780
237
253
188
200
793
247
205
196
203
834
223
212
208
194
960
211
214
181
213
862
217
218
183
198
975
206
184
216
219
1890
229
217
182
184
877
226
215
181
212
908
195
198
182
212
948
209
185
196
285
923
192
186
209
212
1068
184
186
210
215
926
185
212
220
219
832
203
209
225
204
769
283
194
199
203
1113
203
213
211
212
1119
195
187
212
212
1118
188
183
209
213
946
188
186
199
213
1057
207
200
196
213
923
205
260
216
196
832
210
211
238
202
802
183
214
210
213
1086
188
183
186
217
901
219
203
184
206
738
213
233
211
204
711
214
238
213
274
878
183
187
212
241
1239
185
181
185
210
897
281
200
198
186
787
216
210
259
192
844
205
211
215
250
1057
185
185
243
214
1185
198
182
185
214
853
225
202
210
184
963
200
214
214
191
904
215
212
212
219
792
212
196
213
212
1050
186
187
201
210
1076
183
183
198
210
977
198
185
211
212
902
223
194
202
213
942
231
193
202
211
888
222
224
187
213
917
195
182
197
281
1032
199
181
209
252
1033
187
185
211
261
1054
185
186
214
260
880
206
181
199
218
867
227
205
197
198
785
228
214
197
193
963
222
216
196
184
725
214
233
203
188
855
226
217
203
186
2122
225
225
194
212
939
230
186
211
210
1014
185
183
215
216
997
187
187
212
212
925
186
187
217
210
928
192
201
211
226
1031
184
212
218
219
823
215
224
198
209
983
242
207
191
214
936
198
197
216
219
981
184
185
211
232
902
200
224
196
181
1127
193
216
264
207
962
215
188
212
232
900
244
209
237
196
859
240
211
223
212
768
214
237
233
198
867
214
231
245
201
905
200
241
223
224
873
199
213
242
229
887
181
237
222
212
799
211
214
265
210
954
240
218
204
208
762
224
209
239
210
919
224
240
200
210
881
195
182
247
213
1018
185
221
214
209
880
206
187
246
212
801
238
208
182
195
941
224
269
249
205
826
216
211
266
204
762
186
220
211
212
1042
184
186
183
200
1008
207
197
183
209
827
215
243
215
199
818
206
218
216
218
1019
189
186
214
212
1166
183
187
180
212
952
203
197
199
212
899
218
230
209
218
916
216
211
225
206
943
191
212
211
236
910
186
200
209
218
1012
187
186
201
211
1055
186
189
200
219
1057
190
185
214
213
2173
186
185
197
232
1027
188
183
214
240
966
205
184
213
242
996
254
185
198
208
800
197
212
200
237
841
219
221
181
215
951
206
220
230
213
853
216
215
244
196
842
217
214
215
211
947
183
187
200
210
1234
186
185
186
210
874
226
220
200
199
902
216
210
223
197
705
199
211
215
217
1062
191
185
183
216
957
202
189
197
215
894
225
208
205
185
914
220
246
203
201
834
199
210
236
216
948
190
221
210
237
862
186
213
199
225
935
189
185
213
214
1060
185
189
213
235
941
188
199
213
225
881
191
198
215
225
925
187
213
228
215
906
199
211
214
217
838
189
212
211
216
1050
192
188
185
214
992
209
183
214
213
845
233
204
211
198
836
201
236
256
221
829
200
242
217
210
1077
189
215
203
214
881
211
188
187
212
994
231
199
200
221
891
219
214
238
240
862
198
214
217
253
1027
188
182
199
218
972
232
189
187
217
839
234
199
219
188
1051
216
211
230
254
867
201
218
216
2572
1065
306
272
218
221
1167
205
231
247
265
1142
302
256
264
258
1093
262
227
189
222
906
185
185
187
187
3165
184
186
188
189
1093
213
220
187
213
916
213
223
197
210
939
210
210
212
228
1050
185
186
210
212
1178
187
200
218
226
1006
189
218
201
212
989
224
186
214
210
1018
218
187
199
211
1060
191
225
213
213
989
189
221
201
215
932
215
212
200
224
869
223
216
231
209
816
251
222
213
200
869
228
243
195
218
854
211
185
248
210
1041
189
215
212
223
871
204
259
225
201
887
237
199
231
212
1111
183
185
211
221
870
225
213
250
207
831
262
215
194
216
949
184
232
211
214
971
229
184
219
214
950
218
201
215
227
878
238
213
237
213
925
252
213
213
205
975
226
215
201
211
899
189
214
214
213
1054
191
218
211
209
1050
221
186
214
217
1113
188
188
214
210
907
242
205
188
202
862
248
243
201
192
849
251
221
266
201
978
186
219
213
217
1105
181
188
197
214
1144
184
188
202
211
885
249
207
187
211
872
196
240
203
225
1038
216
231
201
225
899
211
215
233
198
893
205
219
248
213
869
205
214
226
234
2113
200
216
227
217
934
200
215
249
204
933
216
220
222
243
820
213
233
206
191
928
213
217
200
253
913
206
188
214
250
1119
187
224
216
218
951
187
215
223
205
890
221
227
199
200
1011
197
201
218
220
1038
189
185
215
216
987
190
190
218
217
1002
195
189
215
239
879
202
217
226
204
931
226
235
232
201
1089
204
191
229
217
966
188
194
219
217
1039
187
192
212
211
988
194
184
198
216
1032
188
185
216
213
1178
191
189
218
213
905
212
186
201
219
1047
224
209
186
197
981
232
222
244
201
861
212
231
223
224
821
202
216
212
260
1151
184
193
199
216
1165
188
185
202
218
1077
217
185
202
213
928
214
223
203
207
758
214
413
237
219
969
190
215
217
227
955
191
213
210
217
1080
185
189
201
214
1020
186
186
187
217
1016
187
188
218
213
1056
189
183
198
213
1088
198
190
212
214
1116
187
185
217
223
1003
195
215
213
238
1015
207
222
219
217
2205
204
222
206
201
1018
210
187
219
214
1133
187
188
218
252
1126
218
188
217
260
1037
218
212
223
211
1070
216
237
220
206
1012
208
201
216
215
1045
187
188
218
218
981
184
216
213
216
1009
193
193
221
215
1131
187
188
201
213
1032
190
190
222
208
974
194
189
217
217
1057
190
186
214
215
1078
192
190
217
215
1078
188
186
204
212
1073
184
190
218
215
1160
187
191
214
218
1137
186
190
216
242
1151
213
192
219
216
888
242
206
201
216
833
227
247
204
217
977
209
241
203
219
883
255
227
198
214
1072
219
229
209
191
955
215
257
218
193
882
215
229
223
207
942
216
231
231
206
864
218
221
229
219
808
191
216
216
246
933
202
218
216
228
1013
191
205
217
230
1039
204
219
216
215
1064
191
188
220
213
1094
186
206
216
215
1173
190
198
241
216
1166
188
196
217
218
971
258
250
193
207
968
223
272
220
207
2165
221
216
236
228
962
189
214
217
218
1105
189
189
201
217
1152
193
192
206
212
1056
218
212
222
199
984
244
227
214
211
938
214
220
253
220
1000
203
220
215
238
1075
189
205
217
218
1053
191
190
219
224
1112
206
191
204
217
980
252
215
211
202
1188
204
234
227
211
1002
201
222
314
219
949
193
217
216
231
1093
191
196
218
218
1089
191
186
219
215
1059
207
193
197
214
891
237
214
224
194
988
218
218
262
236
1018
205
212
215
222
1003
193
220
218
221
1291
189
192
189
207
1176
193
190
222
222
1149
242
218
199
207
988
220
234
211
229
1013
218
215
238
218
929
189
214
219
261
892
188
206
216
213
1171
197
194
204
213
1166
194
190
216
215
1083
243
210
202
218
947
256
212
196
205
984
266
216
202
206
988
225
232
197
221
2255
243
214
197
216
965
234
211
190
216
1140
239
190
202
227
966
225
192
217
216
1086
198
191
217
205
954
243
218
207
218
1143
248
221
209
206
914
231
207
231
195
943
217
234
219
194
934
216
245
275
215
829
228
247
212
189
1154
243
213
193
219
1017
221
203
205
220
1179
190
191
217
222
1180
188
192
220
217
1142
194
190
215
218
1045
192
188
222
213
1034
190
203
217
216
914
201
216
240
228
909
231
222
205
235
934
245
271
210
205
1047
213
197
218
215
927
214
221
200
217
1006
234
205
214
190
1027
241
216
205
189
1020
238
226
232
206
926
224
215
192
226
1030
235
213
226
219
951
223
220
201
215
1069
216
189
218
216
1067
192
189
215
216
1053
196
189
214
217
1069
189
208
218
220
950
205
217
227
214
954
216
248
211
194
945
254
234
204
217
1006
199
188
218
215
2405
189
189
218
212
1136
191
187
214
249
981
195
245
218
219
1183
190
189
217
215
1213
186
191
212
215
1141
202
190
216
215
931
205
198
200
214
967
245
249
214
208
1066
215
251
252
227
1049
203
213
223
249
1082
191
201
214
216
1185
188
189
188
219
1135
191
186
200
220
1039
278
212
188
216
1045
202
255
212
212
965
226
214
228
210
916
185
216
214
224
1170
190
187
202
214
1042
218
217
219
219
977
214
203
199
221
1091
209
212
217
216
935
271
233
206
202
965
255
204
196
203
1008
242
202
195
199
929
219
211
191
218
1017
210
185
217
217
1113
186
187
218
215
1164
188
188
218
221
991
237
205
199
202
965
224
273
227
209
1098
215
238
273
223
945
207
225
219
255
1024
190
204
221
214
1126
190
194
205
216
1168
188
187
187
1502
1004
219
198
204
235
837
217
218
260
203
1074
217
229
239
199
826
241
212
266
207
913
199
217
241
230
909
210
218
242
210
987
227
210
218
253
973
186
212
212
219
1126
192
189
188
212
1164
186
188
216
217
1151
189
187
215
243
1162
207
197
221
217
968
210
197
204
218
1096
220
195
202
218
1025
213
188
217
220
1232
191
192
225
244
1111
203
186
211
224
1082
245
223
196
205
988
218
241
228
207
896
221
226
253
219
1012
202
219
220
242
1047
184
194
214
220
1171
190
190
190
213
1158
190
194
220
248
1031
242
214
189
214
980
221
251
207
223
1057
215
248
213
213
995
218
215
224
203
1014
223
218
316
203
893
249
215
263
201
925
216
227
216
226
1020
221
249
201
196
1037
242
223
211
203
1053
235
199
214
217
1178
218
187
218
216
2453
194
190
219
201
1067
229
188
217
219
1312
215
196
209
255
1043
241
210
221
215
1057
213
195
205
224
1214
206
192
226
215
1166
218
198
235
220
1018
244
207
207
221
1105
217
201
218
219
1285
207
193
219
218
3793
234
249
251
307
1331
239
295
219
221
1320
234
221
245
216
1241
262
235
270
234
1269
262
221
252
239
1379
193
188
190
188
938
248
235
204
194
882
188
203
226
203
952
187
190
202
203
946
191
187
191
213
1114
255
185
218
218
1137
190
189
200
216
1185
193
190
201
217
1182
186
189
214
212
1157
187
189
203
216
1062
190
199
220
216
1140
193
187
216
243
957
191
247
215
255
965
205
218
242
209
984
204
249
228
190
1140
206
191
217
222
1194
187
190
218
222
1035
229
230
208
193
2391
206
195
227
235
967
195
202
211
218
1131
189
204
241
208
973
215
240
196
209
1102
198
201
220
215
1160
192
188
216
252
1171
198
223
203
270
1010
192
216
228
221
932
217
234
211
206
978
225
213
201
217
1083
204
190
210
212
1082
189
215
239
215
949
228
259
188
249
1174
192
202
217
217
1112
190
198
216
240
1063
189
218
226
218
1057
211
233
239
220
1096
261
206
203
214
1320
192
201
217
220
1075
190
202
289
208
1007
223
214
201
216
1256
192
190
216
348
1055
193
205
216
253
1115
190
239
233
210
1067
218
233
213
190
1043
249
205
203
220
1202
195
189
218
222
1195
193
225
220
219
1082
192
215
219
252
1084
215
237
210
201
999
272
221
203
220
1299
193
191
219
222
990
207
239
220
205
2295
208
208
216
219
1174
190
190
211
225
1089
221
232
233
191
1186
221
210
220
215
1227
186
211
219
224
1203
203
240
228
197
1108
217
212
216
216
1155
187
191
218
219
1066
194
248
227
214
864
220
245
239
192
1025
220
195
206
216
1158
194
194
216
227
1010
192
219
242
220
1021
237
268
220
203
1063
218
203
216
223
1230
192
197
222
218
1206
189
191
220
220
1101
193
193
205
248
1148
195
191
229
215
1221
191
205
208
218
1265
193
188
217
220
1334
197
221
206
220
1187
220
206
195
219
974
220
236
208
197
994
222
234
209
230
1073
202
256
220
251
958
245
213
219
229
1073
191
217
220
247
1113
190
220
233
231
1023
190
251
266
205
1026
218
225
221
232
2411
225
231
214
208
983
236
257
194
222
1406
194
190
226
216
1248
193
187
217
222
999
202
235
263
238
939
286
220
204
215
1205
200
206
220
214
1124
197
207
218
240
929
194
205
218
227
1111
204
223
270
233
896
252
227
233
193
1013
214
214
3920
236
1468
264
290
256
213
1146
251
212
191
219
1256
199
206
215
215
1379
192
188
218
205
1130
221
204
219
238
1049
198
222
244
201
1089
220
238
232
191
1030
230
214
232
218
1205
193
191
222
216
1159
199
207
239
223
1006
229
267
210
224
1176
187
210
249
216
1175
195
192
212
215
1145
194
206
221
224
1228
195
193
219
233
982
208
221
224
224
1145
198
208
233
224
981
207
217
257
227
1087
224
223
210
218
2574
247
194
221
218
1270
189
200
217
244
1062
207
234
222
203
1036
259
239
207
222
1313
194
210
230
237
969
231
235
207
218
1263
227
207
224
235
961
247
224
191
218
1111
193
213
218
242
958
219
229
232
212
1103
257
194
223
217
1198
191
191
224
219
1075
190
208
252
213
1008
215
258
201
217
1030
210
192
244
214
1165
198
218
220
203
1149
191
222
222
218
1104
194
262
215
195
1174
203
205
211
229
1092
190
215
233
226
1042
226
207
231
210
1230
189
190
226
233
945
215
221
196
209
1150
186
201
225
222
1027
218
231
257
197
1055
202
204
206
237
1076
204
222
228
189
1199
191
217
208
223
1093
223
238
218
205
1197
193
200
214
210
2499
189
216
226
260
1113
227
194
218
209
1264
190
199
206
241
964
195
206
211
255
1162
206
214
262
213
990
206
244
233
229
963
211
281
237
220
928
220
228
245
200
1108
216
209
256
222
1034
208
230
257
233
1071
188
212
213
238
1238
192
211
226
220
1162
196
202
205
244
1242
199
201
213
223
1141
199
222
205
221
1140
190
198
212
231
1161
206
224
221
232
1085
197
214
225
209
1014
209
224
252
218
1196
209
233
209
195
1035
222
213
202
226
1249
195
206
241
210
1163
195
191
213
216
1238
199
194
222
205
1283
199
197
206
216
1302
187
227
215
205
1223
196
193
206
227
1127
200
210
208
206
1155
210
195
201
226
2635
203
202
210
212
1312
193
192
224
206
1334
188
193
209
207
1133
190
194
221
241
1101
192
219
230
247
1052
208
231
212
205
1164
207
200
203
209
1186
188
219
208
226
1050
224
219
212
216
1057
238
199
206
223
1171
190
191
207
226
1048
211
219
223
216
1210
221
208
209
206
1156
199
221
250
233
1096
256
236
193
206
1182
190
201
232
214
1168
289
200
205
212
1158
193
219
253
204
1028
242
218
196
206
1217
192
237
224
206
1237
193
192
212
250
1257
198
221
214
260
1099
196
222
227
210
1131
215
212
218
214
1092
256
198
219
224
1244
189
190
210
225
1014
204
221
250
191
1070
268
205
205
209
1413
188
198
255
224
2250
250
216
199
217
1237
191
193
236
232
1001
224
204
219
227
1257
204
197
233
234
1150
253
211
206
223
1081
219
198
199
215
1301
193
192
224
202
1267
192
197
209
221
1222
194
192
205
211
1306
203
226
224
224
1268
192
191
203
206
1311
190
190
222
211
1182
219
190
224
214
1318
234
214
195
206
1097
259
215
188
218
992
233
265
229
188
1126
261
218
189
204
1079
246
209
231
203
1142
222
237
210
194
1145
211
275
208
205
1231
210
238
233
212
961
225
223
217
222
1086
219
220
216
220
1044
212
207
261
233
1118
208
225
227
221
1045
209
224
250
215
954
217
216
249
238
1004
194
220
209
212
2440
196
191
226
203
1189
200
193
204
216
1088
190
205
207
226
1281
195
202
211
221
1243
194
211
206
215
1202
193
229
221
221
1293
194
191
198
225
1357
200
193
222
239
1224
191
191
217
210
1263
193
197
210
211
1214
196
240
212
227
1214
194
201
221
250
1005
209
223
221
214
1151
213
264
209
211
1054
233
289
198
219
1239
195
201
220
209
1218
193
224
211
224
1125
