2263
891
735
754
772
790
643
654
662
1083
756
753
589
567
622
530
534
562
632
673
584
676
705
1022
870
645
693
650
677
938
694
599
604
624
763
606
635
724
730
818
629
632
632
648
836
664
649
595
592
825
651
624
664
634
799
600
608
635
610
837
679
644
626
622
843
618
581
630
587
835
561
576
571
611
853
618
663
669
735
899
623
634
590
625
820
617
618
615
590
819
617
623
628
640
867
670
624
690
584
902
585
624
601
609
850
642
614
647
604
834
621
622
621
678
823
643
633
628
720
895
624
612
624
603
813
595
576
586
623
903
603
655
604
569
862
573
592
590
580
832
584
650
610
572
842
600
589
628
627
866
606
645
683
598
917
598
565
589
597
860
601
637
594
593
940
623
608
719
597
916
602
624
675
672
861
601
587
577
581
891
621
563
640
629
956
658
590
603
565
912
558
579
625
652
884
678
610
583
601
890
572
640
606
555
918
637
575
591
587
858
575
615
592
617
961
615
625
728
655
873
570
539
556
577
907
635
625
643
585
894
594
582
549
602
897
608
606
603
590
963
581
586
672
588
915
588
600
615
618
891
605
670
589
590
890
606
615
625
609
952
578
584
645
571
902
624
729
589
582
935
618
654
587
594
973
575
553
609
591
926
548
585
589
576
890
645
592
604
564
885
586
608
583
691
887
577
572
626
569
864
596
577
607
594
927
572
602
596
601
909
564
619
581
592
882
574
606
587
694
874
525
508
515
595
906
572
557
561
610
968
584
575
562
588
891
610
549
617
563
888
565
704
606
541
835
557
538
511
511
900
501
551
553
507
808
492
497
494
518
789
516
490
511
573
997
561
583
565
593
904
636
596
642
591
1000
598
589
587
566
912
566
592
614
626
1002
723
586
605
612
952
554
578
584
586
947
593
574
610
614
908
601
596
583
562
939
556
696
595
590
933
576
566
612
588
898
650
589
551
593
856
612
615
604
584
882
712
628
615
594
948
601
588
592
578
883
608
610
596
547
934
593
590
599
592
1014
598
567
631
578
872
560
549
595
588
908
541
616
651
577
886
579
612
575
624
984
564
579
608
570
903
548
591
579
584
920
572
526
493
542
807
490
523
519
502
924
542
528
497
493
875
497
508
521
522
888
562
537
635
579
997
645
588
584
593
941
687
589
655
574
940
573
674
599
586
935
587
586
609
590
972
556
598
576
615
895
581
588
698
571
939
595
575
548
589
1096
568
554
571
597
886
554
594
556
587
893
632
581
570
586
873
707
585
590
554
916
576
646
563
544
901
571
591
563
539
865
607
642
639
579
890
557
609
593
562
1083
581
567
636
546
930
593
565
594
551
902
609
613
666
596
939
596
599
572
592
951
586
600
557
637
1082
590
609
617
572
934
622
598
580
576
1008
607
593
577
589
908
586
585
588
611
943
663
608
731
597
921
593
570
580
602
936
590
595
634
666
943
539
578
574
617
904
569
597
585
593
1607
566
509
526
603
966
565
556
598
621
933
640
584
655
552
926
589
589
587
578
923
588
701
578
614
974
490
563
605
616
917
579
582
578
562
970
576
572
591
555
919
584
606
546
665
925
607
679
654
579
925
567
564
555
562
885
586
597
687
602
941
582
577
600
598
926
680
593
615
607
927
572
578
585
585
992
592
579
592
703
918
641
592
612
606
918
560
593
574
645
917
737
596
615
626
968
601
604
589
656
927
577
606
589
559
902
586
649
598
670
995
582
588
640
561
1064
569
598
597
580
946
583
582
593
588
955
631
592
634
594
928
595
600
593
645
993
613
679
601
584
944
611
720
622
579
952
593
562
589
622
930
578
576
592
588
948
577
582
586
580
893
574
575
673
594
923
575
614
618
730
914
608
579
673
569
928
596
568
574
556
906
593
583
696
647
931
594
618
626
647
944
578
581
637
639
1014
568
596
736
564
948
610
567
593
576
934
654
608
601
595
932
640
590
610
600
942
662
613
595
1336
1028
612
599
626
592
946
746
589
631
585
1001
599
621
576
690
940
612
629
675
600
951
584
622
642
563
961
600
631
624
629
934
576
562
578
650
935
579
583
751
567
990
613
595
594
576
1021
630
572
562
597
957
597
586
568
555
923
653
574
567
581
913
603
610
612
627
935
565
636
592
607
1094
616
589
574
616
938
628
559
622
591
923
556
572
612
583
922
551
579
618
655
991
593
574
574
595
986
560
558
634
598
971
627
567
588
783
944
586
573
691
562
938
556
565
642
596
939
594
599
641
581
935
557
598
570
577
955
621
664
597
599
951
563
616
568
512
887
562
555
651
515
845
521
495
512
522
934
563
552
573
621
963
571
606
578
606
934
562
597
562
640
960
643
572
663
587
954
584
599
591
557
939
619
606
561
560
1146
575
620
634
606
988
561
560
587
575
957
596
597
616
592
951
602
570
648
581
898
619
572
599
588
928
568
595
557
668
955
586
593
587
578
936
739
711
607
605
947
588
603
563
616
926
580
556
587
554
909
578
634
604
582
966
572
574
585
610
1064
571
603
613
576
924
674
593
596
578
938
589
634
683
611
1128
585
600
555
579
981
590
618
614
702
996
620
655
572
585
939
565
581
622
704
955
562
577
596
577
1062
653
604
613
593
919
571
565
606
566
989
593
613
654
590
1187
563
566
580
629
974
573
580
583
568
969
537
560
584
561
935
666
629
608
583
935
610
718
645
589
972
579
613
621
610
965
591
559
595
643
900
560
578
575
611
998
562
600
773
544
912
527
596
575
617
953
596
602
585
568
937
615
529
530
539
937
554
566
574
568
970
572
600
584
574
967
577
613
565
607
937
581
623
617
610
961
606
640
632
596
940
773
608
574
602
947
580
626
597
626
946
603
605
574
602
920
623
633
630
601
956
653
601
662
578
933
603
564
531
558
929
533
543
539
563
913
577
600
625
597
1042
555
583
534
593
907
543
804
558
541
877
572
622
641
595
973
601
613
595
581
947
612
601
580
574
925
580
580
584
595
956
644
560
595
588
976
637
593
606
583
903
584
622
556
566
922
596
612
628
633
939
575
581
587
745
945
553
597
575
569
969
621
600
626
607
930
596
596
597
580
946
584
617
645
684
931
581
619
620
620
952
565
605
609
566
990
605
602
579
573
999
597
589
608
581
981
611
593
602
546
891
536
1891
612
630
944
562
629
580
605
962
595
575
615
588
940
552
609
750
590
958
576
576
611
573
934
554
613
690
603
937
545
547
585
580
917
579
562
609
610
923
571
611
683
615
979
579
575
660
573
888
829
579
641
596
944
614
606
641
599
957
618
592
613
628
989
571
630
581
586
1043
590
589
585
618
983
648
570
592
577
972
638
583
602
645
953
608
657
578
611
961
550
601
634
639
941
602
583
599
666
981
607
589
603
570
1189
564
598
561
610
931
613
575
635
634
974
567
655
591
565
914
535
550
680
640
918
575
648
594
633
1035
600
602
619
612
967
626
620
603
589
931
594
573
587
666
979
621
614
632
612
1054
626
589
625
612
1010
604
872
596
628
962
593
557
637
641
1001
553
565
583
563
1094
611
623
613
719
949
622
643
579
648
1038
610
579
599
551
926
604
592
626
585
914
536
586
575
559
974
575
588
624
566
972
622
574
614
568
989
596
650
614
655
969
590
599
629
959
956
591
595
611
664
924
590
610
584
578
1037
590
562
607
563
977
620
620
611
599
1078
609
570
598
589
991
616
587
623
592
989
616
580
628
603
928
621
605
617
592
937
612
618
632
623
1003
639
630
584
580
923
731
624
623
583
954
872
586
567
578
920
565
566
604
570
1009
634
618
621
587
973
570
547
590
583
944
577
632
626
592
1036
596
568
560
622
1000
594
604
618
649
1022
584
683
627
657
963
628
586
610
616
1010
621
593
594
637
1023
615
637
572
645
926
560
566
564
633
971
567
634
863
567
914
559
593
599
601
1003
614
624
557
585
932
577
627
624
719
1024
564
577
606
602
968
561
626
735
611
1075
592
607
615
603
992
607
635
580
603
950
611
656
602
630
984
592
619
597
655
980
611
662
599
652
960
611
605
646
594
951
578
562
620
623
1241
613
624
596
591
933
643
604
541
571
955
571
557
600
575
997
564
566
575
571
997
630
599
625
653
1074
587
572
593
580
906
534
579
546
588
924
629
723
602
607
984
600
594
584
629
948
539
547
597
532
924
643
711
658
650
1030
570
568
600
603
985
621
632
653
625
1033
696
1001
605
571
1021
616
623
586
605
906
557
656
617
614
977
647
602
548
561
922
619
553
607
569
896
623
605
646
603
959
638
594
579
624
959
596
634
584
575
1065
619
595
668
615
973
569
577
560
596
945
591
574
564
589
1049
607
620
582
619
1035
665
639
652
616
963
706
634
664
659
1267
665
625
621
601
1016
625
622
614
586
1004
608
682
599
589
974
581
624
639
589
952
640
648
642
589
985
584
659
643
625
954
691
608
670
629
963
594
631
655
616
987
587
680
604
584
1061
611
641
636
640
982
662
614
625
577
958
591
666
599
616
1021
639
688
616
591
971
972
611
614
679
962
586
598
601
603
970
603
574
592
571
948
564
564
567
635
932
592
573
551
579
999
576
658
625
630
941
613
601
619
584
961
633
638
699
564
928
599
594
620
669
963
614
614
619
641
956
675
634
626
642
963
646
605
617
668
1053
630
633
652
687
1038
656
926
602
669
986
591
587
621
649
975
583
603
573
634
960
604
591
625
665
975
643
636
617
639
954
614
576
676
620
979
625
600
662
600
952
625
688
641
680
975
632
660
642
729
964
640
645
650
606
957
612
658
617
631
951
573
672
644
632
973
592
684
649
591
1007
957
654
610
592
981
649
611
624
647
945
651
596
618
659
990
677
594
585
608
1049
641
605
662
637
1026
648
605
591
615
988
596
604
583
697
1032
630
629
619
602
1037
687
603
642
625
983
681
646
643
654
987
645
637
635
595
1073
663
745
632
630
1418
602
661
621
613
986
908
614
686
617
979
599
612
667
591
938
561
587
673
636
990
594
624
671
596
945
635
634
729
631
977
588
594
616
586
958
535
599
595
553
941
576
680
695
621
1011
622
610
679
617
996
618
614
595
685
1040
648
588
617
592
1017
566
585
575
645
926
698
638
589
652
1229
590
636
565
591
972
595
586
657
607
985
597
598
644
612
964
682
636
602
649
949
627
582
587
606
986
638
611
580
586
1096
600
612
559
613
978
608
692
591
584
1015
573
556
582
551
974
608
540
567
602
970
657
605
599
628
963
650
558
593
568
928
678
645
632
598
3371
678
615
622
637
1007
624
579
612
597
1010
652
650
630
642
1106
613
624
601
646
1028
607
662
632
650
1050
581
592
575
619
953
565
658
681
676
969
608
624
580
593
1039
595
570
570
567
1008
573
650
610
619
1078
681
672
650
638
1006
629
575
565
563
984
695
1019
616
594
1018
624
619
604
622
963
690
602
626
662
973
701
619
632
616
996
692
688
606
597
986
597
606
612
574
943
672
619
681
601
967
588
607
642
683
964
639
671
640
605
984
591
595
552
588
1016
630
593
621
647
1047
642
635
590
630
993
670
649
610
588
1307
634
680
569
586
928
590
592
606
623
1011
603
641
622
641
1010
608
605
651
619
1010
614
617
674
602
978
606
600
705
603
966
577
633
655
650
1002
603
600
633
663
988
587
564
548
575
1001
555
572
623
612
933
628
610
613
573
950
552
615
587
634
1001
655
623
956
643
974
597
618
620
606
968
592
630
621
599
1031
577
587
589
593
1060
600
584
596
623
926
621
605
607
573
935
606
628
611
614
946
561
629
633
554
956
572
591
632
569
945
598
580
651
572
1008
571
599
656
616
972
613
601
626
614
961
582
592
619
616
970
565
574
581
617
1230
578
564
577
615
1026
567
607
580
581
1020
579
537
516
548
902
551
684
642
581
1040
619
579
585
602
964
556
579
766
596
1014
653
585
586
615
1003
658
684
583
559
970
553
642
615
558
972
633
601
664
657
969
627
604
593
633
1053
623
593
615
599
1021
626
662
632
608
1879
692
631
661
660
1055
647
650
676
651
1020
668
689
634
588
931
591
615
628
593
920
584
550
622
624
964
610
573
618
691
1022
599
630
665
614
973
606
602
660
666
1034
593
594
625
621
974
599
607
612
632
997
652
631
662
624
976
608
665
645
628
1286
639
662
676
630
975
614
635
603
625
997
621
623
578
586
902
666
605
610
635
1078
636
600
609
579
1035
588
632
589
666
994
584
624
633
639
1017
605
630
685
644
1033
577
677
614
619
987
659
632
590
611
1033
626
618
646
673
998
695
649
688
621
994
597
599
623
869
937
563
612
564
561
985
587
605
627
610
973
597
642
655
598
977
593
620
713
610
1008
598
638
698
694
1000
620
596
615
613
1009
601
605
602
648
989
602
553
584
599
1021
613
624
603
601
1120
600
618
623
601
1045
623
613
613
636
1042
613
613
579
641
1001
966
629
647
601
960
603
593
599
622
1040
586
625
607
624
1082
626
627
620
661
970
557
563
600
729
1018
607
638
639
622
1079
638
634
654
630
963
661
610
601
645
985
625
635
619
595
994
588
631
691
694
987
625
662
649
684
1005
590
625
649
706
1007
670
639
953
665
1014
636
620
648
590
1012
561
569
569
606
1043
646
619
605
598
1080
613
643
641
642
1083
618
649
618
654
1036
594
677
696
630
1067
626
622
609
616
1048
608
609
603
627
1017
632
642
639
700
1008
601
595
611
676
1014
580
606
599
649
937
610
638
683
644
1289
590
629
579
613
957
672
634
614
639
1050
618
595
600
620
1041
674
605
619
633
975
691
625
626
587
995
680
616
673
630
1030
656
594
618
632
1028
655
646
604
609
969
610
647
622
602
1067
637
624
672
648
1095
661
631
666
611
1143
632
654
652
652
1070
3080
618
603
671
1010
601
644
629
710
983
632
609
689
622
1018
610
682
648
632
1011
644
700
635
684
1046
655
608
592
609
1113
564
617
583
628
1039
600
621
629
616
933
566
612
593
566
951
629
624
641
636
1112
581
618
583
635
1030
598
621
650
661
1053
657
617
1035
662
1009
634
656
665
614
1053
624
607
601
687
1003
602
634
708
698
996
624
604
662
623
948
582
670
644
615
1008
591
680
672
648
1073
651
628
603
584
988
633
583
604
644
1058
631
599
606
657
1031
627
625
617
702
1037
649
665
627
696
970
637
615
660
656
1286
660
617
672
671
1000
625
628
671
610
1060
591
685
666
644
963
630
702
626
634
1006
669
653
599
612
1030
619
609
610
586
1038
602
628
616
667
970
634
662
646
643
1006
626
661
644
610
1009
662
642
574
607
1061
699
640
670
648
1003
628
624
671
617
1034
921
705
660
614
1011
671
575
575
586
1042
589
640
597
660
1039
632
666
657
644
1027
712
616
638
737
1081
644
624
655
632
1042
592
702
674
697
1121
652
623
622
627
1071
624
600
609
641
981
574
573
616
547
938
662
691
632
668
1023
690
615
661
620
1074
657
682
636
940
1037
598
594
646
649
981
616
609
683
671
1015
603
708
658
619
1046
624
618
707
634
1011
605
629
600
600
937
611
612
671
664
1017
645
624
641
620
952
612
583
612
695
1000
626
658
655
650
1018
654
633
602
602
1039
633
560
563
625
1105
681
600
600
613
1080
935
607
601
634
1030
671
634
634
688
1057
683
637
619
650
991
656
604
562
640
1059
757
604
636
609
1061
660
613
614
622
1091
706
627
625
608
1057
660
601
589
584
999
622
636
602
597
1107
638
620
619
620
1058
632
641
658
685
1027
713
620
713
697
1001
602
688
1009
578
951
600
624
620
612
976
688
615
574
563
1009
597
621
646
584
990
609
622
646
665
971
591
636
715
617
1009
680
825
635
661
1047
626
621
576
581
1028
575
612
684
675
981
710
689
656
654
997
710
636
660
658
1111
643
626
644
670
1003
586
595
646
687
1265
629
703
701
662
1020
622
608
619
700
975
591
613
614
706
1037
617
637
604
637
1089
654
604
562
641
988
631
595
737
645
1005
644
687
639
626
1065
615
697
662
647
1006
613
624
675
643
1042
640
626
633
702
1002
648
615
635
684
1032
653
648
612
671
1107
628
671
944
709
1061
683
655
602
687
1082
616
627
610
645
1147
654
612
648
669
1150
638
603
632
640
1086
658
624
620
715
1011
624
626
633
673
1033
632
640
677
746
1029
618
682
695
667
1068
616
631
693
627
1044
637
695
628
669
992
679
628
599
638
944
684
604
595
569
1461
637
633
649
647
1067
648
650
648
687
1018
613
620
721
640
1023
630
676
675
652
1020
683
655
625
614
1159
611
597
599
667
1028
618
689
667
605
1013
696
644
610
610
1088
628
732
621
636
1122
631
644
611
634
1027
605
556
603
624
1110
634
606
647
607
1047
589
636
642
924
1123
661
624
628
668
1036
689
652
619
614
1010
727
700
670
649
1002
640
710
659
626
985
661
598
676
689
977
624
636
619
652
1165
683
624
596
628
1038
674
589
624
622
995
584
657
613
623
1006
633
666
694
632
1003
581
591
599
653
981
633
615
647
634
1126
971
664
609
610
1130
633
648
659
650
1074
658
661
614
611
958
625
641
626
652
1023
680
727
613
701
1002
611
634
583
595
999
657
700
656
667
1067
634
723
676
655
1055
690
735
621
649
1025
618
706
644
649
1001
697
758
617
603
1046
650
670
655
651
1020
729
643
631
685
1416
660
604
650
618
1098
695
650
617
588
1093
594
594
614
643
1105
638
644
642
712
1040
645
649
707
680
999
626
731
621
638
1113
636
678
632
627
1049
630
646
734
688
1085
678
678
629
746
1144
671
642
661
621
1038
706
630
617
685
1089
650
638
719
682
1039
636
4795
646
648
1069
625
674
638
669
1016
680
702
703
663
1004
643
716
661
698
1087
630
626
646
652
1128
640
657
655
638
989
640
686
637
644
1002
656
734
736
684
1008
678
639
645
716
1099
598
624
617
611
1013
634
661
665
671
1008
641
667
727
652
1058
623
660
654
755
1563
600
657
624
604
1003
710
649
662
605
1001
645
739
666
613
1046
638
651
708
733
1011
678
662
619
629
1160
643
663
693
650
1107
707
655
628
637
1015
696
695
661
672
1023
636
704
670
643
1045
672
638
710
661
1036
686
617
651
743
1011
649
656
647
684
1082
624
647
671
958
1129
615
601
644
640
1135
662
638
612
608
1102
653
624
649
624
1046
653
633
685
725
1155
670
635
620
641
1110
674
612
663
601
1054
642
670
619
642
1099
671
650
717
646
1119
635
668
661
630
1126
666
619
636
663
1077
682
636
707
717
1039
671
612
647
709
1040
644
927
623
630
1109
664
649
642
588
995
696
594
610
679
1003
719
681
635
675
1047
657
727
631
656
1027
637
699
788
651
1070
614
671
769
640
1062
634
621
749
677
1006
619
644
664
682
1011
669
674
684
667
1051
640
616
651
670
934
587
578
667
642
1006
625
608
720
674
1304
615
663
743
635
1008
612
622
654
640
942
618
663
660
781
1083
647
656
621
708
1108
660
635
682
702
1071
632
618
624
712
1176
633
613
612
679
1063
657
655
638
709
1080
617
634
624
683
1044
625
609
635
694
1075
623
634
700
681
1029
640
627
719
619
963
577
626
668
912
1007
616
705
637
633
961
665
619
626
643
1104
681
629
624
640
1075
685
624
613
606
1008
725
694
624
657
1014
676
652
621
617
996
675
664
677
649
1032
593
638
707
695
1021
614
576
574
599
1180
632
625
650
657
1022
694
719
657
623
1052
588
633
671
610
993
644
653
915
668
1155
663
639
607
613
1031
697
619
646
615
1048
622
703
645
602
973
593
618
689
696
1048
607
660
632
707
1032
609
611
629
651
1152
653
636
749
618
1109
676
644
638
632
1065
699
617
619
627
1000
698
680
643
609
1041
617
712
701
649
1063
629
715
690
649
1023
632
917
766
655
1001
648
609
777
678
1036
629
634
716
697
1006
646
656
706
651
1072
626
605
725
641
1075
615
661
702
678
1093
660
658
749
659
1033
788
718
674
632
1027
610
733
674
619
1026
687
738
629
679
1081
746
655
645
651
1168
650
616
674
632
1153
623
626
637
756
1380
624
643
640
739
1024
676
630
749
642
1027
645
750
625
622
996
674
674
668
629
1052
719
673
642
649
1117
708
612
582
572
1103
603
671
621
653
1115
619
591
606
672
1030
579
593
721
646
1021
634
689
682
640
1036
674
745
671
710
1127
735
689
613
649
1073
706
739
649
644
1367
636
720
655
662
1016
635
645
724
716
1022
602
667
632
727
1142
667
630
665
635
1092
702
704
630
638
1044
262
299
304
300
731
262
276
279
328
849
345
265
277
301
684
335
373
389
307
675
291
289
300
280
851
355
358
265
288
671
292
359
340
375
824
297
332
293
297
770
351
345
375
303
697
277
267
277
377
849
411
340
303
308
673
276
308
302
352
804
356
349
303
271
659
290
287
264
368
807
350
361
317
280
688
280
289
279
284
829
393
376
383
339
683
289
267
272
302
1066
743
724
702
700
1110
642
685
652
629
1061
1063
640
708
679
1134
714
651
644
659
1049
639
603
649
676
1137
715
714
688
669
1030
631
646
697
653
1070
627
711
779
718
1135
650
633
657
696
1037
665
685
611
738
1188
662
638
645
610
1065
645
638
633
739
1187
697
708
663
626
1023
656
671
671
648
1096
708
730
700
664
1383
660
638
634
647
1032
729
737
756
697
1066
626
656
698
648
1049
669
671
788
663
993
659
637
647
627
1057
725
744
708
698
1079
648
766
665
635
994
751
724
682
696
1053
688
663
630
625
1115
714
743
669
646
1072
643
636
654
659
1220
716
698
643
653
1062
666
628
993
711
1187
708
620
650
648
1030
628
633
724
739
1076
651
659
646
641
1045
697
714
749
699
1095
723
684
669
662
1144
730
698
677
624
1047
633
636
621
739
1121
674
646
611
647
1044
687
736
688
686
1069
647
648
664
658
1206
683
715
661
664
1109
662
692
723
705
1081
974
661
669
660
1174
735
669
634
640
1070
658
707
695
749
1052
648
635
675
644
1172
721
677
651
621
1001
633
731
671
598
1001
610
586
626
695
1153
591
583
597
617
1034
754
682
643
620
1059
640
664
777
691
1066
637
655
663
706
1151
649
614
622
642
1068
775
652
627
650
1404
632
707
741
631
1060
640
637
719
726
1100
645
647
626
623
1159
650
616
632
597
1051
696
681
637
664
1026
735
721
647
672
1124
653
731
707
641
1120
661
648
716
652
997
643
637
696
771
1064
668
635
647
767
1163
648
625
688
694
1113
644
701
646
661
1159
611
617
5870
646
1186
675
685
670
640
1165
680
662
688
681
1181
718
613
673
651
1172
678
667
658
639
1201
706
681
623
660
1136
685
678
769
656
1176
668
655
660
718
1086
659
645
665
711
1085
640
664
718
693
1023
616
610
683
681
1123
727
703
672
666
1035
754
683
638
618
1561
709
598
601
624
1152
679
648
658
685
1124
680
687
662
737
1095
685
660
682
755
1186
688
654
689
669
1251
673
703
675
675
1217
788
642
661
658
1224
663
671
654
669
1121
672
652
659
756
1075
631
656
653
732
1121
640
634
609
702
1066
637
630
689
696
1042
676
672
1088
695
1036
675
720
698
663
1069
674
732
718
682
1065
702
715
663
644
1129
696
602
600
612
1113
733
659
638
657
1171
668
647
673
668
1152
645
656
654
683
1053
642
603
652
726
1089
673
660
696
691
1015
646
671
717
680
1038
665
748
652
697
1081
741
669
652
622
1161
986
648
648
649
1191
655
654
692
753
1080
685
684
727
712
1084
634
667
770
680
1057
649
686
756
694
1018
640
648
639
743
1136
663
655
625
661
1092
728
699
650
623
1072
663
657
723
711
1081
659
665
700
646
1064
709
744
714
713
1083
666
638
657
696
1144
742
706
667
651
1331
659
655
700
748
1144
678
672
641
673
1051
762
796
682
652
1066
648
664
727
723
1117
1730
698
725
735
1223
732
791
723
737
1140
717
717
693
726
1202
775
712
698
768
1203
796
778
842
760
1195
734
710
744
732
1109
699
707
644
682
1099
1014
709
663
676
1059
699
702
720
704
1095
654
632
661
732
1129
626
635
640
645
1161
733
671
676
767
1039
628
711
731
678
1047
686
679
742
711
1034
647
646
661
769
1136
675
686
648
636
1148
767
636
677
650
1062
768
717
670
649
1084
666
782
747
681
1065
673
717
743
975
1075
671
634
771
712
1065
638
683
667
700
1138
640
647
623
743
1071
651
679
659
672
1037
633
620
648
675
1192
638
643
668
654
1195
650
682
683
630
1197
650
646
685
644
1162
662
675
645
681
1121
628
645
649
650
1086
650
685
652
717
1111
637
644
724
724
1351
662
627
711
673
1058
646
734
716
663
1052
689
795
678
675
1057
683
679
688
682
1133
727
678
656
683
1177
695
632
652
708
1103
647
674
708
737
1024
634
720
669
639
1050
627
769
706
654
1077
800
736
657
658
1075
671
775
694
669
1125
667
703
714
732
1059
680
686
1028
709
1064
674
674
703
718
1114
676
686
684
738
1105
634
655
643
670
1108
668
660
708
684
1312
647
665
650
659
1204
657
660
615
643
1175
662
673
692
660
1228
687
688
636
667
1197
744
662
699
712
1213
644
662
642
680
1083
607
642
655
742
1063
678
676
668
760
1393
661
667
702
711
1043
675
745
719
636
1041
697
753
728
663
1018
730
754
695
673
1171
700
603
647
650
1164
601
621
636
680
1042
601
633
726
683
1045
668
699
711
663
1034
779
673
666
658
1197
710
672
686
718
1070
641
612
683
650
1029
686
669
641
641
1012
763
655
638
927
1151
657
671
640
755
1108
654
673
727
702
1009
623
613
716
656
1041
616
654
683
754
1088
652
663
643
630
1054
650
681
661
750
1124
635
682
685
667
1154
697
660
673
648
1185
699
635
665
660
1110
659
649
661
657
1034
785
734
624
664
1021
763
716
660
644
1077
998
803
711
665
1084
715
744
641
633
1057
683
696
640
639
1083
739
692
662
648
1053
752
736
661
656
1045
782
690
630
684
1127
696
672
656
637
1217
679
651
659
660
1153
611
623
598
660
1158
616
658
626
782
1092
660
657
766
653
1128
718
691
693
646
1016
713
701
633
654
1371
696
651
646
647
1140
635
635
644
770
1109
679
668
746
680
1060
663
766
646
648
1044
740
750
701
640
1047
755
710
657
653
1078
745
708
669
662
1052
798
693
692
633
1121
738
651
648
633
1034
626
647
655
662
1162
659
615
631
642
1165
725
682
673
608
1083
620
657
949
666
1103
765
684
663
679
1205
717
664
659
660
1141
700
705
659
658
1230
668
677
654
675
1297
636
641
628
735
1099
682
660
708
747
1072
656
668
751
682
1010
608
665
693
644
1082
718
731
653
637
1096
737
685
669
686
1194
710
680
699
713
1184
679
623
670
713
1007
929
682
660
641
1076
757
670
656
650
1165
703
683
625
747
1025
609
677
770
681
1027
638
669
645
619
1087
659
615
626
667
1075
651
630
669
740
1064
652
642
682
704
1070
663
744
736
696
1041
656
773
744
653
1059
789
711
703
672
1054
740
671
675
625
1096
771
722
674
655
1322
705
646
622
639
1044
686
677
687
653
1048
673
747
739
669
1066
681
699
739
701
1067
631
690
701
658
1079
660
672
665
794
1027
605
655
669
711
1102
655
642
716
720
1125
652
684
719
807
1062
678
670
747
772
1064
672
663
732
749
1089
668
666
753
690
1065
664
708
765
984
1048
659
735
704
683
1047
710
702
683
665
1041
752
715
674
688
1144
718
684
648
665
1195
690
634
680
755
1087
626
627
661
653
995
605
661
734
686
1032
661
685
697
651
1065
663
714
651
649
1085
700
773
705
647
1115
767
686
681
677
1149
727
673
713
673
1247
645
673
973
719
1123
698
677
752
714
1070
633
669
754
701
1078
695
694
754
717
1097
648
728
703
689
1039
670
750
658
648
1047
666
736
688
608
1071
725
789
686
638
1026
713
774
685
620
1038
731
768
640
672
1033
742
670
661
662
1141
738
656
691
635
1101
690
620
648
612
1185
684
5716
661
713
1172
679
674
669
723
1071
645
679
743
681
1062
665
681
685
665
1016
739
667
649
644
1257
715
655
657
661
1183
638
685
692
713
1111
648
661
782
682
1061
732
699
740
689
1139
662
612
659
702
1110
653
681
750
739
1068
626
645
701
725
1084
678
676
655
700
1797
635
626
642
646
1140
656
651
660
666
1121
619
637
667
655
1085
741
779
729
674
1094
677
780
731
643
1071
690
758
757
731
1116
679
713
729
708
1065
651
684
746
719
1097
672
697
768
713
1139
668
685
734
756
1076
676
739
752
673
1048
654
766
695
636
1031
630
708
733
923
1026
719
713
693
649
1009
694
708
685
687
1129
733
650
683
674
1172
662
652
696
671
1209
749
668
683
651
1145
735
720
688
675
1260
712
665
645
643
1130
613
656
668
660
1148
770
672
688
735
1151
649
680
692
719
1179
677
671
723
733
1118
658
719
740
669
1045
989
710
652
636
1049
709
674
641
666
1248
730
671
683
663
1124
647
636
698
673
992
607
657
695
652
1122
666
775
708
702
1112
685
752
791
681
1087
691
780
724
658
1127
684
767
736
731
1121
643
779
711
662
1113
618
785
711
646
1028
662
720
688
633
1083
762
698
697
655
1400
798
701
690
653
1206
724
672
712
632
1216
641
627
676
796
1100
644
675
689
778
1098
678
670
676
693
1272
679
652
663
634
1139
669
616
634
648
1157
699
610
616
617
1145
715
675
650
628
1186
707
662
656
662
1221
718
677
671
711
1211
790
655
704
690
1163
1046
653
700
637
1140
685
675
668
675
1128
654
640
628
631
1241
722
681
693
694
1114
656
655
742
778
1119
632
632
751
669
1052
650
667
706
661
1055
754
739
692
705
1061
730
662
661
724
1206
720
650
672
656
1197
696
661
651
716
1234
711
690
647
658
1138
799
722
662
950
1100
776
765
734
668
1125
700
798
815
650
1101
660
686
756
757
1098
684
666
699
645
1029
654
680
744
747
1112
622
650
736
711
1035
626
657
675
721
1089
677
664
712
805
1226
643
615
664
784
1070
673
710
683
765
1055
603
669
688
714
1043
676
714
713
729
1088
990
714
756
731
1087
647
798
734
655
1104
707
758
685
678
1074
762
755
708
621
1023
609
703
744
681
1078
674
649
774
734
1108
668
677
684
750
1195
650
667
652
699
1234
721
685
675
677
1165
734
703
682
692
1089
780
763
653
660
1060
648
805
753
675
1092
673
771
756
982
1115
658
721
761
685
1128
696
642
783
755
1060
680
662
759
742
1067
672
694
671
766
1167
677
674
667
691
1275
720
695
678
698
1215
764
669
672
672
1182
777
704
696
676
1084
775
705
631
647
1083
677
707
712
674
1112
745
757
720
673
1105
718
756
719
674
1095
1009
748
729
696
1093
740
681
721
666
1024
706
744
650
643
1067
786
725
733
648
1088
760
727
674
684
1178
731
699
683
663
1171
748
680
711
665
1265
649
652
662
709
1167
663
666
696
752
1072
670
685
806
725
1074
697
769
765
694
1080
735
713
662
636
1137
787
695
658
735
1449
678
689
783
792
1097
698
752
741
698
1122
772
730
639
642
1153
648
675
596
725
1082
717
770
736
698
1155
706
750
677
687
1142
751
768
697
636
1095
769
674
656
623
1139
723
682
656
673
1203
744
645
671
684
1289
679
648
661
752
1134
671
675
736
794
1130
703
944
715
747
1088
659
671
759
733
1137
686
667
685
656
1107
650
690
698
768
1220
678
690
678
800
1106
681
691
698
778
1111
681
684
660
782
1173
666
700
696
699
1158
682
685
675
738
1268
727
673
688
664
1252
728
677
680
670
1170
723
671
644
703
1069
725
769
753
685
1396
679
728
707
681
1075
643
817
734
660
1068
662
763
776
676
1062
645
808
790
623
1074
685
730
699
762
1120
682
709
737
728
1139
709
681
713
751
1145
674
677
683
688
1232
772
671
654
702
1297
681
661
697
683
1268
737
699
683
683
1103
797
755
671
701
1106
747
697
704
964
1105
661
796
732
660
1102
656
678
729
770
1143
633
683
687
766
1341
651
675
699
693
1214
788
718
674
678
1137
861
753
705
668
1068
703
759
720
692
1102
666
748
799
738
1094
686
676
750
738
1042
652
645
679
778
1109
684
692
742
771
1150
681
698
701
788
1134
961
668
668
673
1094
684
658
700
770
1174
678
693
679
760
1135
637
631
647
707
1162
731
696
696
786
1140
710
671
731
777
1100
647
608
691
655
1045
695
736
738
734
1077
756
810
762
700
1104
771
802
689
665
1214
751
770
695
688
1244
745
681
673
739
1168
703
714
748
1076
1124
647
774
750
715
1128
741
805
729
673
1125
765
678
661
642
1038
719
728
758
722
1074
702
839
759
647
1126
647
773
755
742
1098
687
713
662
795
1273
677
758
707
687
1353
733
698
653
697
1095
784
769
693
679
1046
660
786
769
662
1073
675
700
791
806
1112
983
665
671
777
1161
660
654
686
710
1174
728
673
700
683
1241
736
663
687
689
1232
724
723
721
736
1198
786
724
692
672
1166
736
785
745
746
1131
808
768
677
672
1061
818
734
663
737
1099
692
701
771
704
1104
703
764
778
700
1075
642
680
733
755
1053
665
661
762
1097
1098
658
642
709
767
1143
698
690
704
769
1131
707
686
675
756
1184
652
657
674
738
1162
659
678
720
770
1115
657
756
726
764
1133
656
680
670
748
1245
667
673
661
661
1226
804
720
701
690
1049
755
784
732
673
1062
623
702
765
785
1152
676
677
680
731
1210
697
966
650
686
1185
708
707
695
663
1183
783
786
682
701
1103
744
772
754
694
1099
683
712
797
734
1127
671
684
764
805
1067
734
663
712
756
1189
632
649
680
756
1169
662
674
685
756
1139
672
646
662
755
1227
662
680
664
761
1264
700
684
695
711
1221
646
657
668
714
8869
693
737
734
768
1173
671
702
705
775
1041
676
633
703
717
1154
682
700
758
786
1209
691
699
777
740
1145
649
834
716
650
1094
748
751
709
699
1199
803
659
688
708
1287
716
660
624
709
1075
661
698
747
783
1090
723
742
790
696
1117
743
756
720
700
1209
772
672
1322
768
1226
696
715
714
752
1092
678
745
840
699
1115
717
768
719
665
1081
762
736
722
702
1119
787
756
670
640
1201
739
750
667
666
1267
768
683
677
699
1334
678
653
670
807
1148
648
659
659
761
1302
673
676
667
712
1243
772
688
679
688
1145
791
802
647
690
1371
680
767
753
759
1035
680
671
762
764
1346
714
687
712
691
1275
741
700
684
687
1160
708
778
790
756
1077
676
699
755
763
1175
675
654
684
732
1275
780
667
690
694
1211
798
738
695
660
1193
854
767
710
694
1077
684
790
755
704
1057
651
684
763
768
1108
692
688
763
1044
1114
677
679
666
819
1183
696
725
734
834
1247
655
673
689
769
1281
727
662
674
707
1199
778
773
832
715
1131
742
768
796
680
1244
683
677
744
700
3323
760
742
788
801
1300
746
781
776
807
1256
774
797
759
818
1304
712
741
723
743
1268
806
790
1099
809
1304
768
763
775
734
1196
742
796
776
758
1228
774
794
803
832
1248
762
881
795
800
1316
728
703
766
759
1114
676
688
716
776
1161
689
667
779
758
1173
691
679
758
804
1134
713
673
756
724
1111
659
754
721
652
1057
685
757
755
705
1127
686
1056
739
761
1081
662
760
810
688
1131
703
771
790
694
1101
707
805
760
687
1099
655
707
754
806
1083
638
667
800
717
1131
687
671
762
805
1098
639
659
775
829
1076
683
686
731
820
1117
693
652
742
773
1164
711
665
719
766
1159
708
700
749
761
1079
712
679
831
796
1373
676
773
848
703
1118
622
811
731
666
1121
785
833
723
674
1100
745
792
665
683
1188
778
717
677
731
1356
686
731
710
731
1191
619
691
787
748
1109
662
751
776
695
1116
785
783
686
686
1204
779
666
655
685
1355
725
701
728
646
1179
768
670
699
684
1147
746
753
982
694
1173
734
766
704
693
1119
774
747
695
711
1080
800
746
683
686
1104
789
746
685
694
1144
848
771
658
731
1148
726
746
766
705
1104
651
795
759
701
1050
660
755
780
715
1100
711
733
816
730
1117
634
689
762
786
1169
700
717
825
769
1092
698
656
762
750
1106
996
703
746
778
1110
729
778
743
687
1185
684
758
785
690
1107
727
783
736
681
1106
773
751
676
661
1191
754
696
670
671
1161
775
739
684
691
1136
720
697
666
650
1103
726
680
644
647
1164
775
717
697
659
1313
778
685
679
699
1271
726
695
638
715
1245
669
695
698
793
1511
647
662
777
800
1135
683
764
777
759
1165
699
698
785
675
1098
833
777
674
667
1248
736
672
673
765
1164
699
702
792
674
1146
666
671
820
725
1105
692
669
801
791
1127
641
658
727
708
1155
675
713
725
779
1165
713
694
691
714
1308
697
703
735
663
1283
702
1017
684
695
1159
719
783
736
677
1134
762
798
705
673
1084
731
820
772
684
1073
656
808
768
728
1095
691
815
813
736
1115
679
716
736
751
1139
665
732
837
708
1076
673
787
735
705
1112
700
765
829
662
1133
707
821
770
675
1122
754
791
705
626
1032
711
765
621
649
1547
791
744
674
722
1252
784
684
706
807
1245
638
686
638
741
1117
625
675
725
710
1036
633
833
733
714
1097
810
718
695
691
1084
800
798
669
639
1123
759
660
663
654
1175
689
665
684
696
1217
665
705
662
828
1173
676
708
776
775
1096
650
901
704
663
1100
1134
770
712
675
1220
808
658
672
695
1264
775
717
712
694
1248
805
702
715
661
1240
796
704
723
685
1239
811
662
693
714
1268
723
686
712
665
1283
688
664
700
759
1279
661
784
722
810
1186
670
694
759
772
1103
703
670
717
799
1113
719
818
787
687
1166
827
807
1038
650
1208
808
690
717
694
1317
714
691
698
769
1168
636
633
752
695
999
732
844
722
657
1157
729
683
649
676
1293
708
699
659
717
1301
716
696
716
785
1223
683
696
799
752
1103
695
807
758
723
1099
826
758
700
747
1251
774
695
666
698
1228
671
683
679
1174
1162
659
701
695
822
1160
668
689
775
742
1234
687
697
755
835
1173
704
691
723
790
1167
689
691
653
703
1187
687
702
712
716
1267
739
706
669
804
1256
653
658
644
710
1122
664
654
752
766
1228
693
664
773
715
1158
715
673
764
767
1059
692
746
818
753
1473
686
753
788
688
1145
809
798
746
688
1267
837
725
691
698
1280
772
689
694
789
1234
685
688
806
773
1215
687
673
799
798
1120
624
705
765
742
1131
728
748
799
677
1121
756
792
794
726
1157
727
814
754
670
1141
820
776
671
645
1149
752
753
714
720
1666
773
684
715
681
1277
803
683
694
687
1194
770
747
670
721
1259
777
689
703
673
1179
798
736
697
657
1052
773
747
706
715
1124
800
836
705
693
1179
825
717
674
692
1212
810
704
651
694
1238
773
647
660
742
1303
672
639
656
735
1265
758
687
734
838
1551
687
665
765
809
1155
701
760
784
704
1116
745
772
751
712
1164
828
767
709
669
1268
731
671
706
788
1187
644
669
773
736
1139
708
779
732
679
1094
785
709
706
716
1273
713
691
675
767
1179
689
738
667
820
1264
655
673
660
755
1257
714
658
684
736
1606
718
679
671
682
1142
718
669
683
689
1200
722
779
693
654
1152
760
733
690
727
1224
746
685
686
691
1224
772
703
649
668
1238
797
752
697
688
1233
843
738
692
683
1172
842
716
700
698
1391
775
706
714
784
1276
699
687
710
754
1205
670
743
750
794
1127
1044
732
796
728
1200
762
789
703
660
1152
740
697
636
630
1331
746
743
679
780
1145
667
686
746
767
1095
624
780
666
641
1153
747
743
673
677
1307
690
693
686
734
1087
650
723
785
720
1254
741
623
646
684
1222
727
665
880
759
1123
796
752
699
658
1619
697
657
729
819
1191
732
709
788
784
1152
672
702
764
823
1070
657
670
761
705
1126
716
682
777
740
1129
657
725
811
760
1101
693
715
747
781
1208
657
706
664
799
1341
722
714
702
750
1306
735
700
671
734
1325
718
730
695
725
1263
759
704
739
774
1659
700
666
655
733
1300
678
679
680
773
1176
672
620
651
789
1161
705
652
758
804
1171
706
666
767
753
1147
647
719
823
781
1137
719
760
719
705
1128
785
809
678
720
1210
769
729
687
682
1327
709
683
699
724
1340
670
690
705
705
1214
690
634
705
817
1520
697
664
774
771
1158
689
750
765
766
1155
733
803
793
699
1131
792
769
683
706
1324
766
716
688
769
1287
724
730
775
796
1128
710
799
780
755
1220
709
763
716
719
1104
669
730
732
782
1158
710
771
786
714
1106
735
803
762
681
1135
763
723
737
1104
1092
868
809
704
669
1235
721
710
640
668
1210
826
720
722
780
1303
688
700
696
866
1150
659
718
752
787
1119
706
803
816
681
1138
786
817
699
709
1263
796
722
708
745
1423
680
695
759
894
1174
697
759
811
723
1107
798
742
699
668
1355
690
726
1063
811
1151
712
830
782
749
1163
778
805
703
706
1131
782
829
676
727
1105
795
767
727
720
1310
772
735
713
688
1344
797
716
699
711
1318
733
720
690
783
1345
697
699
762
770
1324
730
757
715
747
1320
757
714
693
742
1371
682
689
729
739
1176
706
9529
700
655
1349
812
668
697
706
1168
911
695
697
810
1329
715
703
707
898
1208
690
733
786
801
1168
685
748
809
842
1183
719
694
696
846
1234
695
707
705
761
1244
777
666
698
708
1273
780
776
668
724
1126
725
709
711
730
1185
696
796
811
792
1216
694
1514
855
876
1160
708
704
768
784
1189
702
659
694
787
1243
686
637
651
723
1284
727
690
703
738
1285
756
697
712
726
1382
795
713
685
746
1442
697
708
712
774
1305
687
705
695
753
1323
714
671
721
779
1139
680
675
735
799
1189
692
675
705
766
1650
737
710
711
799
1327
742
706
699
776
1420
729
717
714
734
1273
777
712
662
757
1252
743
679
638
768
1148
682
776
719
789
1240
744
683
753
795
1186
705
665
779
786
1103
744
796
802
767
1142
702
826
795
724
1145
829
778
727
722
1228
771
746
716
668
1665
733
684
701
844
1144
664
693
751
708
1082
711
814
788
656
1093
769
809
736
672
1300
827
721
773
774
1217
709
730
830
710
1124
1665
766
767
731
1344
826
781
770
792
1232
765
797
821
805
1248
741
853
770
809
1282
784
855
831
875
1658
834
809
782
839
1384
798
772
767
797
1344
857
684
729
841
1195
700
659
705
777
1217
694
687
763
809
1210
657
695
783
794
1183
662
674
825
769
1153
702
739
781
807
1133
663
853
844
741
1128
750
792
741
710
1266
722
757
711
702
1299
755
694
673
970
1208
690
680
783
789
1145
651
759
799
726
1121
750
791
760
708
1290
827
730
710
731
1283
718
664
742
828
1125
697
818
756
713
1216
817
749
694
721
1349
635
712
793
798
1156
748
768
750
688
1202
798
711
697
728
1223
808
785
683
730
1292
762
670
1002
807
1263
701
717
736
812
1221
754
686
828
729
1137
720
763
832
734
1147
836
783
791
702
1302
824
718
722
721
1319
767
686
729
786
1230
690
754
785
753
1114
799
721
675
699
1282
756
734
743
813
1255
701
798
814
736
1083
840
762
711
710
1315
725
1023
826
827
1174
738
824
698
677
1133
710
747
709
770
1151
677
846
733
704
1258
766
724
726
828
1178
665
713
838
790
1199
703
700
841
762
1180
690
736
869
761
1106
662
768
802
793
1145
691
753
877
863
1118
662
791
834
711
1120
684
756
795
736
1117
1105
765
783
715
1218
788
699
650
632
1211
719
685
656
808
1296
700
690
736
782
1248
701
698
850
763
1098
662
751
743
683
1153
793
682
702
698
1350
819
691
730
869
1195
691
759
873
737
1134
826
786
705
673
1251
761
702
709
777
1125
703
759
794
678
1475
728
732
706
736
1259
690
723
828
768
1133
764
730
666
682
1360
682
679
751
753
1158
872
788
695
792
1205
713
809
800
706
1225
738
680
704
850
1225
732
711
644
641
1217
740
706
749
837
1192
706
762
747
717
1259
775
704
731
820
1186
763
818
756
719
1613
806
680
733
863
1199
684
665
803
833
1234
697
732
755
709
1109
697
846
783
748
1127
721
822
804
713
1132
684
772
793
827
1144
668
639
694
686
1149
699
736
757
722
1295
798
706
698
738
1358
703
696
700
713
1309
712
661
666
736
1373
773
718
715
783
1589
681
699
689
776
1282
709
707
730
822
1207
762
747
762
813
1200
692
704
802
814
1147
714
746
799
762
1043
702
753
771
782
1136
842
854
746
687
1334
784
751
738
784
1267
716
694
796
771
1172
723
764
811
744
1188
820
807
717
711
1319
768
704
1033
702
1318
735
644
671
765
1207
699
728
719
738
1337
731
684
698
744
1324
768
726
709
786
1463
699
692
687
800
1362
717
746
697
808
1317
715
749
669
727
1375
800
755
717
691
1391
802
706
685
736
1338
751
670
699
728
1312
741
720
714
716
1378
801
1045
712
691
1274
771
716
710
730
1335
770
726
756
795
1262
763
721
693
775
1246
679
746
750
828
1261
765
735
914
808
1235
666
737
793
744
1112
706
903
771
677
1080
796
805
695
715
1251
850
772
683
789
1331
698
726
745
823
1195
662
809
747
791
1130
1142
858
739
729
1313
767
716
723
807
1206
704
748
846
788
1160
790
759
794
718
1295
768
3873
729
767
1276
832
760
855
813
1334
806
885
768
841
1350
885
787
727
729
1222
742
792
828
691
1163
746
716
725
787
1185
730
785
778
752
1270
775
735
1117
801
1144
793
756
686
794
1270
739
807
801
676
1280
721
714
808
701
1132
789
798
725
695
1304
727
737
833
780
1182
844
785
707
763
1302
727
852
873
718
1295
779
709
771
756
1158
825
854
769
705
1270
776
745
706
727
1246
833
743
725
737
1387
1090
702
724
819
1218
661
756
840
774
1159
719
775
814
747
1125
792
729
666
673
1214
835
775
781
775
1378
668
740
795
839
1196
644
722
789
712
1153
818
725
673
699
1326
777
748
804
830
1153
749
806
744
743
1194
838
801
714
723
1334
795
726
731
812
1580
719
740
836
827
1142
753
812
767
731
1289
875
723
704
767
1358
710
728
836
772
1206
830
797
751
736
1312
781
709
718
824
1395
714
724
743
847
1199
717
709
803
795
1131
773
824
820
742
1207
870
781
733
714
1261
768
652
718
813
1219
719
703
750
1122
1136
667
854
819
715
1284
819
737
778
772
1339
737
687
809
808
1189
746
801
782
736
1182
828
746
717
660
1243
811
688
657
716
1413
820
708
754
791
1296
710
702
716
852
1348
715
684
784
834
1197
737
721
800
794
1154
660
784
731
698
1093
819
855
700
1057
1292
847
758
724
804
1321
716
726
792
856
1204
685
839
839
761
1123
903
831
710
731
1368
743
706
797
754
1252
732
727
818
855
1155
745
753
849
770
1146
745
763
813
725
1154
805
748
675
677
1245
844
736
704
750
1317
720
723
760
776
1214
759
1167
757
764
1095
832
781
709
712
1243
776
725
718
836
1205
765
737
782
827
1133
750
860
787
720
1242
812
858
738
710
1357
871
713
735
768
1373
773
738
764
851
1173
684
802
787
688
1175
859
747
747
717
1336
798
724
744
809
1230
740
811
829
737
1481
841
763
698
735
1321
726
723
842
812
1151
692
832
854
715
1202
883
813
693
740
1380
836
719
776
825
1315
692
721
755
703
1040
870
798
705
685
1304
876
736
745
843
1230
722
821
762
661
1219
820
814
696
791
1287
692
717
821
688
1188
727
708
724
787
1623
719
836
877
753
1327
857
702
730
803
1247
777
833
772
718
1286
652
668
806
707
1122
763
703
722
783
1230
772
788
745
715
1377
758
789
802
720
1290
791
696
832
754
1266
774
771
835
795
1116
817
737
714
800
1298
736
765
805
810
1134
734
837
1099
734
1235
894
776
754
714
1405
797
725
802
869
1221
716
798
828
716
1163
804
770
746
697
1282
699
704
780
796
1131
813
866
748
703
1286
843
711
752
837
1219
712
820
750
710
1287
793
694
664
758
1201
708
702
788
747
1134
751
796
762
714
1333
776
1101
759
773
1235
696
726
718
686
1235
811
726
730
887
1330
730
818
823
768
1333
772
689
797
752
1397
754
728
777
769
1145
711
780
818
847
1152
748
838
760
700
1174
774
797
736
750
1371
795
745
710
765
1181
697
650
789
826
1109
765
833
771
681
1252
1126
725
686
813
1319
733
700
774
818
1163
736
862
800
710
1285
832
714
722
807
1283
746
798
823
763
1228
826
729
675
734
1413
801
715
699
735
1488
759
712
723
897
1182
710
678
778
839
1205
754
688
856
784
1192
716
748
810
774
1072
661
801
857
705
1422
771
761
718
682
1354
892
750
722
692
1386
782
729
732
825
1210
737
770
833
858
1143
830
866
724
770
1302
821
757
731
723
1402
714
695
846
804
1155
725
824
772
720
1244
822
777
691
812
1227
714
723
850
754
1154
856
862
725
728
1435
703
759
897
753
11843
823
867
750
725
1306
746
727
818
784
1105
900
779
704
799
1382
787
706
706
784
1343
830
709
745
745
1244
737
799
841
746
1150
790
772
666
699
1235
842
711
659
839
1208
693
700
814
790
1135
783
756
771
674
1296
815
750
668
837
1279
712
818
846
1677
1172
804
746
681
693
1271
675
716
728
773
1121
847
797
685
723
1346
681
687
812
704
1167
791
725
706
777
1231
705
723
719
775
1137
846
741
670
678
1311
727
697
777
850
1165
738
822
761
699
1261
801
682
744
804
1186
715
815
731
665
1340
792
681
746
1096
1229
834
797
719
772
1336
653
730
802
658
1160
824
768
635
787
1387
719
663
761
800
1171
874
789
736
811
1327
695
811
747
664
1090
774
743
736
723
1284
851
764
724
693
1287
850
736
734
804
1375
723
723
778
821
1197
707
822
799
732
1116
768
835
693
1039
1284
833
719
758
833
1302
733
737
806
795
1170
817
818
779
737
1258
825
750
701
803
1198
707
822
799
801
1182
785
814
715
744
1404
699
691
862
765
1096
690
781
825
688
1318
889
734
716
771
1312
782
727
820
886
1183
802
730
705
680
1334
712
663
673
1114
1225
711
720
766
671
1218
740
731
648
776
1206
706
779
864
697
1259
753
711
661
795
1218
698
820
821
679
1284
872
757
844
863
1158
697
844
793
669
1098
875
804
713
697
1280
801
782
718
717
1400
777
684
688
870
1210
703
729
708
812
1333
754
731
774
1108
1319
737
771
823
827
1308
682
824
811
852
1159
704
857
818
746
1085
728
721
745
676
1270
825
718
744
978
1347
826
717
728
769
1360
731
759
836
862
1195
708
819
923
719
1107
802
852
717
691
1290
801
785
721
865
1201
715
699
807
805
1122
743
830
1033
747
1278
773
693
721
800
1183
682
783
812
690
1262
815
705
730
793
1260
731
826
866
703
1198
855
812
721
699
1160
833
864
712
738
1276
827
812
689
705
1340
811
792
750
748
1292
823
719
713
690
1305
845
807
705
743
1322
847
747
702
716
1365
798
714
1033
757
1454
761
739
754
815
1375
695
710
765
760
1207
687
712
866
805
1210
722
839
833
744
1144
808
810
994
749
1356
873
780
735
821
1381
750
652
705
793
1222
766
815
828
778
1138
792
818
699
708
1250
834
702
704
860
1269
741
764
828
781
1130
851
1028
732
709
1727
721
685
751
752
1062
748
828
725
667
1185
747
670
816
815
1230
695
823
770
711
1127
755
811
775
788
1201
820
796
700
714
1193
807
791
732
789
1376
707
755
762
838
1238
733
785
765
810
1154
879
898
769
712
1385
882
790
698
883
1603
735
722
865
802
1138
842
867
786
720
1273
792
807
706
675
1371
827
750
701
837
1261
723
765
814
829
1274
695
741
782
841
1164
698
788
842
818
1150
754
754
753
677
1303
835
762
720
767
1441
755
739
794
795
1208
690
797
818
784
1176
827
853
714
679
1572
837
714
712
814
1214
692
757
765
748
1122
811
814
685
731
1393
757
742
864
778
1156
838
829
734
710
1362
830
799
713
720
1426
807
774
717
760
1465
818
705
727
737
1434
798
741
701
745
1339
790
753
723
709
1287
854
813
742
766
1154
735
860
814
778
1479
721
758
767
717
1162
699
735
717
710
1411
794
794
760
699
1290
798
807
749
714
1172
809
812
752
716
1159
784
834
885
760
1154
726
841
869
781
1168
826
896
808
794
1081
739
750
829
794
1191
738
786
897
763
1203
726
801
861
779
1223
720
800
798
778
1527
695
764
779
778
1192
738
778
849
761
1127
823
876
854
687
1202
844
859
726
749
1247
865
810
734
727
1419
798
752
698
951
1333
741
720
805
914
1259
738
834
793
829
1133
765
846
799
725
1362
842
892
727
798
1351
810
721
763
863
1250
702
1226
793
678
1145
836
820
719
737
1377
789
739
850
802
1224
743
779
767
679
1183
765
717
722
856
1189
730
812
767
708
1308
804
720
821
781
1314
741
830
842
703
1307
754
734
698
852
1204
755
822
835
686
1273
895
787
733
753
1480
847
711
715
782
1758
732
723
706
810
1360
785
792
711
818
1405
725
745
841
840
1262
692
704
783
767
1374
728
717
826
777
1234
733
692
849
854
1194
710
712
777
840
1288
728
825
897
821
1183
735
856
802
805
1200
1044
804
833
714
1314
839
753
732
670
1335
817
1100
698
781
1319
769
704
788
846
1237
712
780
879
797
1149
805
865
783
707
1151
807
848
841
684
1261
785
832
733
704
1294
885
793
745
840
1477
816
768
704
849
1278
758
695
784
755
1207
692
849
784
806
1179
840
895
685
689
1254
858
778
715
763
1749
736
721
821
750
1166
708
834
814
722
1267
850
861
807
780
2257
731
738
822
830
1170
801
855
787
687
1331
846
717
799
779
1126
671
743
731
664
1357
802
733
745
825
1227
788
834
807
729
1327
740
699
815
800
1188
844
795
741
798
1364
1097
714
899
757
1151
762
815
847
728
1177
709
872
804
804
1196
845
840
719
709
1202
861
848
812
685
1258
809
836
707
683
1449
780
721
708
823
1312
733
711
830
864
1233
722
909
822
751
1238
864
837
761
759
1334
907
800
688
724
1281
768
1085
718
860
1301
695
762
849
797
1143
703
839
761
752
1356
892
773
748
736
1440
781
746
756
799
1203
758
924
816
722
1155
912
779
743
722
1460
769
844
744
826
1246
668
697
821
783
1209
687
913
867
813
1153
864
830
789
704
1125
849
1208
817
715
1273
806
827
715
675
1162
965
807
785
739
1154
766
866
804
749
1176
724
763
919
845
1275
723
715
741
809
1208
736
770
748
782
1315
854
836
799
755
1130
852
813
750
714
1158
756
841
820
860
1240
721
819
794
813
1133
714
798
816
1262
1198
709
757
841
832
1236
728
785
835
824
1188
716
769
855
812
1218
703
831
823
770
1139
653
796
821
792
1228
690
842
856
788
1135
805
907
821
710
1203
842
851
765
717
1361
841
727
701
726
1425
857
734
752
830
1410
682
765
807
868
1703
717
764
805
786
1223
754
840
839
762
1297
830
783
740
746
1425
769
711
773
839
1287
715
838
907
793
1139
881
838
740
746
1380
796
704
803
777
1176
785
727
886
806
1193
786
1091
753
691
1290
781
766
729
717
1334
849
752
752
783
1673
721
845
822
759
1168
931
811
728
730
1400
825
720
825
834
1236
739
834
852
735
1325
891
782
720
5131
1339
879
960
883
849
1363
828
856
838
840
1414
899
790
845
951
1304
772
843
761
754
1302
847
881
824
828
1754
834
813
811
866
1370
840
958
883
970
1342
785
851
857
781
1413
864
823
793
909
1471
834
806
853
896
1550
882
855
862
848
1379
854
843
799
827
1237
755
852
782
719
1301
854
798
748
794
1429
705
723
777
810
1210
1100
869
839
741
1281
864
795
729
924
1249
767
760
810
818
1262
741
776
826
763
1172
945
874
697
741
1362
842
807
745
778
1320
736
821
824
817
1115
813
803
710
734
1284
767
720
717
800
1177
731
835
836
738
1377
828
751
723
830
1290
795
1201
769
730
1188
866
780
758
707
1343
792
754
736
754
1386
740
738
732
736
1371
820
725
715
906
1360
719
748
811
823
1248
699
728
893
763
1208
725
876
827
787
1178
821
888
793
740
1245
948
764
714
728
1401
807
737
717
832
1289
721
710
1200
821
1137
787
814
785
733
1267
805
793
754
777
1467
788
729
861
849
1265
723
893
811
744
1306
852
764
720
808
1321
675
809
816
814
1191
730
782
821
739
1138
836
857
893
730
1207
834
863
710
726
1343
850
815
705
719
1405
743
771
756
823
1705
714
733
869
815
1283
708
836
876
793
1208
786
802
790
701
1323
802
741
744
770
1341
713
729
776
800
1157
960
750
787
725
1271
830
781
738
816
1319
695
709
838
747
1157
844
817
765
769
1356
853
733
824
793
1247
823
778
741
764
1712
776
747
803
753
1245
675
830
771
740
1177
828
833
810
717
1297
827
771
738
696
1317
734
741
696
1044
1324
711
704
815
819
1253
759
838
883
763
1148
838
886
736
809
1394
892
775
782
832
1329
733
827
876
795
1198
805
811
731
746
1385
1121
726
916
805
1217
727
795
1116
777
1146
716
780
830
769
1102
749
800
771
721
1164
872
867
782
731
1350
864
826
711
719
1308
742
688
715
917
1290
720
718
880
850
1224
717
920
864
772
1165
864
821
802
777
1344
833
727
773
799
1273
760
1100
831
828
1153
863
787
750
712
1518
808
736
785
841
1399
779
774
822
812
