0.2537240537240537
0.2733087330873309
0.27326927814732693
0.28223278746258146
0.2852171530346623
0.2917367417871959
0.296043267862226
0.30107739123283167
0.294578706727629
0.2932138450548737
0.29762030671602324
0.2955737968775149
0.29221580532109187
0.2856986151103798
0.2838078216094302
0.2821051793463116
0.28576984928381766
0.2846292182375965
0.28716768404549853
0.28927497705623595
0.2892441072879978
0.2888544447314791
0.2891741408157108
0.2884424485937131
0.2868485352275876
0.2878820881434691
0.28896807098441973
0.28938261630647005
0.2925745468719548
0.2909224042343982
0.29037819462150183
0.29070318775838083
0.2899865170246302
0.2900642974262606
0.2890928281364604
0.2895773570472366
0.2900116674275859
0.2911700324231801
0.2912422449862935
0.29076391818622166
0.28944665417028603
0.2890673567423668
0.2903585587940574
0.29151945969721477
0.2911968265856669
0.2907581491881333
0.29108429896866167
0.29162541093309424
0.29201186067524404
0.29232035312161
0.29159241740915925
0.29117558935270077
0.29076288223468416
0.29040713436933974
0.2908798514139458
0.29235422991803733
0.29239996067250024
0.29283912450756233
0.2922102997499446
0.2927851948671667
0.2937124435058509
0.2931362217605556
0.2931630768623036
0.2935467879742221
0.29372529880668713
0.29352330873830323
0.29367824093410927
0.2933805173785422
0.2940177871489201
0.294087869341646
0.2941629676323554
0.2928737299182486
0.2923386032573068
0.29216570512013035
0.2923106239488314
0.292520377046902
0.2920468940365825
0.29274365039543165
0.2933770512427366
0.29373985822871296
0.29379001525851295
0.2938343974128856
0.2938343096985613
0.2931201442943842
0.2928407073828151
0.29287823331095375
0.29328880611392977
0.2935545538554871
0.29255609259375503
0.2921440837523017
0.2920003546607193
0.29103137500927556
0.2906825749537899
0.29103968206814146
0.29129648136173325
0.29152463498342157
0.2919335546472729
0.29282408726315057
