65,1,130,4
69,3,121,7
59,4,135,2
70,0,125,5
61,5,134,0
66,2,131,1
68,2,124,6
68,2,128,2
61,2,131,6
75,1,121,3
65,3,129,3
53,4,140,3
65,0,123,12
73,4,119,4
60,1,133,6
66,4,125,5
66,2,129,3
61,2,130,7
66,2,126,6
68,0,130,2
70,2,128,0
58,2,135,5
58,2,137,3
77,2,118,3
59,0,138,3
67,2,128,3
68,1,126,5
61,3,131,5
72,0,127,1
65,1,132,2
73,3,124,0
61,2,132,5
63,1,134,2
56,1,137,6
63,2,130,5
70,4,126,0
63,2,130,5
77,3,118,2
80,1,117,2
73,3,121,3
65,6,124,5
60,0,134,6
59,3,131,7
69,4,126,1
63,5,130,2
64,1,129,6
62,4,131,3
55,1,135,9
65,3,129,3
62,0,127,11
61,2,131,6
69,3,123,5
68,0,130,2
62,3,132,3
71,5,122,2
65,1,130,4
67,1,127,5
75,1,123,1
60,1,138,1
64,1,133,2
71,4,122,3
69,2,126,4
65,1,135,0
70,1,126,4
63,2,133,3
62,2,136,1
52,1,143,5
65,4,128,4
55,2,141,3
65,0,132,3
61,0,133,6
69,2,124,5
68,1,127,4
79,4,117,0
72,1,121,6
67,1,124,8
73,3,120,4
61,0,130,9
72,1,122,4
73,3,116,7
62,3,127,7
59,0,140,0
74,4,119,2
75,2,119,3
62,1,133,3
74,1,120,4
74,2,124,0
59,0,139,2
70,4,122,4
71,2,122,5
77,2,115,6
71,1,124,4
75,1,123,1
63,2,134,1
75,3,120,2
48,6,142,4
67,4,126,3
59,1,135,5
62,3,132,3
70,1,126,3
77,2,119,3
84,0,110,7
75,1,123,2
73,1,123,4
76,0,118,7
75,2,121,3
71,2,128,0
70,2,124,5
81,2,117,1
77,2,117,5
69,0,129,2
69,1,128,2
76,4,115,5
78,0,122,0
82,2,114,2
74,1,123,2
80,0,119,1
81,4,111,4
72,1,126,1
72,1,122,5
91,2,102,5
77,3,114,6
74,4,120,2
81,0,116,3
68,1,130,1
65,4,128,3
73,3,118,6
77,4,118,1
74,1,120,5
74,1,121,4
76,4,118,2
75,1,120,4
74,1,124,1
75,2,120,3
70,1,125,4
86,0,112,2
73,1,125,1
66,3,126,4
80,4,112,3
75,2,114,8
68,2,124,5
69,2,126,2
73,1,120,5
69,2,127,1
67,0,128,4
64,2,129,4
78,2,114,5
72,0,125,2
81,2,115,1
76,2,118,3
78,2,116,3
64,1,132,2
75,1,116,7
84,4,107,4
69,1,127,2
77,2,117,3
80,0,115,4
70,3,116,10
76,2,119,2
73,2,121,3
78,3,116,2
74,2,124,0
76,1,121,2
75,2,120,3
74,3,120,3
79,1,114,6
73,2,121,4
65,0,130,5
86,1,110,3
73,4,120,3
79,0,117,4
82,0,115,3
76,0,122,2
76,1,118,5
78,2,119,1
79,2,116,3
80,1,117,2
70,3,123,4
74,0,122,4
70,3,124,3
72,1,126,1
78,1,114,7
78,0,121,1
75,2,119,4
73,0,126,1
89,1,107,3
73,2,124,2
73,1,122,5
76,2,123,0
75,0,124,2
69,0,130,2
78,1,118,4
67,1,129,4
81,1,117,2
72,2,123,4
75,0,121,5
73,1,121,6
87,1,110,3
80,1,116,4
73,1,126,1
67,2,129,2
69,1,127,3
81,2,112,5
67,1,130,2
73,1,125,1
80,3,114,3
71,1,126,2
54,1,141,4
67,0,132,1
69,2,127,2
73,0,124,3
75,4,118,3
62,0,136,2
67,0,131,2
76,2,120,2
76,2,120,2
60,2,133,5
87,2,106,5
70,1,122,7
63,2,131,4
61,2,132,5
82,1,116,1
54,2,140,4
74,3,119,4
65,0,131,4
68,2,127,3
73,4,120,3
72,4,123,1
66,2,129,3
73,1,126,0
72,1,121,6
69,2,128,1
75,0,123,2
68,3,126,3
87,0,111,2
64,0,132,4
69,1,126,4
66,0,130,4
71,1,121,7
72,1,124,3
70,0,124,6
59,0,138,3
69,1,128,2
69,1,128,2
62,0,132,6
79,1,114,6
61,0,136,3
86,0,112,2
82,4,113,1
80,1,114,5
69,3,124,4
66,1,130,3
85,2,110,3
76,2,119,3
66,1,127,6
71,0,126,3
72,1,123,4
73,1,123,3
72,2,123,3
62,2,132,4
73,1,121,5
72,1,120,8
67,2,132,0
75,2,122,2
64,1,133,3
91,2,108,0
71,0,124,6
66,4,127,4
69,2,125,4
68,0,129,3
87,0,112,1
62,2,131,5
65,3,129,3
71,0,126,3
71,3,123,3
63,2,134,1
82,1,112,5
74,3,120,3
51,3,144,2
77,1,118,3
78,0,115,6
65,3,127,4
73,1,123,2
69,2,127,1
66,1,127,5
80,3,113,3
74,0,124,2
64,1,129,6
84,1,112,3
67,0,130,3
66,1,131,2
70,1,125,4
67,0,132,1
68,1,127,4
65,2,131,2
70,0,129,1
74,0,123,3
72,1,126,1
77,1,118,4
72,1,125,2
49,3,143,5
68,1,126,5
56,2,137,5
63,1,136,0
66,3,125,6
63,2,130,5
69,2,124,5
69,2,127,2
57,3,133,7
70,1,123,6
69,1,127,3
70,1,122,7
68,4,125,3
69,3,126,2
66,1,128,5
81,1,116,2
80,2,116,2
76,2,119,3
60,2,131,7
65,3,130,2
68,0,130,2
72,1,126,1
61,0,136,3
86,0,113,1
80,1,116,3
63,2,135,0
70,1,128,1
69,2,126,3
67,0,129,4
68,0,128,4
62,5,130,3
67,2,126,5
73,2,119,6
57,2,139,2
52,5,138,5
64,2,131,3
70,1,123,6
62,1,133,4
66,1,130,3
54,0,137,9
53,0,144,3
55,1,142,2
65,1,130,4
67,0,132,1
69,0,127,4
72,1,126,1
74,1,123,2
69,5,121,5
62,3,132,3
72,3,119,6
67,2,129,2
65,3,129,3
60,2,134,4
70,1,125,4
78,3,116,3
68,1,126,4
62,1,134,2
67,1,127,4
62,4,131,2
72,1,124,2
62,3,130,4
67,2,128,3
63,1,129,7
72,5,120,3
61,0,132,7
62,3,131,4
65,2,130,3
66,3,127,4
75,2,119,4
67,1,127,5
84,1,112,3
66,2,130,2
69,4,126,1
72,0,126,2
61,3,132,4
66,2,130,2
75,0,122,3
69,0,127,4
66,0,129,5
68,1,129,2
75,3,120,2
67,2,129,2
74,2,121,3
63,1,135,1
69,3,126,2
63,1,130,6
73,1,123,4
69,1,129,2
65,1,133,2
66,3,127,5
67,1,131,2
75,1,122,3
52,3,144,1
73,1,120,6
68,3,127,2
66,0,131,3
65,0,131,4
54,2,143,1
70,2,127,1
68,2,127,3
72,1,124,3
74,2,121,3
60,1,137,2
63,2,130,5
68,1,125,6
80,0,117,3
63,3,129,5
66,8,118,8
69,3,125,3
63,5,127,5
67,0,130,3
67,3,126,4
81,1,112,6
69,0,128,3
59,4,132,5
79,1,115,5
67,2,128,3
72,3,121,4
63,1,134,2
74,1,123,2
66,3,126,5
73,0,119,8
60,2,136,2
60,0,135,5
66,3,128,3
63,2,131,4
72,1,123,4
76,1,120,3
70,4,121,5
75,2,119,4
65,2,128,5
67,2,129,2
63,0,134,3
70,1,125,4
76,4,118,2
67,1,130,2
64,2,134,0
69,4,126,1
74,3,118,5
62,4,133,1
71,2,126,1
85,0,113,2
72,1,121,6
74,0,124,2
72,2,126,0
68,1,128,3
67,2,129,2
64,2,131,3
68,4,122,6
69,2,128,1
72,0,124,4
83,3,113,1
55,5,135,5
56,6,137,1
66,1,130,3
81,0,115,4
61,0,138,1
65,2,130,3
68,1,127,4
60,1,134,5
58,1,139,2
72,3,126,0
60,2,135,4
70,1,130,0
67,0,132,1
67,2,129,2
67,1,130,2
67,3,120,10
74,6,120,0
88,3,104,5
73,1,124,2
64,4,130,2
76,3,117,4
62,4,129,5
58,3,136,3
68,1,127,4
67,3,124,6
68,2,127,3
71,1,124,4
78,3,115,4
86,3,110,1
57,1,137,5
78,2,115,5
64,1,131,3
61,4,130,4
74,4,118,3
66,2,129,3
64,3,130,3
73,4,118,5
50,5,142,3
72,2,124,2
68,2,121,9
82,1,113,4
63,1,134,2
72,1,124,3
68,1,129,2
67,2,127,4
73,1,121,5
70,2,127,1
73,1,124,2
65,2,128,6
73,1,120,7
61,2,135,3
61,2,136,1
73,1,124,2
74,1,123,2
67,4,125,4
76,2,116,6
59,2,139,0
64,1,131,4
70,0,126,4
81,1,112,6
66,2,131,1
66,2,129,3
70,1,127,2
68,1,128,3
69,3,124,4
63,1,132,4
62,1,135,2
74,1,125,0
63,1,131,5
69,3,127,1
64,2,127,7
78,0,122,0
71,2,122,5
79,0,116,5
70,2,127,1
74,1,122,3
71,3,125,1
67,1,130,2
66,3,126,5
72,0,126,2
68,3,125,4
76,1,120,3
82,0,117,1
75,0,123,2
59,1,138,2
76,1,121,2
76,1,122,1
68,2,124,6
75,0,122,3
62,2,134,2
79,0,119,2
70,4,125,1
73,2,121,3
61,2,133,3
66,0,130,3
61,4,131,3
77,1,120,1
71,2,120,6
69,2,127,1
71,1,125,2
60,2,135,2
65,3,129,2
71,2,120,6
74,0,124,1
66,0,132,1
66,3,125,5
65,2,130,2
65,0,131,3
68,1,126,4
67,3,125,5
65,1,132,2
62,2,136,0
66,2,131,1
52,6,141,1
64,2,130,4
68,0,128,4
80,0,117,3
67,3,126,4
55,0,142,3
72,4,122,2
59,2,136,3
83,1,113,3
72,3,123,2
76,1,119,4
70,0,128,2
75,2,121,2
59,2,133,6
80,3,116,1
80,1,115,4
68,2,128,2
79,1,116,4
64,1,131,4
81,1,115,3
73,1,124,2
81,4,114,2
69,1,130,1
68,1,129,3
75,3,121,2
77,0,122,2
66,2,133,0
59,2,135,5
72,3,125,1
73,1,125,2
83,3,111,4
77,1,122,1
76,3,121,1
66,2,131,2
67,0,130,4
54,1,143,2
42,1,153,4
56,1,139,4
65,3,130,2
59,3,135,3
54,2,140,4
59,1,137,3
57,2,139,2
59,0,137,4
54,1,144,1
43,5,148,4
50,1,147,2
54,1,141,4
59,0,139,2
55,2,142,1
54,0,142,4
61,2,136,1
56,2,139,3
68,3,125,4
57,0,140,3
53,0,141,6
57,2,139,2
61,2,134,3
52,2,138,8
55,5,139,1
61,1,136,2
59,1,138,2
52,3,144,1
59,1,138,2
52,2,143,3
54,3,140,3
62,3,133,2
55,3,139,3
54,4,139,3
65,2,133,0
53,2,140,5
52,3,140,5
57,2,139,2
50,1,148,1
51,2,146,1
51,5,140,4
46,3,149,2
56,2,137,5
51,2,141,6
59,2,137,2
49,0,148,3
52,2,144,2
59,3,137,1
43,1,155,1
64,3,131,2
65,1,132,2
59,2,135,4
47,0,148,5
58,2,136,4
65,1,130,4
54,3,138,5
61,4,132,2
58,1,138,2
54,1,139,5
55,4,135,5
43,2,151,3
54,3,138,5
55,4,135,6
58,0,141,1
48,2,149,1
60,3,133,4
67,1,129,3
60,0,138,2
49,2,146,3
53,1,140,6
55,3,132,10
46,2,148,4
58,3,134,5
61,2,134,3
58,6,135,1
51,4,143,2
56,3,137,4
62,5,130,3
52,2,141,5
60,1,135,4
42,2,155,1
53,2,142,3
52,3,143,2
60,2,136,2
52,1,143,4
45,1,148,6
44,5,150,2
49,1,146,5
56,1,143,1
56,4,135,6
62,1,136,2
53,4,137,6
65,1,131,3
68,1,131,0
57,5,135,3
39,4,155,2
51,3,142,4
51,4,140,5
62,0,134,4
60,4,134,2
68,2,128,2
74,3,118,5
78,5,115,2
63,3,129,5
55,6,139,0
62,2,136,0
69,0,128,3
75,2,121,2
65,3,127,5
69,2,128,1
85,1,111,3
83,0,116,1
70,1,125,4
63,1,132,4
68,2,126,4
65,2,132,1
77,2,119,2
63,2,132,3
69,1,122,8
64,3,131,2
79,2,117,2
69,0,131,0
79,1,115,5
73,3,123,1
74,2,122,2
80,5,114,1
68,3,126,3
56,2,141,1
67,3,129,1
74,6,114,6
62,5,128,5
73,1,123,3
66,2,128,4
64,3,127,6
64,1,135,0
76,2,120,2
75,3,121,1
78,6,116,0
71,2,118,9
57,3,137,3
65,1,132,2
60,5,134,1
75,1,122,2
62,3,132,3
67,3,129,1
72,3,120,5
69,2,126,3
85,2,113,0
62,0,135,3
75,5,117,3
60,2,132,6
70,3,122,5
76,9,115,0
83,3,111,3
72,1,120,7
61,3,132,4
73,5,122,0
76,1,119,4
64,3,130,3
70,3,123,4
67,2,128,3
63,6,125,7
62,4,132,3
89,2,104,6
77,5,115,4
57,4,136,4
65,1,133,2
64,0,133,4
68,3,128,2
66,4,127,4
70,3,126,2
73,0,126,2
71,2,124,4
56,1,138,5
82,0,113,4
70,1,125,3
69,0,124,6
74,1,123,1
83,1,113,2
68,3,126,2
79,0,117,3
61,2,132,4
68,4,125,2
58,1,135,5
72,3,124,0
73,3,123,0
73,1,124,2
90,1,105,4
57,2,136,5
68,0,127,5
75,4,117,4
65,3,131,1
64,3,132,1
74,3,121,2
68,2,126,4
68,2,125,5
62,3,133,2
67,1,131,1
70,3,126,1
72,2,122,4
72,6,119,3
78,1,114,7
57,2,138,3
64,2,130,4
63,4,127,6
67,4,127,2
72,3,118,7
81,8,108,3
67,4,123,6
72,5,119,4
65,1,132,2
64,2,131,3
69,8,119,4
68,3,124,5
68,2,127,3
67,3,125,5
63,2,130,5
70,2,125,3
68,6,124,2
70,4,121,5
70,2,123,5
75,3,117,5
75,1,123,1
70,2,122,6
63,5,130,2
65,4,130,1
67,4,125,4
64,4,130,2
63,4,132,1
67,2,129,2
64,4,131,1
66,1,128,5
74,3,119,4
61,6,131,2
71,0,122,7
83,4,110,3
89,2,106,3
78,4,113,5
66,1,130,3
69,0,128,3
65,2,131,2
64,3,127,6
74,2,123,1
68,2,127,3
77,5,112,6
69,4,123,4
72,3,124,1
78,3,115,4
74,3,116,7
71,2,127,0
77,2,118,3
58,1,137,4
60,3,135,2
72,4,122,2
63,2,132,3
60,5,133,2
62,3,132,3
74,3,118,5
68,3,127,2
68,4,125,3
74,1,120,5
57,2,137,5
64,3,129,5
77,1,120,3
64,4,130,3
63,7,130,1
81,3,115,2
64,2,131,4
72,6,115,8
63,3,131,4
71,3,119,7
75,2,120,3
75,4,114,7
78,0,119,3
68,2,127,3
79,3,114,4
69,1,125,5
73,2,120,4
71,1,125,2
68,2,124,5
66,1,129,3
88,2,109,0
70,0,126,3
65,1,131,2
57,2,133,7
75,3,120,1
68,3,125,4
68,1,129,2
70,5,120,5
54,1,142,3
71,6,121,2
76,4,117,3
72,3,118,7
67,3,129,1
66,5,126,3
69,1,128,2
69,3,123,5
63,2,132,3
67,2,127,4
73,3,120,4
89,1,108,2
86,1,110,3
77,4,116,3
84,0,112,4
78,3,118,1
75,2,119,4
67,1,130,2
74,3,119,4
83,2,114,1
85,2,113,0
85,1,113,1
75,2,119,4
72,2,125,1
70,1,120,9
58,4,135,3
72,9,115,4
72,1,125,2
75,1,121,3
82,0,114,4
75,3,121,1
63,2,133,2
90,0,108,2
79,1,113,7
79,2,117,2
75,1,124,0
78,0,119,3
71,3,123,3
71,0,124,5
63,2,129,6
75,3,120,2
78,1,118,3
61,3,132,4
72,4,122,2
78,3,110,9
64,2,129,5
63,4,129,4
83,2,109,6
72,1,126,1
72,2,122,4
74,0,125,1
76,4,119,1
70,7,116,7
77,4,115,4
68,0,130,2
73,5,120,2
77,3,119,1
80,1,117,2
78,4,108,10
80,1,116,3
84,1,110,4
71,4,121,3
74,1,120,4
80,1,117,1
68,3,122,6
78,1,115,5
84,4,110,1
86,0,110,3
74,5,118,2
83,3,108,5
68,1,125,5
73,4,121,1
73,2,120,5
79,1,117,3
75,2,121,2
80,1,113,6
66,2,129,3
74,1,119,6
71,2,126,1
81,4,110,5
73,2,120,5
79,4,116,1
64,2,128,6
65,2,130,3
74,4,117,5
72,2,123,3
86,1,107,6
73,2,120,5
77,0,121,2
80,1,118,1
85,1,114,0
82,6,109,3
67,1,127,5
73,3,122,2
73,0,121,6
71,0,126,3
82,4,108,6
63,3,129,6
76,0,120,5
82,1,112,6
77,1,119,4
79,2,119,1
74,2,123,2
83,2,112,4
73,1,124,3
86,6,105,4
62,4,133,2
89,0,109,3
75,3,120,3
75,2,119,4
74,3,123,0
65,2,129,4
52,0,147,1
64,0,133,3
67,3,126,4
59,1,136,4
66,1,131,2
66,0,127,7
60,2,137,1
71,1,126,2
71,1,125,3
61,4,131,4
66,4,128,2
67,3,128,2
54,5,135,6
61,3,133,3
69,0,127,4
64,1,133,2
65,2,128,5
72,3,123,2
68,4,123,5
68,1,127,4
68,1,128,3
66,2,128,4
69,3,126,2
73,3,122,2
70,3,125,2
72,2,124,2
62,1,134,3
71,4,122,3
78,3,117,2
77,3,119,1
72,2,123,3
66,1,129,4
81,6,107,6
71,0,123,6
63,1,132,4
58,0,138,4
71,2,124,3
58,3,133,6
78,1,119,2
79,1,117,3
69,0,129,2
67,2,128,3
72,2,120,6
58,4,134,4
65,0,133,2
62,2,133,3
59,2,135,4
71,3,124,2
65,1,129,5
77,2,118,3
72,4,123,1
66,2,124,8
61,4,132,3
58,1,139,2
71,1,123,5
69,2,125,4
62,0,132,6
72,4,123,1
65,4,125,6
57,2,136,5
66,5,125,5
60,1,137,3
68,2,128,3
60,2,138,1
74,3,122,2
70,4,125,2
68,0,129,4
78,4,116,3
66,4,126,4
67,1,127,5
62,3,129,6
69,4,123,4
71,3,125,1
64,3,131,2
59,2,137,2
76,1,121,2
63,1,134,2
71,2,122,4
54,1,140,4
70,1,124,4
68,5,124,2
67,0,129,3
59,7,131,2
77,0,118,4
70,2,124,3
74,2,122,2
69,2,127,2
63,0,132,5
62,0,134,4
66,4,122,8
72,3,123,2
61,2,133,4
67,2,129,2
67,2,129,2
60,2,134,4
70,1,127,2
74,0,126,0
65,3,127,5
68,2,130,0
72,4,121,4
81,2,116,2
74,1,122,4
67,1,125,8
72,3,124,2
69,3,125,4
73,5,119,4
64,0,135,2
64,4,131,2
78,3,117,2
60,1,134,5
66,0,133,1
61,3,131,5
73,2,122,3
75,1,119,5
70,4,124,2
68,1,131,0
62,3,132,3
60,1,134,5
62,1,133,4
70,1,126,3
79,1,115,5
69,4,125,2
61,2,134,3
77,4,116,3
73,3,123,1
74,2,120,4
80,3,114,3
67,1,125,7
67,1,130,2
61,4,131,4
58,4,131,7
51,1,144,4
65,5,128,2
73,4,119,4
62,2,131,5
68,2,125,5
62,1,134,3
67,1,129,2
66,1,126,6
59,1,137,2
67,1,130,1
65,1,130,3
56,2,136,5
70,3,119,7
69,5,121,4
71,1,126,1
65,0,131,3
63,5,129,2
58,2,130,9
66,1,130,2
73,2,121,3
65,9,122,3
63,4,125,7
62,2,134,1
69,2,126,2
62,3,133,1
67,3,125,4
70,3,122,4
66,3,123,7
71,2,122,4
62,1,134,3
63,1,134,2
64,3,130,3
69,1,126,4
58,1,136,5
74,6,120,0
63,0,127,10
71,2,125,2
63,2,130,5
62,3,131,4
70,3,124,3
64,5,128,3
65,2,129,4
62,1,135,2
67,1,127,5
62,0,136,2
60,3,134,3
75,1,118,6
72,1,124,3
62,3,134,1
62,6,130,2
76,0,120,4
60,4,132,4
65,2,132,1
68,4,127,1
59,0,140,2
65,1,134,1
68,1,127,5
56,1,139,5
73,2,121,5
70,2,129,0
68,2,129,2
60,3,135,3
65,0,134,2
69,1,127,4
67,2,130,2
58,2,137,4
66,1,130,4
61,4,130,6
67,1,127,5
67,0,131,2
65,3,126,6
54,4,142,0
61,1,137,1
77,2,120,1
76,1,118,5
57,3,137,3
74,2,122,2
68,1,127,4
68,1,130,1
79,1,118,2
74,3,122,1
68,0,129,3
64,2,130,4
76,2,120,2
55,1,141,3
67,4,126,3
72,2,125,1
74,1,121,4
62,4,133,1
70,2,122,6
67,1,129,3
69,4,124,3
77,2,117,4
65,0,129,6
77,1,121,1
64,1,133,2
64,0,135,1
68,0,132,0
66,1,132,1
66,0,132,2
65,1,128,6
65,2,133,0
60,0,135,5
69,4,123,4
68,1,129,2
78,0,121,1
72,1,124,3
80,6,114,0
72,3,123,2
62,1,132,5
63,1,133,3
68,2,128,2
63,1,132,4
60,3,136,1
66,4,125,5
60,1,138,1
68,0,130,2
73,4,120,3
73,1,125,1
79,3,112,5
69,0,126,4
69,3,123,4
60,2,131,6
69,3,123,4
68,2,129,0
63,2,133,1
66,2,129,2
58,0,135,6
74,1,120,4
73,3,120,4
63,0,135,2
58,2,136,4
60,1,139,0
59,1,134,6
70,2,124,4
77,1,121,1
79,1,118,2
57,0,141,2
76,0,119,5
64,2,133,1
72,1,125,2
66,5,126,3
57,1,140,2
70,3,126,1
70,0,129,1
67,0,131,2
66,3,129,2
73,1,124,2
56,0,139,5
65,4,130,1
76,2,117,5
70,1,126,3
72,2,123,3
70,3,126,1
67,0,129,5
66,1,133,1
70,0,129,2
79,1,115,6
67,1,128,5
68,3,129,1
74,1,125,1
63,2,135,1
71,1,125,4
70,0,128,3
66,1,129,4
68,1,128,3
67,0,130,3
69,2,127,2
61,3,129,7
69,2,125,4
69,2,127,2
73,0,124,3
75,1,123,1
73,0,125,2
71,5,121,3
59,1,137,3
70,7,119,4
58,4,130,8
65,5,125,5
64,4,130,2
61,1,133,5
61,2,135,2
64,0,132,4
73,0,125,2
72,1,122,5
72,3,122,3
69,3,125,3
68,2,128,2
74,3,121,2
72,5,120,3
61,4,134,1
61,2,135,2
60,1,133,6
72,2,124,2
68,2,127,3
62,5,128,5
79,2,119,0
66,5,128,1
69,2,127,2
67,0,130,3
66,2,129,3
71,2,127,0
70,3,121,6
60,5,131,4
64,1,131,4
80,1,114,5
68,2,125,5
65,6,126,3
60,1,135,4
78,2,116,4
56,3,140,1
64,4,130,2
71,3,123,3
86,1,107,6
70,4,124,2
70,5,121,4
81,5,111,3
86,3,109,2
79,2,114,5
65,2,128,5
70,2,121,7
67,1,124,8
73,2,123,2
65,3,129,3
71,3,122,4
70,1,123,6
60,0,139,0
59,3,133,4
67,1,130,1
71,2,123,4
68,2,128,2
71,2,125,2
73,2,119,6
72,2,121,5
67,3,123,7
71,3,126,0
72,1,120,7
63,4,130,3
59,2,136,3
67,1,131,1
73,1,123,3
71,4,123,2
67,4,126,3
67,2,128,3
78,1,120,1
67,2,126,5
58,2,139,1
63,1,130,6
73,3,117,7
71,3,124,2
65,3,129,3
70,1,123,6
59,2,136,3
56,3,139,2
53,1,145,2
76,2,120,3
65,1,130,5
75,2,119,4
68,3,125,4
71,5,122,2
64,1,132,3
72,0,124,4
76,2,119,3
70,2,126,2
75,1,118,6
62,1,134,3
69,1,129,1
68,1,130,1
70,2,124,4
68,2,129,1
68,0,130,2
70,0,126,4
65,1,129,5
65,2,124,9
53,1,142,4
66,1,132,1
69,2,128,1
61,1,133,5
72,3,125,0
71,2,121,6
67,3,127,3
82,0,113,5
76,2,120,2
78,2,118,2
52,3,140,5
72,1,126,1
76,0,118,6
68,1,127,4
68,1,127,4
61,0,139,0
58,2,136,4
59,2,137,2
73,1,121,5
65,4,129,2
65,4,127,4
67,3,124,6
69,2,126,3
70,1,123,6
74,4,121,1
77,2,120,1
82,1,115,2
67,2,130,1
59,3,135,3
75,0,120,5
80,1,116,3
71,3,120,6
71,2,124,3
64,1,134,1
70,0,128,2
68,1,128,3
58,2,137,3
72,0,124,4
73,1,126,0
66,5,125,4
76,2,119,3
80,4,113,3
66,1,132,1
68,0,128,4
78,0,121,1
62,0,136,2
71,0,126,3
71,0,127,2
62,3,130,5
74,2,121,3
64,1,131,3
66,2,129,2
62,1,132,4
72,1,121,5
70,1,126,2
59,0,139,2
64,1,134,1
76,0,120,4
89,3,108,0
67,0,130,3
73,0,126,1
64,0,132,4
79,6,113,2
63,1,130,6
76,0,120,4
68,3,126,3
66,4,128,2
55,2,142,1
64,2,132,2
62,4,130,4
76,3,115,6
60,1,137,2
74,1,122,3
63,3,132,2
51,2,144,3
75,3,117,5
60,0,136,4
74,3,121,2
76,2,116,6
67,1,127,5
85,1,113,2
78,0,121,2
60,1,138,2
65,3,130,3
69,1,128,3
72,0,127,1
73,1,125,1
62,2,135,1
71,1,119,9
71,4,120,5
74,0,123,3
65,5,128,2
77,1,115,7
79,0,120,1
62,4,128,6
77,2,120,1
65,2,130,3
68,3,128,1
65,1,130,4
64,2,129,5
75,2,122,1
76,1,119,4
68,1,126,5
75,2,119,4
76,1,119,4
77,0,122,1
72,0,124,4
66,1,130,3
66,2,130,2
70,3,123,4
78,0,120,2
81,1,116,2
70,2,126,2
68,1,127,4
80,1,116,3
65,1,132,2
82,3,111,4
59,6,133,2
63,4,131,2
85,2,111,2
75,0,122,3
65,1,128,6
67,0,129,4
72,2,125,1
69,3,126,2
74,1,124,1
71,3,121,5
70,3,126,1
64,2,131,3
89,1,110,0
69,1,123,7
64,3,130,3
70,1,123,6
67,0,129,4
68,2,130,0
78,1,118,3
73,2,119,6
74,1,124,1
73,0,123,4
65,3,132,0
75,5,115,5
61,3,132,4
74,2,121,3
79,2,116,3
82,1,113,4
79,9,108,4
64,1,129,6
71,2,124,3
73,0,121,6
69,0,129,2
81,2,117,0
66,1,131,2
68,2,124,6
83,1,112,4
64,4,130,2
78,1,121,1
67,1,128,5
70,1,128,2
72,0,123,6
72,1,125,3
71,3,126,1
88,2,107,4
72,3,123,3
73,2,121,5
89,3,104,4
81,2,112,5
72,0,125,3
72,1,124,3
63,0,134,3
62,4,132,2
86,2,111,1
74,0,121,4
63,0,134,2
65,2,130,2
72,1,121,5
80,6,112,1
70,3,123,3
76,2,119,2
84,3,111,1
73,1,123,2
67,3,124,6
81,4,115,0
70,2,123,5
69,3,124,4
66,4,126,4
63,3,131,3
67,2,122,9
70,1,120,9
72,0,121,7
67,2,129,2
77,2,114,7
81,1,116,2
72,1,120,7
60,0,137,3
71,1,126,2
78,1,119,2
74,3,122,1
72,2,120,6
80,1,111,8
72,2,125,1
81,1,112,6
86,3,108,3
83,0,114,3
81,1,112,6
79,0,120,1
83,4,110,3
67,0,130,3
88,1,109,2
68,3,126,3
72,2,120,6
84,0,114,2
72,1,122,5
79,1,119,1
70,0,128,2
71,2,122,5
74,3,119,4
73,5,120,2
74,1,122,3
63,0,130,7
64,0,133,3
69,1,129,1
78,2,118,2
86,2,109,3
67,0,129,4
77,1,116,6
78,3,114,5
80,3,114,3
69,1,129,1
74,3,120,3
72,0,126,2
80,3,115,2
72,0,123,5
67,5,127,1
74,1,123,2
80,2,115,3
79,1,116,4
61,2,135,2
80,0,117,3
73,3,121,3
70,2,123,5
71,1,125,3
75,0,120,5
92,1,102,5
70,0,126,4
70,2,128,0
77,1,119,3
80,4,113,3
70,1,126,3
63,0,134,2
63,3,130,3
70,4,123,2
81,0,115,3
77,2,117,3
72,0,122,5
72,3,120,4
82,1,114,3
66,0,131,3
74,0,123,3
72,3,122,3
85,2,108,5
71,0,126,3
73,5,120,2
83,2,111,4
69,0,130,1
90,0,106,4
76,3,115,6
76,3,117,4
67,1,126,6
76,3,119,2
81,2,113,4
70,3,121,6
71,1,125,3
63,2,132,3
73,1,123,3
66,2,131,1
84,1,112,3
84,0,115,1
72,1,125,2
80,2,114,4
74,0,123,3
71,1,122,7
64,3,130,4
77,3,118,3
82,1,113,5
79,1,118,3
59,2,138,2
63,1,132,5
79,0,115,6
84,1,114,1
81,1,112,6
66,3,130,1
82,0,116,2
72,1,122,5
78,0,122,0
83,3,115,0
68,2,127,4
72,2,124,3
81,0,118,2
70,5,124,2
79,2,116,4
74,2,125,0
83,2,114,2
69,3,123,6
66,2,125,8
80,0,118,3
68,2,128,3
82,1,117,1
74,3,119,5
80,0,120,1
67,0,132,2
75,2,123,1
82,3,115,1
79,4,115,3
76,4,119,2
73,1,127,0
64,1,131,5
75,3,119,3
88,3,108,1
77,2,117,4
76,2,113,8
64,2,131,2
65,0,132,2
75,0,121,3
68,1,125,5
65,3,130,1
70,1,126,2
71,1,124,3
75,1,120,3
62,2,130,5
79,0,116,4
72,2,123,2
71,2,122,4
75,2,121,1
78,2,116,3
70,4,120,5
68,1,129,1
67,2,130,0
76,2,120,1
77,3,115,4
66,3,128,2
75,1,121,2
78,0,118,3
82,3,113,1
71,4,124,0
80,5,111,3
66,2,129,2
72,2,124,1
73,2,120,4
70,1,127,1
84,3,110,2
69,2,125,3
68,3,128,0
64,3,131,1
67,3,126,3
78,1,115,5
82,1,113,4
81,1,117,1
77,4,118,1
63,3,130,4
70,0,128,2
76,1,122,1
62,3,131,4
66,3,126,5
76,5,118,1
69,3,128,0
72,2,123,3
65,4,127,4
74,3,122,1
72,1,120,7
62,0,134,4
71,2,122,5
61,3,134,2
73,2,121,4
75,3,121,1
81,0,117,2
75,1,121,3
72,2,122,4
85,2,109,4
79,1,116,4
71,2,123,4
86,2,112,1
77,1,121,2
73,1,126,1
64,3,128,6
71,3,123,4
70,2,125,4
77,1,121,2
78,0,114,9
84,1,114,2
76,1,123,1
74,2,116,9
70,2,128,1
59,2,135,5
70,1,129,1
71,1,127,2
73,0,127,1
75,3,119,4
62,2,134,3
72,3,121,4
83,2,111,4
81,0,113,6
69,0,127,4
74,2,121,3
71,1,127,1
72,0,125,3
75,2,121,2
57,5,135,3
68,2,128,2
74,1,124,1
73,0,123,4
63,1,134,2
64,5,128,3
58,2,136,4
74,5,118,3
67,0,129,4
81,1,114,4
87,0,109,4
72,2,122,4
73,4,120,3
72,1,124,3
85,2,111,2
78,2,114,6
66,1,130,3
86,3,106,5
71,1,125,3
59,2,136,3
68,0,127,5
68,3,123,6
72,0,127,1
68,1,128,3
76,3,120,1
85,1,112,2
69,5,125,1
79,1,117,3
72,3,122,3
76,2,121,1
63,1,134,2
80,2,115,2
81,2,116,0
59,1,137,2
65,4,124,6
74,1,120,4
85,1,112,1
58,4,134,3
67,2,126,4
68,2,125,4
74,3,120,2
74,2,120,3
69,1,127,2
69,4,124,2
76,1,119,3
76,0,122,1
69,0,124,6
67,3,127,2
73,1,125,0
74,1,123,2
58,3,134,5
87,0,111,2
63,2,131,4
70,3,125,2
65,2,130,3
75,0,121,4
74,0,123,3
78,1,119,2
74,1,124,1
70,3,123,4
80,0,119,1
70,1,124,5
66,1,129,4
73,5,120,2
61,2,135,2
69,2,127,2
76,3,120,1
86,1,112,1
72,4,123,1
65,1,130,4
75,4,119,2
77,0,119,4
72,4,123,1
66,3,128,3
71,1,126,3
62,3,134,2
62,4,134,1
59,1,140,1
68,0,131,2
77,0,121,3
63,4,130,4
70,0,131,0
69,2,128,2
74,3,120,4
69,2,128,2
78,0,123,0
61,4,133,3
76,4,121,0
68,4,124,4
76,4,119,1
80,2,112,6
75,6,119,0
75,2,117,6
80,4,111,5
59,1,136,4
66,2,130,2
63,0,132,5
62,1,134,3
75,1,121,3
80,3,113,4
75,3,120,2
70,0,125,5
64,3,130,3
57,4,135,4
70,1,125,4
77,4,117,2
76,1,120,3
80,4,113,3
74,2,120,4
84,0,115,1
70,1,125,4
72,1,123,4
80,0,116,4
58,4,134,4
72,5,119,4
70,2,125,3
61,3,133,3
72,5,119,4
76,1,117,6
58,7,133,2
65,1,132,2
71,3,124,2
69,3,124,4
63,0,136,1
77,2,119,2
75,4,120,1
77,1,115,7
77,1,120,2
78,1,121,0
75,1,123,1
60,1,134,5
79,2,118,1
60,2,135,3
71,5,118,6
70,1,125,4
66,2,130,2
76,3,116,5
75,3,120,2
68,6,121,5
70,2,125,3
72,4,121,3
74,3,119,4
75,1,123,1
60,3,134,3
66,1,132,1
62,2,134,2
73,6,117,3
71,4,119,5
58,2,134,5
71,3,123,3
62,2,132,4
74,2,120,4
71,4,120,5
68,0,129,3
70,1,125,4
58,3,139,0
72,5,120,3
65,1,126,8
80,2,111,7
74,2,121,3
57,5,135,3
72,2,121,5
77,0,121,2
68,2,126,4
76,4,119,1
79,3,113,5
78,1,120,1
64,1,134,1
63,1,134,2
85,7,107,1
81,1,115,3
76,1,122,1
77,4,113,6
68,2,129,1
73,5,123,0
67,4,127,3
82,1,116,2
62,6,131,1
63,0,136,1
77,2,121,0
67,2,126,5
78,7,112,3
73,0,126,1
66,3,129,2
69,2,124,5
55,3,139,3
64,1,134,1
60,1,137,2
73,1,122,4
65,4,125,6
63,7,127,3
59,5,130,6
50,8,139,3
60,3,134,3
60,4,132,4
68,1,129,2
54,5,135,6
57,2,139,2
70,6,123,1
77,3,117,3
66,7,125,2
53,0,145,2
57,5,137,1
61,1,136,2
57,4,135,4
57,9,132,2
65,2,125,8
55,7,137,1
64,2,133,1
63,4,124,9
53,1,144,2
69,4,123,4
61,3,131,5
68,0,131,1
52,1,145,2
66,6,123,5
70,3,125,2
58,1,134,7
56,4,137,3
62,2,131,5
57,8,130,5
65,1,132,2
65,3,128,4
61,9,124,6
51,4,140,5
64,9,124,3
56,3,136,5
60,10,127,3
64,4,125,7
61,3,131,5
59,2,137,2
76,2,121,1
59,1,136,4
60,5,130,5
72,3,119,6
71,4,123,2
72,4,118,6
68,2,128,2
61,3,134,2
63,3,131,3
48,5,143,4
74,3,119,4
52,7,139,2
58,6,134,2
63,3,132,2
59,3,136,2
52,6,142,0
58,5,135,2
64,8,125,3
55,5,136,5
64,2,133,2
77,4,116,4
67,2,126,6
58,1,139,2
56,5,137,2
56,5,132,7
59,4,133,4
58,3,136,3
58,4,133,5
54,5,137,4
61,2,133,4
70,5,122,3
66,3,125,6
58,5,133,4
53,3,139,5
66,6,125,3
68,1,126,5
56,6,132,6
67,5,126,2
66,3,124,7
61,1,137,0
70,2,121,6
58,2,135,4
68,0,128,3
63,4,126,7
66,1,132,1
56,2,134,8
62,1,134,3
65,2,130,3
58,5,137,0
64,3,128,5
67,4,128,1
57,5,132,6
64,3,125,8
62,1,135,2
65,3,130,2
66,4,124,6
49,8,138,5
74,1,121,4
76,6,117,1
85,3,108,4
72,4,122,2
89,2,105,4
68,9,117,6
77,7,113,3
84,3,109,4
79,0,119,2
85,1,113,1
92,0,105,3
85,1,108,6
71,4,119,6
83,2,110,5
78,2,119,1
71,3,124,2
64,4,129,3
84,4,109,3
90,1,108,1
74,3,118,5
84,1,110,5
87,6,101,6
74,6,118,2
103,4,91,2
85,2,109,4
86,4,107,3
85,2,110,3
79,2,114,5
78,7,115,0
74,2,121,3
85,4,107,4
85,1,111,3
84,3,111,2
81,3,114,2
65,1,133,1
79,1,118,2
73,1,123,3
89,1,110,0
81,1,112,6
88,6,106,0
87,3,107,3
76,1,120,3
87,2,110,1
75,1,122,2
90,2,103,5
78,1,117,4
80,5,113,2
87,1,104,8
92,1,101,5
87,3,108,1
86,1,105,7
84,3,110,2
94,1,100,4
73,0,121,5
89,5,101,4
82,2,114,1
76,2,120,1
74,2,122,1
85,3,107,4
82,1,115,1
74,4,118,3
79,0,120,1
93,3,102,2
85,3,108,4
79,4,113,4
92,3,101,4
92,1,107,0
89,0,108,3
94,3,102,1
66,1,127,6
71,2,124,3
86,2,104,8
73,2,121,4
80,1,116,3
78,0,118,4
87,2,109,2
77,2,116,5
96,2,97,5
86,2,108,4
91,1,107,1
81,1,112,6
82,1,111,6
79,2,115,4
83,1,111,5
94,4,98,4
75,1,121,3
85,2,110,4
86,1,109,5
77,3,118,3
75,1,121,4
88,1,110,2
79,5,114,3
87,3,105,6
81,3,110,7
86,1,113,1
93,2,105,1
89,2,107,3
90,1,105,5
81,2,114,4
93,1,104,2
70,7,121,3
73,3,119,5
82,2,112,4
81,1,116,2
71,3,121,5
71,2,124,3
77,3,116,4
69,3,122,6
67,4,126,3
76,1,114,9
62,4,131,3
63,1,133,3
84,5,109,2
68,3,124,5
88,4,106,2
68,1,129,2
73,1,120,6
71,1,127,1
71,3,120,6
79,3,114,4
78,2,118,2
83,4,111,2
71,2,125,2
71,1,124,4
72,1,123,4
77,4,118,1
68,2,126,4
71,2,126,1
74,2,117,7
71,3,123,3
74,3,122,1
66,3,123,8
65,4,126,5
71,2,127,0
70,4,125,1
63,2,131,4
75,8,115,2
83,2,110,5
71,3,122,4
80,2,113,5
70,8,118,4
82,0,115,3
80,4,111,5
78,3,117,2
82,2,115,1
66,2,130,2
85,1,108,5
83,2,112,2
70,2,124,3
80,2,109,8
69,1,126,3
60,5,132,2
81,3,114,1
74,4,120,1
66,1,131,1
81,4,113,1
87,3,103,6
82,5,108,4
61,5,127,6
77,5,116,1
75,4,116,4
83,3,111,3
76,4,117,3
81,0,113,6
79,4,115,2
67,2,129,2
77,0,120,3
73,3,118,6
70,2,124,4
65,7,123,5
79,5,112,4
80,1,114,5
64,6,127,3
72,2,122,4
74,5,119,2
74,1,120,5
72,3,123,2
73,2,119,6
78,1,115,6
66,4,126,4
71,1,123,5
86,4,106,4
74,3,118,5
73,2,122,3
79,4,114,3
71,2,124,3
72,1,126,2
71,4,123,3
73,4,118,6
76,4,118,3
79,4,116,2
78,3,117,3
69,4,123,5
75,2,120,4
66,2,131,2
77,2,120,2
68,4,126,3
71,4,120,6
79,7,112,3
67,1,127,6
70,4,123,3
81,7,110,2
78,1,116,5
83,4,113,0
80,3,114,3
79,2,113,6
79,6,109,6
79,1,113,7
71,4,122,3
67,4,122,7
74,1,123,2
69,1,121,9
72,8,116,4
77,1,117,5
59,5,133,3
68,3,125,4
67,3,124,6
68,3,125,4
67,7,126,0
73,2,123,2
66,0,133,1
60,7,127,6
58,3,135,4
61,3,135,1
70,8,118,4
62,6,128,4
64,4,129,3
64,9,127,0
65,3,128,4
64,5,127,4
70,6,121,3
66,4,128,2
79,4,111,6
73,4,120,3
65,5,124,6
76,4,117,3
76,2,117,5
57,1,138,4
76,1,119,4
72,4,122,2
67,3,126,4
66,3,125,6
67,4,127,2
79,0,116,5
82,6,108,4
65,7,124,4
80,2,116,2
68,5,125,2
69,3,120,8
66,6,125,3
79,4,116,1
57,2,137,4
75,3,116,6
72,3,123,2
66,4,128,2
80,1,116,3
80,2,112,6
71,4,120,5
67,4,128,1
71,0,123,6
79,4,117,0
72,3,122,4
70,3,125,3
76,4,115,6
68,4,126,3
73,0,123,5
66,1,131,3
75,7,115,4
71,1,123,6
76,4,119,2
74,6,113,7
69,1,126,4
75,5,116,4
73,3,121,3
66,3,129,2
75,1,123,1
70,8,119,3
78,3,113,5
56,2,141,0
69,2,127,1
76,3,119,1
77,0,118,4
79,6,107,7
73,2,122,2
72,8,115,4
78,3,114,4
73,5,117,5
77,1,118,4
56,7,132,5
80,3,116,1
68,6,120,6
73,2,122,3
71,4,122,3
75,3,120,2
68,4,122,6
71,4,118,7
77,2,117,4
64,3,131,2
69,3,126,2
68,5,120,7
83,4,113,1
79,0,115,7
92,2,105,1
80,0,113,7
80,1,114,5
75,4,115,6
82,2,112,4
82,2,109,7
84,8,106,2
89,3,105,3
73,3,120,4
90,2,103,5
78,2,117,3
79,1,116,4
91,3,102,4
71,3,123,3
76,1,118,5
83,5,111,1
76,3,115,6
82,3,113,2
80,4,115,1
76,2,117,5
71,4,121,4
81,5,108,6
74,3,117,6
79,3,114,4
104,1,91,4
78,3,116,3
68,5,121,6
90,4,100,6
83,4,110,3
79,4,115,2
72,0,125,3
78,3,117,2
86,3,105,6
85,2,107,6
77,2,117,4
72,4,120,4
83,1,110,6
72,2,120,6
82,3,109,6
78,4,115,3
103,1,94,2
73,1,122,4
77,0,120,3
72,3,121,3
80,5,109,5
88,6,102,3
77,4,111,7
74,2,116,7
87,2,109,1
83,2,110,4
75,3,119,2
83,0,111,5
75,4,118,2
64,3,130,2
76,3,118,2
75,2,119,3
76,3,116,4
88,1,107,3
68,5,123,3
78,1,118,3
80,1,113,6
84,1,111,4
76,3,119,2
88,2,108,2
72,0,121,7
88,6,103,3
82,2,113,3
83,2,107,8
88,0,109,3
78,5,114,3
73,2,125,0
78,0,118,4
78,3,111,8
70,1,127,2
82,5,110,3
87,1,107,5
90,3,107,0
84,0,114,2
76,4,113,7
80,0,113,7
92,3,102,3
75,4,117,4
92,4,103,1
82,4,106,8
79,2,116,4
79,1,115,6
83,1,115,2
77,4,114,6
84,2,110,5
80,4,113,4
83,0,113,5
86,2,109,4
80,3,114,4
75,4,115,7
81,3,112,5
76,3,119,3
84,1,111,5
69,0,130,2
68,1,129,3
68,3,130,0
68,0,130,3
69,1,129,2
71,0,127,3
73,2,122,4
63,1,129,8
75,2,123,1
68,0,130,3
57,1,139,4
79,3,116,3
75,1,120,5
75,1,121,4
66,1,131,3
71,0,123,7
64,0,134,3
63,1,132,5
66,0,132,3
72,2,122,5
70,1,125,4
66,1,129,4
73,0,123,4
61,2,132,5
67,0,130,3
82,1,115,2
74,2,120,4
67,3,126,4
73,2,122,3
66,1,129,3
63,3,129,4
76,1,119,3
64,1,131,3
66,2,128,3
60,4,131,4
61,1,132,5
70,3,122,4
69,1,128,1
69,3,123,4
62,1,132,4
59,0,138,2
79,1,115,4
87,1,107,4
74,1,121,3
70,1,124,4
58,1,138,2
56,0,136,7
68,2,128,1
73,0,124,2
80,1,114,4
68,1,127,3
57,1,131,10
70,2,126,1
68,2,122,7
80,4,112,3
89,1,105,4
73,0,125,1
70,2,127,0
69,3,123,4
59,1,137,2
71,1,122,5
68,1,127,3
62,3,130,5
73,2,121,4
68,6,125,1
67,0,125,8
60,1,131,8
78,1,117,4
76,1,123,0
72,2,122,4
73,3,119,5
65,2,128,5
64,2,130,4
59,0,135,6
62,2,133,3
62,0,131,7
80,3,114,3
59,3,136,2
69,3,125,3
73,1,117,9
77,1,121,1
77,1,119,3
75,1,123,1
64,2,131,3
52,3,143,2
77,2,115,6
79,2,118,1
75,4,120,2
74,1,123,3
76,1,121,3
79,0,114,8
65,2,125,9
60,3,137,1
65,2,132,2
63,2,132,4
63,2,132,4
71,1,127,2
74,3,121,3
71,2,127,1
74,1,123,3
81,3,115,2
85,1,108,6
73,2,124,1
69,3,127,1
82,3,114,1
79,2,111,8
80,3,113,4
69,11,118,2
70,1,126,3
76,3,119,2
82,5,108,5
81,5,112,2
86,2,106,6
70,5,125,0
72,1,124,3
72,9,116,3
80,2,118,0
73,2,122,3
86,1,110,3
73,2,123,2
79,3,114,4
87,2,106,5
64,2,130,4
71,4,123,2
68,1,125,6
71,3,123,3
73,4,119,4
77,4,115,4
65,1,129,5
75,1,123,1
78,3,117,2
86,2,106,6
68,2,128,2
76,3,118,3
84,6,109,1
68,0,128,4
65,3,128,4
75,3,116,6
81,4,112,3
83,3,110,4
75,1,121,3
78,2,117,3
83,1,113,3
84,4,111,1
69,4,123,4
75,3,119,3
68,0,127,5
65,3,129,3
73,2,122,3
76,3,116,5
87,4,106,3
82,3,113,2
62,4,131,3
70,0,126,3
74,0,121,4
67,3,124,5
69,4,124,2
70,3,119,7
74,1,119,5
67,3,128,1
83,4,108,4
81,2,116,0
71,2,122,5
78,4,116,2
75,2,120,3
78,2,117,3
74,3,122,1
77,5,113,5
74,5,118,3
81,3,108,8
62,6,130,2
82,4,112,2
71,5,121,3
80,1,118,1
71,3,124,2
65,8,126,1
70,4,123,3
80,5,110,5
71,2,126,1
69,3,124,4
90,3,101,6
72,3,124,1
79,1,112,8
77,3,116,4
67,4,124,5
75,2,120,3
78,1,116,5
74,4,121,2
76,5,112,8
88,3,110,0
82,2,112,5
79,2,118,2
79,3,116,3
73,1,124,3
67,2,124,8
63,2,134,2
72,3,123,2
67,2,129,2
68,2,127,3
68,0,129,3
70,5,121,4
66,2,128,4
65,3,126,6
77,2,120,1
60,1,139,0
76,4,115,5
80,6,112,2
62,1,133,4
62,3,134,1
72,2,122,4
70,3,125,2
74,0,123,3
75,2,119,4
65,0,132,3
74,3,119,4
67,2,127,4
72,4,123,1
71,5,120,4
75,1,123,1
65,2,127,6
77,3,119,1
64,3,133,0
72,1,120,7
68,3,128,1
55,3,138,4
70,3,123,4
61,2,136,1
78,2,115,5
62,3,134,1
70,3,124,3
70,4,122,4
75,2,122,1
66,5,123,6
70,3,124,3
60,2,134,4
67,5,127,1
73,4,121,2
59,3,135,3
68,2,126,4
70,1,128,1
70,3,122,5
80,2,118,0
63,8,125,4
62,1,134,3
70,1,127,2
64,4,130,2
63,4,130,3
72,1,125,2
65,3,129,3
61,1,136,2
61,2,135,1
66,0,128,5
70,1,123,5
75,3,118,3
74,2,121,2
73,5,115,6
67,5,122,5
65,2,127,5
69,2,124,4
78,1,118,2
73,0,122,4
73,2,124,0
75,2,116,7
74,2,120,4
69,5,123,3
68,1,122,9
63,1,129,7
67,1,129,3
64,1,131,4
69,2,128,1
70,2,125,3
62,3,135,0
71,4,123,2
66,1,127,6
70,4,125,1
74,2,122,2
56,2,139,3
74,3,122,1
74,1,121,4
78,4,115,3
66,2,124,8
75,3,119,3
78,1,119,2
66,0,131,3
73,2,122,3
68,2,128,2
63,3,132,2
68,5,124,4
70,2,127,2
67,1,126,7
54,3,141,3
65,3,130,3
63,5,129,4
75,2,120,4
75,4,122,0
74,1,120,6
70,3,125,3
62,1,134,4
72,1,125,3
69,6,120,5
84,4,110,2
83,3,112,2
83,0,115,2
69,2,129,0
76,2,116,6
77,8,113,2
86,4,105,5
88,0,107,5
79,4,115,2
84,4,109,3
85,2,111,2
80,1,115,4
89,2,105,4
75,3,120,2
78,1,121,0
70,1,128,1
79,4,113,4
80,2,115,3
90,4,102,4
95,2,99,4
81,3,109,7
81,5,113,1
91,1,102,6
72,3,122,3
79,6,114,1
91,2,104,3
80,3,116,1
88,5,103,4
81,2,113,4
74,1,123,2
77,1,114,8
77,3,118,2
93,1,102,4
99,3,94,4
83,1,114,2
77,4,116,3
79,1,118,2
78,2,117,3
66,3,128,3
83,4,111,2
87,3,108,2
85,2,109,4
85,3,106,6
96,1,102,1
84,2,109,5
87,4,107,2
87,5,108,0
89,4,105,2
74,6,119,1
78,2,115,5
76,3,117,4
89,2,108,1
83,3,111,3
72,7,120,1
84,3,110,3
80,1,117,2
73,5,118,4
78,1,116,5
77,3,119,1
85,2,109,4
91,0,108,1
72,4,121,3
88,1,111,1
83,0,112,6
68,4,128,0
68,2,127,3
84,1,109,6
89,3,105,3
77,3,116,4
84,4,109,3
75,1,115,9
81,4,114,1
81,3,112,4
77,3,120,0
85,3,111,1
91,1,104,4
77,4,116,3
79,3,112,6
90,1,104,5
84,4,110,2
77,2,118,3
96,6,96,2
79,2,113,6
67,4,127,2
84,3,111,2
81,3,108,7
76,6,115,2
83,1,115,1
83,4,107,6
81,1,116,2
89,3,105,3
81,3,112,4
76,2,115,7
85,5,106,4
93,4,97,6
80,2,117,1
93,3,103,1
77,2,116,5
77,3,119,1
77,3,116,4
93,3,103,1
80,4,112,4
88,1,107,4
68,6,123,3
72,8,116,4
67,5,120,8
72,4,123,1
72,8,118,2
68,5,120,7
79,6,113,2
75,2,121,2
79,7,111,3
75,5,113,7
67,4,126,3
82,2,109,7
84,3,111,2
90,6,101,3
86,5,104,5
81,4,107,8
79,3,114,4
89,3,100,8
67,3,128,2
70,3,121,6
75,1,122,2
86,1,107,6
80,4,114,2
83,3,111,3
72,6,119,3
78,6,113,3
75,7,115,3
75,3,120,2
79,4,115,2
85,3,107,5
69,6,121,4
84,4,109,3
72,4,123,1
68,2,123,7
71,6,121,2
77,4,115,4
78,10,108,4
70,6,118,6
82,5,110,3
77,8,111,4
72,7,118,3
73,10,116,1
86,3,106,5
71,3,125,1
71,5,120,4
73,4,121,2
70,4,123,3
77,0,119,4
72,5,117,6
75,6,117,2
91,4,102,3
78,2,117,3
69,5,124,2
80,3,114,3
74,2,122,2
83,4,108,5
83,4,109,4
72,3,122,3
76,4,117,3
76,3,112,10
77,6,112,5
73,1,122,4
79,8,104,9
69,2,128,1
79,3,113,5
81,8,105,6
81,4,111,4
83,2,112,3
62,7,127,4
67,4,124,5
78,3,116,3
83,3,110,4
71,4,124,1
78,6,115,1
82,7,109,2
67,6,125,2
84,5,105,6
86,5,108,1
79,3,113,5
67,2,126,5
75,9,113,3
86,0,112,2
78,3,115,4
60,5,131,3
73,3,120,4
72,7,119,2
75,5,114,6
87,3,107,3
90,0,105,5
71,2,120,7
86,8,104,2
73,0,122,5
72,7,121,0
81,4,114,1
80,0,113,7
68,4,125,3
75,1,120,4
76,1,118,5
