198
209
247
184
228
209
193
218
183
242
186
229
209
197
279
183
210
182
216
263
208
185
217
185
302
187
219
222
198
288
213
183
212
212
264
229
182
214
210
279
240
184
221
195
307
188
207
215
199
322
193
212
219
200
340
184
211
210
198
308
187
221
190
218
327
202
212
225
207
307
215
213
206
188
351
182
230
185
213
373
183
212
190
215
347
188
203
185
213
336
201
236
200
212
336
210
187
212
212
351
215
201
225
182
401
186
213
213
205
369
195
215
189
209
404
212
198
223
186
393
190
225
192
221
369
238
187
211
213
378
245
202
211
543
448
218
245
228
224
441
209
204
222
219
451
219
217
219
224
458
210
206
218
219
466
216
226
217
218
436
205
224
206
221
477
217
200
225
213
456
241
215
237
231
460
210
205
207
196
456
228
210
214
214
470
210
217
220
216
471
216
232
212
210
460
202
219
222
207
445
209
216
209
214
446
216
229
216
209
458
217
222
218
219
479
210
205
223
207
447
213
215
204
202
467
216
203
213
212
462
208
211
221
216
468
209
202
218
205
505
245
215
214
216
455
216
206
205
209
463
197
200
207
208
462
207
199
204
203
441
221
208
218
200
445
200
211
197
230
427
200
205
201
200
440
208
227
197
197
420
201
192
207
200
443
223
199
196
208
427
207
198
196
188
455
206
190
194
199
440
199
204
202
196
443
194
197
193
193
441
201
195
220
188
440
195
194
188
191
424
217
196
197
190
405
199
195
189
193
435
192
198
192
194
409
204
178
188
192
459
189
192
179
189
432
195
200
194
184
412
194
174
178
170
363
176
169
167
169
388
174
171
181
174
372
187
177
174
176
379
173
175
182
172
377
180
171
173
182
386
178
186
169
174
374
175
184
171
174
378
173
171
181
185
383
176
170
176
175
385
181
176
175
176
394
176
173
174
175
375
171
171
176
174
400
176
180
175
172
374
189
175
175
179
380
188
170
177
173
376
177
182
173
178
373
173
173
204
177
406
181
176
180
174
399
174
175
174
197
372
180
178
172
178
377
173
171
180
174
403
182
175
183
171
386
174
173
177
177
398
175
174
175
174
372
182
175
174
184
377
206
170
170
176
390
182
173
172
181
382
176
198
175
178
386
188
175
174
174
380
178
175
196
175
380
179
185
179
181
391
183
173
182
172
412
175
181
178
179
381
179
172
178
172
411
174
184
172
169
372
179
174
176
173
396
175
179
175
174
383
186
177
176
180
402
191
172
182
190
385
179
173
181
171
390
188
193
175
182
371
173
210
172
174
392
173
175
171
201
387
183
177
173
176
385
171
174
185
173
418
181
175
176
180
390
190
184
180
179
394
183
176
172
187
388
186
174
173
172
392
184
176
177
182
388
186
173
172
181
373
200
173
176
171
395
174
179
178
174
394
177
201
176
182
392
184
174
181
178
402
176
186
198
179
381
172
173
176
176
390
187
183
184
181
417
177
177
181
179
402
182
178
172
179
404
174
177
221
193
432
181
181
180
184
410
181
179
192
178
410
178
186
197
187
438
194
184
204
181
404
229
204
185
184
427
197
187
204
173
395
189
174
175
174
387
179
193
190
174
381
190
177
180
173
407
175
175
204
173
396
190
176
181
187
395
178
184
177
188
398
173
175
189
173
403
176
183
186
177
419
180
175
173
190
392
193
176
174
198
408
189
179
176
178
408
174
190
174
179
418
176
176
177
188
386
178
184
202
176
387
203
175
174
173
410
175
174
191
176
408
214
181
176
177
406
175
175
189
179
407
174
176
189
182
398
181
180
173
176
407
176
186
174
190
419
185
173
188
183
420
176
176
194
180
412
176
176
188
177
405
176
180
191
181
438
175
173
186
177
415
181
192
174
172
417
193
180
176
197
397
190
174
175
183
421
195
176
183
173
423
181
192
183
180
426
176
202
174
180
406
176
177
185
177
403
177
191
201
172
411
182
174
181
185
404
187
178
181
202
401
183
182
176
185
394
187
178
175
187
426
178
186
174
177
409
179
190
175
175
998
178
192
175
180
401
191
176
178
184
415
187
177
186
178
404
174
174
185
178
423
184
180
177
192
391
193
175
174
187
400
199
176
174
187
397
175
207
187
175
414
175
184
176
197
407
176
192
179
176
429
180
178
185
179
419
179
181
182
176
401
180
178
176
534
487
240
231
205
189
388
180
186
192
172
413
181
177
175
191
399
177
186
192
173
401
178
177
178
175
406
185
191
176
174
398
177
176
174
183
409
188
184
173
177
415
177
186
180
177
422
176
192
186
178
408
186
178
173
188
396
188
197
177
186
406
192
173
175
184
398
174
176
202
177
417
183
183
191
178
422
177
185
194
176
397
183
184
174
183
408
176
174
182
178
430
190
174
174
181
413
177
189
181
184
421
177
177
187
173
419
181
179
188
179
430
177
184
175
176
415
185
173
176
186
413
183
175
181
181
420
184
189
177
182
413
191
178
183
182
411
175
185
174
184
408
189
174
189
175
409
177
174
195
176
419
176
190
179
184
411
193
177
179
181
436
180
200
188
176
410
174
175
176
198
402
192
177
176
201
395
177
189
177
176
418
178
188
173
176
426
178
184
175
177
401
175
186
181
176
429
175
193
175
181
399
174
189
173
185
428
190
175
180
184
423
174
183
180
177
429
201
178
176
188
407
177
188
177
175
410
185
190
174
181
407
177
174
189
176
429
176
186
191
185
398
185
181
184
178
415
174
182
178
192
424
185
174
171
180
415
181
176
174
175
425
191
180
183
173
424
174
185
177
175
434
186
172
173
189
412
179
180
178
182
440
212
185
190
211
401
202
189
209
173
453
187
213
175
208
433
188
188
214
173
451
190
206
191
213
426
178
204
200
189
437
189
214
187
202
433
180
204
202
202
437
179
192
233
189
428
175
192
204
234
413
198
188
189
225
468
177
192
215
179
432
222
173
177
206
458
181
195
214
177
454
178
180
204
217
434
203
173
192
201
435
191
200
178
190
458
178
202
203
175
460
176
213
203
180
484
182
206
202
190
459
178
205
178
205
435
198
199
193
208
431
200
175
192
198
433
190
213
198
190
457
180
219
181
273
431
191
203
204
203
430
201
176
207
199
445
184
211
206
213
442
182
188
215
199
455
185
195
205
210
446
208
177
204
209
442
180
231
173
191
462
178
194
204
201
407
208
211
176
187
473
180
189
203
204
435
203
176
193
206
447
197
205
180
192
455
177
209
206
176
451
190
209
202
180
452
176
207
201
176
450
175
222
222
187
433
193
195
205
195
457
177
198
189
202
438
213
176
207
198
449
176
206
203
193
434
209
176
204
218
408
205
178
205
202
427
214
178
204
197
441
216
178
205
215
429
206
178
204
205
424
207
191
215
177
451
183
208
210
197
423
195
203
188
197
465
174
209
201
189
457
179
208
205
178
458
196
204
220
176
446
206
193
193
208
434
177
238
177
195
461
184
190
205
215
414
191
207
206
199
461
178
198
218
180
438
204
177
207
233
406
197
204
178
209
438
182
217
180
194
468
185
209
208
179
462
186
209
207
180
473
183
208
220
180
433
179
206
226
204
419
209
212
198
207
452
175
201
177
191
470
195
210
207
194
454
176
197
226
176
449
177
225
216
177
451
197
196
208
191
462
177
216
195
205
427
179
203
191
212
416
213
192
212
192
445
182
210
205
197
463
182
200
213
177
472
189
195
207
236
415
189
208
178
192
488
180
193
206
215
446
195
213
183
209
457
176
194
206
178
468
177
194
213
209
441
213
176
213
209
423
229
179
192
215
436
222
178
192
211
417
200
184
205
203
443
222
179
214
183
470
175
206
205
182
457
179
225
194
225
436
200
214
184
213
465
179
202
193
194
446
178
216
181
193
445
176
202
195
219
443
204
180
206
201
426
203
191
212
183
481
176
207
200
178
460
181
210
205
189
482
180
205
177
207
432
208
179
206
199
454
176
212
201
194
458
181
204
190
214
444
195
207
214
178
452
193
209
192
190
484
188
210
212
178
473
180
177
205
221
409
191
233
176
206
462
181
200
207
202
420
643
224
247
204
574
227
182
190
180
419
194
198
178
180
438
179
179
190
182
416
198
178
193
186
437
176
182
205
181
453
184
208
193
239
415
192
211
196
192
470
183
196
206
193
473
179
193
213
199
431
219
181
194
211
463
194
210
183
206
436
193
212
184
213
471
195
211
180
216
436
225
178
196
218
425
207
192
210
190
441
192
215
175
208
447
200
191
212
208
440
180
213
188
192
452
205
194
204
203
413
202
193
220
179
465
181
206
206
213
418
203
192
221
186
447
205
183
207
219
453
181
223
198
212
424
225
180
198
232
428
211
197
217
180
446
182
209
211
195
472
179
206
193
215
421
187
211
207
200
474
189
195
200
205
450
198
211
213
197
468
191
207
204
181
472
181
220
182
215
1307
214
203
213
194
434
207
185
219
183
479
210
183
215
204
449
206
181
219
180
485
211
191
221
187
462
209
194
220
182
455
195
220
187
194
460
185
231
187
201
474
182
243
182
195
471
185
209
214
244
417
231
186
197
196
460
182
213
209
200
481
182
208
209
207
439
243
181
211
217
425
195
199
198
215
467
198
212
183
209
475
183
200
200
213
478
197
220
183
211
453
207
183
196
215
493
184
210
208
183
472
201
211
184
213
463
215
201
219
182
457
198
206
197
213
469
214
184
201
210
463
183
213
213
183
475
202
200
199
207
474
184
221
186
195
461
211
197
204
199
470
181
216
202
208
453
215
190
199
220
425
218
198
219
185
451
207
208
211
199
467
202
212
196
210
460
235
187
199
213
475
181
214
208
185
468
197
186
210
205
463
181
225
190
202
462
224
185
199
206
475
183
213
201
200
471
196
201
199
213
450
195
227
185
219
452
198
199
223
183
471
182
243
210
212
464
198
217
199
199
500
185
236
190
197
494
184
198
212
216
460
225
191
183
213
473
183
199
235
187
475
183
206
226
187
447
235
180
207
225
433
207
181
195
214
458
218
190
201
211
437
219
182
196
214
459
212
195
213
207
444
182
200
219
185
488
186
224
185
210
441
215
182
210
205
481
182
217
201
199
451
221
182
196
208
453
216
191
196
207
454
205
184
193
217
425
213
207
213
205
439
199
194
224
182
479
179
224
195
207
456
201
199
210
213
449
183
232
179
221
494
181
208
228
187
458
221
182
213
236
453
200
202
212
208
493
187
213
222
187
464
193
197
222
210
446
214
196
209
222
427
213
189
211
202
465
210
184
211
208
422
230
188
214
208
460
222
200
209
185
472
183
218
206
211
470
208
186
214
209
462
210
202
227
189
479
185
221
195
217
474
184
220
200
203
442
220
208
203
185
477
198
205
212
217
968
224
222
209
186
452
194
196
211
182
440
187
187
181
224
432
203
217
206
200
511
187
197
226
215
454
218
201
221
220
444
208
184
210
196
447
211
214
198
198
462
187
206
189
212
474
191
214
184
212
451
202
206
201
212
461
199
185
209
211
457
188
226
217
207
456
191
196
215
204
476
192
208
211
213
454
214
184
209
219
437
209
188
209
199
459
211
186
212
197
464
225
188
214
203
439
204
196
218
227
540
187
218
215
200
490
185
212
197
218
449
213
197
220
185
462
202
211
196
213
467
219
200
220
191
474
199
219
192
208
517
181
215
204
192
457
178
204
191
205
467
210
174
192
220
454
175
210
204
181
478
198
202
205
191
462
178
208
190
209
420
203
204
202
200
446
188
197
204
192
467
184
210
207
204
426
207
192
202
193
456
184
194
203
216
458
172
202
205
194
446
197
192
206
212
455
174
207
209
178
479
179
215
225
192
476
180
195
221
213
435
211
183
207
199
458
194
220
178
175
479
185
204
210
190
431
213
186
203
213
441
228
184
200
210
457
199
220
184
221
455
199
218
184
214
465
220
194
197
217
437
212
200
213
217
469
187
212
213
185
463
192
225
208
216
493
201
208
211
204
485
180
195
209
200
489
183
210
215
185
480
185
211
223
199
479
187
212
220
197
508
182
210
210
193
503
184
224
187
211
455
188
229
199
216
461
216
188
212
210
477
187
219
216
188
472
202
200
208
201
506
184
223
185
215
451
183
217
200
236
429
202
199
230
181
485
192
216
200
225
465
215
190
211
211
475
183
213
221
197
491
187
211
188
215
460
205
215
247
208
464
219
204
214
210
450
203
202
223
225
432
212
223
188
214
493
183
220
220
190
472
190
209
212
214
459
225
218
184
212
486
193
214
190
193
511
188
219
222
186
488
184
218
216
197
497
191
217
219
202
489
186
219
189
225
469
218
185
195
219
445
192
211
217
207
476
202
219
186
214
457
194
232
187
226
459
218
189
216
212
476
189
215
227
187
483
190
205
221
228
447
237
201
201
216
476
200
228
189
185
512
187
224
233
188
449
227
191
214
222
472
221
200
202
224
444
219
211
227
235
440
229
187
214
663
564
230
280
213
216
437
218
200
182
191
468
188
209
192
189
478
191
186
201
189
434
223
196
212
222
437
216
186
200
221
473
209
202
204
213
463
218
189
214
216
436
234
187
214
215
454
238
199
222
189
491
186
217
219
197
486
198
204
215
219
459
189
213
241
186
496
201
202
223
191
491
191
215
221
188
495
188
217
228
185
481
203
217
220
191
493
185
222
203
220
444
219
204
232
191
484
204
228
191
214
505
190
229
189
213
515
190
202
226
194
491
222
189
214
225
457
202
221
187
214
522
192
205
214
192
537
187
208
226
215
457
221
185
216
215
454
217
214
216
226
431
207
219
217
212
468
