0.26896008762921886
0.26161263052071193
0.25667996763887174
0.2648113863665305
0.26157245498944737
0.26322729057958816
0.2643060237277585
0.2636642938457529
0.264460822874939
0.2692290477788967
0.27116493091274857
0.2742550698190341
0.27488306764656667
0.2760771882231316
0.2760178031297372
0.27748862296380367
0.28053960475261186
0.2817887354578535
0.284280251424038
0.28470457067389787
0.2844873010854674
0.2860727917099305
0.28639226856995675
0.28577398958392614
0.2852995393640116
0.2872263171271922
0.2876908563642081
0.28787208810777043
0.2870312013062411
0.28671393216134433
0.28631728781086724
0.2865099660667104
0.28676053336034535
0.28721755945160493
0.2875539611966439
0.2875719542081922
0.28815117342044616
0.28858656439210006
0.28856466673257997
0.28820364162948725
0.28662421137215954
0.2851068488894508
0.28383654999850727
0.28240060796839067
0.2807916945055165
0.27999475432372606
0.2794748692261685
0.27830574380544165
0.2774976366183101
0.2768686345948275
0.2758072588273721
0.2747849699720396
0.2738120106314671
0.2726915229727573
0.27149662701895927
0.2706638070646012
0.2714090534709666
0.2713399378670469
0.2708124864073646
0.2699749343965898
0.2694300612116379
0.2687475569696554
0.26778824127159706
0.2668340815699414
0.2662680164840628
0.26565604209827504
0.2652931903234739
0.26530505347942696
0.26519967338961403
0.2648365502231025
0.2651497927577832
0.2658954314384832
0.26660971644560616
0.26702424826913057
0.2674765368269053
0.2683992192975404
0.2695924316613972
0.2702051437944677
0.27050728085040016
0.2703840876317321
0.27073255724294937
0.27115048723642127
0.27193018991764234
0.27227961708284615
0.2722292229003749
0.27262477604145985
0.27310609439466976
0.2731385950452415
0.27280131220872583
0.2725578549240626
0.2726056808488951
0.2730991725780283
0.2734671028021445
0.2735320945964532
0.2735549219475499
0.27396921941089636
0.27422617251730386
0.27448868798333664
0.27477908718731797
0.2750584449759034
