0.2504689532415965
0.2430301368611054
0.2445308322020651
0.25645674767600185
0.2560508049707803
0.2581227751906089
0.258797153513006
0.2594809968590983
0.26006930577238824
0.26557010182387825
0.26871299480416844
0.27248327951169915
0.27391606108738176
0.2759725365582303
0.27745851336298943
0.2785439163552777
0.2800559888770427
0.2805228804276474
0.2825208021694684
0.2830722750669572
0.2826096047721087
0.2840801828485391
0.28434769488224076
0.28339469448566806
0.2832037925836346
0.2850368541447297
0.28486723682558907
0.2855121476144337
0.2847546646740955
0.2848183138098709
0.2841575341772664
0.284246984705525
0.2845813193039768
0.2849549640848942
0.2853521753953841
0.2853608022356881
0.28655952317198863
0.2870101058318633
0.28707707491046036
0.2867995488984214
0.28526757250380397
0.2828485655285593
0.2810929641652284
0.2795587972127424
0.2778218575621876
0.276922114520047
0.2765092365817162
0.27505355104622176
0.2741972456792716
0.2734863836358384
0.27238054688046437
0.2711023081476687
0.2698896158993864
0.2688875043507189
0.2677768779805782
0.26699285161272784
0.26718622065142117
0.26683163090950407
0.26609259581672173
0.26546295287678084
0.26475152859046586
0.263663098518039
0.2626767669285558
0.26176956472665197
0.26132471168574584
0.2610137554469696
0.2605484210488318
0.26049670608592984
0.2605467269624283
0.26016094564075537
0.2606370150505373
0.2618099471118728
0.2628434810207712
0.2636464925136018
0.2640638874043878
0.26451514734464415
0.26521048590014107
0.2657719032517422
0.26611435039384695
0.26605301333291925
0.2661683721655427
0.26633480141733856
0.2666558591228348
0.2669317303020633
0.26710866310585796
0.2673638811378277
0.2678034560395057
0.267960715289315
0.2676803889816936
0.2675262189699243
0.26766840709403195
0.26818029006430255
0.26847593932808295
0.2684928627937709
0.26858810290287544
0.26903598705404
0.26921733623741856
0.26941118001411823
0.2696060317092268
0.26969467303728106
