0.2650625718136694
0.2651503611333985
0.2639042457968762
0.2598945282937419
0.25755812159770863
0.25552454275095265
0.25470080310152865
0.2525891053535478
0.25098606832338477
0.24984420245002611
0.24852443013351738
0.24754821676233651
0.2463968564041524
0.24550572718097677
0.24433022715359787
0.24366037956272338
0.2430059705075972
0.242094435503528
0.2417368306805219
0.24152841074548956
0.24139001551166234
0.24124177610570985
0.24088940457034855
0.24062210375438503
0.24048217266815114
0.24025872435882872
0.24022214929759578
0.2401405694803814
0.240108096086077
0.2401197255976785
0.2402883649444252
0.2406667307561929
0.24110735714381518
0.24147997678247438
0.24161526566215027
0.24159140058537446
0.24151911889773456
0.2415219936051264
0.2415293691788507
0.24155551400883213
0.24158340646926774
0.24153557515557514
0.24168478850079364
0.24190393791750403
0.2420752869792561
0.24242183575432152
0.24266172618045317
0.24290875661137767
0.2430182139876516
0.24326874423832887
0.24337629995950782
0.24355660044622973
0.24370733130733163
0.24384726431960344
0.2439731451949184
0.24399884910704916
0.2440126750899192
0.2440661447778531
0.24404691653027388
0.24414663201884984
0.24414551428828107
0.24416362214950063
0.24418274873252666
0.2442693814682328
0.24428664492830937
0.24437624178498513
0.24455891458076573
0.24464638293933877
0.24460395210091027
0.24459065728621698
0.24449873871218444
0.24440821794874512
0.2442987411784687
0.2442834434694699
0.24427139928618324
0.2442879115479142
0.24428806531656833
0.24421278654266737
0.24410298136288994
0.24406552280872962
0.24402397761940015
0.24398480515092294
0.2438693122198192
0.24381868181185706
0.2437133033833775
0.24369174175336927
0.24360922630516893
0.2435773360166586
0.24353959319279733
0.24349693099742026
0.24347602552244693
0.2434796614550485
0.2435169995926784
0.2435492371033394
0.24354532957689232
0.24352471888803118
0.24348585469751027
0.24344147028790444
0.24340990698122866
0.243337198054765
