0.2848988976477194
0.28060722378867514
0.276804090904191
0.2770167164186514
0.27687264426266767
0.2763260765580673
0.2761260632072054
0.2757723451768174
0.27586180794091714
0.27556847599090023
0.27562183743031804
0.27562802569142747
0.2760104395078546
0.2758789103417687
0.27563355462396266
0.2755434773778022
0.27568138632338934
0.2757627661689225
0.2759458979460641
0.27616533244945185
0.27614833704580594
0.27623843598253556
0.2765692158269318
0.27683298461061595
0.2770070375300687
0.27713890863069346
0.2771278083416386
0.27738159946915114
0.27755236184801824
0.2778553841216921
0.27822692613255473
0.27855289133885713
0.27875013770753004
0.2789423892554176
0.27935868297117433
0.2797052418271922
0.28002173074094777
0.28051828656364614
0.28105830586023234
0.2816548472229511
0.2821696850392193
0.28292883479979153
0.283755448679698
0.2846662268939507
0.2862281214014883
0.29014346249593514
0.2962886358343339
0.30210192330694885
0.307880822516221
0.31306292567317856
0.317977974478545
0.3229076177517058
0.32760826953007854
0.33198071151193986
0.33658530824123284
0.34106031986972835
0.3450975539351808
0.34906075291525673
0.3530397713570677
0.3567478840174675
0.36004591515434425
0.36355691853726996
0.3669174582642358
0.37003154600162486
0.3731395055719157
0.3761560922930497
0.37902742794508126
0.38180202958830023
0.3846195099549105
0.3872103220885425
0.38977168867513834
0.39227362868526366
0.39470688534475895
0.3971239962577252
0.39953282603922247
0.40180804525816294
0.4028507741989726
0.40390609224642504
0.40580299378947493
0.40653252398535106
0.4074596931672625
0.40964662670620655
0.4117917654320574
0.41393246798568656
0.4149864719084001
0.41580396401526054
0.4176351875749794
0.41942629548057164
0.4204413895013224
0.42040534291323023
0.42096466933185256
0.422492394586763
0.4240172241438157
0.42547866466910184
0.42597372400787953
0.42561873670349715
0.42547382113426624
0.4253042443732465
0.425859015069287
0.4271411652202645
0.4282383754401429
0.42837421463698344
0.42852523762926953
0.42873485386037286
0.428342699566436
0.4280474241761512
0.4275601579229147
0.4271762826981694
0.42680807884557675
0.42638249195462075
0.4267178475736381
0.42791664079343095
0.429203486422664
0.4295740923856873
0.4299006407436038
0.43028672481195623
0.43055779855815585
0.4316558773927268
0.43192809748795385
0.4313667899419635
0.4315208723781851
0.43166352297341576
0.4312107316632797
0.43074256562942553
0.4303273086855626
0.42988167789403814
0.4296092666650709
0.42931897446431116
0.42878641752853336
0.4283804025827348
0.42804403807161884
0.4276903797201714
0.4273119747530332
0.4269267895587495
0.4266007405780508
0.42624595257867365
0.42574706002276425
0.42533325558552176
0.42489170041879876
0.4244557036238227
0.4240429001131451
0.4236568521868968
0.42329599808880636
0.4229088233419621
0.4224217068819162
0.4220350309662526
0.4217007617747744
0.42130415508828034
0.4208143632031268
0.42025482046022444
0.41994365852870985
0.4195942364569068
0.4191202509400937
0.4186905456781587
0.4183660419842054
0.4180136955568521
0.4176110569149309
0.4172699757640769
0.4169970616195662
0.4167306556780546
0.4163366971350203
0.4158649250012383
0.4154350496693203
0.4150435959745855
0.4146641985876507
0.4142663465758873
0.41379814252640174
0.41336935684445025
0.4129236433887132
0.4125278700196875
0.41215386512439806
0.41224985827782795
0.4123529412159508
0.41193685334210645
0.4116146058802725
0.41126802191824813
0.41081282287975324
0.4104516981406078
0.4101047425574109
0.40975320867306114
0.4094048684165121
0.4090744037187723
0.40872651050673464
0.4082890579777537
0.4079237988247548
0.40759002592013666
0.4072187570669914
0.4067995234793192
0.406476729526376
0.40613893365322745
0.4057032872293215
0.40568447592872803
0.4056579429534155
0.4052758888923853
0.4049120728172309
0.40451929671512954
0.4040852241915597
0.4037673175459821
0.4034241803093261
0.40405355771071283
0.4046643935185622
0.4042983191659975
0.40394541795652056
0.40362216498444814
0.4033082879157593
0.402966674399865
0.40263599744601425
0.4022265082843709
0.40183535557683914
0.4015057130657993
0.40122028403586435
0.4008656483438742
0.4006097139327218
0.4003999874409005
0.40003310236762896
0.3997168164454617
0.3994429056033983
0.39909859453041424
0.3987205627452383
0.39840498029780125
0.39809149867942584
0.3977633550343274
0.3974429714601818
0.3971368732764501
0.39685449645247245
0.39657979648474784
0.3963170079590102
0.3961541613654848
0.39590309162490167
0.3956082715940442
0.3952953343322056
0.39493945758458027
0.3947458576739093
0.3946776344229327
0.39448584831887634
0.394294664478892
0.39405412362056136
0.3937428776505589
0.3934362794054961
0.3931550890672489
0.3928777217537638
0.39287723635319055
0.39287974126882186
0.39262765353457174
0.3923885351296982
0.39208234432549144
0.3917297939637958
0.3914146674384835
0.3910868790495981
0.3907470577666819
0.3904456361096702
0.39013597120184806
0.3898156234076122
0.38949601369142606
0.38923783493486275
0.38898793425373157
0.38867941392352573
0.38839211926286044
0.3881409276772387
0.3878681221449304
0.38757180505993905
0.3872885946453801
0.38699579612124657
0.3867165535347244
0.38645889627546626
0.3861698762912381
0.3858995246309527
0.38560007920729966
0.3852854113975563
0.3849992239597741
0.38470159038693075
0.38440192879176643
0.38413412980999234
0.38385597680431355
0.3835297403425944
0.38322533321268853
0.3829053256070237
0.38265796159265236
0.3823907074180165
0.3820913301443477
0.38180856078112174
0.38150144679025894
0.38122584177574853
0.38093150177033747
0.38064392746758485
0.3803539188122494
0.3800649389573919
0.3797992523492309
0.3794900014971198
0.3791871875239218
0.3789542082449433
0.378745807756927
0.37851906887522496
0.3782625488852133
0.3779677916980948
0.3777163784822189
0.37747874233490764
0.37720518577404183
0.3769421884645611
0.376686717319037
0.3764117685357444
0.37612656536995126
0.375873184188778
0.3756051983751386
0.3753313340719989
0.3750587360171763
0.37477978117199157
0.3745314104349322
0.37427837220882254
0.37404733795972434
0.37380753309003345
0.3735292330288943
0.3732716261614529
0.3730257681303494
0.3727692808987877
0.37250159595316196
0.3722513414912875
0.37201952806668964
0.37177978842003495
0.37152287004465734
0.3712613083827827
0.3709887807144993
0.37074060666055814
0.3705017753837195
0.3702555312427387
0.37003646792998257
0.36980396001172633
0.36957551073971123
0.3693470176489039
0.36909768096748163
0.36885446183862075
0.3686022641541471
0.36834353169089934
0.36809177704062074
0.3678549745729096
0.3676275045122198
0.36737780814979276
0.36716069015266456
0.3669464757900249
0.36670671559544255
0.3664636683980939
0.36624256475734573
0.3665940375004413
0.3669219575292812
0.3666690650934135
0.3664420822234694
0.3662090589300283
0.36599698153508653
0.36580763224971624
0.3655834284119865
0.36534417196510427
0.3651235537985625
0.3649092738024785
0.36466851528448246
0.3644235085843605
0.3642196741075354
0.3640160736067857
0.3637798545328471
0.3635347707233183
0.3632988030423874
0.3630996728978398
0.3629071043790272
0.36267432262317095
0.36245487299783385
0.36224035701422574
0.36201156717913796
0.36178491963100456
0.361572299995061
0.3613547860024706
0.36113932482119776
0.36090532068290393
0.3606802466331121
0.3604629087681594
0.3602262238455216
0.36001962669606236
0.3598490799606944
0.3596758488199787
0.3594594914743253
0.3592579724362289
0.3590481902074701
0.35883255412229714
0.35863247608233123
0.35842332876964095
0.358214520181253
0.35799883718973685
0.3577784992546963
0.3575564080792131
0.3573886011795039
0.3572061058008182
0.35699509007378266
0.3568354967468766
0.35665218490984973
0.3564611282185699
0.35626124762038935
0.35605079295798864
0.35588526755387234
0.3557264878871719
0.35555146047889363
0.35535712057333313
0.3551570703592911
0.35494869936920587
0.3547399605134592
0.35454500041181575
0.35435281540446023
0.35415474657798596
0.35394875392809705
0.35376495977470584
0.35358482387502105
0.3533808199733836
0.35319315584591904
0.35300616070603946
0.35281605109022957
0.35262367430770586
0.35243742534638356
0.3522366939024312
0.3520461021133656
0.3518551341884617
0.3516555250694511
0.35146994945844995
0.35128113467832833
0.35114900991743886
0.3510054577698513
0.35082618725901965
0.350649710024409
0.3504657011883094
0.35029175621067765
0.35010987467957905
0.3499169082974237
0.34973844977319357
0.3495621918713671
0.349388745744067
0.34920740779906023
0.3490381901112111
0.34885861829302584
0.34866295155530963
0.34847399027779996
0.3483150729372544
0.3481439189510319
0.3479511578190093
0.3477729559427722
0.3476068269368713
0.34744568533192777
0.34729082791929744
0.3471464371955807
0.3469892789349234
0.34681434531090566
0.34662733420547936
0.3464513482143743
0.3462815161056279
0.34611091720019294
0.3459363454788712
0.3457704747154396
0.34559297884852036
0.34543556702819905
0.3452728264792083
0.34510062581533574
0.3449304729355487
0.34477018595064285
0.3450282636691291
0.3452850493044434
0.34510333154317213
0.3449327122338836
0.3447639810013615
0.34460838670455396
0.34445875244670854
0.34429248472259993
0.3441227170742273
0.343958678432188
0.3438059658692783
0.34364886840517944
0.34349061398404973
0.3433420547026419
0.3431822719765633
0.3430518488086568
0.34291408648727384
0.34274458357402193
0.3425750959756975
0.34240481095968783
0.34225448534131686
0.34210409175826034
0.3419590006173298
0.3418094726902215
0.34165039579388234
0.3414842662459344
0.34131438388198165
0.34116551991437416
0.34100789864419184
0.3408432580562711
0.3406941561742074
0.34053475893580415
0.34036780811767997
0.34020729874362937
0.34005220813348663
0.33989730162048215
0.33974512047502736
0.33960807572404944
0.33948518464618843
0.3393418671547665
0.3392011214701172
0.3390560851025558
0.33890130141937574
0.33874469926720047
0.33858789928042304
0.33844157266873914
0.3382866552405086
0.33814651607038776
0.33800746883213745
0.3378577391093491
0.3377001606844429
0.33757286239522455
0.33743831197942253
0.33729936426229673
0.3371489877872849
0.3370164340570533
0.33688050174591017
0.3367391936897645
0.33658852322799593
0.3364452638596537
0.3363028140656361
0.3361712799822611
0.3360258251750574
0.3358965652064827
0.33575693645531385
0.335621341078975
0.3354906565581051
0.3353585540392524
0.3352310817154842
0.33510247268510085
0.3349832914626806
0.33484974096237896
0.33471648059690046
0.33456993463547385
0.3344339598806989
0.33430181160227956
0.33417819684012173
0.33405025359677254
0.3339134914747674
0.33378525080349764
0.33365254385306226
0.33352951439685324
0.33340353650209736
0.33327181940103046
0.33314478790022356
0.333058017240383
0.3329734411665273
0.33285046875280616
0.3327295752193102
0.332597199705904
0.33246577138244526
0.3323324813411729
0.332203485138595
0.3320802611325926
0.3319579839940202
0.33183821343042497
0.33170917879491113
0.33159320791997776
0.3314685179369557
0.3313456792884557
0.3312251803384232
0.3310935963730817
0.3309814078625687
0.33086826111015616
0.330749448298862
0.330628497647484
0.33050448370951047
0.330384562406167
0.33026493503287735
0.33014016556750975
0.3300257372431591
0.3299141727067624
0.32979852730652515
0.3296792224458339
0.32956340384141475
0.32945585346699385
0.32933762869515737
0.3292215744682128
0.3291060615992269
0.3289977985386404
0.3288782004173552
0.32876315249866656
0.3286431923119026
0.32852594544021674
0.3284087255384544
0.3282818211113754
0.3281657067199254
0.3280550055006043
0.32794594155742013
0.3278376315373155
0.32772013252010174
0.3276127671292807
0.3275054953392914
0.3273936130020827
0.32728082454170476
0.32716690301551016
0.3270661725170531
0.32696256756025344
0.3268500019060879
0.32673557583355206
0.3266253155019979
0.32651485188894785
0.3264112445745664
0.32631258569893934
0.3262070642966154
0.3261000039426704
0.32599594805174287
0.3258857975860906
0.3257785105562022
0.3256758231420783
0.3255679143884854
0.32546228191132587
0.32536667419307863
0.32525909480575776
0.32515681667510404
0.3250605789819895
0.32495114706663253
0.3248500302262841
0.32474577914512687
0.3246502160801263
0.3245538637978919
0.3244498616896924
0.32435023205415175
0.32424741648523436
0.3241559763415886
0.32409660192729906
0.32401607718345093
0.32392198323160565
0.3238133425326192
0.32370843246531184
0.32361168398075224
0.32352383135281565
0.3234263309193491
0.3233158185503829
0.3232196127046468
0.32312880696624485
0.32302011079407905
0.32291444404403447
0.3228146292146737
0.3227094787924618
0.32260848662896097
0.32251771303222887
0.3224285192349192
0.32233571805443595
0.3222384767948939
0.3221410880325763
0.3220504537725814
0.32195915081055765
0.3218621377933159
0.32176518234758156
0.32167040711388883
0.3215775460415898
0.3214744740855115
0.3213761517138881
0.32127551656678177
0.3211819467201434
0.32109746466043815
0.32100094215318575
0.32091152469908246
0.3208142171726673
0.32072550691885043
0.3206482259983582
0.3205675420518545
0.3204828836388347
0.32039753387250025
0.32030194650447
0.3202098143769691
0.32012345909864093
0.3200372145838404
0.31994644830898644
0.319857817868009
0.31976850956120295
0.3196797846790329
0.31958981867569974
0.3195010738163776
0.3194160114640212
0.31934212442303056
0.3192653970719875
0.31918236174640374
0.31909334316019516
0.3190108214954041
0.3189272606559741
0.31884197005778014
0.31876795459352314
0.3186962320530438
0.3186158109565984
0.31854529797897224
0.3184747828305331
0.31838829556807036
0.3183013845321864
0.31822024982850433
0.3181440352211025
0.3180559387504072
0.3179749113176364
0.31789531313011865
0.3178167603548161
0.3179270767768219
0.318040434795474
0.3179607907828564
0.31789168459979666
0.3178163093180699
0.3177305774910718
0.3176394263163412
0.3175584935260614
0.31747799261447834
0.31739295584759647
0.3173143018741457
0.31723877754410085
0.31715738651636205
0.3170897416684889
0.31730852876437576
0.3175223142807954
0.3174381666423839
0.31736875043586077
0.3172938959264081
0.3172143958899657
0.3171352523827775
0.3170607504069345
0.31698241598083876
0.31690542504820696
0.31682810637187836
0.3167515193170573
0.31667367697619503
0.31660353080069437
0.3165321615923972
0.3164590053542131
0.3163858935269208
0.3163119600208238
0.31623723260769054
0.3161650763069863
0.31609620602353217
0.3160237487023276
0.31594834858217596
0.3158736928040823
0.31579988752134885
0.31573156216966664
0.31565667344814197
0.31559179203964915
0.31553041132498344
0.3154644701234519
0.31539760549811446
0.3153298381813618
0.3152627304255459
0.31519432033468514
0.31512135486054194
0.31505032144941103
0.31497858025042574
0.31490137347915986
0.3148385463699943
0.31476674106908914
0.31469822043339507
0.31462631995356394
0.3145509898127648
0.314479213999956
0.31441586377071135
0.3143442648062953
0.31427523733016216
0.3142007074983068
0.3141314779206533
0.31406327470634443
0.3139930351063271
0.3139335018654098
0.3138649486003032
0.31379852176225687
0.31372656382003244
0.3136511983855545
0.31358165446359604
0.31351056369474944
0.3134340775061499
0.31335968701163147
0.3132919685758487
0.31322968251691924
0.3131570012579138
0.3130883544447867
0.3130285768969843
0.31296803134871354
0.31289684308070576
0.3128258403168317
0.31275582556143194
0.31268967857648683
0.31262430826599197
0.3125616566532214
0.31248990746147726
0.312429242052323
0.31237213900928323
0.31230980756805
0.3122505214965663
0.3121883420430798
0.3121230824115782
0.31206057069968174
0.3119995399974611
0.31193286125609637
0.3118696136909981
0.3118070785567901
0.31173322195449144
0.31167007338917146
0.3116022613704262
0.3115525958579439
0.3117805018917974
0.3119856249359925
0.3119249508915568
0.3118624868617648
0.3118051076870508
0.311743796953786
0.3116857454516483
0.3116227628443217
0.31156432393971806
0.31150501612624704
0.3114535291224732
0.311394731478222
0.31132881634467824
0.3112720980673497
0.31120526235794227
0.3111428771188218
0.311090784757392
0.31102833255446016
0.31096696790980066
0.3109087313476323
0.3108553949859113
0.31079498329447386
0.3107288764483728
0.3106700809078993
0.31060919899526984
0.31055428034101673
0.3104924794280015
0.31043362624323473
0.31037371203870256
0.3103081088412559
0.31024649445581115
0.3101941375187587
0.3101387461679733
0.31008325364433237
0.31002526214191495
0.3099639810186048
0.30990087479508843
0.30984423612522344
0.3097863655493147
0.30973066969632146
0.3096765121023769
0.30962380985469967
0.309611690468186
0.30961466793224846
0.30955285942886485
0.3094904373892823
0.3094310251869032
0.30938057038312883
0.3093255879913962
0.3092716867666258
0.30921395677448715
0.30916527427666285
0.30910444179634405
0.309052517682068
0.30900445281047223
0.30894507076337363
0.308887607828095
0.30883336193830613
0.30877995570077765
0.3087282562428985
0.3086631318427702
0.30860480056903794
0.3085526490805714
0.30850172818190796
0.3084484334794971
0.3083961785732926
0.30834263961583436
0.308287416352617
0.3082369163064812
0.3081771266859695
0.30811920031257645
0.30807084747905206
0.30801856534061833
0.3079684237500938
0.30791784211831813
0.3078656582392212
0.30783609421540303
0.3077977079654814
0.30774494902399013
0.3076845017324793
0.3076338559517005
0.30758253881830605
0.307535963112595
0.30748429018509355
0.3074293391488121
0.3073799057412823
0.307328383596789
0.3072816083226017
0.30722790869102157
0.3071830922960274
0.3071417019168742
0.3070920128643756
0.3070447423792468
0.3070018038789354
0.30694917897812707
0.30713488893418284
0.3073150004863081
0.30726144568996905
0.3072030681342421
0.3071592248529554
0.30711338467484944
0.3070619677280316
0.30724535702260913
0.3074284011773351
0.30737812248278235
0.3073263712022753
0.30727116336046656
0.30722016717668504
0.30717192419165235
0.30712300340627785
0.3070779383756905
0.30702955968152945
0.30698135909474106
0.3069437091000068
0.30689951641081586
0.30685181759000235
0.30681005766317865
0.3067660551065211
0.30671349784810226
0.3066624471411791
0.30661241660725824
0.3065647590161681
0.30651053710518156
0.3064571562276563
0.3064047571605373
0.3063549332073836
0.30630113124201147
0.30625003838131504
0.3062068082495163
0.30616142174697586
0.3061186027594408
0.30607019170478567
0.306019853753466
0.30597548356745824
0.3059302118122802
0.3058869646460409
0.305841303107542
0.3057986607003017
0.30575631542622117
0.3057134631516876
0.3056639130368593
0.3056208132956378
0.30557769222839953
0.30553813748146114
0.3054943866610241
0.3054433766792699
0.3053965308211963
0.3053483037523774
0.3053065775525679
0.30526209823544587
0.3052204978477233
0.30517181620722494
0.30513390026327886
0.30509602579623857
0.3050535271138097
0.30500391720179104
0.3049611314833988
0.3049182597034041
0.3048776598088537
0.3048358321541862
0.3047917731261179
0.304744453300062
0.30469807953383
0.304652757949883
0.30461383347436105
0.30457031301590776
0.30453065943730273
0.30448706071034937
0.30443861728765703
0.30439426466797315
0.3043499172488702
0.30430294197618596
0.30426244279579007
0.30421947871672306
0.3041738375108511
0.30412937732943535
0.30408612602743235
0.30404731984400746
0.30400392793309233
0.3039613807451398
0.3039170560429006
0.30387470238239833
0.3038367764646485
0.3037882381564447
0.303744434837034
0.3037012527419541
0.3036631804396279
0.3036245731205037
0.3035767693281851
0.303538246988127
0.30349747344227757
0.30345356060134704
0.3034208451906593
0.3033919687000322
0.3033577098718201
0.3033099410616908
0.30326446585054745
0.3032249372144303
0.3031849725887949
0.30313997354855254
0.303101736999826
0.3030684615431423
0.3030274971629395
0.3029838539239121
0.30315617961090147
0.30332637290095477
0.3032823599425301
0.3032675170645495
0.3032525866103297
0.3032162857228971
0.303175201873431
0.30313166441014533
0.3030913673194854
0.30305053674241544
0.30300768971775366
0.3029678588846956
0.302929459909303
0.3028883568443741
0.3028454408329595
0.30280444515730237
0.3027638026550583
0.30272506075193734
0.3026857170696837
0.30265526065192266
0.3026214954548831
0.3025857889596377
0.3025466375743541
0.302502964945757
0.3024605777336395
0.30242044649786864
0.302381124025158
0.3023409034536777
0.30230312812276994
0.30226628465374883
0.30223058306614087
0.3021945082354268
0.3021557219926106
0.30211830301219356
0.3020820098531438
0.3020428070723865
0.3020072445926947
0.3019681776697024
0.30193598982842745
0.3019049017809447
0.3018660997951497
0.30182958970255275
0.301792689353353
0.3017549802354542
0.30171534061923283
0.30168476757350027
0.3016533285868464
0.30161863229351116
0.3015820016888507
0.30154575814962825
0.3015094523658758
0.30147258546336875
0.3014302259979638
0.3013960247332547
0.301354903038051
0.3013159330633529
0.30127639535286366
0.3012456118832636
0.30120444573084854
0.3011837705235706
0.3011679624319231
0.30113045344410916
0.30109546374464236
0.30106045004132514
0.3010248565369496
0.30099142551469316
0.3009580144699933
0.30092337952212167
0.3008881630923163
0.30085098876352007
0.30081366610515087
0.30077919037031553
0.3007490338235739
0.30071824725418844
0.3006808789290289
0.30064493658053176
0.3006110692560014
0.3005790502357559
0.30054749685628346
0.30051013121260983
0.30047332775204116
0.3004390921954744
0.300403317060587
0.300372130554613
0.30033394665028557
0.30029750190554194
0.30026278202409684
0.30022212001218895
0.3001882399934731
0.30014928731952856
0.30011055373005685
0.3000773870338264
0.30004159981462
0.3000111833625849
0.29998222899466515
0.29995194966681876
0.29991729032784054
0.29987686757208565
0.29984066353005356
0.29980934666108644
0.29976717501183453
0.29973160284555495
0.29969778432901967
0.29966218320142085
0.2996352980987735
0.29960896607157517
0.29957523838317374
0.29954153653893817
0.29950815600970454
0.2994737351164232
0.29944008043034964
0.29940635016593
0.2993723994464083
0.2993386900027354
0.29930544027896183
0.29927061040284314
0.2992366763336688
0.29920093797288866
0.2991698919345262
0.29913411191236744
0.29909773523180194
0.2990652489530601
0.29903314720952556
0.29900256480878745
0.2989667799149939
0.29893140128273543
0.2990742691273995
0.2992127172135498
0.29917704776154147
0.2991425968869537
0.29910299476430174
0.29907095605889145
0.299038164191157
0.2990044069045977
0.29897084459315015
0.2989398801609154
0.2989079988219532
0.2988779061078532
0.298841757255537
0.29880535290782456
0.29878389745946304
0.29876280530088645
0.29873001302196456
0.298700216085037
0.29866696929547853
0.2986344671179511
0.2985992562069312
0.2985648198523141
0.29853520830854763
0.2985028406894213
0.298476925506769
0.29844828722039535
0.29841570567951997
0.29838288692396575
0.2983517555340651
0.29831941383931454
0.2982866634421696
0.2982578529148631
0.29823068690130855
0.2982031488946021
0.2981773467196347
0.29814598812587134
0.2981152350246397
0.298084575482409
0.29804991038358103
0.2980194917009808
0.2979869011822867
0.29795415641282386
0.29792218978867735
0.29789108673538267
0.29785634946439254
0.2978251136031761
0.2979732535465598
0.2981218710693616
0.29809210104501815
0.2980650052968367
0.2980336989773612
0.29800308529514974
0.29797614707363745
0.297945285802921
0.2979255005065459
0.2980470977668138
0.298156996554155
0.29812807830631155
0.29810040847646063
0.2980699700310663
0.2980416179015525
0.29801614759502065
0.2979866476934651
0.2979563376635456
0.297923234835081
0.29789240496404634
0.29786017148079624
0.2978338993829412
0.2978033103806061
0.2977706614875022
0.2977412116020769
0.29771047889877633
0.2976805447421329
0.2976500132346329
0.2976184077654929
0.2975891514717221
0.29756121629641086
0.29753316960238246
0.2975111483118325
0.2974867877121206
0.2974571364253615
0.2974246395045913
0.29739770105588403
0.2973707634311128
0.2973427839272017
0.29731252824465765
0.2972850554228312
0.2972542658351545
0.29722377351273027
0.29720169324194246
0.29734186137625984
0.29747509880826284
0.29744733718564736
0.29742382074295126
0.29739821848381576
0.2973722693456526
0.29734766269239843
0.29732174728183103
0.29729143210259157
0.2972661860434185
0.29723955321227924
0.29721317635664124
0.29719135058542573
0.29716554248417304
0.29714333775904916
0.2971131038352206
0.29708955837280204
0.29706746868466727
0.29703924218105004
0.2970166964549931
0.2970026641029046
0.296978266195569
0.2969516374982755
0.29692853001065184
0.297066970519842
0.29720667142827367
0.2971793531095727
0.29715458730771566
0.2971276274366595
0.2971031831952107
0.2970746463234114
0.2970449702929595
0.29701344364454724
0.29698677849289984
0.2969671702111755
0.29693967047605124
0.2969140053711678
0.2968882868361422
0.29686238085615224
0.2968379695602165
0.2968137799842917
0.2967875618481085
0.29676139416276887
0.2967379519500283
0.2967096222520327
0.2966845743702588
0.29665572276863483
0.29662813893466056
0.29660807434146536
0.2965845051686351
0.2965603284503426
0.29653339362166026
0.2965089528292356
0.296483746414142
0.2964584214229184
0.2964357348614214
0.2964119820990041
0.2963873454802183
0.2963624136917732
0.29633946432855296
0.2963131472489837
0.29628865201073123
0.29626188858096486
0.2962377915041878
0.2962142744516588
0.2961884573545589
0.2961606035781768
0.2961330611493996
0.29611168447450276
0.29608915203109126
0.29606389014791334
0.29603854292528975
0.29601543000923003
0.295988535404972
0.29596143556510934
0.2959355600932193
0.29591179270391826
0.2958847747635944
0.29585881978522144
0.2958360290714158
0.29581354743490307
0.29579184755854904
0.29576695839552347
0.2957410930762877
0.2957144535903104
0.2956926682010694
0.29566961365592626
0.2956446640877865
0.29561546194032534
0.2955963114211128
0.2955799267132279
0.2955620660834729
0.2955398214539297
0.2955188852444566
0.2954928609943355
0.2954673444744461
0.2954429669448882
0.29541463931072975
0.2953893079480282
0.29536929804599954
0.2953445212525872
0.29532334702052554
0.2953033896138435
0.2952799838445942
0.2952552058606813
0.2952291816228838
0.29520368142897657
0.29518089790325075
0.2951576098884062
0.29513302077561704
0.2951102056157771
0.2950857413735353
0.2950614221720733
0.29503489704921243
0.2950061159838411
0.29498419919573565
0.29495674848507647
0.29493436217776003
0.2949106818151825
0.29488833146664817
0.29486166234892397
0.29483402357634636
0.2948101860744505
0.29478566563808534
0.29476640477670374
0.29474592241720715
0.2947206771391289
0.2946997699733158
0.29467314951312906
0.2946476323905209
0.2946265298005824
0.2946055553617896
0.29458249872017167
0.294559168738863
0.29453369323066025
0.2945102383421847
0.2944877576090047
0.29446668585101127
0.2944473336828136
0.29442675360792986
0.2944057386334111
0.29438005668080364
0.2943592162982125
0.2943377824521552
0.29431072499351896
0.2942868077062527
0.2942663624074662
0.29424292812666186
0.29423073026425106
0.29421470475379197
0.2941932937602604
0.2941725090432398
0.2941511334683139
0.29413268781010715
0.294109342263712
0.2940909800027312
0.294072258597146
0.2940492718937036
0.294027729761542
0.29400623313101343
0.29399010023411826
0.29397520012718187
0.2939545270407087
0.2939351764797206
0.29391135922806055
0.29389160053564817
0.293869642999577
0.2938505592494691
0.29382790312133933
0.293813483134177
0.2937996163787168
0.2937784781631617
0.29375637455724013
0.29373543122199397
0.29371688369707705
0.2936949013593436
0.2938117572833537
0.2939267912516813
0.2939026691131833
0.2938802143873328
0.29385917776290227
0.2938442471303277
0.2938268848040948
0.2938026929467185
0.2937820592015434
0.2937618752553141
0.2937405977041784
0.29371885879398846
0.29369796769329026
0.2936763370987672
0.2936538130310107
0.2936310708417339
0.293610088184742
0.2935855709298374
0.2935643725965379
0.29354352756051655
0.2935239002766242
0.29350658774861
0.29348286055002554
0.2934583919521391
0.29343270423204937
0.2934100442334474
0.29339178930317017
0.29336950377563525
0.29334606617885733
0.2933239484164992
0.2933012726365398
0.2932785840947348
0.29326065537809504
0.29324013435641305
0.29322124480409445
0.2931994186563567
0.2931780748062602
0.2931582912789091
0.29313526864760164
0.29311105822394407
0.29309136941466624
0.29307096703697566
0.29305246247948336
0.2930305148252004
0.29301149501835094
0.29299514533914495
0.29297709297352315
0.29295930955540955
0.292939662306055
0.2929159747178557
0.29289057236149585
0.29287188281249116
0.29285331694817157
0.29283901799937934
0.29282615810092016
0.2928081369682737
0.29278619097320396
0.2927682190540753
0.292750039269944
0.2927250919131701
0.2927067222953738
0.29268412537496385
0.2926611207204363
0.2926410074665166
0.292622164273107
0.2926016551761716
0.2925802825836987
0.29255630493298623
0.2925369440798047
0.29251646733953773
0.29249379113099755
0.29247509147567685
0.29245227498949916
0.2924321552205341
0.2924116730564493
0.2923959218668435
0.29252672733921875
0.2926571359128686
0.2926361191073823
0.2926198978907676
0.2926045257538063
0.2925858163927045
0.29256299311428496
0.29254543942722994
0.2925265952982668
0.2925057243498123
0.29248844179057176
0.29247431327672435
0.2924564489821731
0.29243598212579114
0.2924132428785673
0.2923920955844094
0.2923724572643597
0.292351513118533
0.29233465935103026
0.29231561587414157
0.2922935286017852
0.2922760436901603
0.292257373662055
0.2922379105797359
0.2922151794109131
0.2921943164356648
0.29217557570024055
0.29215785838732533
0.2921430755010214
0.2921231512116867
0.2921069016724082
0.29208964034671736
0.292075233414612
0.2920615233904357
0.2920424445852037
0.29201911885828463
0.29200183240971483
0.29198132285650424
0.291963558518817
0.2919459642149275
0.2919261086016207
0.29190871635991267
0.29189074672024745
0.2918741630519794
0.2918552374001385
0.29183930193918983
0.2918248003326401
0.29180956271690756
0.2917903341935291
0.29177132172898135
0.2917533771993957
0.2917420877536538
0.2917263380508449
0.2917072283284634
0.29168593450063923
0.2916673429442101
0.29164668250838593
0.2916279157090978
0.29161056595531476
0.2915915204983455
0.2915727973578599
0.2915567654884994
0.29153720149157075
0.2915192211197308
0.2915007562936417
0.2914833484897679
0.29146681837069083
0.29144526368124324
0.2914287558576157
0.2914143843482548
0.2913980585853407
0.2913790623673554
0.291360807482579
0.29134176756794977
0.29132475670891395
0.2913112698006118
0.29129891347202885
0.2912794706876635
0.29126130467212036
0.2912444118219668
0.2912261641584534
0.2912085614197953
0.29119080127533076
0.29117213372394407
0.29115664190427765
0.2911408615795776
0.2912605802767704
0.2913797757032546
0.29136093214392544
0.29134359103546387
0.2913240689956128
0.29130741976731506
0.29129050132602896
0.2912703131828946
0.29125054745588996
0.2912327691140348
0.29121891197746524
0.29120061792757124
0.2911821105390918
0.2911646827501971
0.2911451109623808
0.29112736126158406
0.29111071432780067
0.2910914098559769
0.2910753772905093
0.2910623469955491
0.29104740535580764
0.29102877829251667
0.29101592920830277
0.291000259305191
0.29098335402474323
0.2911068328084481
0.29122859933493067
0.2912127401771489
0.29120192240822507
0.29119538034611014
0.29118106561935064
0.29116318513750344
0.29114602145678004
0.2911276835180359
0.29110889038162097
0.29109106538855756
0.2910731119588352
0.2910569730882158
0.2910401247962317
0.29102363402709114
0.2910092306380451
0.2909926272955802
0.2909745178726954
0.2909584685876033
0.2909402105507942
0.29092326679068686
0.2909059745740732
0.29088746894473816
0.29098164462300175
0.2910771822386775
0.2910607015720665
0.29104437417803947
0.29102702483043347
0.2910072238577962
0.29099002646473326
0.29097338476721146
0.29095587609859885
0.29093735952794747
0.290918892620561
0.2909012041520562
0.29088212592813967
0.29086375602201214
0.29084615187151824
0.2908282259370119
0.2908139899760006
0.290799753706028
0.2907848329075054
0.29076693517332086
0.29074518880517847
0.29072757000606153
0.29070834224954895
0.2906901430185649
0.29067056757730025
0.29065483325192776
0.290638946033555
0.29062322756810455
0.29060832427187744
0.29059210853170936
0.29057894939786283
0.29056299250831635
0.290545745627603
0.2905313955615081
0.29051835396211717
0.29050597641508874
0.29049088162449777
0.2904739544367298
0.29045821268123895
0.2904429775895948
0.29042409171762307
0.29040746285165137
0.29039144440767284
0.29037466004988083
0.2903597384527713
0.2903404237772424
0.29032364062144433
0.2903070286600369
0.2902897620311533
0.2902735002773582
0.290254258397387
0.2902407320067506
0.2902269995666285
0.29021487358668807
0.29019846473739375
0.2901838566785357
0.29020815416471063
0.2902257042964442
0.29021095830227234
0.29019507844433523
0.29017746732767974
0.2901607772222006
0.29014534049005075
0.2901293994104158
0.29011629070471767
0.29010189425781147
0.29008558294631615
0.2900678632488891
0.29005455893861887
0.29004089052030313
0.29002940375525926
0.29001551880025817
0.28999988085555967
0.2899845601629658
0.28996788667357565
0.28995125807346583
0.28993609581372937
0.2899193121501773
0.28990215614845477
0.2898857090507854
0.28986856933020844
0.28985038048971984
0.2898306796917721
0.28981513938632775
0.28980368926481964
0.2897899963123595
0.28977713479960465
0.2897631514323156
0.28974868176283886
0.28973421440609515
0.28971676534795127
0.2897009460289411
0.2896828852304643
0.2896669362088358
0.2896531499685879
0.2896385442182748
0.28962700085464504
0.28961008598795
0.2895951279652326
0.2895842960640938
0.2895705498659404
0.28955757140017846
0.2896697986266842
0.2897817283809456
0.2897638115287838
0.2897480263565941
0.2897327083865655
0.2897184936166562
0.2897060627084291
0.28969331848168217
0.2896787116485013
0.28966359955322113
0.2896480064702509
0.28963020309764526
0.28961430502304514
0.28959822420653963
0.2895825055657967
0.2895643977671056
0.28954980164807737
0.28953452940651225
0.2895184908506685
0.2895010104582027
0.28960954664676447
0.2897181643672455
0.28970379746068825
0.2896891983711192
0.2896729220605639
0.2896576229893415
0.28964125319331574
0.28962772409452
0.28961378022945833
0.2895974191154035
0.28958515751399877
0.2895701925418892
0.28955550022121684
0.2895375281995517
0.2895233827192889
0.2895102564073178
0.2894948393659934
0.28947987303566713
0.2894651176476293
0.28945106087470046
0.2894371439213078
0.28942414729408467
0.28941135383237576
0.28940140849069934
0.2893916104604066
0.2893793847459243
0.2893693479205211
0.2893568925665322
0.2893441547536054
0.28932926704582573
0.28931704471792485
0.28930396352454363
0.28928664712336316
0.28927221911353784
0.28925877465489036
0.28924649016412907
0.28923316485164463
0.28921961253856937
0.2892111584499222
0.2891944799912709
0.28917869944529945
0.2891666020037014
0.2891549472213972
0.2891408729778204
0.28912391135580856
0.28910728083999754
0.28909182881327095
0.28907951602179494
0.2890673306440379
0.289056502195832
0.2890413809674509
0.2890265730323148
0.28901224840358847
0.28899962418887454
0.2889852035910895
0.2889713826739105
0.28895921264849284
0.28894535474497696
0.28893240442622103
0.2889181146593747
0.2889044765410071
0.2888908873114154
0.288996085055699
0.2890997083183452
0.2890840009456136
0.28906878822250226
0.2890580729716785
0.2890497801837556
0.2890373410081823
0.2890231870012661
0.28900864728512926
0.28899112205581173
0.2889797204039408
0.288968056568186
0.28895726047631193
0.2889439788070297
0.2889312025367263
0.28891967985382566
0.288907167366858
0.28889546673423044
0.28888322707717146
0.2888682461555569
0.2888516845876157
0.28883886991292734
0.2888258878461821
0.2888101769976766
0.2887957972871722
0.2887855788180674
0.28877270546532363
0.28876028604645537
0.2887466021136325
0.288730373703679
0.2887156980430791
0.28870255352636737
0.28869090966896693
0.2886758883536671
0.2886630720554796
0.2886518314055226
0.2886361157186496
0.2886211784936708
0.2886085411691436
0.28859514492179783
0.2885835308458098
0.2885699865716066
0.28855406922000654
0.28853905312704115
0.28852409349045055
0.2885114926621954
0.2885003757347906
0.2884883857665849
0.28847578878438834
0.28846374044481604
0.2884512144322982
0.28843776098696894
0.28842576102276735
0.28841093592692124
0.28839778626665796
0.28838771625828
0.2883781646750244
0.28836773050139225
0.28835922929056157
0.28834579534820065
0.2883380505974567
0.2883251850619481
0.2883117003784625
0.28830096968782726
0.28828638094786024
0.2882699166082738
0.288259113624506
0.2882447730515676
0.28823120777677586
0.28821775516357806
0.2882028941699186
0.28818762514634266
0.28817762520295315
0.2881624449333548
0.28815018567243106
0.28813859940487974
0.2881293923796339
0.2881210319318878
0.2881120042650664
0.28809950033571274
0.2880837933885474
0.2880700262801285
0.28805419289232376
0.2880397349816994
0.288025850811986
0.28801356690127755
0.28799939720311785
0.2879875242387973
0.28797662629625814
0.28796530843384255
0.28795273727660764
0.28793883988903474
0.2879264505320524
0.2879163507143409
0.28790299880068443
0.28788980052549207
0.2878830649087724
0.28787654560335724
0.28786494784554933
0.2878522578753987
0.2878417138861648
0.28794593751309583
0.2880494255913871
0.2880376638449432
0.28802618706349814
0.288128343708968
0.2882300422189351
0.28821617152675794
0.28820402673182266
0.2881893941185629
0.2881784788639748
0.2881672057666472
0.288152719155983
0.28814390130246015
0.28813120567869926
0.28811689141190117
0.28810492021010203
0.288090812506397
0.28808128660608884
0.28807558500605457
0.28818347117359044
0.28828537316595004
0.2882718523554182
0.2882605066830036
0.2882466162053262
0.2882349617398256
0.2882222729946839
0.2882097207236714
0.28819443977784837
0.2881821469917385
0.2881709755266488
0.2881595520946358
0.2881470258636688
0.2881346202874091
0.28812345215575225
0.28811080094895414
0.28809979952639253
0.2880885554196576
0.2880787652434057
0.28806743365032045
0.2880571569127028
0.288045280103618
0.2880305923411774
0.28801635042137125
0.2880053160886257
0.2879947917205194
0.2879798291221911
0.28796693570068715
0.2879563938103627
0.2879451652289024
0.28793846174462184
0.28793248908352187
0.2879213824907292
0.28790836591889524
0.28789494822859396
0.28788264737905433
0.28786985841033885
0.28785932579717693
0.28784710232168853
0.2878348713681155
0.28793542755809126
0.28803606583399555
0.28802101057289053
0.28800611520558905
0.2879912301912439
0.287978654001188
0.2879659775859926
0.2879549407062352
0.2879424868642872
0.2879328645942135
0.2879192411888899
0.2879073553634169
0.28789416256791756
0.28788416227701163
0.2878744563814897
0.28786149986294074
0.2878503205289759
0.2878428272316113
0.2878324855050432
0.28781909784959986
0.2878060490877766
0.2877960584323218
0.2877859573709266
0.2877731068042682
0.28776807002610133
0.28776034455981386
0.28774761860758524
0.2877355010662877
0.2877259054924614
0.2877159173706046
0.2877053647983057
0.2876930062910863
0.28768208107642
0.2876721026255182
0.2876617495686816
0.28765027023686984
0.28764017864092273
0.28762906630364654
0.2876217201760455
0.28761286652348655
0.28760359126322593
0.2875939819300303
0.28758357416363
0.2875742042190518
0.2875627230500874
0.2875527945986873
0.28754339177565874
0.28753028072440184
0.28751929925758396
0.2875077056499438
0.28749771092217397
0.28748835283595864
0.2874759981895288
0.28746506881136424
