9949
5749
5148
6950
5673
10575
7805
4402
6082
5732
13440
13712
8931
6587
6478
6042
7005
5716
6386
5930
13733
16007
7647
12673
11890
10554
14405
10220
14888
14934
8305
12174
10994
14866
15358
14364
9630
11733
19332
8836
10967
20590
20916
14579
8945
16523
8272
17091
9402
21645
9745
9115
9536
15042
8035
19475
10241
10947
13690
11000
10561
11998
10784
15043
11923
15801
8907
10946
10389
13279
9693
12932
14728
11002
16636
16046
25539
16301
10384
10847
10743
10789
14107
20255
19490
11271
27255
11187
25773
11149
16490
11697
11293
16866
18529
17128
19378
12631
18098
18541
12022
16168
13669
19365
22226
10698
19932
17795
19571
11950
18897
20507
12431
18426
19432
19543
20417
21315
25762
19160
15989
24813
12798
13191
17828
25751
18228
20518
18128
14900
16539
15990
24689
21326
14736
14669
17720
16944
14459
15320
17628
22719
16151
17473
19938
21952
14323
17133
25301
23947
16746
14763
19491
23541
17413
18474
31150
32216
30837
17179
28500
27287
30751
32464
28424
14659
27305
31123
16508
28161
29896
24027
16398
17181
15787
33793
18976
15773
28917
25598
29899
21161
34082
20280
30126
34211
25249
16149
22645
24695
17823
32979
18532
24517
21277
31211
17631
18741
22376
39811
19325
