0.39273626119427646
0.3812482453917431
0.37629030615955206
0.3744786244870396
0.37568703560186734
0.3756745532078579
0.3755833403261447
0.37664190620172294
0.37795066707372327
0.3782073313951364
0.3784129798618206
0.3793937400917844
0.3779529659733875
0.3774695902473306
0.3772238547023064
0.37680950263446655
0.3765071298988942
0.3762524611314546
0.37605482188694145
0.37681963041666916
0.37638266784168817
0.37615412516211666
0.37538414161575184
0.3754291136133288
0.37552120173167886
0.37585325530007563
0.37583985639268963
0.37588623846814534
0.37613689342854706
0.37618363915392594
0.3762790846389752
0.3766299803595519
0.3770674228904505
0.37691094707269385
0.3765254388406625
0.37668740609406726
0.37643753523700324
0.3764958159982475
0.3765274359550089
0.3765754081684319
0.37636925045944086
0.3762575155500663
0.37618583566584646
0.3762155302096201
0.3763586041620779
0.37634093188620443
0.37617755053654817
0.37618815482567963
0.3762217853149396
0.37624251510107526
0.3764243809220816
0.3764448051071152
0.3765253315681186
0.37650090664984415
0.3765034243452365
0.3764035249503056
0.376127610680604
0.3762922512544315
0.37653034525747614
0.3764910120531004
0.3766281458725991
0.3767162367775611
0.3765990156161695
0.37662047549403893
0.3765196590944704
0.37647899530610623
0.3766570637670489
0.3767010714344448
0.3767338329890719
0.3766134518410185
0.3767818605206906
0.37669916659229663
0.37657404497665925
0.3768069683702066
0.37684235665994475
0.37694550777801344
0.3770304058987818
0.37715783519325013
0.37704581941814286
0.376928340293172
0.3769775443573099
0.3768898960019651
0.37679775220357137
0.3767578054662885
0.3766521873726679
0.3765040752390524
0.37660577066754336
0.3766047391870276
0.37662323402147246
0.3765468973957756
0.3763759031666412
0.3763382422001644
0.37629702149603655
0.37624164077337224
0.37625198676394567
0.3763354881372686
0.37636490652399535
0.3764366490793501
0.3765885311231727
0.3765796542365843
0.3766086534868218
0.37653938977048873
0.3765102327020988
0.37647341225795145
0.37644497128889354
0.37645826193635956
0.3764277678939683
0.3764527131029517
0.37649990118957993
0.37655622426143714
0.37644037340705283
0.37643028728430994
0.37652933098586894
0.37656243171545917
0.37656096434444164
0.3766162586435438
0.37656286744865564
0.3765471099628523
0.3765145728845116
0.37654715750951123
0.37654423600916054
0.3765641329094901
0.37653877040077743
0.37654641056315225
0.3766272402352228
0.37665840794786537
0.3767356270647183
0.37673979358120824
0.3766685036921691
0.3766521591105362
0.3767002489082632
0.3767386131222883
0.37669021155515364
0.3765444220490608
0.3764902709206272
0.3765113200358247
0.37651441376381195
0.3765744002487264
0.37660160850830493
0.3765125994643881
0.3764476347008668
0.37645827893517586
0.37652052552223164
0.37649960296399787
0.37654343625776837
0.3764506785321215
0.37642999781202435
0.3764912179480067
0.37654839763631
0.37665256862525465
0.37663518734966206
0.37665970122121345
0.37666050946155116
0.3766946095841366
0.37669320066299505
0.37668331537957556
0.3766838303665769
0.37669492283081957
0.3766604597190697
0.37659663869465465
0.37660245504385437
0.3765835456677585
0.37659625355783216
0.37658326731929487
0.3765488718653757
0.3764504403054345
0.37636324280016636
0.37632971921347125
0.37629578989574586
0.37622887943549044
0.37628147173284504
0.3762555841093412
0.37627397987536837
0.37632371896227107
0.37633134215725866
0.3763753203599693
0.37637810137666006
0.37637943322946443
0.37633006111368206
0.37626835644057466
0.37636570064143726
0.3764027355162173
0.37642173561714676
0.37640794939144134
0.3764451686679229
0.37640464630047854
0.37642507081810234
0.3763978462382389
0.37632545121828126
0.37635058877367467
0.3763584718701452
0.3763559678893646
0.37636358243524964
0.3763196761064153
0.3763596618854906
0.37642227279195756
0.3764553228536579
0.3764086272584399
0.37639710418149525
0.3764202405702812
0.3764379190396496
0.3764742039774486
0.37647343260729954
0.37651677009672907
0.37657053547416625
0.3765590526637297
0.3765196793198375
0.3764932470816939
0.3764211040402287
0.37643403261258684
0.37647355217768896
0.3765102557154506
0.3765261630175107
0.37655233848316294
0.3766043122599572
0.37658908426317256
0.3765307457628128
0.37650707527900473
0.376522693436479
0.3765816341861433
0.3765714616000677
0.3765354833321928
0.3765525140911197
0.37658236762598746
0.37658672772026186
0.37654545733105704
0.3764999809882782
0.37649052978683567
0.3764544315146133
0.376479786003214
0.37652653826468063
0.376538606353796
0.37651578260560753
0.3764844286316739
0.3764812844259296
0.37646122137583543
0.3764292634838726
0.37644020573272885
0.37641287232189635
0.3763643152434681
0.3764760781666296
0.37653271207858025
0.3765496125343071
0.3765531070651495
0.37658281370121016
0.3766301824055943
0.37663729140810936
0.3766254753942425
0.37664714699383156
0.3766283845448656
0.37659861451109544
0.3765325636151603
0.3764619960899696
0.3764237415843542
0.37636188189027164
0.376344266222532
0.37635316557446113
0.3763673280812101
0.37639228771984884
0.3764040927796431
0.3763648686696229
0.3763652154201634
0.3763846314812281
0.3763879529299229
0.3764088610807538
0.3764033268721563
0.3763830271702653
0.3763227115984584
0.37634092415887066
0.37631329917681233
0.3762812727613718
0.3762781101219496
0.37631209082301303
0.3764182701922744
0.3763891525708697
0.37635541703744374
0.37632986572127713
0.37630201435311705
0.3763046859779696
0.37630397826519846
0.3763258058450057
0.376350465611219
0.37634188967604604
0.37637189335782856
0.376406525783928
0.37642694625398726
0.3764302475223504
0.3764348818065849
0.3764573714933853
0.3764873140803941
0.37650027167896577
0.376483608797298
0.3764895818610526
0.37653677455574314
0.3765482063337156
0.37657805244423265
0.3766247417147891
0.3766663151003156
0.3766933076000284
0.3767109120370608
0.37674138523512585
0.3767486846578625
0.3767331962080324
0.3767468154958966
0.37674291483151534
0.37672685325037203
0.37670125615702577
0.3767045420544701
0.3767289260494639
0.37674152645048914
0.3767176833042581
0.3767401065847812
0.3766956904430033
0.3766872173193798
0.3767023573862943
0.3766944663432518
0.3766551671280176
0.3766272407033721
0.3766052226722308
0.3766451975729762
0.3766570115501916
0.3766417734845918
0.3766673440310988
0.37667548091625835
0.3766777486249177
0.3767208943429266
0.3767528563553061
0.3767669321202006
0.37677960783690156
0.3767993768482385
0.37677364702333055
0.37679489004641203
0.3767797151649015
0.37676638629205206
0.37676266824774274
0.3768008499196438
0.37681202585429185
0.37681743143274055
0.37679705217407145
0.37679092448151175
0.37680132561729796
0.37682170750734756
0.37681445918430434
0.3768014303019652
0.37678437323110153
0.37677307535767635
0.37675850790432425
0.37678992405615563
0.3767958602869126
0.37679859183247133
0.37679122479067284
0.37679385428498297
0.3767959830446949
0.37677227703790234
0.3767433189777472
0.3767212332528011
0.37672606013435245
0.3767303798815092
0.3767220842376158
0.3767137939169801
0.37672925209295405
0.37673495392465867
0.3767363817074933
0.37676657150287624
0.37677752784714097
0.3767864871444538
0.3768055505304504
0.37680628747806083
0.37680520317425104
0.37680758656796
0.3767997830999161
0.3767626162389235
0.3767457882751046
0.376749192129214
0.376711638198205
0.3766876102914942
0.37666265141859945
0.3766495556629714
0.37665649486437836
0.37668532714257075
0.37667731505533664
0.37668110709643843
0.3767159161187808
0.37674127793845197
0.3767465716338076
0.3767359486674682
0.37675245756277465
0.3767722532406624
0.3767868099601043
0.37678754457050895
0.37676974917929884
0.3767549475275124
0.37675459030186853
0.3767416451999951
0.376745029530914
0.37673368436103105
0.3766844662195663
0.37664055737669605
0.37665114565463664
0.37667405140085813
0.376692645472429
0.37673190682709207
0.37674269646000513
0.3767523973180893
0.3767547014309628
0.37674831277181625
0.3767120707146838
0.37669332210310297
0.37668606009782624
0.37667656404077143
0.3766812896525317
0.3766846740929636
0.3766863363332256
0.3766649446681213
0.37665891192325796
0.37664184574252896
0.3766338911601683
0.3766396263890969
0.37664441786432873
0.3766629241034549
0.3766806262524319
0.3766737115348936
0.3766678624149047
0.37665977492170627
0.3766905841348044
0.37670225352385156
0.3766875601576265
0.3766899108427501
0.37672779056843214
0.37671357142051687
0.3767112856328137
0.376716990671381
0.3767449036035037
0.3767440072750548
0.37674236455921206
0.3767596610814481
0.3767668458602673
0.37680191126425316
0.37679915660456514
0.37680134894373724
0.3767928649649122
0.37678055023628854
0.37680190550566534
0.37679207001194576
0.3767648838141316
0.3767593712663266
0.37671616181648404
0.37670067127510576
0.3767313498279052
0.3767486757776406
0.3767522566498203
0.3767308658362386
0.37673839265136994
0.3767144913341678
0.37668602572002546
0.3766809013929088
0.3766796501880164
0.3766840211439563
0.37664456599207
0.3766224273843196
0.37661280260276325
0.37658150281808345
0.37653423317585305
0.3765158103596344
0.37650284262055095
0.3764989735812079
0.37651403204598455
0.37651637063150023
0.3765040721332073
0.37652407894560347
0.37656902178249185
0.3765724587632663
0.3765763852357986
0.3765774635442829
0.376591753496054
0.37660115995313576
0.37658662406402443
0.3765705464303306
0.3765594988283649
0.3765644904096581
0.3765695110259528
0.37658409035209556
0.3765926532323202
0.37658188529860354
0.376612242083665
0.37661481080967346
0.3765899139667913
0.3765821785174112
0.37658550630736154
0.37658844796734137
0.37659158171661816
0.37659162642245925
0.37658803275327307
0.3765622059608634
0.37655179503066705
0.37655104592406313
0.3765267536808844
0.3765361525790159
0.3765333719717715
0.37650471812869596
0.37650967108358757
0.3765430507437497
0.3765591476641353
0.37655806283303644
0.3765602272878808
0.376551868043105
0.37656251945658403
0.37659842017121703
0.3766113355676884
0.37663337561825105
0.3766577336745981
0.3766560958719532
0.37667464240618936
0.3767034082664399
0.3767238941948775
0.37673088942723537
0.3767324472497964
0.376750736542153
0.37675203989434464
0.3767331652203291
0.3767164425198759
0.3767242428183326
0.37672043893249735
0.3767104065387361
0.3767026630739193
0.3767030493689454
0.37670222234026834
0.3767098646068152
0.376708350489756
0.3767142118852401
0.37668992613969177
0.37667333657539237
0.3766466202677309
0.3766195968745669
0.37662075058658373
0.3766136042690833
0.37660708896269807
0.3765856796392757
0.37657538109426913
0.3765898478736575
0.37660615769374706
0.37661091160132876
0.3766180170282337
0.37664235682907926
0.37663727445232337
0.376640291012941
0.3766052137505993
0.3766027511456817
0.37659958534690696
0.37662688425639973
0.3766405768642423
0.37664873636792534
0.37666326515256476
0.37666795592433827
0.3766660453690358
0.3766841721517547
0.37667716894438724
0.3766577257512649
0.37665958439168745
0.3766789582698087
0.37669170521183526
0.3766970742714204
0.37669970716776846
0.3766981634232827
0.37667622600535516
0.37664920724205514
0.3766357120217978
0.3766032344336748
0.3765878495625505
0.3765697071690549
0.37658477496559445
0.37660735789680705
0.3766087758566542
0.3766140991747743
0.3766019271516861
0.37659741607208846
0.3766179366985497
0.3766192288309447
0.3766080911454465
0.3766055438021894
0.37662016903074064
0.37661785563438266
0.3766166637288895
0.3765933467263433
0.376585717266389
0.376544546891753
0.37650783347249955
0.3764908786154493
0.3764930330479073
0.3764961432538606
0.3765172134942709
0.3765166269492525
0.3764957395426896
0.3764825915472588
0.37648816632676724
0.37649878604705117
0.3765102771629399
0.37650836370443835
0.37650273358986125
0.376495671866195
0.37651646540312034
0.3764997250472545
0.3765029983420795
0.37649056024738187
0.3764781066847758
0.376473009292205
0.37646061311990403
0.3764700702869834
0.37645466849260023
0.3764344291455672
0.37639969788514543
0.37638323737652957
0.37637486484132954
0.3763856415891012
0.3763716533395363
0.37636096157484306
0.3763728338604175
0.3763819156888646
0.3763875503851826
0.37639629042740264
0.37638531770577294
0.3763870603445499
0.37636611429691536
0.3763555050522641
0.37635859620448164
0.37636372308482274
0.37636886777232365
0.3763806593413464
0.37638403968845024
0.37640706767807347
0.37642601958596705
0.37644606603402364
0.37646323008201044
0.3764615827350292
0.3764419016911559
0.37642715224351275
0.3764306327878816
0.37643094766033697
0.3764405826120511
0.37644241027848924
0.3764281629924213
0.3764010248576706
0.37639046423156836
0.3763927932990624
0.3763946516289187
0.3763698057630922
0.37635595275464384
0.3763486458793066
0.37634269029074074
0.3763307219559278
0.37632096100822976
0.37630379481768844
0.3763071127168576
0.3762993378805446
0.37631196368628084
0.3763042194941218
0.3763022258667653
0.3763112303186739
0.37629755061529657
0.376286600117684
0.37627605441617273
0.37627448132707736
0.3762617056837028
0.37626351816543924
0.3762686628173189
0.376250108999534
0.37624046744289597
0.3762501114941601
0.37623414940198874
0.3762239453024644
0.37624710266963013
0.3762577446815386
0.3762531460073847
0.37624908127357287
0.37624243536721225
0.37625065356534265
0.3762399583928706
0.37623792031641407
0.3762222099736654
0.3761981177300295
0.37620082740813854
0.37619536272761456
0.3761886042824694
0.37618374919548164
0.3761878275321741
0.3761973646886739
0.3762047233769451
0.37620064232587735
0.37620770686391175
0.37621217442586385
0.3762022865641752
0.3762176324105581
0.37623293010489123
0.37621907696978457
0.3762402775880057
0.3762524825007732
0.37627021389953835
0.3762834524945593
0.37627985131859254
0.37628512837056943
0.3762810671330119
0.3762778288223866
0.3762706750393451
0.3762640334860989
0.3762671662427779
0.3762665112015796
0.37626789091276663
0.3762711332751681
0.37629282711782763
0.3762841796964546
0.37628195062424646
0.37627284475296147
0.3762526582204948
0.376245365503989
0.3762313463455464
0.37622122178259587
0.3762157165432076
0.3762262816893559
0.376221609621491
0.37620128313208556
0.3762095997795022
0.3762273416917362
0.3762355926556828
0.3762376710313587
0.37624901492359303
0.37623286832960634
0.37620469704564513
0.37620371630562643
0.37620090816365587
0.3762066991675019
0.37621196315028005
0.3762143096954792
0.3762100395558097
0.3762127962852613
0.37620349097911887
0.37618629509125806
0.3761791930255555
0.3761695399431141
0.3761521466707707
0.3761422956969191
0.37615682901439174
0.3761611153168902
0.37616203645260565
0.3761547521708502
0.3761442391039609
0.3761298525771262
0.37613319726153926
0.3761276842138013
0.3761332203603686
0.37614689125822653
0.3761611946929034
0.37616655073493577
0.37617087128852966
0.37616377249779775
0.3761884343109281
0.3761886147242843
0.3762068798824919
0.3762125024767729
0.37620653776542035
0.37622223805039917
0.3762147835795323
0.3762184170806003
0.37622353515649765
0.37623537475488866
0.3762434591010087
0.3762398660972505
0.3762320752515058
0.3762117432309746
0.37622047562399036
0.3762345581319493
0.37623823507260207
0.37623750365028585
0.3762353787791957
0.3762412006226392
0.37623543902688705
0.37623947166387717
0.3762451217218533
0.3762354438871505
0.376234306464246
0.3762262724648256
0.37622646149144306
0.37622718719904036
0.37622205860785857
0.3761996628683044
0.3762046965305269
0.3761996840948665
0.37619268665449473
0.37621367221237567
0.3762157371883306
0.37622113530322915
0.3762437908194584
0.37624085452507783
0.3762497368063048
0.3762524585220192
0.3762500810960757
0.3762477322524668
0.37625501194456745
0.37624909380685306
0.37624536040850043
0.3762387956990101
0.37622635102232016
0.3762134624427549
0.3762153163456076
0.37622211844330444
0.3762165903327628
0.3762115429627237
0.37620348684829247
0.37619012270482
0.37618410350350506
0.3761827006771971
0.3761799547517965
0.37616479423908417
0.376160416523465
0.37616707636256197
0.3761724949997998
0.37616679147743476
0.3761885528063294
0.3761930182323145
0.3761927187746048
0.3761791121609449
0.376180939862308
0.376186151398787
0.37618328154272507
0.37620029854270914
0.3762156051314268
0.3762173636226085
0.3762181243685323
0.3762215966527562
0.3762084488318929
0.37619496671918823
0.3761895545625559
0.37618771525267725
0.3761974050184156
0.376196737327492
0.3761916120149036
0.3762003835131483
0.3762106894480668
0.37621362030021616
0.37620691858930244
0.3762110350114596
0.3762219693821705
0.37622223058943244
0.3762277521035576
0.3762295690285229
0.3762282802617979
0.37623144329490826
0.3762288679368661
0.37622241692009406
0.37622401936149674
0.37621938031551905
0.37622040157506986
0.37622621953282487
0.37623354400950615
0.3762285482257441
0.3762376134698486
0.37622751286431905
0.3762163065612976
0.37622858236788564
0.3762236980056439
0.3762302562552033
0.3762198182965648
0.3762174995707751
0.37622162319538116
0.3762144041461429
0.37620301095543796
0.3761919647630469
0.37618279583531894
0.37618706373031435
0.3762011180681836
0.3762099778799513
0.3762136830916705
0.37620916360098205
0.37620360545388964
0.3762028134973989
0.37619984846963384
0.3761872205955266
0.3761947196941867
0.3761988583117821
0.37620136286959355
0.3761992151135306
0.37617500232343026
0.37616730346094923
0.3761659624396043
0.37615981733237797
0.37613917282684756
0.3761340838148341
0.37613032570743643
0.376125443619879
0.37612724170220296
0.3761354658257135
0.37614691320186244
0.3761493574839139
0.37615296076502236
0.37615464266495213
0.37614659492497043
0.37616983454068786
0.3761870719287075
0.3761964898380283
0.37620613710869455
0.3762058681129242
0.37620342962432707
0.3762019801357926
0.3762014765090175
0.3762109592108902
0.37620528930291164
0.3762151303128864
0.37621632684831346
0.37621293604070094
0.376215871452093
0.37621784785865314
0.37621492298973597
0.37621385715213346
0.37620742534934865
0.3762128855280915
0.3762189218064344
0.3762226267916425
0.3762229677636788
0.376226261639872
0.37622131160801103
0.3762061831038441
0.37619194316680943
0.3761998416337108
0.3761978647219338
0.3762012850800963
0.37621293409703815
0.37622417976510664
0.3762269366943959
0.3762127306696178
0.37620654819049243
0.3762193344964697
0.3762280328938783
0.3762173999455304
0.37620853149888156
0.3762000078365373
0.376199903051895
0.37620095198894515
0.3761966069959074
0.3761977563629093
0.37619897668479396
0.37620110387689026
0.3761972843139286
0.3761966086528372
0.3761900056445123
0.3761871663328868
0.3761784729445744
0.3761638605642123
0.37615542879750324
0.3761705756444625
0.3761744162602905
0.37617277443693914
0.3761808389260599
0.3761657895305439
0.3761508055423816
0.3761362682021245
0.37614156812848
0.37614194334299506
0.37614180573262973
0.3761461983552519
0.3761360651871391
0.3761267643989722
0.3761351596929137
0.376139666282725
0.3761371114289318
0.37614214853888217
0.37613206162106555
0.3761301559816208
0.37612872874137915
0.37612472347095743
0.3761311152332836
0.3761316616478457
0.3761349860468147
0.376128246667877
0.3761216465086068
0.3761319960433228
0.37613553132657335
0.3761458082701133
0.3761663607756865
0.3761719570225805
0.3761740105646458
0.37618023919138494
0.3761890059199712
0.37619232305479366
0.3761977564647739
0.3761956207353543
0.37619538094362615
0.3761950807243891
0.37620509277835823
0.3762095775013379
0.3762039444028222
0.37620711084888503
0.37620155569194647
0.37619664173370115
0.37618628527709563
0.3761773194482942
0.37617562929020903
0.37618135492366694
0.37617558443491844
0.3761868505237412
0.3761798070733631
0.3761707412134361
0.3761691778564893
0.37616955144344244
0.3761675639911134
0.37616697128358995
0.3761693614033039
0.3761778808734668
0.37617388212234737
0.3761695792147383
0.3761663155127925
0.37616526244650583
0.37617302125124236
0.37617345911246947
0.3761707711200907
0.3761699144511456
0.37616661170978855
0.3761747037789658
0.37617834020895113
0.3761878831559712
0.3761846251869819
0.376187580221755
0.376180562795704
0.37617792519985926
0.37617400291271685
0.37618347244159617
0.3761898657715716
0.37619173349946144
0.3761972889137354
0.37620065987507884
0.376192699516861
0.376188243251009
0.37619059538781885
0.3761878890680575
0.3761809082494573
0.376179909084464
0.3761617244105146
0.37615126108560754
0.37613990259680374
0.37613705913492884
0.3761297333522599
0.37614083394542625
0.3761502504649853
0.37614604979133087
0.37614315562339123
0.37614381546137365
0.37613990319512064
0.37614438531612115
0.37614964498485987
0.3761438723592212
0.3761459861588945
0.37615249385484273
0.3761454255674101
0.37614001455003243
0.3761306893245001
0.37612633640301957
0.3761262098679531
0.376121436157865
0.3761248575655779
0.376124321071947
0.3761198714884609
0.37611477909208035
0.37611563945235504
0.3761150220220011
0.3761242557375455
0.37612272147786757
0.3761226621093023
0.3761264056383777
0.37611667291774276
0.3761243466553508
0.37613385191642223
0.3761441090965848
0.37613816493223967
0.37612511865241527
0.3761323441259069
0.3761364304483555
0.37613256186735666
0.37613265728429196
0.37614193350803093
0.3761321520527575
0.37613544872992943
0.3761389359389391
0.3761409933999149
0.37614208265410387
0.37613652288765537
0.37614404189091527
0.37615389327968957
0.37615458100228555
0.37616052151631607
0.37617042645793153
0.3761669822232949
0.3761632231854821
0.3761665051315484
0.3761663884578572
0.37617327045942817
0.376170865231656
0.3761637851877887
0.37616248444007644
0.37616261136469353
0.3761650689185589
0.3761646747852587
0.3761647881908352
0.37615957883418555
0.37615779041235015
0.37616414697942147
0.3761687412273158
0.3761779429265639
0.376181064664688
0.376176199496301
0.376186788779973
0.3761916543887717
0.37620819526239513
0.37620805041194666
0.37621109835038485
0.3762136842258495
0.3762112827020421
0.37621315528103455
0.37622359671411465
0.3762166067273758
0.37621272692841007
0.3762049556011478
0.37619683605434046
0.37619956458826603
0.3762039687493167
0.3762055071513572
0.37620723234031656
0.37620990066092
0.3762226083066093
0.3762296439783031
0.37622026326694485
0.37621752721792673
0.37621616081944825
0.3762257503923942
0.37621812613433153
0.37622703948742764
0.37624154263764165
0.37623026639288554
0.37623133460565944
0.3762303344203162
0.3762233955501411
0.37622071550044955
0.3762202197762096
0.3762243552321014
0.3762271661032736
0.3762250796023981
0.3762203360568762
0.3762204715357356
0.3762303371983137
0.37622785529092734
0.37624038651487746
0.37623980814850627
0.3762314457220181
0.376230456350736
0.37622590925764754
0.37622243547218204
0.37622537539498163
0.3762245349565206
0.37622066302359586
0.3762169534477685
0.376208555424074
0.37621270422020064
0.3762177545980305
0.3762128517980642
0.3762044881707998
0.3761985567077678
0.37619403385287215
0.37619338600408203
0.3761875346827572
0.3761898430183968
0.37618931839035535
0.37619351216086283
0.3761839525626551
0.3761823253271241
0.3761876812594182
0.3761903283217764
0.3761918703125479
0.37619475406308367
0.3761996558688182
0.37618864901852395
0.37618717447205263
0.37617842944135205
0.3761890521295463
0.3761821772389503
0.37617545037231476
0.376173505904243
0.37617089565710893
0.37617608778106726
0.37617508347491246
0.3761672735730855
0.37616473515303955
0.3761655578699784
0.3761631482051547
0.3761543776030056
0.37615911886318226
0.3761570377723169
0.37616875779601056
0.3761741113666164
0.37618025118819565
0.37617910002518856
0.3761680089949867
0.3761615050105353
0.3761563226731559
0.37615305176143615
0.37615631789928
0.3761615872678197
0.3761573163084946
0.3761596384724246
0.3761606441141933
0.3761635454082352
0.3761630965917645
0.3761533035355787
0.37615402347136273
0.37614596700280295
0.3761422661284154
0.3761443594364137
0.37614512588248533
0.37615388749265183
0.37616191260969195
0.37615984386246654
0.3761565319020844
0.37616406549710263
0.3761702577567262
0.3761729009304233
0.3761709003917918
0.37616472784990473
0.3761522812332507
0.37616257208385145
0.37615895355943796
0.37615079347388003
0.37615034881365206
0.376147462603598
0.3761463993723763
0.3761482396654622
0.37614890570952214
0.3761474508616319
0.3761529508835156
0.3761550478374654
0.37615059988141025
0.3761505098542686
0.37614615160496845
0.37613912137882116
0.3761385793619019
0.37613435766149356
0.37614289659964967
0.37615231919592457
0.376154631136524
0.37615365438867754
0.376159658432805
0.3761562149073128
0.37615604539111763
0.3761579480546902
0.37616598276268587
0.376164405385732
0.37615666034195694
0.37616360776846486
0.3761617734114206
0.3761643567697071
0.37616068901489236
0.3761532744944772
0.37615107145638355
0.37614911356323016
0.3761423454795436
0.37614413810081226
0.3761474959851768
0.3761563548259668
0.37616459740194336
0.37615906336622856
0.37616352494709804
0.37616177567181625
0.3761519729845764
0.37614947716303676
0.37613973855796456
0.3761396780126192
0.37614426314829974
0.3761496431351169
0.37616150987913766
0.37617041520547273
0.3761748080316404
0.376182755307651
0.376182385595875
0.3761711637479272
0.3761689549479901
0.3761664777200431
0.3761621313825968
0.3761622225078861
0.37615996255353235
0.3761630818590668
0.3761629990283308
0.3761603634680676
0.376166515213026
0.376174241811749
0.3761728892749696
0.376171966594957
0.37616997385193085
0.376167889156323
0.37616746068440804
0.3761649693177709
0.3761563217270466
0.3761556375007529
0.3761557769058535
0.3761605872842273
0.3761567838942888
0.37614711674658874
0.3761511490697526
0.3761677212913443
0.3761676853432386
0.37616307627107104
0.3761590752580834
0.37615767744130935
0.37614832085011257
0.37614997534736155
0.3761506081147386
0.3761468327594453
0.3761401391592663
0.3761395520640608
0.37614016104307746
0.3761471695562944
0.37615253351324746
0.3761512218874062
0.3761596277215476
0.37616128155397005
0.37615655286290156
0.3761612404622132
0.37616683716557214
0.3761688329702335
0.37615834325548897
0.3761486963523246
0.37615156617905376
0.37614784211495217
0.37614701312040877
0.37615412107672275
0.37615098807472974
0.37614037038658826
0.37613664438452477
0.3761361971247931
0.3761421082942062
0.3761506960632203
0.37615432336646204
0.37615289300773735
0.3761622917650737
0.37617173782436936
0.37617082260865115
0.376164405837914
0.37616986037039285
0.37617517233950154
0.3761791486701065
0.37618234227567293
0.3761839676618634
0.3761917557255656
0.3761867266612923
0.37618803239734266
0.37618913867363374
0.37618566816411864
0.37618569045887307
0.37618209174219996
0.37618155727888475
0.3761839448879404
0.3761851358053443
0.37618851411271714
0.37619354647756226
0.3761967446569911
0.3761992550895517
0.3762080488215994
0.37620768334182586
0.3762151403207479
0.3762151566122741
0.37621068536947194
0.3762008467713506
0.3761958244669673
0.3761964923052193
0.37618224139425077
0.3761713150622688
0.37616574083593396
0.37616441471761336
0.3761645389548244
0.3761635177270486
0.37615916227193513
0.3761603042889616
0.3761552478281399
0.3761491405464246
0.3761362568262524
0.37613469427047874
0.3761259897618736
0.37612639798101427
0.3761166134479977
0.37612022670602197
0.3761255600809497
0.37612432760805464
0.37612900986750053
0.37612435024498353
0.3761081547112978
0.376108006747906
0.3761096198697211
0.3761096023857508
0.37611112183950474
0.376112676307583
0.37610967173453835
0.3761126583782923
0.37611189382917903
0.37611392289176715
0.37611658997914377
0.3761185846323362
0.3761204842922476
0.37611455867777566
0.3761086609580592
0.37610269122325946
0.37610386445872374
0.3760992305589278
0.37609991414585797
0.3761051461551298
0.376106817860004
0.3761083772498891
0.3761111721928765
0.3761136718626598
0.3761054496773237
0.3761086725534868
0.37610679247488976
0.3760982150896077
0.37610095057569043
0.37610154416061786
0.3760934743470137
0.3760915965064587
0.3760885868332001
0.37609083241064123
0.3760874435226211
0.3760800935534153
0.3760794996230391
0.37609214882288766
0.3760910808575066
0.3760932529396582
0.3760891162060998
0.37609246261446966
0.37609347609820853
0.3760929727087798
0.37609393808594266
0.37609926311228203
0.37610133326334305
0.37610047063053237
0.3760958029525768
0.37609675822037963
0.3760968241493613
0.3760876990621362
0.37608422719721324
0.3760801945678134
0.3760755660418639
0.37608216944109024
0.3760857937439081
0.37608260681019223
0.37608139852853384
0.3760856344395089
0.3760836731774465
0.376082190605276
0.37608570291358673
0.37609898275747866
0.37610009856746784
0.3761038716723304
0.3761090497241018
0.3761113037638992
0.3761135336475037
0.37612405254682296
0.3761245022816436
0.37612142473175236
0.3761175707331661
0.3761114918155076
0.3761114748044675
0.3761165605278897
0.3761206978106261
0.3761206741018791
0.37611892976921385
0.3761247706976676
0.3761191023917102
0.3761030090989205
0.3760991633481392
0.3760896549833291
0.37608873961287875
0.3761003167193287
0.37609921646229405
0.3761005279095505
0.3760970158518817
0.37609785799087253
0.376092962292288
0.37609930720664414
0.3760957441059199
0.37608952939528373
0.3760837499278264
0.37607780614323916
0.37608103744355653
0.37608536846273816
0.3760905105649625
0.37609642940321947
0.3760821500907779
0.3760767366008223
0.37607682155708805
0.37608075811115466
0.3760902262816356
0.37609271852639387
0.3760998711200898
0.37609907678462745
0.3761006332207534
0.376099565455056
0.37609411197186404
0.3760949497768746
0.376090462380754
0.37607371472367157
0.3760737306108994
0.3760749123447328
0.3760769195944757
0.37607646757623037
0.37607661500210365
0.3760767401294232
0.3760751864658349
0.3760827538359419
0.37608710089054015
0.3760829106271999
0.37607662545707016
0.3760765558745586
0.37607411291422427
0.37606907984046883
0.3760748005832164
0.37607508501086817
0.3760715550966854
0.3760689765797274
0.3760650133929284
0.37606350460859134
0.37606143226407973
0.3760609494924447
0.37606041054452466
0.3760618783176144
0.3760648687413975
0.37607336924158064
0.3760849135526552
0.37608968144379956
0.37608870493394686
0.37609274442829976
0.37609415981031546
0.3760958500367909
0.3760893285829594
0.3760867557138925
0.376084986590015
0.3760754556138835
0.3760716347909222
0.3760636442126521
0.37606056867386034
0.37605950444960173
0.3760603329347453
0.37605826539601894
0.37605094567256203
0.37603994762526083
0.3760328421813748
0.3760396428315595
0.3760392457943482
0.37602664700112276
0.3760189626503784
0.37601406067747745
0.3760198771159164
0.3760201826451207
0.3760239107046705
0.37602431584769347
0.3760278455810975
0.37601728208977364
0.3760131973999834
0.37601250005338854
0.3760210140794345
0.3760289491018803
0.37603725739495875
0.3760367826456017
0.3760283330916033
0.3760307984811869
0.37603073476124765
0.37601992917777444
0.3760199381375775
0.3760228150592862
0.3760194755393751
0.3760188984102123
0.37602304607273235
0.3760167882257048
0.3760142503269661
0.37601648895643575
0.3760075189179914
0.3760055341098612
0.3760075084704783
0.3760067673839026
0.3759992478191351
0.37599548500274915
0.3759869800116948
0.3759839715156977
0.3759916717932503
0.37600034200494686
0.37600566898662496
0.37601258618517464
0.37600985313308444
0.376007364591678
0.37600122846148737
0.3759987823631711
0.3760048375986463
0.3760036222712636
0.37600646415481265
0.3760136756759215
0.3760069484278294
0.3760023194382685
0.37599290980254685
0.37599633130047244
0.3759938115536591
0.37599165641147364
0.3759883694345666
0.3759859843751593
0.37598157587547415
0.3759791297444903
0.3759727799492293
0.3759701841580679
0.375970628669848
0.3759667321271109
0.37597138960188775
0.37597406528480193
0.37596962348133783
0.3759596306738378
0.3759552481105272
0.37595187818083375
0.375952609106114
0.37594738501382274
0.3759452483487429
0.37594715312643856
0.37594574797338365
0.37593930279699056
0.3759399965876813
0.37593884659731425
0.37593402640586787
0.3759379246007629
0.3759408944176451
0.3759429283832236
0.3759455066470549
0.37594214610064924
0.3759471274872498
0.3759516608791714
0.37594551857900815
0.37594239762734116
0.3759353746819157
0.37592778683053374
0.37591818621375456
0.3759165073338818
0.37592157450385955
0.3759240328036327
0.3759212922662576
0.37592663047860403
0.3759290265938826
0.37592659505918513
0.3759244270042631
0.375926283785307
0.37592552498982185
0.3759286448974314
0.3759258317299925
0.3759243401304284
0.3759310869471325
0.375930229208685
0.3759279090389986
0.3759298197714023
0.3759309337572281
0.375930391685877
0.3759222525295528
0.375919155634955
0.3759192393427015
0.3759224594867338
0.37592696423309874
0.37593408458433064
0.37592412997285235
0.37591994016179253
0.37591489236772035
0.37590661714147616
0.3759054251579814
0.3759022882994862
0.37589788443030797
0.37589594696577405
0.3758906548324106
0.3758931131456769
0.3758915829137741
0.37588248515527845
0.3758838370941493
0.37588192356391553
0.37588441312855825
0.37588286369932844
0.3758771223294777
0.37587643433594303
0.3758682877624511
0.3758682006400873
0.3758662333057876
0.375867994817752
0.37586758799832604
0.3758772023345654
0.37587529516913865
0.3758718469651904
0.3758698544694434
0.37586563664865136
0.3758691938065549
0.37586969302175277
0.3758652834766737
0.3758606424835052
0.3758562643182516
0.3758532622375564
0.37584566451755747
0.37583886699986696
0.37583743369727224
0.37584046647859093
0.3758371165122801
0.37583975238550016
0.3758408309957034
0.3758336411856836
0.37583975631214667
0.37584678345177813
0.3758496260686063
0.37585249021367456
0.37585835679071194
0.37585926873269415
0.3758619002823692
0.37586972554167286
0.37587230312920533
0.3758740106592591
0.37587048901925174
0.3758679889794784
0.3758609152158351
0.3758587748004986
0.3758565363121743
0.37585128180417393
0.3758472645908341
0.37584162293680573
0.37584300412827504
0.37584568587440526
0.37584899523784937
0.375839466779482
0.375837690828352
0.37584066382018905
0.37584565910052625
0.3758428598587204
0.37583889685702293
0.3758350995625886
0.37583406793867197
0.37584210284889713
0.37584361295215746
0.37584647816322064
0.3758467475649751
0.37585134932605685
0.375853380528613
0.37585618496368584
0.37585516457990764
0.3758567270936169
0.37585722636485075
0.3758541286113272
0.3758519573751077
0.37584938532069356
0.37584695248782923
0.37584748944375596
0.37584773985701286
0.3758478315699423
0.37584453259103795
0.37584848930571346
0.3758552824185807
0.37585859273527
0.3758658287499785
0.37586850510360004
0.3758681688689463
0.3758723552552734
0.3758720146571108
0.37587332954309555
0.3758726590586577
0.3758695486171485
0.375868866784489
0.3758655554529069
0.37586701040533455
0.3758674538346513
0.3758697830303825
0.3758700120797826
0.3758700447555976
0.3758710560681189
0.37587346878164307
0.3758776597722361
0.37587869155962017
0.37587855835662126
0.3758794153776446
0.3758844897799182
0.37588600091049085
0.37588925088817576
0.3758849599971406
0.3758854750794886
0.37588114916987037
0.3758864153341002
0.3758890140090262
0.37588756069705476
0.3758849766645142
0.3758781567413454
0.3758798576152289
0.3758847874124709
0.3758829057368714
0.3758878017949022
0.37588880528709756
0.3758916624395772
0.37589146270291357
0.37589073892964564
0.37589397441688366
0.3758960494423646
0.3758968686420226
0.37590143449870334
0.37590001617719343
0.3759021777274783
0.3759025292615025
0.37589895604836043
0.37589899750570543
0.37589960895168045
0.3759056720197297
0.3759138112523462
0.3759136789020496
0.37590825216984447
0.3759080791714519
0.3759097738243078
0.37591267340074375
0.3759154574404315
0.3759174431550823
0.3759120336863302
0.3759077471603346
0.3759112861039916
0.3759095752739722
0.375904223361741
0.37590382245248055
0.3758984621432854
0.3758977171508133
0.3758978175826812
0.3758948261718018
0.3758979070997136
0.37590101450915053
0.3759040984503878
0.375909097361131
0.37591852954660565
0.3759196369715438
0.37592228949779133
0.37592068390841354
0.3759177591828361
0.3759165086409723
0.37591587036442226
0.37591699933048134
0.3759202004700799
0.3759215845413435
0.37592050528948157
0.3759240373979166
0.3759309548819816
0.3759381571765599
0.37593756154401325
0.3759390554081647
0.37593469190173023
0.37593105823763595
0.37593125959482604
0.3759275274622371
0.37592009410280003
0.3759182623421987
0.37592273094612316
0.37592181842815686
0.3759194642272634
0.3759149074384906
0.375910157528702
0.375908500944447
0.3759042265888057
0.37590310882920047
0.37590115001147995
0.3759009014640659
0.3759018219943001
0.3759015534532119
0.3759065163595492
0.3759050366302666
0.3759004549503908
0.3759006759167783
0.3759046666718468
0.37590882458810637
0.3759084678436911
0.3759058168935585
0.37591068951554835
0.3759134707145262
0.3759145172994654
0.37591377736075
0.37592062278486416
0.3759256299114402
0.3759237363307499
0.37592520521217265
0.37593049853539984
0.3759313873134368
0.37593022382612357
0.37592965313168225
0.3759321170460957
0.37592918624779037
0.3759224013573576
0.3759169699974522
0.37591875362698723
0.37592267355643144
0.37592402578757056
0.3759251401406338
0.37592301846088394
0.3759254907947384
0.3759288137180609
0.37592409928821446
0.37592507797954067
0.3759237646915867
0.37591866469986646
0.37591692502883706
0.3759184282125485
0.37591803263859813
0.37590537724850737
0.37590720668241295
0.3759131333160178
0.37590367166670546
0.3759044153220367
0.37590854449867217
0.3759057259784885
0.37590905511293243
0.375916371673583
0.3759180829228746
0.37591693062403436
0.37591731288772906
0.3759179443319504
0.3759142893190927
0.37591367805669385
0.3759129701191229
0.3759151738359189
0.3759217911274811
0.375921228532581
0.3759161633113508
0.37591773549524954
0.3759239996862848
0.37592085430972977
0.3759180547217009
0.37591824738750207
0.3759203562956117
0.37591821871782133
0.3759175579951377
0.37591694110740453
0.37591753193621935
0.3759197542368698
0.37591798908374435
0.37592040586864944
0.3759241662286414
0.3759237695486004
0.37592352939412393
0.37592114353090916
0.375915154065454
0.375924803609269
0.3759360587010766
0.3759387811261673
0.3759289881153096
0.37592541142846775
0.3759185240134928
0.3759116457269561
0.3759112246814023
0.37591006650891745
0.3759058858078021
0.3759021485482496
0.3758996947057795
0.37590116676881385
0.37589775154935945
0.375891952772825
0.375892801264919
0.3758947198998693
0.37589273485605135
0.37589603414353157
0.3758979704192119
0.37589392767001834
0.37589759680890034
0.3759028428487649
0.37590510420671497
0.37590547575226685
0.3759015366355288
0.37590394281804246
0.3759004896094388
0.37589755011881265
0.37589558825510755
0.37590146762540416
0.3759060018964291
0.375906736904541
0.375900461914924
0.37589832756054736
0.37589459329979924
0.3758903749885062
0.3758889144377833
0.375890397282517
0.3759029668645782
0.3759029318145314
0.3759026591461894
0.3758971670243713
0.3758982331612398
0.3758981193596971
0.37589729248281634
0.37589401683029827
0.3758975118578591
0.37589632511898463
0.3759000204788227
0.3758943649101138
0.3758999476787078
0.3759025451994633
0.3759013245027448
0.37590442631734483
0.37591231895679167
0.37591218517722663
0.37591082910637125
0.3759060783127612
0.375904369948308
0.37589841310861827
0.3758954699982276
0.37589925636379956
0.37590326367326465
0.3759027524431155
0.37590095319841377
0.37589748032837195
0.3758943655507152
0.3759017550720051
0.3759108164048716
0.3759092069903003
0.37591402143934
0.3759225077822398
0.37592738494733124
0.3759297560322745
0.3759271863479158
0.37592799038964303
0.37592985256270034
0.3759265898653371
0.3759266911854392
0.37591977609805055
0.37591860310212183
0.37592413354889553
0.37592801650180413
0.37592528159481986
0.3759249375802784
0.37591814808925544
0.3759212374731065
0.375927617234889
0.3759302439825638
0.37592766274236655
0.3759329921647504
0.37592975948275137
0.3759287122308516
0.3759287959417289
0.3759314933988313
0.3759307094720697
0.37593774722498674
0.37593705499378804
0.37594209207854135
0.3759446453646856
0.3759431272456527
0.37594625583029423
0.37594638604436303
0.3759447380159019
0.3759396530574857
0.37594081701381765
0.37594527777257014
0.3759517694475531
0.3759536790145289
0.37595692183555357
0.3759586699775864
0.37596076190021194
0.3759606848880578
0.37596433505159155
0.37596387505797707
0.3759654950178996
0.3759688623731254
0.3759713297156119
0.37597535791194414
0.3759828432898664
0.37598602840790507
0.3759813591326184
0.375981983782995
0.37598588703972935
0.37598260439930825
0.37597901774611686
0.3759783121101241
0.3759811520271424
0.37598832020837514
0.3759883918589105
0.37599137882299305
0.37598958573872676
0.3759911663145846
0.37599274651344056
0.37599367984385873
0.37598940068053466
0.37599474245735837
0.37600165513069234
0.37600188758284203
0.37600372443007746
0.3760067036882484
0.37600243348099455
0.376004185974249
0.37600302634994753
0.37599507794668546
0.3759965140114666
0.3759917027324759
0.3759874330949158
0.3759896347405997
0.3759913507363257
0.37599161769283335
0.3759889447731074
0.37598456979425465
0.37598063266328746
0.3759789644731422
0.3759814866905868
0.3759822547365132
0.3759879148864937
0.3759875867340857
0.37598770948272137
0.3759854562595541
0.3759869965998278
0.37598767015648216
0.3759931125493853
0.3759932633324984
0.375991072500429
0.37599154931464496
0.37599160475586313
0.37599322528755963
0.3759979776652485
0.3760052521088108
0.3760035908415541
0.37600332362613975
0.3759992822727452
0.3760001049226021
0.3760021398404351
0.3760069630478557
0.376007042895196
0.3760038160470477
0.37600016671320824
0.3760058252933755
0.3760050763204637
0.37600118353582873
0.3759998450610397
0.3759969057443874
0.37599362590611385
0.37599291330150214
0.37599168981196185
0.37599371568968964
0.3759915467389724
0.37599079198572016
0.37599366192638134
0.3759935915411198
0.3759916815037599
0.37598240698481084
0.3759820775173452
0.3759834493291932
0.37599066037357254
0.37599809322791955
0.37600342630328965
0.37601072331446045
0.37600982369946406
0.37601121935152504
0.3760119362274449
0.3760157090812813
0.3760137296493728
0.37601506408879204
0.37601918680343344
0.3760222730462544
0.37602649570179414
0.3760291092862588
0.3760281669786479
0.3760267907099147
0.37602162187991395
0.3760256614895325
0.37602955379076436
0.3760281281869632
0.3760263319124013
0.3760245667967731
0.3760221820438738
0.37601778676451925
0.37601483766699834
0.3760164632566129
0.3760146001015417
0.37600919000001415
0.3760049402694383
0.376005309289114
0.3760027298674508
0.3760042604165502
0.37600988231495663
0.3760140325357857
0.37601613190704697
0.3760151438353434
0.3760104342490043
0.37601164728517256
0.37601041144636743
0.37601275636279113
0.37601523563680644
0.3760116828661849
0.37600627943041803
0.3760062900227488
0.37601148435361476
0.37601617472141124
0.37601456826339064
0.3760156793944703
0.3760178505435284
0.3760155710362437
0.3760091966864128
0.3760061015500575
0.3760057456886877
0.376007709721025
0.37600901519640023
0.376013623707857
0.3760156925371233
0.37601463949493624
0.37601294082953957
0.37601438031530904
0.37601255695917407
0.37601124130055535
0.37601336333065155
0.37601362760317397
0.3760166279403952
0.3760158604845809
0.3760163963683468
0.3760181109837399
0.37601964251778786
0.3760231420212958
0.37602375265094545
0.37602989755864924
0.3760323425332958
0.3760335187520696
0.37603270171427383
0.37603588331053944
0.3760384335041357
0.37603538859826674
0.3760342253579444
0.3760359976275632
0.3760347451600308
0.37603076382842726
0.37603145423903367
0.37603171304101024
0.37603103543686894
0.3760295009389558
0.3760290635646432
0.3760270058722241
0.37602690618914114
0.37602562168247317
0.37602163975527364
0.3760219166448569
0.3760219527519687
0.37602321902186264
0.376024292885903
0.3760280925777659
0.3760292751103011
0.3760267694118841
0.3760298769735503
0.376026724563289
0.3760306082433398
0.37603202858355195
0.37603294178846663
0.3760364122067259
0.37603782267976654
0.3760364426163168
0.37603637173287974
0.3760395795860803
0.3760406122272841
0.37604200337146954
0.37604431543028116
0.37604428546271296
0.3760463214611807
0.37604732457919565
0.37605021415285034
0.3760485984612699
0.3760527407635145
0.37605072321099775
0.37605559500068525
0.37605773567281353
0.3760587011288986
0.37605864698779606
0.3760590467176522
0.3760578525030868
0.3760597476783317
0.3760608131774451
0.376060856509081
0.3760586459295558
0.37605286033136615
0.3760555796547705
0.3760570250722855
0.3760521919104044
0.37604903139246876
0.3760493230818205
0.37604931877000364
0.37604796422408254
0.3760460583813949
0.37604606732367013
0.3760478614431412
0.37604474080935096
0.37604603029899897
0.37604650025119546
0.3760403459463524
0.37603542844761084
0.3760383067325435
0.3760344392217383
0.376029735539212
0.3760332452619272
0.37603145003522676
0.3760306231032095
0.3760270238877878
0.3760222637594585
0.3760151041549815
0.3760129426104646
0.3760156820760005
0.37601017728702785
0.3760016120152726
0.37599781870698273
0.37600169080566764
0.37600399376503674
0.3759983861277958
0.3759964968976396
0.37599266327246367
0.3759974643665023
0.37600007554429027
0.3759952858744274
0.37599414767162315
0.3759934942938376
0.3759887212380149
0.37598272636052915
0.3759813684353857
0.37598095250322605
0.375981408955108
0.3759814975474311
0.37598581296535594
0.3759890520072479
0.3759880395931061
0.37598575653842664
0.3759870922042918
0.37598316395912135
0.3759791193761406
0.3759812506791789
0.37598134293422936
0.37598232718840496
0.37598424722673696
0.37598446540141933
0.37598629166773506
0.37599012297897
0.37599027291023573
0.3759888316673661
0.37598573044730255
0.37598680125727135
0.3759865038175094
0.37598299828940446
0.3759818870972898
0.37598056179767325
0.3759774284152154
0.3759717052506763
0.3759725326691805
0.37597459982404946
0.37597611944784626
0.37597438679559114
0.37597279845671944
0.37597392581042793
0.37596955647520236
0.3759680347531115
0.3759616147600091
0.37595833300744147
0.375955975293376
0.3759523890041785
0.37594878569473655
0.37595109885775735
0.3759504616239787
0.3759505863252848
0.3759437601584803
0.3759463499196816
0.3759446519777925
0.3759384681022756
0.3759353126444484
0.3759391447042243
0.3759385434378116
0.3759394051479128
0.3759405850867445
0.3759433122259342
0.37594516719949733
0.3759485084684483
0.37594719295749235
0.3759505088174111
0.37594822316215576
0.37594443864872223
0.3759447451723704
0.3759430976471299
0.37594660602436786
0.37594405910019557
0.37594496924052256
0.37594202449806
0.3759394908136267
0.3759333226622691
0.3759347404375198
0.3759389576720976
0.37593673703189573
0.375935258049084
0.37593420482419526
0.37593563393154034
0.37592900484574454
0.37592345427875895
0.3759233295311586
0.37592505028843937
0.37592259557911595
0.37591857511480875
0.37591375081981127
0.37590877459254635
0.3759114084155518
0.3759115765595429
0.37590662691788884
0.3759021320091807
0.3758960575541483
0.375896695814762
0.3758996776933977
0.3759018143003745
0.3759055554624602
0.3759061164440628
0.3758996770886451
0.3758996949444306
0.375905640489368
0.3759008216830677
0.37590209154272924
0.3759047086799952
0.37590927180020506
0.3759139780110298
0.3759092925047709
0.37591102387005043
0.3759124467129179
0.3759117778914092
0.37591198087005184
0.3759099443508411
0.37591096649801237
0.3759126027785289
0.37591596919559256
0.3759152536809738
0.3759114566668116
0.375906698057919
0.3759080218168823
0.37590526158006266
0.3759025005077569
0.37590109336164074
0.3759032653860137
0.37590499102897684
0.3759112466886877
0.37591386899299467
0.37591251727037084
0.3759122572765412
0.375904300018432
0.3758986934069477
0.37590461121946556
0.3759065632966747
0.3759052750887264
0.3759058770457875
0.37590446825388263
0.3759006579108436
0.37590175478148263
0.37589820873093716
0.3758990305651649
0.37589670549859433
0.3758921792706259
0.37589162074424076
0.3758923150907884
0.37589421744604895
0.3758943233358702
0.37589857068748184
0.3758998993317509
0.37589636982611363
0.37589795235808887
0.3758963260398375
0.37589971898102
0.37590368707121524
0.3759029734926541
0.3759073179762851
0.3759071008629727
0.37590397635903955
0.3759012692042855
0.37589701254340085
0.3759011339621414
0.3759030715779328
0.37590350050517657
0.3759036403315609
0.37589755566214655
0.37589539646723863
0.3758918961432045
0.37589207839725797
0.37589246207553184
0.37589138829830543
0.3758895739262199
0.375889775045103
0.37589261463829615
0.3758906380747602
0.37589142260675645
0.375895812333908
0.3758942898409365
0.3758929563201633
0.3758966099642773
0.37589864947407897
0.37589753525204356
0.3758973470096102
0.3758978359781781
0.375898991046684
0.3758978256556389
0.3758938861679815
0.37589603421291434
0.37590238778354373
0.37590447251101833
0.3759033433812764
0.37590226333835847
0.37590186722648344
0.3759019577804357
0.3758997308444683
0.3759016550489774
0.37590576504790835
0.37590446334409644
0.37590427639584173
0.3759086488892039
0.37591498786227107
0.37591876052312095
0.375914423909219
0.37591243339296126
0.37591215546690016
0.37591219689695504
0.3759098173331822
0.37591335069010406
0.37591105997784247
0.3759079354890519
0.3759017802448372
0.3758994265110499
0.37589552809929333
0.3758960377252464
0.3758979696029283
0.37590306836219833
0.37590390938599944
0.37590070210949894
0.37589727985221977
0.3758955727360289
0.3758930853806216
0.3758954740343169
0.3758975387689425
0.3758963260011778
0.3758924620677199
0.3758889007516457
0.37588223117615094
0.37588348896545515
0.3758782155519156
0.37587586056549405
0.3758719088495747
0.375870433246481
0.37587338072126253
0.37587450436551395
0.37587327397479126
0.37587117186018976
0.37587446644317657
0.3758749763164049
0.37587380888040045
0.375878003638191
0.37587594859940254
0.3758741178816502
0.3758726033505067
0.3758725550301924
0.3758713099928829
0.37587077894833854
0.375864526686692
0.37586298993367556
0.37585942216667073
0.37585741842868686
0.3758570469137983
0.3758542675688504
0.3758525354210235
0.3758537904236554
0.3758556104449796
0.37586256710469357
0.37586834071072234
0.3758693848513004
0.37587010809906657
0.37586599860341613
0.3758642809989369
0.37586554419275475
0.37586349400415225
0.3758620525332813
0.3758609880842066
0.37586115817224397
0.37586360063238333
0.375866985849849
0.37586971065543723
0.375869856535228
0.3758641661265812
0.3758609060987132
0.3758639085632051
0.37586816682658514
0.3758700900228017
0.3758713720165237
0.375867483190448
0.3758665486604974
0.37586521926893784
0.3758656863092933
0.3758673001680151
0.37586885775785644
0.3758741396892449
0.37587509326693824
0.3758745764178235
0.3758784503131612
0.3758823323759296
0.37588697404775445
0.37588726854202387
0.37588256795730984
0.3758826412487016
0.37588252251437315
0.3758826559781995
0.37588189139511224
0.37587984926603035
0.37588079680275926
0.37588001214386835
0.3758796789661188
0.3758800309413744
0.37588479592020707
0.3758897532499917
0.3758895571382126
0.3758870449290087
0.3758823771421441
0.37587936641925
0.3758780379925999
0.3758757434608274
0.3758736381102729
0.3758696995478278
0.37587013507039124
0.3758726548051997
0.3758710152559385
0.37587040984528963
0.37586746268905546
0.37586842332126374
0.3758669761658658
0.3758698802557541
0.37587366903075203
0.3758746804427751
0.37587933610331187
0.3758804649591482
0.37587980659129744
0.3758832188723131
0.3758856994508818
0.37588235488765176
0.3758830817438357
0.37588337481177037
0.3758804196908716
0.375877416890914
0.3758782456037257
0.37587976755610963
0.3758814862357042
0.37588183271889747
0.3758879141142292
0.37589201896050795
0.37588983118531244
0.37588858319385904
0.3758880733675351
0.3758846714410791
0.3758868700337677
0.37588833032938246
0.37588579737495664
0.37589183833086176
0.3758959863586162
0.37589585833629025
0.3758908355198659
0.37589592679993206
0.3758935728998143
0.37588961436890334
0.3758853942124721
0.37588094370581204
0.3758826373198615
0.3758778541015727
0.37587611745128824
0.3758737331888453
0.3758744612068394
0.3758748921025245
0.3758722983066475
0.3758720011967575
0.375875818930842
0.37587352667943336
0.3758733124902243
0.3758771641206385
0.3758765344458618
0.37587151187063766
0.37587082914664915
0.37586932646313537
0.3758730680021047
0.375873696091759
0.3758704381453293
0.37586817654326043
0.37586962642975585
0.37586925873864
0.37586813734829944
0.37586355127862137
0.37586444530762214
0.37586768884749183
0.3758644636707644
0.3758650162404266
0.3758685956709738
0.3758692016675702
0.3758687458321485
0.3758746385122308
0.3758787221030745
0.37588369402471117
0.37588416539078817
0.3758825141035281
0.37588133858188805
0.3758807969061358
0.37587858871107444
0.3758838954095713
0.375885795351103
0.37588848207018344
0.37588579920309106
0.3758827160988725
0.3758811669706673
0.37588492755969
0.3758851798641697
0.3758851532812786
0.37588540816013477
0.3758858903916346
0.37588645226782347
0.37588540276014093
0.3758871479190163
0.3758825299573032
0.37588194567830935
0.3758851152735326
0.37588710623485466
0.375889343616878
0.3758889035292942
0.3758941221542778
0.3758971360021813
0.3758998129017191
0.37590114474287895
0.37590324339316417
0.37590496483656893
0.37590731120300047
0.3759038362738003
0.37590609276519665
0.37590687005967743
0.3759065486525265
0.3759088718226652
0.37591191839423965
0.37591159266505486
0.37590985661383497
0.3759060097375702
0.3759039235139722
0.37590208615134113
0.3759010686830909
0.3759031293204897
0.37590971665651846
0.3759137305973715
0.37591558717673496
0.37591910226132047
0.37592002713885453
0.3759206019101479
0.3759187462997074
0.37592368356081657
0.37592694297147816
0.37593062896814317
0.3759315198684589
0.375929832773622
0.3759331553388691
0.37593575684343017
0.3759380439707635
0.3759369862210401
0.37593649684860175
0.37593376898791053
0.3759297452027202
0.37592545260794047
0.37592719029585103
0.37592681632544706
0.3759274800547975
0.3759278694035432
0.3759307733460292
0.37593329768253486
0.37593314988656273
0.37593284202756955
0.3759350230947281
0.3759351404678068
0.37593537964293333
0.37593494055482174
0.37593797747550045
0.3759406269735112
0.3759368047677018
0.37593571341710025
0.37593830909437487
0.3759417599173202
0.3759439519759368
0.37594376866674
0.37594410699072606
0.37594277737855475
0.3759451268833
0.3759502259014045
0.37594957027870185
0.3759482799434762
0.37594846660373366
0.3759426824415764
0.3759408722279342
0.3759398327187939
0.3759389498006875
0.3759415744982892
0.3759427854503897
0.3759405756453684
0.3759393008541372
0.3759385592738515
0.3759387016855428
0.3759368373515941
0.37593539109753504
0.37593513298439596
0.3759336409541711
0.37592684296999956
0.37592664616905286
0.37592889106476346
0.3759299794775476
0.3759282171963357
0.375928376487011
0.375924146972783
0.3759271863261859
0.37593132582475797
0.375933604346832
0.375932898949683
0.375932566349247
0.37592855973506994
0.37593273605474875
0.375930026627244
0.3759319914983888
0.37593040195791233
0.3759327840419347
0.37593394836573546
0.37593552573895017
0.37593347566548524
0.375935146855515
0.37594030618865965
0.37594273758689206
0.37594162795932107
0.3759442084206882
0.3759424712371515
0.3759430143933235
0.3759407760925851
0.3759410525031308
0.37594333585410344
0.37594294202391537
0.3759466385329296
0.37594256553475675
0.3759446080211588
0.3759472609617792
0.3759507668640051
0.37595054700902447
0.3759484019327815
0.3759477280692911
0.3759447636887384
0.3759424873970869
0.3759437219290184
0.37594419857541717
0.3759469262497386
0.3759500061867719
0.3759524684018124
0.37595038951972337
0.3759532240174735
0.3759511190056042
0.3759460438878295
0.37594623884680234
0.37594796754279725
0.3759488410117671
0.37594583190269903
0.37594538551115453
0.37594682778386185
0.37594312995506807
0.3759398038449064
0.37593689581296924
0.3759409774672324
0.3759413440468907
0.37594105394131455
0.3759366297609343
0.37593695071719424
0.3759405032067417
0.37594046033638423
0.3759394967230419
0.3759387085259456
0.37593971376272683
0.3759382318230394
0.3759349715089072
0.3759363923770503
0.37593697161011325
0.37593841958733504
0.37594174260476243
0.3759428397217232
0.3759425789676238
0.3759431867469505
0.37594486991046006
0.37594147113431065
0.37593994906941824
0.37594168973386116
0.3759454528712114
0.37594348286101587
0.3759407670300456
0.37593915799566463
0.37594223002423255
0.375938469447304
0.37593746482426255
0.37593642458145293
0.37594171126295906
0.3759436095080083
0.37593796616820485
0.37593765217577674
0.37593861356128827
0.3759410044729512
0.37593888335981696
0.37593445292518696
0.37593397172313686
0.37593972528104924
0.375942908353256
0.37594357378369064
0.3759429005334128
0.3759418220888583
0.37594515493561576
0.37594065832231816
0.3759418437892387
0.3759456189368064
0.3759454380627719
0.37594560899155044
0.375945012155543
0.3759435460160304
0.37594305729758215
0.37594728077888595
0.3759470183985711
0.3759455385981145
0.3759443926113198
0.3759426042702271
0.3759388232191612
0.37593706336495203
0.3759354013698937
0.3759376300347084
0.3759385345949591
0.37594132959335946
0.3759396913072957
0.3759403380141669
0.3759341885798456
0.37593111615182806
0.3759330533724864
0.37593424194184766
0.37593745319808053
0.3759364434609541
0.37593897274412214
0.37593893768885756
0.375940273395231
0.3759423742047994
0.3759451850077475
0.37595222221185226
0.37595320892092277
0.37595336984188577
0.37594782684092787
0.37594748328835464
0.3759492343648476
0.3759460064255383
0.3759427510948796
0.37594193769019835
0.3759376106437565
0.37593797431372905
0.3759369709186188
0.3759355069764161
0.3759392818155735
0.3759442193837473
0.3759446212171624
0.37594639208433667
0.37594553416384935
0.3759427780954402
0.37593937404129907
0.3759356942093037
0.3759323322216092
0.3759324586045252
0.3759367166321718
0.37593645358023914
0.37593850557448844
0.37594421924472
0.37594287906010254
0.37593994326741464
0.3759395817372016
0.37593966902646114
0.3759358179445905
0.3759333308307651
0.3759307546290312
0.37593099143795566
0.3759298317737985
0.3759331244973874
0.37593555707500526
0.37593464197426485
0.3759340380680236
0.37593298402676684
0.3759336397711978
0.375934683616374
0.37593805598097674
0.3759367916950385
0.37594084884915363
0.37594053008310724
0.37594111605740016
0.37593966074339286
0.3759394733976616
0.3759393955034553
0.375939079491902
0.37594103024106706
0.37594119715854546
0.3759381018201627
0.3759375029234449
0.3759387795443378
0.37593993546499993
0.37593713024186104
0.3759337915052914
0.37592844921600477
0.3759273843535496
0.37592915370130786
0.3759308825137915
0.3759334861903161
0.3759296943471461
0.3759287617317961
0.3759325154222911
0.3759308041067099
0.37592961817377313
0.37592861820176293
0.37592712131822925
0.3759323599460436
0.37593160667623626
0.37593339603074677
0.37593272668484395
0.37593089640939037
0.3759315881667539
0.37593410897442775
0.3759356192550725
0.37593833443815966
0.37593828276587876
0.37593379542008815
0.3759317483131803
0.37593175655065925
0.3759255194971984
0.3759208325074031
0.3759177731683061
0.3759194450624612
0.37591878248516647
0.3759178799464483
0.37591621165364875
0.3759108351032555
0.3759112912987776
0.3759150248861
0.37591780619489595
0.37591435456513766
0.37591148075041214
0.3759123481110175
0.3759111792507823
0.37591399711066925
0.37591372674862544
0.3759128433070734
0.37591064959736653
0.3759109556024368
0.3759096296626198
0.3759071128197398
0.37591083980974793
0.3759116951648751
0.37591359547481246
0.3759136221274738
0.37591218722917524
0.3759088027521304
0.3759105455205668
0.3759095285368036
0.37590542626283624
0.37590739521756067
0.37590976148373684
0.37590862907952727
0.37590523727013275
0.37590822396180973
0.3759102135950869
0.3759099690792733
0.3759059677834517
0.37590325285838766
0.3759048674474311
0.37590417305800244
0.37590324345552656
0.3758994845134662
0.37589902591753255
0.37590007922020835
0.37590110102920776
0.3759016385428876
0.37590149927251887
0.37590264763953773
0.37590613026415365
0.3759023606352358
0.3758977222281046
0.37589812066868933
0.37589862107556143
0.37590048909255663
0.3759048323465473
0.3759049152764834
0.3759055702441836
0.37590431098058913
0.3759040910204469
0.375901906335458
0.3759018503771673
0.3759044544525037
0.37590435645392445
0.3759047798187831
0.37590502375375967
0.3759051293406357
0.37590471179060114
0.3759042926223359
0.37590503895146
0.3759032472713903
0.37590609116440304
0.3759067547439723
0.37590963672696476
0.3759127564178654
0.37591397009579997
0.37591272474745796
0.37591383334905853
0.3759146261638738
0.3759127142239053
0.3759136167762567
0.3759118302777714
0.3759133163299828
0.37591096508042837
0.37591509406380974
0.3759154928968457
0.3759179891404213
0.3759172206437619
0.3759206690786371
0.37592243715760115
0.37591937223051214
0.37592155154017415
0.37592291888689333
0.37592298000851776
0.375923336439172
0.37592390769509115
0.3759249317040838
0.37592318777185363
0.37591877251152445
0.3759171289942964
0.3759160486788191
0.3759162820078842
0.3759168943818117
0.3759167295770351
0.37591831744300264
0.37592014941751667
0.37591850189563797
0.3759161220458206
0.3759131656380504
0.3759100934012069
0.37590962684662654
0.37590875572388804
0.37590802935724066
0.3759079747829223
0.3759043089201069
0.37590725261736013
0.37590950421422564
0.3759126303941451
0.37591742260692124
0.37591666527312484
0.3759175331178873
0.37591532826120927
0.37591603476927266
0.37591642028235595
0.3759167777143479
0.37591559068516034
0.3759164708264128
0.3759194175103508
0.3759170346710352
0.375914089321196
0.37591132537729854
0.37590972040797294
0.37591213303352267
0.3759158177657064
0.3759181030675337
0.3759193269101167
0.37592255091991983
0.375925001292955
0.37592375697284486
0.3759293805919495
0.3759301821216393
0.37593138377926816
0.3759301153209545
0.37592884754114175
0.3759299989868413
0.37593007910403087
0.37592941160100185
0.37592859287700703
0.37592736521234427
0.3759264408342117
0.3759257480968275
0.3759244335152921
0.3759238009155478
0.3759267612714514
0.37592696800938985
0.3759290484180191
0.375927778371562
0.3759295135214793
0.37593258030454263
0.37593233029555345
0.37593199705271446
0.3759287822506796
0.37592707411803017
0.3759302113622004
0.37593383685451953
0.37593426491038956
0.37593620551717166
0.3759340975479077
0.3759333330827485
0.37593088245473794
0.375934151464046
0.3759334074811858
0.3759302666911405
0.3759263752649154
0.3759223722056749
0.3759226342773386
0.37592410738152
0.3759255407839777
0.37592564792180055
0.37592331912637683
0.3759226800786262
0.3759198216544599
0.37591871237652574
0.37591814367374454
0.37591758430694183
0.37591920002872153
0.37591805337878675
0.375916089161376
0.3759207952232318
0.3759219860336695
0.3759248186147692
0.3759299045101817
0.37593478137935393
0.37593304716740145
0.37593361393234037
0.37593357372059205
0.37593866974800405
0.37594025702283373
0.3759393560209234
0.37594113047953254
0.37594425367734163
0.37594469152560844
0.37594800589277944
0.3759477279676339
0.3759489295356196
0.3759501635465557
0.37594791187070203
0.37595197492654137
0.3759543621454023
0.3759553957711588
0.3759572093339286
0.37596156557198035
0.3759644401748986
0.3759629564383562
0.3759618492462312
0.3759609055459139
0.3759596251865434
0.37596112669096193
0.37596274044365074
0.37596418698449846
0.3759657983826409
0.37596815151267415
0.37596846943613477
0.37596904139127435
0.37596903062100934
0.37596919516333244
0.37597290946435147
0.37597411703146966
0.3759745552467204
0.37597322094511487
0.37597170920688944
0.3759728684188942
0.3759755760267043
0.37597431521316066
0.3759748692947362
0.37597581881501907
0.37597603130330454
0.37597516121795205
0.3759746709620909
0.3759721294935821
0.37597068749433826
0.37597251654304237
0.3759727377271468
0.3759745425519572
0.3759774742879994
0.3759785265675546
0.3759848423372196
0.37598914948554657
0.3759859918650877
0.3759843820828022
0.37598740174394435
0.3759897275755438
0.3759877816865388
0.37598705636468155
0.375986583127349
0.37598902202210044
0.3759892181045056
0.3759915151591348
0.3759906077969088
0.37598797511395615
0.37598841582624254
0.3759903483337211
0.37599010078220735
0.37599329009339794
0.3759932591580521
0.3759926491197297
0.3759925834983211
0.3759948725599203
0.3759983333371052
0.375997311973446
0.37599515671604206
0.3759951671350925
0.3759931462636872
0.37599251431352887
0.3759947012769035
0.37599431251061216
0.3759937306207837
0.37598988089820484
0.37598800581992764
0.37598876950086124
0.37598393948311293
0.37597989526830106
0.3759774355148548
0.37597510702481435
0.3759766823420076
0.37597340709773963
0.375975193356263
0.3759787103625698
0.3759808720303778
0.3759799732907428
0.3759812641324332
0.37598164956406377
0.3759823114486744
0.3759812830236066
0.37597756300188034
0.37597776143697637
0.3759799646613058
0.3759788499367053
0.3759766448523748
0.37597503963925005
0.3759753071019611
0.37597643761682314
0.37597453452206325
0.37597578296221623
0.3759794665435192
0.37598292038836695
0.3759822162119934
0.375978306257141
0.37598031009529387
0.3759779035524453
0.3759759379534519
0.3759769416519769
0.3759771652809444
0.3759771816566326
0.3759783217023719
0.37597958187220326
0.37597976052489945
0.3759803215827524
0.37598156138898925
0.3759815127278199
0.37597854131216224
0.37597828010009793
0.37597421036816203
0.37597149802180774
0.37597172350909747
0.37597662237317764
0.3759774296639652
0.375976352413516
0.37597916139194554
0.375981826216878
0.3759825582456903
0.37598446761990406
0.375984936435403
0.37598673735922156
0.3759925289876669
0.3759948491187919
0.37599303787385857
0.3759879491354018
0.3759849332971018
0.3759852207029215
0.3759851071773874
0.37598460960664276
0.37598235527778373
0.37598446602584734
0.3759846158794317
0.3759854729118915
0.37598438317451854
0.3759835028878987
0.37598425308932937
0.37598490096493126
0.3759849790211046
0.3759851850809675
0.37598676561448785
0.37598762472582414
0.37598919939081693
0.375993497629746
0.3759976116571981
0.3759982102168711
0.37599660112383376
0.37599776699220866
0.37599995744364756
0.37600070716702955
0.37600111302180483
0.3760003606040488
0.3760020026360624
0.3760000142949914
0.375995474801871
0.37599674811209516
0.37600069435460604
0.37600155396318824
0.375999632985993
0.37600239432714844
0.37600497479982603
0.37600479434203876
0.37600457805544246
0.37600763698960665
0.3760107907346762
0.37601093389620166
0.37600971853983584
0.37601108435373287
0.37601275750908436
0.3760076931386708
0.3760113222747139
0.3760130005817351
0.3760143714403875
0.37601532875528776
0.37601961238778947
0.376022893335588
0.3760246586228828
0.37602674649723883
0.3760267377006385
0.3760266842532413
0.3760232678205227
0.37602232682987524
0.3760184302394063
0.3760183730048613
0.3760180332813776
0.3760192122970806
0.3760219627822421
0.3760212406146984
0.376023481607412
0.3760223438504299
0.37602142777079406
0.37602408241237784
0.37601919103939874
0.3760165080640712
0.3760159209975626
0.37601299684472606
0.3760113363418965
0.3760105273805312
0.3760118774906686
0.376011957825775
0.37601287356994034
0.3760153226593123
0.37601791755474806
0.3760179630363492
0.37601941081600476
0.3760203438400679
0.37602109705883946
0.3760219753502106
0.376021411167095
0.3760189807583526
0.37601679659985887
0.3760185130214219
0.3760166246169369
0.3760161178774819
0.37601294881637287
0.3760118013050858
0.3760120342457296
0.3760134065567775
0.37601569807094337
0.37601467401747224
0.37601401760800235
0.376010496947114
0.3760099882053915
0.3760108295171163
0.3760115977306431
0.3760138868813504
0.37601432421195596
0.3760134702554446
0.3760163598482336
0.37602020804109265
0.3760197783069192
0.3760191227229954
0.3760181286827241
0.37601727675290836
0.3760192836137068
0.3760246164729809
0.37603214114861894
0.37603395713449295
0.37603313131656957
0.37603297539739144
0.3760342672977954
0.37603491113557364
0.3760354424539323
0.3760360612431078
0.3760398243339871
0.3760415018872906
0.37603898038955874
0.37603747149814937
0.3760355781319063
0.37603534377562786
0.376034826499309
0.3760361726549304
0.3760341984008331
0.3760356253254219
0.3760401122078209
0.3760366382650151
0.3760380295096055
0.37603856600069563
0.3760339401249879
0.37603339728661644
0.3760352901302016
0.3760343198942242
0.37603606357449704
0.3760363687965565
0.37603444890442256
0.3760356829060744
0.3760352889065514
0.37603023051964135
0.3760273859445391
0.37602627873643996
0.3760256112908089
0.3760264172198537
0.3760265191070209
0.37602303683198907
0.37601804999681243
0.3760198091977557
0.37601942063366467
0.3760157366305168
0.37601285280621616
0.37601387638471445
0.3760135931892398
0.37601545038044165
0.3760156938887254
0.37601489719043274
0.37601737404449476
0.3760182268219476
0.37601487876563344
0.3760129029518532
0.3760117857122397
0.37601171293400876
0.3760091964912243
0.376002846855394
0.3759988189029451
0.3760000623115784
0.3760023287077493
0.3760036643711824
0.3760071624283485
0.3760067661771283
0.37600607634677774
0.3760084207088746
0.37600763434752504
0.3760090816797149
0.37601265116564137
0.3760137592935194
0.37601115831401105
0.37601454859588096
0.376016946453602
0.3760177616385178
0.37601853644503264
0.37601868647658415
0.3760188806959525
0.3760171559773487
0.37601451941535685
0.3760124945133113
0.3760125472407323
0.37601262905054683
0.3760110942173887
0.37600790108382093
0.37600342952867144
0.3760023748363174
0.37600179203469963
0.3760017568699808
0.3760012583042258
0.37599994798472236
0.3760002760319351
0.37599942703646927
0.3759966015232186
0.37599522371047106
0.3759978008967347
0.3759950347334196
0.3759950252272291
0.3759967071241523
0.37599384794335133
0.37599678694684047
0.3759987380228858
0.3759983514923742
0.3759938598724469
0.3759917568181694
0.3759942391865317
0.3759965002283845
0.37600018758623593
0.3760018405004506
0.3760033533324047
0.3760056621185562
0.37600573540756105
0.3760074940842242
0.3760073006386026
0.3760092163699908
0.37601196488930044
0.37601581237932435
0.3760175940470553
0.37601963061119703
0.37602187540534143
0.3760198551954343
0.3760203431121288
0.3760166509468831
0.37601647849903835
0.3760171294545555
0.37601680643622915
0.3760159486662387
0.3760192283023902
0.3760195412388235
0.37601776869275594
0.37601665502547515
0.3760136265823981
0.37601116691971986
0.37601185456307523
0.37601275370624804
0.3760113204451013
0.3760151442644519
0.376016777578858
0.37601727397713275
0.3760184786788632
0.3760179164973648
0.37601710044469333
0.37601341390053444
0.3760111609700876
