0.2537240537240537
0.2820008200082001
0.3287509238728751
0.3653460116217644
0.36361145362378405
0.35739432671824195
0.3562577094601006
0.37432354634427173
0.37600696712388415
0.36786804337944023
0.3631353193489629
0.35542679328290144
0.35008638136137027
0.3424653777594954
0.34148687178177795
0.33697201321708664
0.33767156587755714
0.3396029479177686
0.34153240601754564
0.34617551188328743
0.35137120322706883
0.354108900944344
0.3591431470967388
0.3596733107487066
0.3572432554976196
0.3578402187855466
0.3572090640210531
0.35612558630130836
0.3571406916563806
0.3568652063850708
0.3560371517027864
0.35463077254648406
0.35473138494844186
0.35719891670811915
0.35543390758331994
0.3536674837879657
0.3532863254366831
0.3555654306357906
0.3588483303675917
0.3588431069235457
0.3558542495313857
0.3543181784381088
0.3534875615387967
0.35411682912640646
0.3541491560215814
0.3539792997734641
0.3559723383639284
0.35655348952039395
0.35627839499102815
0.3568298856594222
0.35632554785563253
0.35518642361485636
0.35430465911896447
0.35507331648957646
0.3552180658897609
0.35493944550095086
0.35544194277848784
0.35533872196996535
0.35504278373901393
0.3564705028060457
0.3581264856813475
0.3592147653027429
0.3588520526570478
0.35820332623761897
0.3573718408788601
0.35630754153356137
0.35594909921198453
0.35600179226218237
0.35680984690797357
0.35631044680681
0.3564363197016258
0.3565241412650316
0.3576686333103466
0.35681186439254614
0.35641223208145884
0.35609349324307754
0.35543130088188546
0.3556113062385014
0.3565730191305168
0.3571611580835255
0.3584554397748794
0.35895152189883295
0.35898966773655344
0.35927971081986115
0.35984192726024294
0.35986832131332164
0.3600896253005944
0.36104797578989695
0.36172661268386586
0.3614893895819971
0.36104597630593577
0.3597420381950769
0.3591682848544298
0.35877184296173065
0.3590983611911247
0.3599544981547192
0.3602901387369754
0.36059737020366045
0.3604446700380376
0.3616846258351479
0.36202900152930556
0.360892489008082
0.3603779379618088
0.3598709438868314
0.35882787258046417
0.3574160859822489
0.35728386046053356
0.35674871812539116
0.3569789337747968
0.3573492522505764
0.3584178215720119
0.35839879538748554
0.35743529811970876
0.35646919985425196
0.356180895853886
0.35629732950689136
0.35640646607219495
0.35630781838526154
0.35727241000317744
0.3575318054328793
0.35761580583857105
0.3572239241207281
0.35672053169672324
0.35597638932621617
0.3556239743379987
0.35551227381602307
0.35614987874440684
0.35637856496206893
0.3558226334068278
0.3552552681375984
0.3553966294420085
0.35439802101962553
0.3540070530469256
0.3542831250375672
0.35396399249193433
0.3535757724843863
0.3532719239935063
0.3536000790091534
0.3536578735086617
0.35416174407851364
0.35462593193011127
0.35510886018522153
0.355473254237435
0.3553198353399662
0.35606303316118393
0.35623687526249476
0.3559701523980467
0.355816688218481
0.35545163958616505
0.3554118720556237
0.35502483399570994
0.35478958111791525
0.3548828417503511
0.35555475130590036
0.355848804829424
0.3560620675693378
0.35665676680905106
0.3567281577369405
0.3571725102130626
0.35707104129659945
0.3571108265165238
0.35677785039692095
0.3568584549815961
0.35696903114252165
0.356645240695087
0.35667744546264907
0.35662473724600446
0.3565107477548193
0.35651240571619064
0.3562482019235321
0.35599795814190915
0.35620413260917294
0.35630271345707243
0.3565076010658925
0.356755418307104
0.35689348935526644
0.3565613644868311
0.35692501364937285
0.3567797108365407
0.35666766391906435
0.3565274486267992
0.3562357374361904
0.35633550813606213
0.3560507133029915
0.35576499084975194
0.3558264202928933
0.35633400520952274
0.35606056116855794
0.35548547870023806
0.35513991902253755
0.35509479325641
0.35466205087045793
0.35377975302941395
0.3533991112642314
0.3532553261038594
0.35309343613739624
0.3523551936771806
0.351530664866436
0.35080586729854873
0.3504874705676688
0.350782435756529
0.3504458719699546
0.34993156718760954
0.3495102812129374
0.3489898852698016
0.3484403113069545
0.348225468480506
0.3482185513402884
0.34809564833811457
0.34808764905023293
0.34797767866306567
0.3475459594500334
0.3469864259176957
0.3466258431416767
0.34637394639984576
0.34620401639555565
0.34576137811877206
0.3454181672669068
0.3446984143127135
0.34411232877482784
0.3435713105965808
0.3432224479501949
0.3427807323440391
0.3424992888292334
0.3425370979848721
0.34270596382887286
0.3425713810742385
0.3420125407329627
0.341461293050119
0.34102781341531313
0.34044973608734425
0.33975133252808376
0.33933026955415907
0.3390323015552013
0.33862105454344443
0.33842665765007773
0.33829497910679934
0.33816440940952647
0.338030793599031
0.337851901680159
0.3377119698987986
0.33717855326283935
0.33666837211315
0.3361933081355408
0.3360069073640681
0.33599199434776816
0.3362606707584283
0.33603086599876797
0.33572292643183077
0.33570345300211035
0.33522728112779343
0.33470040914100024
0.3345175145883601
0.33426203920823805
0.3338276347990172
0.33343286971605557
0.3327759849256027
0.3324506962573024
0.332175682161713
0.3320554996562789
0.3319689397870712
0.33138261585925755
0.3308967005989291
0.3302968756954547
0.3298472108452995
0.329665046184893
0.32929987793551196
0.3291252748875644
0.3290715183951409
0.3291248949264657
0.3290409589725685
0.3288603329854788
0.3287014196108812
0.32867231351519705
0.3282746307052636
0.3277480904913302
0.3272575060443498
0.3269799959515881
0.326533371455675
0.32613587927535176
0.325790074798809
0.3253208607158598
0.3249397477160943
0.32458832213099226
0.3241777482702284
0.32414192714245255
0.3240800708408472
0.3238644878574542
0.32365767396481226
0.3235537815645662
0.32338133394529334
0.32304193427480576
0.3226964139121553
0.32231328828402517
0.32196420449424545
0.3217766581230325
0.3217202850486844
0.32172321712012847
0.32158716569578083
0.32149447958466526
0.3214977229730146
0.32176546098898734
0.3222061017142834
0.32255434948411466
0.3223631104056566
0.3219250018689927
0.32161703310313994
0.3211886164859011
0.32099387929464823
0.32083111454151286
0.32062248145696287
0.3206680419071851
0.32082471620257613
0.32074765839894936
0.3205984702619632
0.3203750985582614
0.32007512594126836
0.32002123030801444
0.31992852422288504
0.3196103547340702
0.31914895256144327
0.3188904824715507
0.318707879469968
0.31862677191797417
0.31842099756704884
0.31793733963691806
0.3175942783572397
0.3175465876556613
0.3172135691186612
0.3169234112465554
0.3166966431897262
0.31646491223170015
0.31626093688214624
0.315916035974006
0.31563667768347975
0.31564048358935015
0.3156138159258464
0.3153978260988845
0.31531039664173865
0.3150089363798843
0.3149920506726563
0.31480716290789335
0.31470121238008214
0.31467243148438667
0.3147097557960147
0.31471613434598433
0.3147199820429366
0.31457281969024387
0.3142036809729019
0.31421708621880295
0.31418004681069145
0.31405541243223595
0.31393253586757236
0.3137495874652292
0.31348792179683405
0.31331593505336686
0.31325122632410973
0.3132290096501997
0.31364047253774674
0.3137611843426929
0.3136298647817965
0.31337598759645446
0.31325735322915443
0.3129926521407624
0.31270840424793267
0.3129428375039477
0.31317834940942063
0.3131357718620194
0.31314501850148835
0.31299718175272595
0.31279916163933497
0.31255601581153764
0.31243547614668105
0.3124127593256418
0.312556638464873
0.312957510779706
0.3133424817891625
0.31352592309163957
0.313653272535426
0.3138066262306868
0.31392218604553074
0.3140151349672108
0.31388844509641595
0.3138757305493989
