0.3365686315525248
0.3317984947691257
0.3316559545959931
0.3328725850302313
0.3327044481333934
0.32994077067987415
0.32674179686388344
0.32666403545556955
0.32833873905251165
0.32765238058241547
0.32836685067624166
0.32901767715484687
0.32826659956283827
0.3287724732833496
0.3280817284990492
0.3288537077498
0.32877343712028595
0.3291657905319001
0.3291818963681695
0.32962924645154956
0.32886386374275
0.33020045809424026
0.33215975912078116
0.3328136161034583
0.3327450076802588
0.33374829996588407
0.3336753906541377
0.3340394888006975
0.3346702732872986
0.33488835123129373
0.33491618505052284
0.33531424232992096
0.3354581862734322
0.33595104990871205
0.33656282950525035
0.33588459326161035
0.33615695226057773
0.3359818509505088
0.33605581674679114
0.33582847307819497
0.3358888900325561
0.3357158965833794
0.3355340440281266
0.3357681115272665
0.3358292086518723
0.3350531022422409
0.33528587090458667
0.3353519353589175
0.33498151531162207
0.33525012112895564
0.33556100350763995
0.3356591086364601
0.335631013953423
0.33577265167502285
0.33566034629056457
0.33543834900018993
0.33546198664609134
0.3357919619365937
0.33574999336691286
0.3356979208034681
0.3354769431513816
0.3354585109680188
0.3355756020316336
0.3359414687319036
0.3359250923410799
0.3360251536723324
0.33609837512835883
0.33601501439642584
0.33597650847778726
0.33610867042771975
0.33647571841158397
0.3364957284901282
0.3364020506526547
0.3366003774742851
0.33649795759257184
0.33640159262123687
0.3363322065932468
0.3363304831039198
0.33657239558121504
0.3365816341995127
0.33639638187560683
0.3361893585326192
0.3361693720816155
0.33614299825747235
0.3360890848404421
0.3360254356395221
0.3359733701216037
0.3359660843743058
0.3359192231601426
0.33595145160673817
0.3357038883225143
0.3357017458878437
0.33598852044462313
0.3360173441289118
0.3359399966700468
0.33589088646352816
0.3357628428488871
0.335812913386854
0.3358871986752864
0.33587465524480864
