0.24830681958317918
0.2311473116952569
0.23324890765015183
0.23299934754624485
0.23141642321249778
0.23130166425389131
0.22902240074447577
0.2308833090552963
0.22732820658054304
0.22484145852832343
0.22541559362029212
0.2262948120041771
0.2270921257840596
0.22698487123635652
0.22636612913755957
0.2267875718166237
0.22702217320639084
0.22815452988159118
0.2286178390041051
0.2284718306962676
0.22879998555396047
0.22893773082982516
0.22978098066476357
0.23023532902216237
0.23051791745053152
0.23078609435455186
0.23093475461672616
0.23149148138424983
0.23183728790073418
0.23234038458722658
0.23210460688462575
0.231653196877897
0.2313739278732074
0.2311072522991678
0.2310577827669127
0.2312875773017537
0.23084475152228429
0.23075185037056786
0.2305168640917245
0.23003211032827536
0.23033900707274366
0.23052873296538717
0.23035317558863808
0.23047238787651766
0.2302061219366391
0.2295380917305248
0.22932378172531562
0.22949638829440955
0.22982169332167615
0.22960214768180293
0.22946404279737614
0.22934709682986548
0.22941897361920852
0.22973143158421794
0.22993237680085982
0.2298652662812048
0.2299578863882908
0.22961702739751025
0.22919771550600823
0.22923141458832547
0.22923938017839757
0.22925020951578018
0.22966967394041746
0.2299386115346324
0.2298498772259453
0.22995213823089558
0.23000314855878634
0.22993994885873062
0.22991155567144358
0.22996978181043423
0.22984117717698765
0.22961331328807275
0.22958926353241926
0.22957723530560317
0.22973940127172496
0.2295688679034464
0.22943557192935243
0.22947821180890282
0.22960372344873867
0.22964708538503564
0.22996381578477068
0.23000828145359076
0.2297467544074076
0.22970318209048254
0.22996879628116246
0.22981981310740357
0.2299082215417995
0.2300114382803943
0.23016705704555399
0.23034174288665213
0.2303954018188852
0.23045813163920387
0.2303845401572606
0.23020706989657402
0.23024333795297117
0.23011938914654703
0.23014336236413208
0.23001680152854012
0.22995301597331533
0.22987103944774276
