[0.07608586406046768,-0.20096483010937785,-0.1277570022968631,-0.41439652831143226,-0.7361999932630886,-0.5797528583997735,0.04052322644877621,-0.7902342844722899,-0.04090598962999799,-0.07233214859147782,0.0425554748030275,0.09270430319826643,-0.3578159646355724]
[0.07614468348423452,-0.20092908281902389,-0.12777317907708083,-0.41442994141671596,-0.7362528500072668,-0.579789252656723,0.040555857900491696,-0.7902703760858566,-0.04089796317897208,-0.07219299966039877,0.04263816109881325,0.0926305396038268,-0.35783557172376323]
[0.07615143094809608,-0.20089785697002535,-0.12779482808269335,-0.41446686654556414,-0.7362983019781381,-0.5798079814715423,0.04052089364408768,-0.7902769056252106,-0.04090991534689818,-0.07218855994811596,0.04259364152379804,0.09260391590667776,-0.35784587889610664]
[0.07613663985596392,-0.20082474901181266,-0.12778434581972228,-0.4144492534010084,-0.736290076656587,-0.5798343981323553,0.04044469101300764,-0.7902925685242888,-0.040972813115121756,-0.07226751026229052,0.04250533100968567,0.09259349657085918,-0.35784328777779195]
[0.07614054722318556,-0.20080421999263307,-0.12779237401255436,-0.41445216150078457,-0.736296282851874,-0.5798353976255672,0.04041883028213057,-0.7903001170454197,-0.04098952561101922,-0.07230797155916585,0.0424541406813987,0.09260885635560494,-0.3578459125557381]
[0.0761390107419619,-0.20078274653161304,-0.12780478319895502,-0.41448705264328456,-0.7363158666828122,-0.5798652494493072,0.040436610370955396,-0.7903367376026831,-0.040990102394526204,-0.07229070066101854,0.04246676198851384,0.09261390430106549,-0.3578737270238636]
[0.07607735600163586,-0.2007929806664603,-0.1278164020053178,-0.41454357337401376,-0.7363184126418383,-0.5798923545761459,0.0404728009408236,-0.7903681791828276,-0.04101420352673014,-0.07237606384313908,0.04245769576252577,0.0925806520169187,-0.35789907460651954]
[0.07605522890299246,-0.2007760187804975,-0.12783611396980768,-0.4145411185360316,-0.7363195291467964,-0.5798982892647521,0.040462089345080186,-0.7903860015682979,-0.041005634904330145,-0.07237482831156303,0.042342278422086946,0.09223363374075172,-0.35791601170048426]
[0.076017480895341,-0.20068236366984976,-0.1278575819617656,-0.41452516798421696,-0.7363574596571273,-0.5799230763699303,0.04044343253724428,-0.7904084311595422,-0.041024751281971555,-0.07236076357789918,0.042307356365503916,0.09225931124579315,-0.3579229615638363]
[0.075923875597683,-0.2007496555248004,-0.12787392914083387,-0.4145761418632906,-0.7363975555902672,-0.5799460728159428,0.040391245295329385,-0.7904716755672717,-0.04109873048700878,-0.07255838126679687,0.042242406311413024,0.0922547901224788,-0.3579494404289303]
[0.0758523617308391,-0.20069938109138324,-0.1278678661748057,-0.4145976882029852,-0.7364494451553182,-0.579950443827586,0.0403580098898996,-0.7905000102855102,-0.041163207353873354,-0.07266927373557641,0.04213670176185474,0.0922304078050035,-0.35795471931526734]
[0.0758132391001953,-0.20063930673800986,-0.1278730995543057,-0.41462385087934783,-0.7364803143356948,-0.5799595776416155,0.04037360868877475,-0.7905347797289577,-0.04120362490665149,-0.07274492310446369,0.0421438978636494,0.09219204715252673,-0.3579647639056135]
[0.07585899316313614,-0.20062071094521536,-0.12787724659220673,-0.4146795600177951,-0.7365125524018494,-0.5799766802932027,0.04037004690413883,-0.7905635206616485,-0.0412684777899166,-0.07273407003786117,0.04208443769684541,0.09215589432615168,-0.3579813108063031]
[0.0757806241232707,-0.20063069674743467,-0.12789562424539586,-0.4146540142062859,-0.7365279764511935,-0.5799631972275973,0.04032917142497034,-0.7905784946441341,-0.04125756575887003,-0.07277768083984074,0.04202372874235286,0.09215652830439394,-0.35798327732554497]
[0.07582283239093204,-0.20067094352051448,-0.1279059484700838,-0.4146738972030071,-0.7365750483702381,-0.579982342703886,0.040318118033764144,-0.7906040579552827,-0.04132403689439471,-0.07277003096010805,0.042001348108031265,0.0921564265480645,-0.3580009547765946]
[0.07589553856568342,-0.20066688084043055,-0.12791495182333312,-0.41468713180584654,-0.7365929590062867,-0.5799989704153147,0.04028177439707831,-0.7906518589570357,-0.04138894169454325,-0.07279762241781369,0.04191814412276886,0.0921644177547117,-0.3580162086407242]
[0.0758419933662993,-0.20060486292987334,-0.12790909915564724,-0.41462963827003924,-0.7366059165338751,-0.5799979815639115,0.040301520470184427,-0.7906548570554239,-0.04139007020686776,-0.07278036095942732,0.04191201272640954,0.09215475145496382,-0.3579995152685835]
[0.0758761621883472,-0.20057066292320214,-0.12790262140671546,-0.4146681731690037,-0.7366071766282373,-0.5799758983348808,0.040330831557771625,-0.7906915788556581,-0.04139731107831842,-0.07283037846332874,0.041920045865692,0.09212595650275401,-0.35801105345339285]
[0.07581788885033759,-0.2005400921948362,-0.12783632565380415,-0.4146893486012732,-0.7366437520854895,-0.5799567958979693,0.040334910939000365,-0.7907129044026329,-0.04136872762168325,-0.07288039511338149,0.041980570582622063,0.09212953388706097,-0.35801762370667994]
[0.07585872470034151,-0.200426501270384,-0.12784108275822031,-0.4146567569160576,-0.7366595517912496,-0.5799250765935281,0.040356368687926275,-0.7907328411733977,-0.04130225047066282,-0.072872736360778,0.04202656507812009,0.09215963241650998,-0.3580180216956579]
[0.075860033264062,-0.20037906664127453,-0.12784546034422264,-0.414664837927798,-0.7366859956225226,-0.5799175694692378,0.040311683622286966,-0.7907526145061221,-0.041277831928102304,-0.07288752887948126,0.04196870990203114,0.09210723781552028,-0.3580242015913299]
[0.07591388613356853,-0.20029041625821628,-0.12783708563601823,-0.4146287340670445,-0.7366967240374597,-0.5799196509540778,0.04039723857325667,-0.7907569339942379,-0.04131251174590291,-0.0727996873602251,0.04205933042669523,0.09210124620581124,-0.35803179653515593]
[0.07592915823922904,-0.2002494085397941,-0.1278619920165791,-0.4146885800997237,-0.7367260343122412,-0.5799370392110822,0.04037466946900521,-0.7907923235204317,-0.0413494738408167,-0.07286259071287095,0.04201398660529501,0.09209304507472531,-0.3580485291986177]
[0.0758923591283804,-0.20015926759830874,-0.1278354040403083,-0.4146713329170291,-0.7367520764032421,-0.5799189584821056,0.040301522974714135,-0.7908263261120426,-0.04139226405049365,-0.07288379801636032,0.0419231836036649,0.09204875356386662,-0.358052646492462]
[0.07579709916353665,-0.20020206991891915,-0.127764539716614,-0.41467294311212255,-0.7367796997404482,-0.5799108373359835,0.04030258416030113,-0.7908346810098983,-0.04143625575072136,-0.07295632185053803,0.041887017510045706,0.09202287633960524,-0.358044431662776]
[0.0757922549390357,-0.20017832506381794,-0.12777772781120325,-0.4146316626587494,-0.7368349391032751,-0.5799200624989161,0.04026886940136786,-0.7908446667421257,-0.041467846262905346,-0.07292941796702013,0.041856690927029885,0.09203603624174764,-0.35804523352372997]
[0.0757606652608428,-0.200167958872909,-0.12778721127825227,-0.41461145847383163,-0.7368449308519207,-0.5799149598225205,0.040228366055876257,-0.790868189412972,-0.04152043457939402,-0.07302439216298401,0.04175337869656792,0.09204477667191811,-0.35804409458884545]
[0.0758388985014207,-0.2001969670776986,-0.1277163008365713,-0.41455871692135265,-0.7368725960999889,-0.5799385647397206,0.04023968635096935,-0.7908854731952447,-0.04149712673057659,-0.07299427981164311,0.04174432464874396,0.09208739784899532,-0.35804610944439724]
[0.07581630210115915,-0.20022154843540477,-0.12765419298387565,-0.4145418417022846,-0.7368974239352615,-0.5799020775774139,0.04019995432555966,-0.7908998209238692,-0.0415270682152646,-0.07306359445399155,0.04166145046272873,0.09211013168554971,-0.35804460659790677]
[0.0757300375088682,-0.2001873302252375,-0.12764994058592133,-0.4145624960646499,-0.7369203055872029,-0.5798942985444671,0.04019615513766724,-0.7909152285426125,-0.04155163296447466,-0.07303027412763356,0.041743734956600546,0.09208867266082191,-0.3580651801740263]
[0.07573466187568548,-0.20014184122717474,-0.12765542062928936,-0.4144986629460307,-0.7369330524915882,-0.5798804536989494,0.040190577194865795,-0.7909223179156415,-0.04152288757226656,-0.07299053975849701,0.04173342988200225,0.09208636407413799,-0.3580557521415342]
[0.0756876377675956,-0.2001305930244542,-0.1275816399093989,-0.41451176065260714,-0.7369444967234788,-0.579926218012058,0.04015831160948262,-0.7909422066633035,-0.04160713101943305,-0.07311772867448571,0.04165296965611604,0.09210543816234526,-0.3580727931527577]
[0.07571004064813854,-0.20009154668127616,-0.1275866440450711,-0.41456261425355767,-0.7369378268069753,-0.5799140154580824,0.04013869024375725,-0.7909690752538705,-0.04163971468306877,-0.07319675231775229,0.041572093276045566,0.09205520003706114,-0.35808275023410946]
[0.07572035872480816,-0.20010556280975772,-0.12760290289475382,-0.41454443251579354,-0.7369773411296612,-0.5799237142471112,0.04012393672869647,-0.7909899428780646,-0.04170558496775408,-0.07329503985259869,0.04148954816573332,0.09210524379866175,-0.358094771520268]
[0.0756702545181689,-0.20004608195092605,-0.12760677492178213,-0.4146313759658812,-0.7370057304182663,-0.5799313480390171,0.04009846899493984,-0.7910215457482377,-0.04169322959942589,-0.07336442784869057,0.04147213878895472,0.0921044088308212,-0.3581210408350144]
[0.07579596765124826,-0.20005287734248894,-0.12753369600974027,-0.4146052346568718,-0.737055273132697,-0.5799437377732893,0.04009585527579284,-0.791020982092068,-0.04170935414762762,-0.07325079487463428,0.04145055443216601,0.0920976749931597,-0.35812549209330613]
[0.07577976251025265,-0.20000583645635187,-0.12753804754935075,-0.41455822428499456,-0.7370758890015225,-0.5799483680148119,0.040173794633174435,-0.791013676287769,-0.04167001571148427,-0.07326558093950175,0.04153409371764594,0.09216754729234544,-0.35812107671844995]
[0.07575764049182689,-0.19996584924770375,-0.1274777656028914,-0.41461936563491003,-0.7370979463732941,-0.5799738668833198,0.040125732926702885,-0.7910494691753654,-0.0417425587965193,-0.07330602519831544,0.041462066779304786,0.09210557752038245,-0.35813970820699836]
[0.07570924668698377,-0.1999549150846327,-0.12748714857405272,-0.41456163236655813,-0.7371067667898134,-0.5799853215232516,0.040112951966030756,-0.7910573309708471,-0.04170531354925249,-0.07328873726239735,0.04147428795830977,0.09209074744437772,-0.35813464566207565]
[0.07568475901070619,-0.19994861531440722,-0.12751516683705832,-0.41462351315175944,-0.737143534653185,-0.58000468429183,0.040084903020559885,-0.7911012779982057,-0.04177312819623726,-0.07340615646498679,0.04135805327802101,0.09208770228105528,-0.35815655198886653]
[0.07565790489083042,-0.19992410950427292,-0.1275300920823196,-0.4145997965120024,-0.7371534275953232,-0.5800310454519328,0.04000799630436853,-0.7911291591519123,-0.04181466167433482,-0.07345942754721564,0.04124390590097845,0.09214137084364776,-0.35817166520417004]
[0.07572501563598232,-0.19990414383943664,-0.12753764738521706,-0.4145531559796923,-0.7371699779959937,-0.5800351817432783,0.0400184902455027,-0.7911447259533232,-0.04181982388046438,-0.07344855160415628,0.04125154310239765,0.0920521494934072,-0.3581554426163477]
[0.07561461061344457,-0.1998968340081753,-0.1275414707746652,-0.4145305497812001,-0.7372269584090956,-0.5800353029686555,0.03970633574912905,-0.7911498950106295,-0.041880693408537256,-0.07347295621050386,0.04116659200965045,0.09204173957679147,-0.35816238839237524]
[0.07559438490362813,-0.19989688423364882,-0.1275388827835919,-0.41454880098256797,-0.7372752087518202,-0.5800631120170906,0.03976515944352415,-0.7911768375226211,-0.04189362839978014,-0.07351339692921491,0.04115504559605513,0.0919937662356694,-0.35817495423147383]
[0.0756281239841856,-0.19978294999228863,-0.12754334376292445,-0.4144960604997148,-0.7373013527880862,-0.5800607994351507,0.03975090228839678,-0.7911803750547527,-0.04190961600112041,-0.07344799586633129,0.041166854952416974,0.09201944783548831,-0.3581717510010933]
[0.07568789796668285,-0.1997696427988777,-0.12756780139799515,-0.4144949005863888,-0.7373475362588459,-0.5800551729282668,0.03972804774778934,-0.7912249315980004,-0.041909184232316,-0.07353333929226871,0.04112486287686991,0.09200977501834236,-0.3581702864427377]
[0.07566648757496462,-0.19973147362349,-0.1275816578441439,-0.41452775739226083,-0.7374000172770825,-0.5800408850195118,0.03967682142208075,-0.7912563580157879,-0.041959515915846686,-0.07352566939325704,0.0410845397733729,0.09196032914044738,-0.35818341820846905]
[0.07564602429339401,-0.1997500776684686,-0.12759669539432664,-0.4145519245890188,-0.7374188563698709,-0.5800748120608196,0.039670392581937275,-0.7912879062203699,-0.04203258762882885,-0.07353082884835774,0.041042549103028014,0.09189541674102533,-0.35819529632822295]
[0.07562224775487389,-0.19976317798076115,-0.12751381050677046,-0.4145065789874941,-0.7374354466200517,-0.5800527313654978,0.03965088952626812,-0.791296987178242,-0.04205443537399294,-0.0735359882153814,0.04101307106353165,0.09187617100535536,-0.35819443786234695]
[0.07551231785901179,-0.1997569995827156,-0.12750810534404408,-0.41452427597796854,-0.7374704598328211,-0.580069926160432,0.03964380889489415,-0.7913386467466328,-0.042062862447478935,-0.07362133013920169,0.04096232327341076,0.09186723717530766,-0.35821670706507847]
[0.07544428329056463,-0.1997306310788777,-0.12751529332024306,-0.4145029643860508,-0.7375183894859536,-0.5801049592920003,0.03959246541924245,-0.7913662792016685,-0.042114636874416286,-0.07368101215979113,0.04092450532743203,0.0918848189816851,-0.3582179507476955]
[0.07549506633722235,-0.19966800662100026,-0.1275232791653844,-0.4144992161277405,-0.7375481134396429,-0.5801200443089012,0.03962244453032934,-0.7913931364709164,-0.042136983018668785,-0.07367333973985636,0.04095341823518155,0.09180591358811899,-0.3582172131939703]
[0.07551460594348337,-0.1995872101524628,-0.12753460939801928,-0.4145352157071688,-0.7375972793531123,-0.5800992664113412,0.03965518030027859,-0.7914240299497546,-0.04218742563230872,-0.07370736242623097,0.040968567543930405,0.09184264651306813,-0.35822112544340334]
[0.07547710385096759,-0.19956224283969085,-0.12754379581261205,-0.4145514332218555,-0.7375983412939724,-0.580069613005728,0.03962387799985743,-0.7914386539056529,-0.04221139150614945,-0.07378628681293281,0.04087694826104432,0.0918013054416421,-0.3582152932823396]
[0.07548196922177736,-0.19952362842848886,-0.12754031590882942,-0.41453603711405773,-0.7375988797905029,-0.5800623177788885,0.03956541958538618,-0.7914533999351806,-0.042235039530486525,-0.07383313679436782,0.04079408888200889,0.09181741529110021,-0.358208692994569]
[0.07544139076628756,-0.19950571979953585,-0.12755350000769516,-0.414552809234821,-0.7376368739490742,-0.5800715113876784,0.03951686426554991,-0.7914806634614403,-0.04226633273650606,-0.07387998597602692,0.04069371423782941,0.09179227855723372,-0.358213373615718]
[0.0754588011133796,-0.19941224226488644,-0.1275724810561163,-0.41452188374076515,-0.7376801964685747,-0.5800689553293009,0.039517434847110046,-0.7914959388413475,-0.04221746833476468,-0.07392041974633402,0.04066048857908424,0.09177892691199445,-0.3582024066008807]
[0.07546958395070341,-0.19941346758130385,-0.1275839278005388,-0.4145678660950143,-0.7377142686145531,-0.5801226266304942,0.039505672268559486,-0.791515536049534,-0.042247059819968895,-0.07395123090901168,0.04063602182735235,0.09177809669541907,-0.3582215623295459]
[0.07553101744277618,-0.19939586316643956,-0.12759052772380794,-0.414604973742717,-0.7377277483857054,-0.5801313035754275,0.03953962555876707,-0.7915477322204878,-0.042226697841135044,-0.07398845615730185,0.040608218982885386,0.0917699010808175,-0.358236674435058]
[0.07552996473915911,-0.1993874329852481,-0.1275978316446877,-0.4145903162143943,-0.7377573056038987,-0.5801241868984354,0.0395321317688348,-0.7915806210070452,-0.04222652406740426,-0.07400002232376081,0.04060502337729167,0.09177643643052089,-0.35824531700875856]
[0.07557630220476559,-0.1993205442454837,-0.12755951979881444,-0.4146308040497837,-0.7377906781088462,-0.5801323682764938,0.03962488947354857,-0.791601723110225,-0.04221122528755181,-0.0740244460570505,0.040615603457510245,0.09178740484389937,-0.3582596427621457]
[0.07559278324992064,-0.1993108801628803,-0.1274875410451114,-0.4146557128032935,-0.7378051718296857,-0.580083198848942,0.039640198249171636,-0.7916282048599577,-0.042199819241532245,-0.07400070627192222,0.04062601041075541,0.09179099946494272,-0.35827877820069687]
[0.07565042766025495,-0.19929048091410345,-0.12748662819244422,-0.4146515921906829,-0.7378546060968241,-0.5800969343182414,0.039655738458319365,-0.7916391964065657,-0.04220868960051601,-0.0739449188075669,0.040631572841262426,0.09177617475909906,-0.35827880783485405]
[0.07558073393099671,-0.19927459812071427,-0.12749049157007855,-0.41462306836406515,-0.7378591255710111,-0.5800989663919919,0.03960821924151276,-0.7916678023171179,-0.042210211400926324,-0.0739885587752007,0.04052119144017308,0.09181511781537932,-0.3582810612813854]
[0.07547092531978665,-0.19929967848910532,-0.12749762256473873,-0.41464553724357467,-0.7379149389781293,-0.5800956783096567,0.039541829420597766,-0.7917125712010902,-0.042257141745072356,-0.07407700060688498,0.04043218030990738,0.09174733530235477,-0.35830026839622653]
[0.07549327930283717,-0.19927487213804723,-0.1275112592290789,-0.41460724990848796,-0.7379530766704633,-0.5800960593770375,0.03952264559493214,-0.7917103378582615,-0.04226371339895931,-0.07413340346800877,0.04039441261119884,0.09171045434390539,-0.35830416809866306]
[0.0754477302448558,-0.1993121436254204,-0.12753924578670145,-0.4146443568838697,-0.7379684131082086,-0.5800727558600991,0.039499824597890136,-0.791747464409174,-0.042303083960109115,-0.07427325939186807,0.040286120577675395,0.09167206169401103,-0.35831592285821157]
[0.07547558705797658,-0.19929823285012954,-0.12754642015161163,-0.41462376772355214,-0.7380103716146157,-0.5800778698692475,0.03936199913742498,-0.7917679513674667,-0.042284578892187126,-0.07428162409356841,0.040234494471520305,0.09156947837073243,-0.35832713060514204]
[0.07553945971041529,-0.19931372857827287,-0.1275430953970796,-0.4146277944229933,-0.7380434351070213,-0.5800981336226154,0.03942404097355713,-0.7917721100639196,-0.04230244459042249,-0.07414549934803345,0.04033067405975017,0.09152662299990973,-0.3583316593011497]
[0.07558840345777179,-0.19932177552646696,-0.12755128395968784,-0.414662359090284,-0.7380626847298855,-0.5801209838695932,0.039479433436435084,-0.79180386286084,-0.04231770678171141,-0.07413781186356495,0.04032664535316578,0.09154201984090855,-0.3583566292780034]
[0.07560512124578625,-0.1992427101759783,-0.12754954904855964,-0.4146499130990747,-0.7380996682408042,-0.5801526672614892,0.03947501980643861,-0.7918090006189745,-0.04229373135926307,-0.07411728101660135,0.04033305490836927,0.09154119448786255,-0.3583644766612685]
[0.07558179429307194,-0.19921692079504,-0.1274775754465593,-0.41462765813282026,-0.7381441917345739,-0.580142780877254,0.039452590507671664,-0.7918271189795274,-0.042293327156583814,-0.07422839633083314,0.04029144866629163,0.091509400007514,-0.3583652807495432]
[0.07561817899742133,-0.1991757855479753,-0.1274044086703572,-0.41466129740738944,-0.738186867626393,-0.5801650503531949,0.03946628211994777,-0.7918604219890409,-0.04233304607882428,-0.07422712917809456,0.04032082284696808,0.09151447409539577,-0.35838405702809323]
[0.07555693991141761,-0.1991613237821643,-0.12742093300800178,-0.41469845260888566,-0.7382437639947798,-0.5801899526892149,0.03948442549456909,-0.7918883362190438,-0.042381256846823714,-0.07417769894550703,0.040374413133990074,0.0915667391692554,-0.358401780559753]
[0.07558384706246095,-0.19913112343191355,-0.12742523890968316,-0.41467545649797494,-0.7382779522318702,-0.5802081032969535,0.03950924655357693,-0.7918901661329322,-0.042363568593600395,-0.07411863693644677,0.04042674992301078,0.0915614892311698,-0.3583990219527622]
[0.07557497438875076,-0.19911748531213788,-0.12744223282073006,-0.4147166831959733,-0.7383304522825705,-0.5802267292021112,0.03953578862734676,-0.7919111813123076,-0.042393150733009796,-0.07414305864486674,0.0404093586892579,0.09157098659289262,-0.3584037922891346]
[0.07562249583319702,-0.19910316641805428,-0.12745661833575034,-0.4146922061417712,-0.7383552001570882,-0.5802250080783663,0.039513417651143114,-0.7919436664911881,-0.0423619188649844,-0.07421885391129633,0.040306792097397855,0.09154140368549114,-0.3584130555950731]
[0.07559300789844434,-0.1990899118420401,-0.12747014990085417,-0.41472177257622955,-0.7383799471072677,-0.5802508026044985,0.039476503869657044,-0.7919788452210117,-0.042394273273605856,-0.07433317836500955,0.040240552168139945,0.09148896310730995,-0.35842903808040993]
[0.07554996790902771,-0.19907500838618802,-0.12747890795386813,-0.41472377183249015,-0.7384084252531763,-0.5802531954124049,0.039622909440257564,-0.7920031256962888,-0.04240050818881322,-0.07429976493338795,0.0403268076978726,0.09155383764560006,-0.35844451810505296]
[0.07558639511098474,-0.1990721733807178,-0.12739972264048482,-0.4147442995657194,-0.7384670777676425,-0.5802866938546003,0.039625650035563474,-0.7920304297845819,-0.04238544066154749,-0.074224564234973,0.04035370679550441,0.09158180199524261,-0.3584701691415978]
[0.07558130936299855,-0.19903069557724662,-0.1273351736658854,-0.41470979727055884,-0.7384744798972341,-0.5803011056032016,0.039591338441876026,-0.7920386493412783,-0.04235751211457856,-0.07418472375947308,0.04038311338998263,0.0916127185939998,-0.35846409022139214]
[0.07552024136222939,-0.19907119131234083,-0.1273552954461588,-0.4146864126710456,-0.7385031718519544,-0.5803347367781154,0.03955049056841575,-0.7920649720574692,-0.042363483662704024,-0.0741963151483285,0.0403209790869707,0.09159122376971203,-0.358462185275257]
[0.07552796626193711,-0.19892722144785815,-0.12736931668475762,-0.4147026794844805,-0.7384957924918396,-0.5803215433796023,0.039586897257339604,-0.7920823448374912,-0.042322992053739183,-0.07417897629817309,0.04032321671636789,0.09162287838925362,-0.3584722346503566]
[0.07547709934383397,-0.19888844950838475,-0.12727113088966288,-0.4147335835439921,-0.7385315192894724,-0.5803445830629219,0.039588449946408304,-0.7921323277797433,-0.04237229992528682,-0.07430628794968053,0.04029912076913782,0.09162721974835017,-0.358482526991979]
[0.07548672268644614,-0.19888016356378782,-0.12727521133973016,-0.4146735120864494,-0.7385137792418535,-0.5803593306030536,0.039541689230277156,-0.7921369494561191,-0.042341088592481986,-0.07434359285543338,0.04025245362888213,0.09164853921067564,-0.358485200831533]
[0.07539885119708196,-0.19888659726682126,-0.12729675726183223,-0.4146503133914714,-0.7385582259285534,-0.5803620293052981,0.039401362996588044,-0.7921679291312005,-0.04241628793627336,-0.07448375949283172,0.040159390098525725,0.09163885468087007,-0.35849764067147727]
[0.07542033654063789,-0.19883778418340023,-0.12728291696218152,-0.4146797360640365,-0.7385926592135651,-0.5803893419164673,0.039420033555327125,-0.7921910621520022,-0.042470143045741385,-0.07454677696108773,0.040144492786795744,0.09161809759203672,-0.35851644241203845]
[0.07541857514141168,-0.19877718522572388,-0.1272967569463879,-0.4146806154648785,-0.7385935214073461,-0.5804225925512446,0.039366263142864566,-0.7922210525464413,-0.04250811446616617,-0.07456798048729855,0.0400673999074145,0.09163570495300108,-0.3585252180596837]
[0.07543292633416605,-0.19874768662787398,-0.12730639082982453,-0.4146637272657835,-0.7385853768113779,-0.5803449275233881,0.03935092921442796,-0.7922376127212065,-0.04250868026890262,-0.07454102055006356,0.04005460761305079,0.0915972726146806,-0.358527719477294]
[0.07545838415528697,-0.19875094986838346,-0.12731017904981504,-0.4146165310220127,-0.7386231590315602,-0.5803836349244089,0.039319928577837025,-0.792261315485201,-0.04252829780401457,-0.07454295536631272,0.04005600915996466,0.09163769180743862,-0.35852333766897676]
[0.07550561666878802,-0.19869604691577616,-0.12731661544212639,-0.4145883775406566,-0.7386645440791535,-0.5803907605106973,0.03934911187250533,-0.7922839577095165,-0.0424824614990268,-0.07456734129009686,0.04005240591734237,0.09159856385845343,-0.35852247360310796]
[0.07549793718623123,-0.19864400762105947,-0.127326212397365,-0.41462308148444665,-0.7386988249811683,-0.580402144303754,0.03934968531776609,-0.7922953865804441,-0.04251883628147403,-0.0745821048802043,0.03998040427288937,0.09152260951642723,-0.35852605717774977]
[0.07554114535975633,-0.1986508722901026,-0.127326182436586,-0.41464613781372955,-0.7387042474402674,-0.5804022129155617,0.03934954722533158,-0.7923173758323329,-0.04252526973627148,-0.0745808316893081,0.039958034449879005,0.0915158913456863,-0.35853841464385233]
[0.07557488534916589,-0.1985959757698808,-0.1273379580586441,-0.4146458997052656,-0.7387484393515205,-0.580411777308869,0.039318694847312985,-0.792342259693015,-0.0425351746632966,-0.07461804618968516,0.03993983564675246,0.09145982502789914,-0.35853488174514847]
[0.0755636543916828,-0.19859993602257997,-0.12735371561447428,-0.41472700588203343,-0.7387779326416636,-0.5804584614166154,0.03912487345850978,-0.792367999391829,-0.04258831209968297,-0.0746584673605685,0.039929978430314914,0.09140007696112053,-0.3585605415049257]
[0.0755292283819765,-0.19855225386103467,-0.12734949181631086,-0.41474451423623465,-0.7388243788343767,-0.5804409221826308,0.03912032180142159,-0.7923838304659764,-0.04253934089067251,-0.0747566193457301,0.03996057657083366,0.09140809170653016,-0.3585707958683507]
[0.07548438876879669,-0.19850829499509884,-0.12736454897669425,-0.414780694501546,-0.7388428917350467,-0.5804528497219228,0.039036938859451364,-0.7924186213774759,-0.04261694142752595,-0.0748611842669292,0.039828936370475646,0.09132698482751433,-0.35857773455388414]
[0.07549304099384921,-0.1984895155941462,-0.12737803727880673,-0.41476880707398905,-0.7388594381539382,-0.5804674421338833,0.03902906823993322,-0.792434003068781,-0.04264067033138043,-0.07494329626253662,0.0397882183259354,0.09137624712899298,-0.3585700768218817]
[0.07555897112257859,-0.19846410407189216,-0.1273929648650063,-0.4147833567407416,-0.7389027140298375,-0.5804843981035273,0.03900990224926696,-0.7924593334571945,-0.04261588448407331,-0.07495484612892293,0.03977544425115065,0.09132828514849055,-0.3585597910781098]
[0.07549259256085275,-0.19849246583669392,-0.12740889750938494,-0.4147929145782271,-0.738932400285569,-0.5804911280018892,0.03899183352463833,-0.7924880069160394,-0.0426222419876036,-0.07504337113721878,0.039736395374977675,0.09130536638822294,-0.35856256535647607]
