0.20693333333333333
0.2225740335910424
0.22463733802591584
0.22064714889726889
0.2208932894853791
0.2196903207039488
0.2192462740754415
0.21803099568023038
0.21877167192132135
0.2187328196707507
0.21855325892346958
0.2182669681054572
0.21853042782630955
0.21951126781428698
0.22051531819811868
0.21994485819720783
0.21946378996872803
0.22002258234097508
0.2211908412791075
0.22103820639576624
0.2216761585139802
0.2218816989451359
0.2221714529519475
0.22177934673452368
0.22160124079606863
0.2214922683565748
0.22105304976528656
0.22046338816889935
0.22051391278718896
0.22077600574907458
0.22106090674220666
0.22086540107427208
0.22102836888161376
0.2210499791047271
0.22081938528248948
0.22102711631418237
0.2210847881119111
0.22122811276679716
0.2213377274002348
0.2216075746068394
0.222025911842846
0.2217178745265106
0.2214948376956452
0.22180046528307787
0.22231191090417166
0.22237304990725357
0.2225567367162433
0.2225806401630302
0.22261998663928545
0.22265206745804075
0.22277716612145645
0.22291177233574885
0.22306636292294915
0.22295321904135296
0.22288766467769044
0.22322015120611743
0.22337172834174626
0.22329810979218156
0.22334146284760922
0.22328413098575453
0.22326985566846724
0.2234285959583477
0.22364365595939814
0.22378446478403013
0.22365614422415023
0.22384888090919638
0.22373599760420435
0.22398293302992053
0.22396571034821047
0.22391785757451926
0.2236764994581468
0.22367857138861072
0.22390360116305374
0.22381676198555744
0.22369472219170494
0.22404740080967084
0.22402455540391444
0.22392275047615115
0.2240579043115353
0.2241351547994626
0.22422064067473418
0.22418007440929036
0.22406210233610965
0.22386701028687314
0.22379985491195561
0.22371183216285892
0.22371378017028085
0.2239424388861204
0.22407807224123202
0.22410318820369104
0.22395785546631541
0.22396194225524257
0.22389945100855538
0.22399778237999896
0.22406273341094296
0.22403849115090585
0.22417076173696757
0.2242832109959996
0.22425393359731952
0.22426919368780782
0.22431728689421834
0.22425650946258732
0.2242643259972758
0.2240229372726816
0.22408179984151472
0.22412866227064002
0.22418031800407928
0.22424125363292313
0.22418745902817977
0.22434437149965475
0.22436236808665463
0.22436310171747578
0.22440030296241772
0.22445056904093078
0.22448149869157966
0.2246053968682786
0.2245880359724335
0.22461553504492326
0.22462759745191968
0.22461615342641844
0.22468790497405577
0.22473910503978956
0.22476507904370344
0.2248913569769664
0.22482815473149478
0.22480129286026207
0.224847219841694
0.22479219635859352
0.2246528249845123
0.22458155892537757
0.22462423066430018
0.22470285559574474
0.224824367873004
0.22486183091965492
0.22477490475071604
0.22480683272172247
0.22476618516336824
0.2247403589518304
0.22486733001562575
0.22476704547735596
0.2246974258519516
0.22456616052673986
0.22459899108142933
0.2246717963442545
0.22470643563671194
0.22473563233559604
0.2247244591410152
0.2246405285268345
0.224586795537992
0.22454091827369468
0.22443840807180848
0.22447335070750918
0.2244888855079573
0.22447176530987195
0.22456229069734324
0.22466087573927965
0.22463389729131467
0.22450781285319882
0.22445903847076015
0.22446739616224798
0.22447198490614945
0.22453610619162148
0.22461687496769017
0.22470261375063308
0.22463594108306198
0.22464056772284838
0.22467406174094176
0.2247058375107171
0.2246480443850407
0.22460749499083127
0.2245366167475711
0.22457523762429354
0.22456966163678654
0.2245178420328182
0.22448330509853906
0.22452653542212284
0.22457012077792862
0.22461833531279649
0.22468110160166554
0.2246844311524036
0.22468676286448164
0.224763316825464
0.2248739866249619
0.22493094263858582
0.22494653042020887
0.2248181090866746
0.22466667152843167
0.22466836233767065
0.22465198854894605
0.2246905098549152
0.22467331145282776
0.22473307027237044
0.2248206856280768
0.22483502665781863
0.22480392741602104
0.2248294170726567
0.22483789561970835
0.2248142476651888
0.22480298736656704
0.22487945893812797
0.22489003417640452
0.22484191668833864
0.22475374844683074
0.22471101640775037
0.22471275353417197
0.22474634151089207
0.2247331715169607
0.2246750516171444
0.22471983009191843
0.22474190058485116
0.22471231246068682
0.22472072824522482
0.2246872654233721
0.22466443454750873
0.22471597376464642
0.22471333728094028
0.22470260724322508
0.22469097242529745
0.2247488194382148
0.22475039974632008
0.224707883379322
0.22466488406658203
0.2246971879983388
0.22473997025359616
0.22471420879044515
0.2247314968521774
0.22470229856434656
0.2247036198641518
0.22471646974999257
0.224814960529733
0.22483527384363344
0.2247849143718152
0.22481166230517374
0.2248747409302015
0.2248181814770147
0.22474016472942285
0.22468711535241356
0.22472910768152826
0.22473503504561212
0.2247033690036962
0.2246343017482698
0.22457759204138322
0.22458989777689067
0.22459353893314365
0.22462665442890728
0.22462460491133623
0.22464332814581733
0.22467332489660155
0.2246605447641185
0.22461082499763516
0.2245717554289766
0.22460091073493416
0.22461942736560614
0.22461196200863784
0.22460039074349716
0.22458414555292358
0.22465086873053525
0.2246966971818624
0.22475097543727166
0.22480383399386178
0.22475618213730167
0.2247036741861614
0.2247130576038938
0.22471919031216459
0.2247424956482155
0.22481097927900645
0.22476329997613412
0.22478647571565505
0.22482832441677356
0.22477349771345198
0.22469944263948433
0.22469887715607104
0.22468415071129424
0.22469369613132803
0.2247347372501359
0.22473690467720694
0.2247027289311843
0.22465890968008845
0.22461464444581694
0.22457314688205127
0.22453165691443103
0.2245893097494812
0.22457049468817397
0.22456150542110687
0.2246007095711722
0.22461144034098524
0.22461813505864678
0.2246270889073472
0.22458644688186016
0.22457263194335791
0.22457253861980736
0.2245644363610689
0.2246032375216824
0.2246120808069605
0.22461327915596216
0.22457624950892616
0.22455490159214003
0.22455704972805324
0.22449413629585063
0.22450019684023068
0.22446643104544614
0.22443121171309247
0.22442490925799818
0.22444802277384962
0.22441657819550354
0.22442899478242653
0.22443456807037032
0.2243777384852025
0.2243682606522818
0.22439167713817243
0.2244061507557674
0.22439965535616835
0.22442476003967873
0.22446106089119963
0.22449201309974245
0.22447001373312336
0.22446377910145376
0.22448961136465112
0.22456270593522645
0.2245623199381365
0.22455353458962998
0.22453288395673504
0.22448781824606667
0.2244771606724749
0.2245570815877355
0.22458316837724174
0.22462375659549685
0.2246368650072614
0.22464378911213134
0.22462107613849197
0.2246147812248504
0.224628642925658
0.22460870655174694
0.22458411355172972
0.2245903779123645
0.22456164090581243
0.2245484298797701
0.22459014013901316
0.22456785957781178
0.22458397770983912
0.22461934089427407
0.2246083075175245
0.2246462482409889
0.2247074257835015
0.22478449887089938
0.22482177621106617
0.22486028454181842
0.22485837259223876
0.22482315147967705
0.22479783841932696
0.22482202612104232
0.22479306603854096
0.22476807189338538
0.22481196372502985
0.22484693553573545
0.2248314534684211
0.22482408423603592
0.22485530423302622
0.22481981379106442
0.2247986426421749
0.2247763729259241
0.22473115063536936
0.2247154871704338
0.2247364501735796
0.22470419980138373
0.22471011736639654
0.22466921647268104
0.22464947491578735
0.22463573821915653
0.22459484241804276
0.22457860683036365
0.22456746809071873
0.2245673569883121
0.22454431921011347
0.22453281270526165
0.22453995451664616
0.22454948566086444
0.22456766132834644
0.22452311421793186
0.22447265686837653
0.2244594614766032
0.22444486745194248
0.22441209446776916
0.22443549376567706
0.2244018487368733
0.2243698225263409
0.22437094209385236
0.22438124493577138
0.2244018955940719
0.22441914592757276
0.2244328204813045
0.2244153783440011
0.22441508154956918
0.22443860887066033
0.22447966176791154
0.2244958130268354
0.22449708374314667
0.2244775826243579
0.22447775891920646
0.22451160016219382
0.22450719411168424
0.22452360926674006
0.2245535339683297
0.2245807615941634
0.22458341884990185
0.22457557577640672
0.22456267203250993
0.22454622268245641
0.22458917718017635
0.22461847402581547
0.22461396329551156
0.22460157561442645
0.2245805366986488
0.2245773669115549
0.22456518032818523
0.22456098151241088
0.22451500146450848
0.224488606205182
0.22450232389217292
0.22449773218091065
0.2245127493924218
0.2245298999340485
0.22453469102200596
0.22455384702565628
0.2245619557054758
0.2245393830636254
0.22454984043027088
0.22452683585873942
0.22452274338307018
0.22454517458942733
0.2245306614760686
0.2245178218491757
0.22452408820822986
0.22453915233828964
0.22454897584011857
0.22457409435114645
0.22458644650212362
0.22456654485945848
0.22455452013810026
0.2245563192741205
0.22454286868760243
0.22452289960636163
0.22449644031257204
0.22447067464522616
0.224459183392498
0.2244601566701532
0.22445757960414045
0.22444880743293066
0.22446574018665752
0.22450674271782026
0.22450461074043
0.22450130040175229
0.22448371606242348
0.22446089477467465
0.22443459599315324
0.224445186664969
0.22447648893153013
0.22448710260927343
0.2244820594867858
0.22450702564839115
0.22456741593235502
0.2245620831943006
0.22455220032776818
0.22453876881787704
0.22453268900073625
0.2245622275209335
0.224556572080202
0.22451447418517204
0.2244806563619211
0.22446607809644703
0.22444426164982723
0.2244388308498861
0.22441928138795653
0.2244171214009064
0.22444170765528257
0.22446566829715556
0.22447549737472772
0.22444814153065198
0.22445216963901346
0.224434126984789
0.2244217013997278
0.22444598319495268
0.22444123501104613
0.22443922253796103
0.22444889371380453
0.22448378248565462
0.22447272485108588
0.2244499016659761
0.22445098906497557
0.2244376239678707
0.22442696458058967
0.2244157222667551
0.22441412712528577
0.22442273130681104
0.22444586279275744
0.22444276605276858
0.22446269240839278
0.22441220480702362
0.22439314678188726
0.2244006210737465
0.22442610234914748
0.2244024653527107
0.22443705201976022
0.22445382498110153
0.22448004910461725
0.2244643258216959
0.22444277511950053
0.22443635228720926
0.22445694598593427
0.2244659084957956
0.22447305537793658
0.22448698886939392
0.22448906086427922
0.22447542804655005
0.2244681669445122
0.22448078485451514
0.22449143119270648
0.22450115277628566
0.22450237542957285
0.22451572755327853
0.2245033067908552
0.22447907914924656
0.22447774521120215
0.22449654384819798
0.2245162125908895
0.22450751070331737
0.22448058039495725
0.22446701954232393
0.22447494799336368
0.22449999119939612
0.22452193136500126
0.22454090752896347
0.22455787254338624
0.2245156158652927
0.2245109875744095
0.22454545712567828
0.22450770548144192
0.22450166231556246
0.22449283569074507
0.22448515474834096
0.22451046654366386
0.22450646095594773
0.22448327537585375
0.22445609269426542
0.22445619305832135
0.2244457794783389
0.22445365638380838
0.22447421250011818
0.2244706890939372
0.22448006482577063
0.22447935916086054
0.22449229296466777
0.22450928323281813
0.2244897257932932
0.2244772857139766
0.22449761657389428
0.22449638898851
0.2244827779662999
0.22445966643821932
0.22447403078027256
0.22445973898641555
0.22448880768554075
0.22449243531260613
0.22449151743659307
0.22449631063952313
0.22448975248929007
0.22451579936509422
0.2245354187368848
0.22451213052841879
0.22451383860037424
0.22451376419896052
0.22451934246715868
0.2245164653631893
0.22449765017925696
0.224506477323947
0.2244980278364961
0.22450154641530856
0.22451703284989527
0.2245261235066769
0.2245374866453035
0.2245564956861728
0.22455717837853614
0.22455095527100372
0.22457660353115466
0.22458704018865447
0.22462067724656695
0.22463257408737175
0.22463349134924696
0.22464044102116604
0.22463859220275798
0.22463840311890718
0.22461603168582217
0.2246054555396079
0.22461916931326303
0.22464488932195792
0.2246503723177474
0.22463830991190076
0.22463209977068593
0.22463682026467546
0.22459103855666518
0.22456939567363599
0.22459739703506357
0.22461208338594965
0.22458109024091122
0.22457455070328852
0.22458235819582278
0.22458945677984066
0.22458296735125188
0.2245789528132889
0.22458379280572685
0.2245847523019266
0.22459057284219414
0.22460695641088932
0.22461189319871222
0.22460801645207387
0.22460159579469025
0.22459465356332145
0.224581770703008
0.2245780256691849
0.22459512670664347
0.22456845944449724
0.22457013134693346
0.22455607981144882
0.2245326020944828
0.22453672839451
0.22454407877972532
0.22456555780430043
0.22458874228992462
0.2246164074546222
0.22460488856544716
0.22458910145879185
0.22457220206044406
0.22456461371379044
0.22455744497560776
0.2245284240144543
0.22448459613334235
0.22449341215923244
0.22447885005250096
0.22448187255864582
0.22449075944161628
0.2244645653658274
0.22446688836499454
0.22448224431937486
0.22447982699427818
0.22448271268784217
0.22447693541211144
0.22449180790667783
0.22450554528700384
0.22449832008371137
0.2244947111831451
0.22447430507295915
0.22447193160538031
0.22445792749826754
0.2244518822669594
0.2244286537422227
0.22443839970334312
0.22444547864448497
0.22445108908730865
0.22445330653299556
0.22445862244178671
0.22446734410628413
0.22445491392425107
0.22444018581814945
0.22445176932929603
0.2244249920564178
0.22438382977493276
0.224350699352578
0.2243326172280676
0.2243322444502169
0.22431552171198246
0.22432064797881365
0.2243278279439575
0.22433495041640716
0.22432759009684775
0.22430832524649363
0.22429792737140752
0.22428315425752957
0.2243001488578067
0.2243071878780495
0.2242957774596911
0.22430199233380188
0.22428916047432013
0.224296573391553
0.22427897438743363
0.22427014605437595
0.22427096027436189
0.22427002684106262
0.2242841614312425
0.22428850643594053
0.22428723633626435
0.22426845068910817
0.2242636693898749
0.22425886220807997
0.22425831612246236
0.22426810786711357
0.22423912854881262
0.2242226925237054
0.22422855727873023
0.22422594050146907
0.2242228696430081
0.22424866861246512
0.22426911431983432
0.22428819307760414
0.22430395317413387
0.22430108463426005
0.22429332340880612
0.22427655383323508
0.22426327009255043
0.224264022457266
0.22426833837324625
0.22428996937983306
0.22432286603374554
0.2243375482429864
0.22434603161385147
0.22435324387980393
0.22432989908857068
0.22433091763072152
0.22433939678778092
0.22434632007378374
0.22434101153990585
0.22435842745019172
0.2243890255620171
0.22441276161051163
0.2243876301772855
0.22436828106527004
0.22435288560922886
0.2243271810251951
0.2243054727343677
0.22430969632467418
0.22432104338464118
0.22432617115842246
0.2243230592404939
0.22432877099277057
0.22432126405741423
0.22431900705651284
0.224316848335247
0.22431345589685253
0.2243223207718616
0.22429738602969246
0.22429599257337599
0.2242877617307105
0.2242922334659394
0.2242744912979974
0.2242646510144996
0.2242546542717291
0.2242598922994481
0.22424817727989338
0.22423330171625627
0.22422301080697365
0.22424479522518534
0.2242244841173697
0.22421548641092448
0.22420949130016152
0.22420990019337989
0.22422237969423692
0.2242063535097168
0.22418082341529427
0.22418021440978325
0.2241759560100046
0.22417931749816178
0.22419653670478776
0.22418096409346247
0.2241649770735687
0.22417144254837065
0.22416216955308885
0.22416531612361285
0.22415607973395238
0.2241394196485335
0.22412248931734238
0.2241105804420495
0.2241075134926251
0.22411534229930138
0.22411414747939506
0.2241113352196501
0.22415137199301316
0.22414208445813155
0.2241237732077988
0.22413295140342424
0.22412883936620442
0.22414250737521807
0.22414345405638322
0.22413774343178158
0.22414523394479455
0.2241245169574712
0.22411132812579582
0.22411778432766838
0.22410917739579997
0.224112482242595
0.2241134566016023
0.22411905304127117
0.22411856493441557
0.22412448521279857
0.22413550501485255
0.22414158411500604
0.22413664013674162
0.22412845680895868
0.22413735747281496
0.22414919543722575
0.22415063042958955
0.22414375658038535
0.22414195371895376
0.22415009312417772
0.2241367318230448
0.22413219722362818
0.22413636177915144
0.22412523495603712
0.2241381244567543
0.22415388045340173
0.22418139046489463
0.22418865936246024
0.22418555791777534
0.2242049324081598
0.2242183964764474
0.22421467139029244
0.224219290823458
0.22423812411336563
0.22421941911428717
0.22420151278204462
0.22420202568578565
0.22419310666550205
0.224172135764809
0.2241614577720143
0.22414551911136307
0.22415536987335097
0.22417985181003322
0.22420047037440544
0.22420700082687695
0.224207368532455
0.22419121030710784
0.22418236553499882
0.22418413367019563
0.22418524118302535
0.22418174005061933
0.2241805064786335
0.22418627447691766
0.22418608298517265
0.22418028533143258
0.22417132338862433
0.22416516952155485
0.2241584472634619
0.22413463957069443
0.22411673092358408
0.22411508567680188
0.2241073691765992
0.22411783316041714
0.2241192156506629
0.22412948295385562
0.2241250231560888
0.2241215187200757
0.22412213341442622
0.2241307293118859
0.22412816603289418
0.22413140589723396
0.22413814581085342
0.22414742553513106
0.2241365260716875
0.22413869969040248
0.22414050486099743
0.22414277834166274
0.22413601816022144
0.22410923997577856
0.22409922866361573
0.22409126206119864
0.22411270844013814
0.22411788253655612
0.22411801546264334
0.22412326158279464
0.2241321044957551
0.22411509499206422
0.2240971304499398
0.22407796278320646
0.22406992075025478
0.22406904496398178
0.2240466489921545
0.22404378170424266
0.2240548226772508
0.22405505287175503
0.22403759974078447
0.22403724959748508
0.22400500447185098
0.2240123389225152
0.2240191450125277
0.2240358170810123
0.22405847030275927
0.22404937849628337
0.22403675505676027
0.22402195656557408
0.22401360709372675
0.22399305504108583
0.22399708530229334
0.22399792492679
0.22399272457479052
0.2239954075005388
0.22398465890857727
0.22398472612596582
0.223983764306285
0.22397741684966588
0.22397197253680748
0.22397535139773536
0.22396969670294886
0.22397941285533035
0.22398127394022038
0.22399444810004196
0.22399759289660176
0.22399070338706162
0.2239854691467125
0.2239845993471892
0.22398980343390268
0.22398419940373612
0.2239807618388498
0.22397924045584772
0.22399690433038377
0.22400374088498926
0.22401000843579666
0.22402195404696404
0.22403411189295652
0.22405633688263396
0.22407027393385295
0.22405998642466757
0.22405290623764576
0.22406315647709002
0.22405971827611962
0.22404789014107343
0.22404238767113857
0.2240571236514372
0.22407693203123347
0.22407733865443608
0.22405126000673475
0.2240512130821905
0.22404858140878617
0.22406609486881843
0.22407222318340214
0.22407590797375262
0.22407197252467856
0.22408187835312454
0.2241076945239906
0.22410778315775
0.22411603911252465
0.22410458370564676
0.22409754136634838
0.22410378376171916
0.224108395442747
0.22410735107112867
0.2241220687547604
0.22413753637565717
0.2241457681787479
0.22414206783552398
0.22413974211089882
0.22413884332365158
0.22414487794995858
0.224159251232638
0.2241757448473572
0.22417437208518426
0.2241759866085916
0.22416768920776717
0.22415976448245586
0.2241386558805177
0.2241424349882436
0.22414460336691625
0.2241311434414734
0.22411159837906727
0.22412215864675541
0.2241312950478895
0.22413168807012687
0.22412636107528539
0.2241175263055381
0.22411783049117612
0.22413993875373467
0.224139656401886
0.224139981579753
0.2241335037443656
0.22413013686762484
0.22413476181989592
0.2241612320676045
0.22415999503220901
0.2241420481578517
0.22415356927710225
0.22415307969020842
0.22415180481051739
0.22416275285954576
0.22415044164758086
0.2241259636564612
0.22410991284697404
0.224103657216475
0.2241173750794621
0.22410965388649814
0.22410825205270657
0.22410955993479204
0.22410567436607975
0.22411327161067252
0.22412363672879285
0.22413728879426276
0.22414063321191116
0.22414493744465652
0.22415061002732267
0.22415442553791484
0.22415599509467352
0.22414694047365075
0.22414021287009422
0.2241409998526552
0.22414231883062513
0.22414693425343354
0.2241360723269831
0.2241301222007695
0.2241231541923528
0.22412670022013248
0.2241358327621931
0.22414482461067042
0.22414492974529074
0.22415182473424325
0.22414164482497295
0.22413803395673668
0.22414581647343196
0.22416811050440738
0.22417427290664793
0.22417510269959978
0.22417788373870237
0.22418542894849772
0.22418142137724933
0.22417176276676884
0.22417785463937748
0.2241844452853337
0.22418905660886834
0.22418158144624903
0.22418388512649803
0.22418037462309887
0.22417518624487193
0.22417776692842836
0.2241773663481384
0.22417150919425302
0.2241692133287584
0.22419072827239203
0.2241865098729302
0.2241844201872529
0.22418735824479347
0.22417924903774458
0.22418159921706954
0.22418078802228156
0.22416644961746043
0.22416135124805603
0.2241642945371983
0.2241711141057006
0.22416897445689143
0.22416313780499106
0.22416258660778132
0.22414926178898073
0.224146889135941
0.22414799009546155
0.22414646035895766
0.22415025150628007
0.22415232714835756
0.2241532436389183
0.2241550039195566
0.2241455263180709
0.22414735484528572
0.22415656999609823
0.22416806957661448
0.22417474062545642
0.22418058792069234
0.22418393873669912
0.22419673030839166
0.22420310527232465
0.22420415519338804
0.22421986366423244
0.2242314713299657
0.22423470868641923
0.22425413157772628
0.22426278188209184
0.2242626032960756
0.2242562328207718
0.22424499868019412
0.22422984765358886
0.22422738524514463
0.2242325859961861
0.22424114226682174
0.22424464663968877
0.22423374840655746
0.22423238136808624
0.22423501155531317
0.22424505563741373
0.22424837094310887
0.2242543638298626
0.22425719607377922
0.22425863945504634
0.22425157736009288
0.22423716585316258
0.22423231187177448
0.224231779389413
0.22423400771808472
0.22424124250223465
0.22422779592281145
0.22421957098354095
0.22421846568009704
0.2242112798419752
0.22421571967294618
0.22422486020878285
0.22420886803665085
0.2242112277027757
0.224224194202754
0.22423236460875526
0.22422663685139416
0.22422731421611056
0.22422190934404146
0.2242214623793606
0.22421682563307455
0.22420537059995999
0.2241867038294331
0.22417137838380646
0.22416648119454052
0.22416235284683403
0.2241446372049777
0.22413177275442037
0.224132062118612
0.2241428208035239
0.2241471150347726
0.22414369851981908
0.2241411830812589
0.22413815899621314
0.2241324522625833
0.22411437475632795
0.22412721068100214
0.2241412384438106
0.2241362424229261
0.22415073504945682
0.22415442802845725
0.22415116602456714
0.22414514040748396
0.224151203674388
0.22414400813199878
0.2241328871543362
0.2241183244806743
0.2241204926950259
0.22412128987535762
0.22412273706284774
0.22414361448301573
0.22413660794259044
0.22412900679455733
0.22412607584024363
0.22411055015613957
0.2241050508666356
0.2241084848930981
0.22409775619363378
0.22411228423547278
0.22411024760622156
0.22408652016377045
0.2240875132028034
0.22408587599629368
0.22408944116047638
0.22409745423106353
0.22410918895288393
0.22412440390767566
0.22414133844788686
0.22413965860592652
0.22413009635471515
0.22412529172458068
0.22412469349013467
0.22411741989467998
0.22410520422982244
0.2240954470463832
0.22410028584877484
0.22410765911061806
0.22410832579534873
0.2241050187181764
0.22410546784726013
0.2241296856814318
0.224109118921626
0.22410235675326554
0.22412527147912564
0.22413177025744607
0.22413352905643924
0.22413808773492888
0.22412533199859638
0.22413388422176841
0.2241389691625289
0.22414997284234753
0.2241471536417064
0.2241369059070127
0.22414396727981187
0.22413405589743673
0.22414234073421027
0.22414340242576034
0.22414375653401716
0.22414357433075732
0.22415018049957755
0.22414365807297382
0.22413651735549647
0.22412825398647435
0.2241268532649417
0.22412432642127766
0.2241086281403133
0.2241144850725046
0.22412816421243975
0.22413619478497426
0.22414567148525924
0.22414989877428132
0.22415689264964894
0.22415322490897333
0.22415322415356181
0.22415972748398116
0.22417368496463985
0.2241638500855742
0.22416380557876148
0.2241681709350067
0.22417356376859252
0.2241809373765776
0.22417569147581792
0.22417198758214796
0.22417870029131368
0.22418892251060663
0.22417049598727087
0.22415358812467281
0.22414518836713204
0.2241542217658756
0.22416223302867402
0.22415541374011821
0.2241538042378711
0.22414611720613578
0.22414877645496536
0.22414839448738036
0.2241564088555622
0.22415174880141178
0.22414790338483995
0.22414738899151676
0.22415495318160233
0.22416245436837404
0.22415554084367798
0.2241522499818054
0.22414436652103947
0.22415113796408762
0.2241598585713279
0.22415499669374345
0.22415418285508057
0.22414742422914755
0.22414940451449772
0.22414537314006752
0.22414823459190297
0.224139687989609
0.22413910382245067
0.2241330095300253
0.22411181423134252
0.22409840986942697
0.2241014549545821
0.22409825013197548
0.2240927906968518
0.22409412064084486
0.22409521370193997
0.22408889969586143
0.22408580008712015
0.22406523386869226
0.22405827800497244
0.22404412557808917
0.2240339146962981
0.2240385619773657
0.22404267154603968
0.22405852978759958
0.22406579568505164
0.22407293749317783
0.22407107184524183
0.22407757434955164
0.2240849844229639
0.22408251219971012
0.22409280858011638
0.22408629521978862
0.22409036083914669
0.2241001181091531
0.22410913398480614
0.22410704337945317
0.22411218876475672
0.22410344753018996
0.22410927605864756
0.22411056582431343
0.2241160812106563
0.22411968341425414
0.2241092082494853
0.22409719887717897
0.22409349416536123
0.22408819542096067
0.22408991379507323
0.22408752355481718
0.22408938327641884
0.2240857370994673
0.22409693471944994
0.22408693489193032
0.2240884996677393
0.2241001073053227
0.22410458484728116
0.22411196169244738
0.2241127975429751
0.22411301192398417
0.22411091490432516
0.22410947901499972
0.22411184691201919
0.2241032919606884
0.22409224549427498
0.22410686389922063
0.2241068574915528
0.22411576369948885
0.22411352659878225
0.2241070713808179
0.22410897951861466
0.22410524544103624
0.2241044660717967
0.2240945977517162
0.22409830994202457
0.2241086320846242
0.22410217110911476
0.22409377298704844
0.22409269230898618
0.2240939734360451
0.2241012933499734
0.22410955360294924
0.22411367373116098
0.22412629812550783
0.22412280310481916
0.2241074691337557
0.22409287242589204
0.224089706223163
0.22409515176660155
0.22409598702464933
0.22409570289854414
0.2240943615248511
0.22408966563776825
0.2240828477602319
0.2241015660929915
0.22411375923104257
0.22411915908784436
0.22411052072314805
0.22409856266693254
0.22409660403891365
0.2241031420262516
0.22410562177650603
0.22409724991883967
0.22409180077957488
0.22409197473093823
0.22409516113035305
0.2240888002349821
0.22408845855689252
0.22409121375113644
0.22408826332876153
0.22409445544832288
0.2240971183914228
0.22409684666491198
0.22409617311857133
0.22409130798025734
0.22409509075405767
0.2240994380397934
0.2240992725094578
0.22410201348495726
0.22410671509215144
0.22411178379704572
0.22410962224882444
0.2241151835788142
0.22412270172416698
0.2241228025403942
0.22411592567477207
0.22410331470997505
0.22409312823137142
0.22408672625336945
0.22407825724267505
0.22406686830425884
0.22407649771671112
0.22408540951689498
0.22408501251273358
0.22408186545425005
0.22407181488068706
0.22406843470053697
0.22406898346632706
0.22407490620145043
0.22407889036968684
0.22407209983330553
0.22407782900328507
0.2240782802874429
0.22407927631646035
0.22407277823728633
0.22406842754941408
0.224061461194728
0.2240567174142855
0.22404883098696626
0.22403784820073744
0.22402437964316493
0.2240193418414062
0.2240169423146558
0.22401701521608156
0.2240286696250017
0.22403834690464136
0.22404872736865225
0.22404724420440056
0.22404477638523396
0.22404314015175406
0.22403069020087032
0.22402297395500972
0.22402034996547243
0.2240193897819534
0.22401533917446165
0.22401474916762945
0.22401705435997007
0.2240208053708571
0.22401484753617415
0.22401504691151447
0.2240131819011729
0.2240185805502567
0.22401811169674754
0.22400269789346822
0.2239742958028992
0.22397315832532297
0.22398238257768416
0.22398195229931456
0.22398944938362741
0.22399023064235687
0.2239907872156503
0.22399444839611482
0.22399832513702458
0.22401142924891962
0.2240137765052609
0.2240137521972055
0.2240108365530383
0.22399834854264317
0.22399155171497598
0.22397908635948627
0.2239772846880744
0.2239914099475203
0.2240008912175099
0.22399788976637516
0.22399728442010033
0.22399959385707807
0.22400177986349487
0.2239937536038464
0.2239903059748131
0.2240002431999606
0.2240038100405554
0.22401413419878347
0.2240209842252811
0.22401665801707457
0.22401085546843602
0.2240154375615854
0.22401772270445733
0.2240097994060207
0.22400053275755163
0.22400896211563776
0.22401169990270964
0.2239997225251423
0.2239958775859535
0.22399383330012923
0.22399646592189246
0.22398843216583236
0.22398369418977657
0.22397376367592498
0.2239712427137876
0.22396989299020148
0.22396661646886537
0.22395619135131736
0.22395904240566394
0.2239609894725817
0.2239568627440192
0.22394857878231456
0.22394008641424826
0.22392793560525465
0.22393120530581148
0.22393952353574825
0.22394265150172238
0.2239457616055595
0.2239444460039908
0.22394151269382231
0.223944570862281
0.2239540088504588
0.22395640295570776
0.2239698856604213
0.22396710327149802
0.22395974435309357
0.22396971114114664
0.22397192762621726
0.22397488372674432
0.22396948910346462
0.22396537662124086
0.2239698745650401
0.22397423589579038
0.22397399378021232
0.22397625229741788
0.22397766089713095
0.2239728386833298
0.2239664378516798
0.2239631455455451
0.22395953831907944
0.2239413605023735
0.22393763488882826
0.2239394978450347
0.2239404367934763
0.22393780105911193
0.22393488646733875
0.22393337780869277
0.2239324712689163
0.22393336759690383
0.22393335307036286
0.22393713967328255
0.22393538496857046
0.22393556035721726
0.2239377714194253
0.22394217985003106
0.2239450269773062
0.22395188576576125
0.22396599091410344
0.2239749332939893
0.22397817985744964
0.22398147444525918
0.2239775960561438
0.22397674015494132
0.2239688541382154
0.2239701106843693
0.22396918764640844
0.22397275017755394
0.22398140778507172
0.22398809198845793
0.22399321152207496
0.22399283174311457
0.22399514348727587
0.22399054204203847
0.22399545787387384
0.22399703898038134
0.22400324010397615
0.22401340705790587
0.22402070561057477
0.22401597557260897
0.22400817773977
0.22401072109596318
0.22400790261485587
0.22400923534480116
0.22401134968770703
0.22401439866761225
0.22401990367854407
0.22402496686849283
0.22403673127172977
0.2240333810542235
0.22404201096490484
0.22403771959126018
0.22402291796365725
0.2240135790717957
0.22400940618242357
0.2239999941741144
0.22401164378416746
0.22400736266753318
0.2240050968627682
0.22400029219885606
0.22400515952547423
0.2240051284110584
0.22400291217217028
0.22400615672969273
0.2239967982698494
0.223994172059343
0.22401114138511713
0.2240168509763713
0.2240198862694134
0.22401763257849605
0.22401076568697426
0.22401520838712052
0.2240229401125531
0.2240299050697587
0.2240236558902212
0.22402050060733125
0.2240161140901558
0.22401360442000057
0.22400945303272926
0.22401454333506876
0.22401224258837507
0.2240090543283744
0.22400948121732672
0.22400350496014085
0.2240033601801599
0.22400461684187056
0.22400469140265586
0.2240135324411343
0.22401640980096546
0.22401355553016622
0.224009201891258
0.2240098942059397
0.22402476511838115
0.22402632466892003
0.22403050277127512
0.2240423626501904
0.22404554845976182
0.22404424689277652
0.224040378007438
0.2240404677832031
0.2240413834405289
0.22404182197116146
0.22404032819428787
0.22403050602170188
0.2240227348377745
0.22402623374994238
0.22403007746684694
0.22403614231168562
0.22403248587208408
0.2240217805985011
0.22401677457036684
0.2240194224761469
0.2240228483208018
0.2240170353759948
0.22401280870772508
0.2240142156930233
0.22401009453873746
0.22401037143595018
0.2240156829549404
0.22402402251836434
0.22402572914319452
0.22402003397084572
0.2240216293005025
0.22402693082209335
0.2240195055071565
0.2240166929151879
0.22401497053134078
0.2240213351407448
0.22403307456481325
0.2240298245940541
0.22402585174271758
0.22403036856593297
0.2240346693634457
0.2240313282304131
0.22404132862360043
0.22404843065690724
0.22405148696363525
0.22405102613416747
0.22404866951978442
0.2240476794916976
0.22404837175645836
0.2240526029524307
0.22405137916935494
0.22403899049154605
0.2240390821773763
0.22404198619674298
0.22404650377700275
0.22405207713840972
0.2240604560396075
0.22406482535851274
0.22406511822352337
0.22406233133940692
0.2240619381734866
0.2240603859502849
0.22405618134080083
0.22405143601622016
0.22404514545181645
0.22404982710575
0.22405078872814702
0.22404839378864777
0.22404526813914688
0.22404224997147132
0.22404217682079156
0.22405070080665368
0.22405952492846823
0.22406604659440554
0.2240690766711086
0.2240701574238142
0.22406841312740844
0.2240595695532211
0.22406153913166577
0.22406370251239754
0.2240624176323508
0.22405997330850178
0.2240533166308162
0.22405670958144927
0.22406064592571345
0.22407328465893908
0.22407161718230156
0.22406055747819015
0.22406171565855396
0.22406403709329745
0.22405187328719156
0.22405565497663923
0.22405789063607934
0.22405906560731936
0.2240618926288477
0.22406669593691997
0.22406195681654584
0.22406209316184864
0.22405931311473568
0.22406600512749805
0.22406493137605862
0.2240676317844384
0.2240663160699842
0.22406755239657458
0.22406354016300156
0.2240579418045693
0.2240604681677039
0.22406025680143776
0.22406692045863189
0.2240767246025602
0.22408781917503703
0.2240932201439518
0.2241012866984099
0.22410298712073295
0.22409789884053627
0.2241017389593984
0.22410382631524042
0.22410320361106914
0.22410380648443207
0.2241042643208797
0.22409499750199594
0.22410057145444814
0.22409906545448632
0.2240956675602131
0.22408475618987034
0.22409002487833193
0.22410032774564284
0.22409389682395497
0.22409608306323392
0.22410162607752374
0.22409790391900494
0.2240904619423323
0.22408481113600537
0.22408266418541212
0.22408082983196964
0.22408422892509572
0.22408783389282652
0.2240898316145558
0.22409687055081248
0.22409792603438647
0.2241060301820481
0.22410101608831756
0.2240996220514339
0.2241014151957108
0.22409964687811162
0.22409821923061626
0.2241027627712363
0.2240961702327334
0.22409359223454242
0.2241033732006182
0.22410716487844423
0.22409128442184875
0.22408309218802225
0.22407508758917777
0.22407226125033344
0.22407156281453164
0.22407918097381258
0.22408499037964766
0.2240941623120578
0.22408789644380253
0.22409649800351963
0.22409340380835152
0.2240857560468526
0.22408224773831653
0.22407688487533764
0.2240774990959527
0.22407824274655977
0.22408200854075758
0.22408822212782306
0.22408957855061706
0.22408363685627786
0.22408357612334626
0.22408929319915383
0.2240827331990353
0.2240766187225593
0.2240790870978721
0.2240726081313881
0.22406557471969
0.22405359860149146
0.22405112291479612
0.2240469612067148
0.22405015714541823
0.2240571880912935
0.22405859650871252
0.22405913626354584
0.22406559519878141
0.22406049778040665
0.22405514752605235
0.2240549176688298
0.22404489987602846
0.22404251126885405
0.224044555472931
0.22404052897382906
0.2240390540654583
0.22404549330078377
0.2240443050810609
0.22405149226981266
0.22404946442152085
0.2240416747379457
0.2240411421902224
0.2240282988419075
0.2240279365920228
0.22402698119455255
0.22402514927839495
0.22401697213844637
0.22401517559000989
0.22401613805461032
0.22402387456640274
0.22402085492765597
0.22401482047847443
0.22401646438685338
0.22402028989337458
0.2240177277838054
0.2240180829789057
0.22402244816689448
0.22402745886317027
0.2240370287732812
0.2240362438036886
0.22404240779960125
0.22404192216385577
0.2240358944177486
0.22403469952335062
0.22403431194535284
0.22403431635484172
0.22403046963089424
0.22402181105597635
0.2240128728275671
0.22401916285062232
0.22402053200271643
0.22401895428329294
0.22402228640609628
0.22401766459950345
0.22401424612436005
0.22401179251763817
0.22401229687976448
0.22401262954202353
0.22401568517618237
0.2240122380202756
0.22399776117772924
0.2239889295490093
0.2239935391832693
0.22399078037914194
0.2239906406835355
0.22398963335249775
0.22398467514172438
0.22398327658095823
0.22398344322083621
0.22398423494083164
0.22399524815008964
0.22399935156230982
0.22399307204151866
0.2239946324144562
0.22399142721335172
0.22399014766898845
0.2239810867987218
0.22398017802859657
0.22398310615476136
0.2239880196066144
0.223984962234715
0.22398753922401074
0.2239907694648561
0.22399207474351743
0.223992639638288
0.224006100351195
0.2240120736514665
0.2240067765201854
0.22401290670506996
0.22402205519662496
0.22402852743086477
0.22402718437756447
0.22401902114373415
0.22401885066208613
0.22402061739301246
0.22401749412268665
0.22401105334629345
0.224001495562158
0.22399517515623843
0.22399807580450737
0.2239980782245337
0.2239976591426364
0.22399911193074684
0.22400076381049128
0.22399652200276454
0.22399729099686264
0.2239950188563955
0.22399400203684522
0.2239978168663667
0.22400323375715242
0.22400589754573103
0.22399962592112246
0.22400368148467004
0.22400679640642993
0.2240082100718634
0.22400218134117467
0.22399592673888863
0.2239882654317094
0.22399431151297597
0.2240006919789714
0.22399526532593794
0.22399084144060072
0.22399299633658867
0.22399448148123707
0.22400143857571117
0.2240048733535126
0.22399905786560662
0.22399438288191775
0.22399738589281773
0.22399486590893503
0.22399385582386327
0.22398852103257455
0.22399398602477114
0.2239953918988192
0.22400544330166144
0.2240145202122658
0.22402339879608618
0.2240230150169543
0.22401758580207046
0.22401860394568174
0.2240143773417628
0.2240140013000687
0.22402233799034438
0.22402167381072027
0.22400997136201092
0.22400454581644938
0.224006134169432
0.22400698845919356
0.22400572118982043
0.22400474104282772
0.2240127676026427
0.2240153893238488
0.22401273459247226
0.22401745945035018
0.22402963321566763
0.22403476825072574
0.2240364997430047
0.22404413757515507
0.2240538197172096
0.22405270904929978
0.22405798654709363
0.22406004947584734
0.22405698686631598
0.22405407041936248
0.22404539997299927
0.22404396849108887
0.2240436220742597
0.22404450936163856
0.2240436286312372
0.22404339781321847
0.22403727905436988
0.22403127543029974
0.2240447162480901
0.22405364080830562
0.22406017111503343
0.22406451305311392
0.2240713278966901
0.2240705444873026
0.22407241769534753
0.22407139072137436
0.22407475379521946
0.22407250689302355
0.22407242675444825
0.2240654173866277
0.22406615644400646
0.2240690343637441
0.22407182943813267
0.2240758943834806
0.22407772814660437
0.22407943379977718
0.22407974338857276
0.22407817346682413
0.2240734558076661
0.22407452146070647
0.2240793688537001
0.22409033337227957
0.2240870915949866
0.22408675417095644
0.22409084333016707
0.22409065711795648
0.2240941459645044
0.22409953324089998
0.2241001900987036
0.2241047710605463
0.22410880021322602
0.22410515597570643
0.2241069942159825
0.2241033324142784
0.22410647746101398
0.22410933159305446
0.22411534404450692
0.22411478250030906
0.224112744793292
0.22411338669828712
0.2241111780245944
0.22411507213166934
0.22410646739506926
0.2241006237409799
0.22410400780442505
0.22410690908102518
0.22410546816285015
0.2241032311298914
0.22411134888964188
0.22411289838118156
0.22411888749349768
0.22411337731480593
0.22411508416135065
0.22412512066256685
0.2241248872429283
0.22413667917870594
0.2241415188944502
0.22414015497299272
0.22414116092801536
0.2241398759023485
0.22413009398563974
0.22413089776760825
0.22412771880965984
0.2241296331770239
0.2241265143011668
0.2241241947075489
0.22413009185621321
0.22413467547689941
0.2241488032487873
0.22414870721434496
0.22414286469138167
0.22413792972557744
0.22414078605115678
0.22413553577717907
0.22413835941949373
0.2241348131184239
0.2241393153136889
0.2241526948413371
0.22415268316302112
0.22415211189080034
0.22415052425918208
0.22414655380788814
0.22414764873236448
0.22414552120902032
0.22413122806919836
0.224129700250161
0.22412741471816672
0.22412010992736586
0.22411924197527286
0.22411489327000744
0.2241172081648227
0.224122169586643
0.2241237108320401
0.2241186933522853
0.22411878441021119
0.2241207257583194
0.22412306538794863
0.22413023436346644
0.22413403725974382
0.22414123828396704
0.2241441902364912
0.22415065173085158
0.22415341066200412
0.22415815120549695
0.224155132023663
0.22415345157177388
0.2241525040723382
0.22415488024391927
0.22416267540920706
0.22415650257438122
0.2241592691627879
0.22415990481575815
0.22415249631139894
0.22415596511424304
0.2241587183909882
0.22416278627789712
0.22416345185993589
0.22415680902456986
0.22415865830565748
0.22415959175446304
0.2241544053193566
0.22415296960269815
0.22415287027075462
0.22414971836858857
0.22414974272841862
0.22414915325867
0.22414710603743507
0.2241484935912853
0.22414126012830074
0.22414152200765725
0.22414630473619537
0.22414626349937347
0.22413978402167592
0.22414092347495448
0.22413934622697776
0.22414133523027624
0.2241346482697591
0.22412634545106058
0.22412225858945956
0.2241153433685172
0.2241184631291847
0.22412778154419347
0.22413403074474608
0.22413478130559825
0.22412660537665083
0.22412458070630262
0.2241160214809142
0.2241090192963843
0.22411006602266503
0.22411425288166906
0.22411897556861765
0.22411757608959915
0.2241199810445908
0.22412561294209707
0.22412530162167482
0.22412192183572557
0.2241199807714422
0.2241196923559303
0.22411946765220317
0.22411299130558507
0.22410556529742362
0.224109260363639
0.22411109161837042
0.22410664723173798
0.2240972480500557
0.22409217426859715
0.22409459189033903
0.2240889736354844
0.22409093824803775
0.2240985501969197
0.2241030329885647
0.22409936165300243
0.22410376659120756
0.22410729398764873
0.22410614385781163
0.22410972517895994
0.22411803995361246
0.22411819830123764
0.22411654745406462
0.22412039019576074
0.22412889948394354
0.22412415279891612
0.22412521975313704
0.22412666272296713
0.2241318626963333
0.22413647819170707
0.22413150132675405
0.2241386099863745
0.22414185917157278
0.22414845897147057
0.22415220318941675
0.2241584276951414
0.22415585552820025
0.22416147150428392
0.2241634961433771
0.22416964333412442
0.22417006536299913
0.2241685503989972
0.2241618749361169
0.22415741356858981
0.22415763896721944
0.22415313150358518
0.22414958211780214
0.22414880908360724
0.22415275799808276
0.22414809732129842
0.22414697801172562
0.2241452002490003
0.22414855051107901
0.2241515350848035
0.22415051419456267
0.22415397581223187
0.22415232011322067
0.22415420036101386
0.22415316130066457
0.2241536885708934
0.22415463196646604
0.2241567470339648
0.22415050809958836
0.22415379398027896
0.2241545611840893
0.22415262551692916
0.22415198923839535
0.22415141725487556
0.22415626310918238
0.22415737415317255
0.2241640471511675
0.22416295571365513
0.2241676651570423
0.22417310968429477
0.22417563545063982
0.22417770007523727
0.2241733259495764
0.22416893868868373
0.2241685116317037
0.22416916013575006
0.22417202543240017
0.22416740318225753
0.22416761378847552
0.2241703600026076
0.22417007819016865
0.22416713771184996
0.22416808749872982
0.2241639313886457
0.22416428156736343
0.2241597803877138
0.22415960141616104
0.2241618010010427
0.22416462326984074
0.22415881695601766
0.22415658261663488
0.22416061788088118
0.2241620779548826
0.22416545465788296
0.22416760341667655
0.22416909846555402
0.22416984454046435
0.2241720103158775
0.2241754344996085
0.22417458453744996
0.22417865963789588
0.22417181899668606
0.22417147210390698
0.22416864966201414
0.22417903802748476
0.22418368720931442
0.22418414627228458
0.22418890557095228
0.22418575096953347
0.22419300169965645
0.22419997520224644
0.2242039834152664
0.22420487991395258
0.22421309379586987
0.22421269776478878
0.22421115286961713
0.22421007710851862
0.22420834576391402
0.22421088561076388
0.22421181965401937
0.22421672252295588
0.2242148173899937
0.22421206594991736
0.22420697242844392
0.22420568100961152
0.2242014204512062
0.22419974806744158
0.22419158027748484
0.22418856043946717
0.22418664832228116
0.22418721279986606
0.22419197894726592
0.22419030957201286
0.22419280578702483
0.22419480498008712
0.22419383592925424
0.22419580176675094
0.22419656409528677
0.22419361829616644
0.2241836827864774
0.22417956368760972
0.2241792845982169
0.22418798625304243
0.224198821689875
0.2242040789732481
0.22420300516153152
0.22419985235828177
0.22419509175848662
0.2241885643013527
0.2241926420227219
0.22420102277488171
0.2241997172799031
0.22419507484948903
0.22419345802887283
0.2241930201396429
0.22418900579186227
0.2241823747871798
0.22418170170659793
0.22417909038735964
0.22418250191053038
0.22418384511217135
0.22418208444833773
0.22418206210727634
0.2241801584481095
0.22418386699583984
0.22418264089466072
0.22418409976647746
0.2241918006833444
0.22419909061446938
0.22419822618460183
0.22420059743731116
0.22419990855515912
0.2242048607925052
0.22420079841654758
0.2241965932900045
0.2241985285413638
0.22419969961641614
0.22420571183439805
0.22420979956848938
0.22421323012999447
0.22422042600238945
0.2242123425444357
0.22420267818059728
0.2242024535620068
0.22419829130524305
0.22419904403801946
0.22419928928330524
0.2241987949550153
0.22420102313293186
0.22420653318764913
0.22420039346971674
0.22419607380806764
0.22420078628392823
0.22419683375225638
0.22419481032043692
0.2241944868414756
0.2241920499110546
0.2241951493301235
0.2241979889129553
0.22419396202895117
0.2241887316913027
0.22418952389826943
0.2241864102209672
0.2241800069974618
0.22417274559126227
0.2241749431974161
0.22417137547006655
0.2241715002424614
0.22417604611679126
0.2241798270467617
0.22418748763807955
0.22419653353659652
0.22420141444015093
0.22420526680919586
0.22419650509619146
0.2241933461953423
0.22419602180346693
0.22419412253580032
0.22419286330906169
0.22419329258233966
0.22419172099328105
0.22418535597739384
0.22418840339538057
0.22419572542078858
0.22419849819063178
0.22419132906603903
0.22418765140622485
0.2241800855815835
0.2241734396995418
0.2241747832744696
0.22418057121824755
0.22418117639790802
0.22418105328450016
0.2241852762966714
0.22418855886084293
0.22418869033701933
0.22418759442501016
0.22419172756108993
0.22419373882027432
0.22419367698844989
0.22419962254738743
0.22420385245911498
0.22419842738314802
0.22419432343425125
0.22419842805861354
0.22419915274893468
0.2242010060673001
0.22420229950300888
0.224200102065761
0.22420541675877706
0.22421247357898183
0.22421178128742036
0.22420733311080115
0.22420768165787264
0.2242058885494845
0.22421022632461068
0.22420887761124414
0.22421197708019017
0.22421529715855718
0.22421090155022014
0.22420627817150637
0.2242017042512925
0.2242020278948228
0.22420663176455388
0.22421292382848423
0.2242169876496346
0.22421886795660348
0.2242209285550307
0.22422658341779328
0.22422350071062241
0.22421697700107954
0.2242154754943547
0.2242184716096413
0.22422193000669333
0.22421883004679277
0.22421371649036978
0.2242143142668179
0.2242144680787701
0.22421676938005114
0.2242208377517469
0.2242239838820022
0.2242173388238573
0.2242151162507745
0.224211987467953
0.2242127141895343
0.22421586521632272
0.2242102913413235
0.22420258635799487
0.22420304207190922
0.2242028959670828
0.22420427840634108
0.224206963359845
0.22420850555125052
0.22420984433229402
0.224212103098513
0.22420714020411728
0.2242077526785959
0.22420539118937666
0.2242027958791756
0.22420750598311961
0.2242078293503642
0.2242074228682538
0.22420986545111488
0.22421236441625644
0.22421686619039247
0.2242231966170657
0.22422603003490685
0.22422462728530987
0.22422641952390054
0.22422576791711243
0.2242202940463641
0.22421561725221242
0.2242154467503812
0.2242097016469992
0.22420678862080137
0.2242071702683633
0.2242040853245735
0.22420316406973526
0.22420183662368173
0.22419988013195588
0.2242004594474812
0.22420554274977128
0.22420696157877432
0.22420333816655652
0.2242095489005642
0.22421273957917678
0.22420941743853134
0.22421187531236328
0.22421069059203166
0.22420648632507006
0.22420588598279032
0.22420431818424738
0.22420994715836168
0.22421460274280156
0.22421432282216988
0.22421142730930946
0.22420383975214006
0.22419473797358985
0.2241970674031129
0.22419809008106145
0.22420082634489755
0.22420107524796387
0.22419607308367395
0.22419924357828463
0.2241989795530316
0.22419095345713363
0.22418625115854163
0.22418641174639004
0.2241842465408222
0.2241871982046288
0.2241879716714899
0.22417793445009007
0.22417183823322423
0.22416958839877807
0.22417427873723686
0.22417268051332512
0.22417172754376405
0.22416920519516395
0.22416302139300412
0.2241610223829375
0.22416017572488423
0.2241584223271856
0.2241587120313018
0.22416533839865452
0.22416552103433787
0.22416128191288234
0.22415458017759426
0.22415586429464565
0.22415912038856683
0.2241582640426439
0.22415538587858375
0.22415687214669514
0.2241585778407637
0.2241620879041155
0.22416221984345366
0.22416061919383432
0.22415881257045098
0.22416158063673308
0.224165476048823
0.22416631364658557
0.22417222168389536
0.22417045736330674
0.22417181339122041
0.22417447975097982
0.22417759474577828
0.22417798231851166
0.22417005053133704
0.22416903443640196
0.22417029458378898
0.22416660423703735
0.22417412653623364
0.2241738616168421
0.22417282975509528
0.22416934812108896
0.2241707514852547
0.22417686619772106
0.2241736582720458
0.22417811576075328
0.22417313932302693
0.22417101121271127
0.224174716185731
0.22417225420299955
0.22417067562531967
0.2241705581972146
0.22417302182606663
0.22417981206184875
0.2241785546729749
0.22418073860658783
0.2241868737071455
0.2241852326224907
0.22418010946562208
0.2241850879029661
0.22419081645900477
0.22419054079266396
0.22418924292581086
0.22418678685907947
0.2241944781658504
0.22419792889760773
0.22419886300344957
0.22419022056668128
0.22418690948651135
0.22418984028764016
0.22418927623109694
0.22419007998399762
0.2241923108818398
0.22420020985705444
0.2242022708001157
0.22420895843812613
0.22420728480107943
0.22420500962047404
0.22420329510764095
0.22420198618061843
0.22420380426238373
0.22420179359642142
0.2241964265098751
0.2241931425549551
0.22418835515083846
0.2241849333492174
0.22418803015101943
0.22418028554113337
0.2241828909378297
0.22418287403365886
0.22418465654922387
0.22418657881900553
0.22418589438896427
0.22418384725064913
0.22418616654703782
0.22418423357986408
0.2241805758160306
0.22417502784490015
0.22417350241978934
0.22417251383503498
0.22417312348778912
0.22417025476169214
0.2241684877758958
0.22416348143174192
0.22417108326590296
0.22417750339015008
0.2241814783442577
0.2241779941699189
0.22416821558778072
0.22416601014478668
0.22416459085475585
0.22416176212365513
0.22416186794380694
0.2241651998011184
0.22416612966403
0.22416667862779774
0.22415893712749932
0.22416084915899648
0.22416901394524996
0.22416834285469436
0.224159771858413
0.22416154703176958
0.2241566111142127
0.2241598692682077
0.2241667394873439
0.22416666521570972
0.22416258829646557
0.2241610485390821
0.22415901180960823
0.2241590363705442
0.22415223643866464
0.22415390755760353
0.2241478445753527
0.2241448879807228
0.22413926779013202
0.2241333535781684
0.22413625021224742
0.22413273695746125
0.22413005150679216
0.2241287967034956
0.22412748724012327
0.22412111020312145
0.22411856630387986
0.2241095786171564
0.22410813676491553
0.22410811621020854
0.22410952942923718
0.22410666349470704
0.22410179614378883
0.2241017535654877
0.22409631261606655
0.22409409507175876
0.22410026331468336
0.22410218353429665
0.22410777296842152
0.22410390915872072
0.22410576532505344
0.2241150178109669
0.22411574566457607
0.22411560601434344
0.2241170760658583
0.22412572752445134
0.22412557386211499
0.22412203216183893
0.22412208510750126
0.2241231317538364
0.2241247314014147
0.22412321015402312
0.224124945538934
0.22412656817404783
0.22412885389711595
0.22413254523191747
0.22413688089288852
0.22413942811600387
0.22413781836335686
0.22413624069387583
0.2241392282532724
0.22413441628395633
0.2241306476679067
0.22412914702497852
0.2241250677978036
0.22411751443345418
0.2241165238129615
0.2241171438244112
0.22412250086586313
0.2241245406652691
0.22412105867671353
0.22411714915026046
0.22410803989193914
0.2241072574172229
0.22411069730088415
0.22411506348504026
0.2241153756529722
0.22411568758367795
0.22411959086854671
0.22412190930241
0.22412863463275848
0.22413103771567702
0.22413014797693157
0.22413550335042273
0.2241396349666464
0.2241421589774198
0.22414042348419225
0.2241432415666736
0.22414332007323703
0.22414930561744
0.22414969126779463
0.22414733478861193
0.22415273267915373
0.22415318089275374
0.22415187825022528
0.22414957280813871
0.22414174410570267
0.22413801957028398
0.22413812025589105
0.22414201506931677
0.22414813999190303
0.22415151432907787
0.22414938010771088
0.22414687714320672
0.22414527775592177
0.2241429021341473
0.22414406333334386
0.22413855537143734
0.22413436312019108
0.22413021990554605
0.22413290605686756
0.22413242214280024
0.22412844774765897
0.2241263280936424
0.22412050933140248
0.22411724407715827
0.22411702357376567
0.22411752759658185
0.2241183133117561
0.2241109272274641
0.2241088074680565
0.22411025665288545
0.22411478710306765
0.22411482215136183
0.22411406589865585
0.2241102948396017
0.22410219549537222
0.22409447948785755
0.22409720173173237
0.22409701790331113
0.22409338894086017
0.22408967689675288
0.2240916877535808
0.22409067547917336
0.22409104496684862
0.2240907865087
0.2240918818244158
0.22409527996040146
0.2241020685405808
0.22410219719502783
0.22410163322443785
0.22410626409127862
0.22410626977795003
0.2241129192928029
0.22411201520785184
0.22411268084748281
0.22411211756563681
0.2241149169425428
0.22411738226836272
0.22411647867806408
0.22411623259900376
0.22411383051710382
0.22410950298660817
0.22410401225134763
0.22409841239886172
0.2240979545034859
0.2241005224551541
0.2241042048126857
0.22410321541848538
0.2241053849921461
0.22410771327298598
0.22410506748541617
0.22410289714093304
0.22410340489519454
0.22410029117081978
0.22409939517976288
0.22410094617189164
0.22410113105351265
0.2240985128192999
0.22410169589991455
0.22410249310008556
0.22410014138883308
0.2240971161534748
0.22409687948206486
0.22410244629136647
0.22411027238315367
0.22411093274524058
0.22411420667948256
0.2241151470841583
0.22411279903068837
0.22411122659641794
0.2241145227728001
0.2241094302708797
0.2241059962969029
0.2241062073967426
0.2241064211455921
0.22410416937084876
0.22410118956178102
0.22410073522967122
0.22410186314215486
0.22409767356388574
0.22410362446666135
0.22410973320240843
0.2241140817996428
0.22411995434835152
0.2241256324749536
0.22412310783082434
0.2241198761370853
0.22412039800402236
0.224116250248201
0.2241124597922388
0.22410456470100357
0.22410895330104777
0.22411417221659055
0.2241128328837926
0.2241137703837894
0.22410641910310852
0.2241010646474732
0.22410603513314462
0.22411197227485075
0.22412161242188558
0.2241273028114536
0.22413036102018827
0.2241283875496294
0.22413497506586572
0.22413894011975097
0.22413895474006335
0.22414202349221382
0.2241433901231757
0.2241443334275844
0.22414313562765847
0.2241492089736926
0.22414787584436768
0.22415049798193656
0.22415851979313747
0.22415839600064982
0.22415423833635112
0.22415958754684287
0.2241643653228157
0.22416526006164503
0.22416726149856156
0.22416864419860486
0.22416677516350958
0.2241704846658803
0.22417148101777634
0.224170415405557
0.22417365190902044
0.22417151921214054
0.2241739858914735
0.22417545271191902
0.22417560061021732
0.22417601714796112
0.22417713407243314
0.22418338564810533
0.22418485216941922
0.22418756227477937
0.224188455923045
0.22417851320184196
0.22417968552943016
0.22417807246293076
0.2241778782275851
0.22417930066440803
0.2241796089077763
0.22418269706667768
0.2241834709837561
0.22418273785449958
0.22418327577214509
0.22418413128074982
0.2241828164473483
0.22418521157464302
0.22418920817988877
0.22419606009789025
0.22420606670107918
0.22421107057498876
0.224210083837101
0.22420800726169862
0.22420943853202702
0.2242121966625733
0.22421635535040912
0.22421685329353366
0.22421616590922128
0.22421892523985926
0.2242194532419923
0.2242186836725696
0.2242227069476042
0.2242197828662351
0.22421827501096606
0.22422063984653176
0.224219108107119
0.22421619077500984
0.2242132709805501
0.22421690407205122
0.22422075903717592
0.22421648601775684
0.2242163459152893
0.22421263253265797
0.22420997177625535
0.2242122158162543
0.22421467277534388
0.22421463828917132
0.22421702354937906
0.22421240980241847
0.22420712655855718
0.22420408089053037
0.22420786387153585
0.22420923726046504
0.22421427511238567
0.22422122191190452
0.22422095196182343
0.2242230577135894
0.22422341171830268
0.22422448408989523
0.2242237683231037
0.2242222136904948
0.2242275011098986
0.22422729502630334
0.22423027108261753
0.22422866420144488
0.22422066958279094
0.22421941228139528
0.2242169194450328
0.22421057870223035
0.22420782949659734
0.2242026745051615
0.22419388847370925
0.22418972174510074
0.22419106820607834
0.22419194490400968
0.22419193494698492
0.2241930369601392
0.2241911162958947
0.2241882238672328
0.22418847393665883
0.2241995355598745
0.22420453493801037
0.22420365253545393
0.22420305734365728
0.22420269994335496
0.22420253898255643
0.22419960086086196
0.2241957615410953
0.2241931862611815
0.22419309937410464
0.22419296086698554
0.22419364040506057
0.224189029797887
0.22418888552914332
0.22419114814371174
0.22419668510756827
0.22420279905371257
0.22420764379347544
0.22421078047056503
0.22420208446128378
0.22420336085332232
0.2242050767432598
0.2242031667089139
0.22420188487021706
0.2242072012129877
0.224204756220743
0.22420675190570083
0.22420938656778486
0.22421015016799617
0.22421072792497548
0.2242058866437866
0.22420494342357147
0.22420176699596656
0.2242008192359681
0.22419807161837582
0.22419549191122345
0.2241960304420218
0.22419719071674707
0.22419728740852388
0.22419549415853973
0.22419280757422705
0.2241910949902196
0.22418994495722205
0.22418784943482556
0.2241920464241063
0.22418875418427303
0.2241886808642925
0.22418976522611453
0.22418777273529103
0.22418434857496816
0.22418158220282203
0.22417686144055232
0.2241710142572743
0.22417246500119847
0.22417072171365843
0.22417011967583522
0.22417052213977706
0.2241702909567724
0.2241708458141987
0.22416845194519128
0.22416460085773487
0.22415571474696566
0.22415800009147382
0.22416106886647547
0.22415914768363274
0.22415575467544036
0.22415241945539716
0.22415218693395958
0.22415185346087158
0.22415433053674183
0.2241573300419327
0.22415649100087454
0.22416091851003941
0.22415731680555506
0.22415528339652943
0.22416038319005926
0.22416235362453757
0.22415781722544037
0.22415162610416617
0.22414852702927585
0.22414374327752462
0.2241464146012121
0.22414992574687734
0.2241554875779017
0.22415344066843845
0.22415652626157725
0.22416230738389964
0.22416635299140208
0.224163621188928
0.22415847053763116
0.22415338637676216
0.22415073009174494
0.22415253507025193
0.2241485423444808
0.22413823421932214
0.22412930360435385
0.2241256475233866
0.22412605766030658
0.22412698153675106
0.22412488349419263
0.22412267835541655
0.22412335029163943
0.2241196688769726
0.22411213040791392
0.22410767756947597
0.2241061924619419
0.22410689153454227
0.22410609085469185
0.22410473867595582
0.2241022820678445
0.22409813429643605
0.2240932843466668
0.2240940980785484
0.22409043078270033
0.2240914528612913
0.2240901532848247
0.22408948823206457
0.2240938289408867
0.22408907108925383
0.22408681981144177
0.2240920318150418
0.22409366607213768
0.2240942245636896
0.22409903683075177
0.22410090059460464
0.22410161250247043
0.22409835143259282
0.2240966916202401
0.2240915131292384
0.22409316066674623
0.2240986422062078
0.22409910505401517
0.22410313166262055
0.22409987958373842
0.22410307291726572
0.22410282756416666
0.22409771153504887
0.22409437835799517
0.22409671124580308
0.22409024369513572
0.22409031813543082
0.22409300792918527
0.2240916351014157
0.22409267642140945
0.2240923072890667
0.22409344128378123
0.22409489456325735
0.22409357077801656
0.22409874565336058
0.22409465460201353
0.2240907302867934
0.22409520896725665
0.22409491578986251
0.22409480160246048
0.22409562533529898
0.22409540855526677
0.22409251156233084
0.22409471665748798
0.22409814365444752
0.22409769536675858
0.22409834488443256
0.22410109868931433
0.22410259688083742
0.22410410112008503
0.22410600920154836
0.22410717436244973
0.2241036196003367
0.2241020372047866
0.22410350238470322
0.22410584173761317
0.22410515937791
0.22410482846573349
0.22410644799325302
0.22410646302999152
0.2241020780938387
0.22410429842543983
0.22410573136123121
0.22410603113535965
0.224105629274442
0.2241037339686233
0.2241031139740102
0.22409927750107728
0.22409914611483228
0.2240986262971867
0.22409600913490776
0.22409489909105215
0.22409373169755673
0.22409104936205038
0.22409400770208848
0.2240942253955604
0.22409480220441497
0.224098237785719
0.22409359956894276
0.22408745704997815
0.22408843264656073
0.22408922827177216
0.22408987054529744
0.22408723753049928
0.2240902584484251
0.22409485251223565
0.22409673524902995
0.22409593320734786
0.22408989079970465
0.22408582280042408
0.22408860008657666
0.22408797528888993
0.22408987257358295
0.2240864385141711
0.22408120676859616
0.22407805309424875
0.2240788550560262
0.22408159660072874
0.22408240331790338
0.22408465841945835
0.22407868368534464
0.22407072824641036
0.22406508418825327
0.2240606153434527
0.22406126953136357
0.22406201754017713
0.2240602475544459
0.22405760731567367
0.22405688960925418
0.22405347627055125
0.22405570835248972
0.2240504821730501
0.22405184667660333
0.22405097778759814
0.22405101412838874
0.22404949301855173
0.22404446856833207
0.22403999395238208
0.22404523665916104
0.2240484259620621
0.2240529079572267
0.22405237466837066
0.22405785044105622
0.22405967625379575
0.22405699329388104
0.22405826212787913
0.2240565623855312
0.22405112428342666
0.22404886929417353
0.22404762743289725
0.22404590621278025
0.22404680724330714
0.2240493928984634
0.22405015275252171
0.2240463867942215
0.2240444099937889
0.22404259774873372
0.22404773802986708
0.22404711481303732
0.22404513662605544
0.2240412178325758
0.22404042772568505
0.22403976454384678
0.22403263759856726
0.22403619879948797
0.22403613522910662
0.22404448030412455
0.22404538453646808
0.22404320261225572
0.22404465932341652
0.22404895263717103
0.2240535631512393
0.22405364932998523
0.22405425463213535
0.22406017500926673
0.22406153161667824
0.22405987163806024
0.2240611402811734
0.2240674158941499
0.22407246101295536
0.22407458200784222
0.22407024920527477
0.22406829515655133
0.2240679712248095
0.2240681699370845
0.22407126819406067
0.2240755280837531
0.2240783926865236
0.22407964274659758
0.2240774158831283
0.22407749787295417
0.22407529980756716
0.22407574108738545
0.22407457028902297
0.22407232307176192
0.22407136549464388
0.22407152722733675
0.22407616893187093
0.22407637508352626
0.22407463405433944
0.22407188014359664
0.22407470461082837
0.22407593781568422
0.22407383987334714
0.22407077932097308
0.224073063058015
0.22407504465862008
0.22407681521344516
0.22407855426142778
0.22407817743601804
0.2240799714866004
0.2240788250841591
0.22407703772573848
0.22407640642554846
0.22408242310703397
0.22407914106987187
0.22407110455249019
0.22407240313335186
0.2240705940629446
0.22406492866997507
0.22406969179067207
0.22407377718029656
0.22406925857526563
0.2240641355861747
0.2240595493265558
0.22405968686085673
0.22405683392428594
0.22405392694820522
0.22405338023828766
0.22405508020528253
0.2240552850863083
0.2240624580427157
0.22406725603387623
0.22406807881767252
0.22406351841210959
0.2240599023694993
0.2240586789153418
0.2240589348853659
0.22406430365921487
0.22406333957628416
0.2240695615091654
0.22407026877281674
0.22406833168350168
0.22406467846751627
0.22406449860005628
0.2240646766690074
0.2240654792283238
0.2240645631083043
0.22406645689713114
0.22406726550865158
0.22406730658826646
0.22406842273957386
0.22406634125828084
0.22407005370160263
0.2240737963104077
0.2240780700472303
0.22407620159910413
0.2240759349738337
0.22407641737333608
0.22408004517761151
0.22408577451008652
0.22408123456362053
0.22408041810032486
0.22407718295681703
0.22407643556449483
0.2240736288277956
0.22407291106461655
0.22407694119841143
0.22408094553307237
0.22408233044317596
0.22408375170015707
0.22408470160176241
0.22408499236601495
0.2240892452604796
0.22409119535013783
0.22409016172099933
0.22409301190164024
0.22409637510091873
0.2240989145795619
0.2241044225131727
0.22410535226951073
0.22410835572838955
0.22411157056605063
0.22410947941476023
0.22410900446251572
0.224108029263424
0.22410603994459322
0.22410598913833216
0.2241059458241621
0.2241053297922833
0.2241083049561014
0.22411010133963397
0.22411426393325465
0.2241180903179769
0.22411804063408586
0.22412194913667582
0.2241216711055313
0.22411978984366768
0.2241225697019047
0.2241264874983352
0.22412907248948574
0.2241322404298116
0.22413581678983388
0.2241384575413256
0.22414352721918845
0.2241477255994563
0.22414589232219986
0.22414472365536522
0.22414764471990994
0.22414603631887364
0.22414223956199628
0.22413822948783735
0.22413565421236425
0.224135551926286
0.2241321804095893
0.22413404695914907
0.22413064894573403
0.22412774243942596
0.2241290440534082
0.22412811310000413
0.2241312844333138
0.22412729161450506
0.22413126592229343
0.22413007085056985
0.2241259829950513
0.22412045169214687
0.2241143450049496
0.2241102318752955
0.22411076483086523
0.22410624711647917
0.2241046070143544
0.22410321381687034
0.22409909439625064
0.22409977671479156
0.22410545060333628
0.22410609574807439
0.22411020843665436
0.22410808780033828
0.22410519514375588
0.2241016833056832
0.22409850521751618
0.22409673205676514
0.2240966756320005
0.2240947689356507
0.22409680204113072
0.2240951920798212
0.2240904365749709
0.22408296823132184
0.22408248805808706
0.22408365854854306
0.22408515318460173
0.22408440042659894
0.2240785424131597
0.22408050251508999
0.22408299777812016
0.22408427508687112
0.2240841526356539
0.22408179838784006
0.22407952070912868
0.22407865212232894
0.22408078749151622
0.22408282824815454
0.2240878148903587
0.2240908773820024
0.22408504751874025
0.2240879331152385
0.22408730351908426
0.2240924212894999
0.22409544313054855
0.2240948597465573
0.22409391071315496
0.2240908348831006
0.2240942314219026
0.22409259227057496
0.224090328762187
0.22409123901842928
0.2240905598442658
0.22408789646844204
0.22408796251216992
0.22408678104598376
0.22408277956270167
0.22408267946894822
0.22408523740862352
0.22408851096465315
0.22408781572251046
0.22409199565614837
0.22409137241246294
0.22409059671670697
0.2240939045717944
0.22410042373915257
0.22410166581172997
0.22410017121008405
0.2240999612445091
0.22409792669221937
0.22409856523507893
0.22410004173879072
0.22409745594883843
0.22409553740837138
0.22409561788628407
0.22410270315621986
0.22410407431086313
0.2241044890128612
0.22409984307808356
0.2240953222204456
0.2241006854378727
0.22410221910907974
0.22410737133282277
0.22410804838047263
0.22410354920523778
0.2241037415854999
0.22410976730784038
0.22411175060139196
0.2241126704858927
0.22411092821230327
0.22410852157179514
0.22410995202223882
0.22410736119207508
0.22410285263841165
0.2241050859374253
0.22410361116344454
0.22410320397219952
0.22410446254971478
0.22410183378828072
0.22410618658923664
0.22410933660936555
0.2241100332315429
0.22411240777897115
0.22411277674645397
0.22411105116511323
0.22411555279216425
0.2241188190539398
0.22412295424592885
0.22411477270710722
0.22411366244612813
0.22411793344499867
0.22412059341305265
0.22412050393402802
0.2241229648174158
0.22411975189025132
0.22411759110954843
0.22411663443790464
0.22411218844321795
0.22411214864173049
0.22411507246828402
0.22412072235453467
0.22412530009783846
0.224122517597167
0.22412387047013027
0.22412302649240023
0.22411738280101187
0.2241159845693268
0.2241169634170271
0.22411988805872932
0.2241181479556874
0.22411969363850226
0.22412282391992838
0.22412237114825295
0.22411915146235978
0.2241140060074839
0.22411369981182372
0.22410869013836157
0.22410528012490563
0.2241056805458426
0.2241032067517288
0.22410153094399968
0.22410169433210986
0.22410328329672488
0.2241025031769842
0.2241043127656925
0.22410175633047758
0.22410205204904088
0.2241051266616894
0.22410559003022099
0.2241073571076508
0.2241062904652792
0.22410520180667412
0.22410449773286129
0.22410759780547743
0.2241094373708783
0.22411107053129714
0.22411232016355354
0.22410975464205962
0.22411042667075892
0.22410888708907073
0.22411007287149518
0.22410745556884437
0.22410767780344093
0.22410915737462242
0.22410990153294644
0.2241115066024711
0.224112929594179
0.22411320915569874
0.22411205655035665
0.22411364918492274
0.2241115945325277
0.22410678383351595
0.2241022462623525
0.22409673806857772
0.22409412539296025
0.22408875722339325
0.2240912059733723
0.22409168513445726
0.22409015995815212
0.22409126194351026
0.22409404550813086
0.22409821618929904
0.22409566426828062
0.22409182406103298
0.22409124004867106
0.22409251454454668
0.22409684999738633
0.2240948037003623
0.2240901366196609
0.22409142741698965
0.22409403339256606
0.22409059321085983
0.2240916414608425
0.22409172049304524
0.22409285640026066
0.2240937696257985
0.22409054889815408
0.2240823116191951
0.22408233971799413
0.2240810538056924
0.22407967910161267
0.2240824125700735
0.22408663080676766
0.2240886963391399
0.22408941766775647
0.22408744928279772
0.2240870139926881
0.22408867142530048
0.22408326883173893
0.22407837260171096
0.2240783668588687
0.22407880516248105
0.22407652990604063
0.22407219258719646
0.22407195246526326
0.22407271804997655
0.22406837385802716
0.22406846207147466
0.22407154378621197
0.22407172518967555
0.22406797549041638
0.22407116354431417
0.22407402720993289
0.2240776153370889
0.224078833577768
0.2240765605339414
0.22407760283000813
0.2240808130613969
0.2240847739554546
0.22408436550660116
0.22408313933798982
0.22408169754834992
0.2240804367282122
0.2240780591982398
0.22408023757354054
0.22408257803724263
0.2240828618172737
0.22408362606809662
0.22409085801058726
0.22409127156415026
0.2240968772000681
0.22409960293902256
0.2241005138839343
0.22410056288690208
0.22409688904609054
0.22409252444300343
0.2240914636023634
0.22409159314712057
0.22409395252288153
0.22409289921871783
0.2240951846948658
0.22409724602629047
0.22409655691061722
0.22409872508303072
0.22410173023754776
0.22410268501354386
0.22410459537245128
0.2241062513714975
0.2241044172839131
0.22410131311738926
0.22410300950083895
0.22410598000498216
0.22410879035417966
0.22411145956681763
0.2241169748118233
0.22412547352953896
0.22412406528818093
0.2241214709575865
0.22411798947494252
0.22412221485987827
0.22411917450947727
0.22411607216334714
0.2241115407577909
0.22410836212544338
0.2241102766797976
0.22411068940814174
0.22411235012260317
0.22411214957037925
0.22411769459320152
0.2241210159213984
0.22412222710830873
0.22412114687171308
0.2241247274131939
0.2241257591417632
0.22412655322282457
0.22412282589425603
0.22412713905127363
0.22412796709507896
0.22412432160630144
0.2241222276762874
0.22412554058553927
0.22412536247667067
0.22412384031378443
0.22412499746146639
0.22412800852219386
0.22412992744004906
0.2241297738388044
0.22413006317835737
0.22413610538038103
0.22413611024718152
0.22413652164287984
0.2241384974501527
0.2241341754894674
0.22413653979257986
0.2241406508456571
