185.51680357234835,28022.0
175.16485128481182,24583.0
146.9840200182947,20638.0
110.17144845333047,15243.0
83.30457052000968,9226.0
38.430299158131305,3927.0
43.43755523678643,4065.0
51.616027090417525,5259.0
79.22137793004089,9319.0
102.46799340904346,13103.0
118.033150854541,17573.0
111.11049478111885,16159.0
840.3139206856142,21743.0
144.46217361323028,22053.0
144.4816975138596,21522.0
149.83026962272803,21262.0
161.55619702706286,21886.0
175.15388149482243,26250.0
161.99976565622657,24571.0
107.54331432440075,14843.0
101.00876092172399,14734.0
90.41617732660522,13632.0
140.44874636114974,22745.0
113.7715167699832,15831.0
72.11994158661497,8820.0
44.74513695145866,5014.0
27.203418180918646,2989.0
18.161121394713433,1901.0
18.741772481928173,1873.0
32.811724391952175,3313.0
66.88336117105638,8138.0
106.4968269449729,15365.0
128.1269378590781,18489.0
117.88262239127191,18484.0
112.85683114587668,17872.0
84.73224260965054,13486.0
615.5134602066843,16886.0
119.03157718440299,17028.0
142.98431565958205,17820.0
131.17660537048442,16000.0
110.07880754689533,14799.0
125.62873910188651,17540.0
135.6159762350248,21417.0
141.02275635314393,21611.0
132.81636972472293,20100.0
124.51482011590126,18715.0
111.30504294786282,16323.0
88.83943801938848,12065.0
66.23877915912765,7859.0
40.477451921499096,4569.0
26.011710839546915,2768.0
21.597555292307963,1961.0
20.81873617950497,2186.0
46.244945475145684,4320.0
99.87304239745536,11013.0
140.81887255727563,19317.0
176.58236699843482,23002.0
180.67729486598432,23141.0
163.6114298214237,21726.0
98.63964704745445,15081.0
913.1891162778841,19962.0
146.20163771021282,19584.0
159.141312805564,20659.0
164.96027521748493,20811.0
142.6006606754987,17477.0
166.35837578568254,21545.0
188.76085357841177,26755.0
176.6379994026166,26870.0
169.6359979788921,26814.0
165.05363645506705,26227.0
148.6596161542902,23336.0
122.96347984278448,17216.0
82.53185708107509,10056.0
52.26306717533776,5916.0
31.50468215291467,3548.0
23.62846294415947,2475.0
23.01501917510577,2394.0
47.94760602147729,4065.0
106.59169410537736,11718.0
151.2316425759527,21080.0
176.05070403161548,24379.0
171.54287873662832,23099.0
148.23621421053045,20101.0
96.47523633120616,14128.0
928.1182640330883,20054.0
154.40530890899376,20112.0
168.64793406556421,20797.0
166.58814936428135,18836.0
134.54362424223422,14736.0
165.16455194524295,18337.0
176.63841769427566,23512.0
174.90223463984827,26516.0
165.5084658148986,26069.0
161.56435211380025,25854.0
145.53379209942906,24156.0
117.3494465348742,18233.0
88.02246369266935,11747.0
55.568618829734916,6821.0
36.292471114710274,4201.0
25.228685436070162,2792.0
25.65746095447594,2607.0
48.939449304203215,4297.0
113.80273710937385,11932.0
152.31638703388305,21343.0
173.63164289905154,24660.0
172.3123453110746,23298.0
137.87120686088076,20704.0
99.81489806672376,15220.0
903.5527210609904,21198.0
147.83258222550631,20787.0
166.55203662768125,22246.0
174.63391950476827,21489.0
150.40937255874505,17227.0
173.83373716431672,21588.0
198.99201696100593,28136.0
197.3712109388813,30027.0
199.4279107944244,30196.0
204.19722154786345,29757.0
188.2134220255336,27323.0
171.10001843608893,23319.0
127.16994610810396,15722.0
83.18711901775053,9529.0
54.68170396041214,6232.0
38.572539896909475,4102.0
33.22654009862313,3442.0
55.26817045804624,4631.0
119.73958353336013,12223.0
161.53852123354685,21692.0
172.01952400146334,24654.0
170.47087845988565,23431.0
149.53168402724668,21089.0
102.70067335474516,15605.0
954.0670732625306,21575.0
157.80502611674783,21347.0
184.05326101776663,22383.0
175.38238548470457,20500.0
148.6394307432117,16984.0
175.84722946751182,22013.0
198.92851311330506,28179.0
197.94506327318436,30332.0
192.1874887256549,29077.0
183.25712368425295,27964.0
176.41125752363843,28078.0
180.02123166156858,27703.0
181.7276932385363,25489.0
156.74105360921422,21396.0
132.7857475245645,17346.0
104.64685260214519,12789.0
65.23044785449692,8074.0
40.57578499681246,3938.0
55.04357793093948,4853.0
70.02102483228714,7052.0
96.55657609605828,11339.0
127.0343069179169,16394.0
139.56683927522982,19861.0
121.81282466298894,18801.0
920.3053485789203,24247.0
159.8311465710991,24113.0
151.77071148336705,22588.0
146.68439105698224,22099.0
137.3091942579924,20920.0
155.69646898758214,23575.0
177.44701624289527,28265.0
181.73420148601315,29253.0
157.53339512370042,25058.0
151.93676617262665,24483.0
170.94480243004458,27544.0
180.83108240644427,29282.0
176.6645537229957,28042.0
164.9453653877702,25268.0
150.83553927821345,21787.0
130.22520076214536,16565.0
90.7278744184632,10426.0
43.24820676876697,4347.0
47.3448465431722,4302.0
59.44937048284147,4955.0
77.4594561815286,7751.0
104.8084102721959,12102.0
129.8979004094615,16617.0
121.43052436391888,16214.0
829.5016468025295,22468.0
155.12886207609787,23478.0
156.96940083059266,22860.0
164.7659484165771,22294.0
153.62682403964382,20941.0
152.1582721673604,21015.0
153.6088025427278,21514.0
134.62156540037486,19173.0
112.21350357678907,16385.0
107.97467643502603,15091.0
94.19669603879227,12684.0
81.14498295648582,10759.0
59.038188895310185,6946.0
37.597605192279964,3934.0
24.806963363549716,2669.0
18.16757830105628,1815.0
20.932920634815655,2098.0
41.69849136426337,3869.0
103.2471261817344,11476.0
140.92963902762472,19347.0
145.2494586254325,22042.0
131.60816096763898,20634.0
117.47322502622663,18530.0
84.08610549476265,13246.0
640.0661996313787,17673.0
119.7696289633011,17387.0
132.24307049004628,18619.0
133.11809091721923,19165.0
131.59699938103324,17590.0
144.56341316626117,21424.0
160.53285607224907,26223.0
160.90786429248757,25652.0
158.2448624157187,24191.0
152.34808991981015,22496.0
129.54796859313407,18653.0
95.08190326159689,13138.0
64.74965341067949,7911.0
37.92990912773765,4503.0
27.830648965596307,3012.0
20.12439006440876,2059.0
21.578845461303867,2154.0
46.70711406709942,4196.0
106.07318848129653,11969.0
148.72443570852403,21120.0
165.27335817000554,24626.0
158.09098109895828,22847.0
146.47569439232024,20084.0
95.22379264219617,14289.0
858.5699751634296,19603.0
134.4182777073786,18868.0
142.02023284234116,20210.0
150.71321143859524,20148.0
145.01413909494212,17577.0
166.12674672775734,22191.0
180.6192019371692,27871.0
178.47053803033745,28354.0
170.00848600487015,27445.0
172.48487776839906,27300.0
157.46955617052438,23925.0
119.89663249095115,17552.0
84.10827704483296,10638.0
49.35518541538883,6040.0
34.15050297691656,3951.0
23.476968366747457,2624.0
26.270259252657656,2481.0
50.78112319182482,4383.0
113.76108034873367,12204.0
155.6126235682101,22263.0
169.32623620415322,25450.0
168.7442760203452,24010.0
145.55159085064497,20770.0
98.26840863799994,14993.0
985.1886284142827,21265.0
151.2113531084785,20131.0
171.96893636477645,21958.0
180.64518071359714,21063.0
158.29429628525756,17106.0
183.212292018328,21372.0
197.6893112144522,27083.0
196.49617859709497,28965.0
177.73736999985127,28367.0
181.74858455979012,28239.0
169.2404295554193,25817.0
136.3824044177356,20023.0
97.39702492327736,12674.0
60.0366158554189,7414.0
39.2866186051885,4699.0
26.867932113982253,3091.0
27.699755896463195,2838.0
47.256102678244936,4276.0
113.8529825714438,12048.0
158.10379317429133,22202.0
177.3868308425803,25768.0
160.3354764579536,23734.0
144.0566429729036,20718.0
104.50145987150353,15304.0
961.1364340589251,21402.0
153.63971184457716,20314.0
178.02260942829443,22403.0
181.10016958007301,21146.0
163.652657512499,17026.0
186.6300133168209,21775.0
207.97647822798183,26993.0
211.56910843039,29114.0
202.5402466787494,29052.0
204.375242921155,29270.0
193.77256410942204,28323.0
184.26911520415555,25534.0
156.85444184522515,19548.0
105.97079419714039,12570.0
74.85279383735957,8126.0
56.09548636812004,5807.0
46.94279073385881,4453.0
61.99931372249362,5155.0
134.0056206976601,12882.0
177.33057154319454,22587.0
192.9191019425536,26161.0
186.47378949206035,25367.0
171.89388405993122,22659.0
111.69413390452362,16682.0
1079.9171242955135,22025.0
184.80191379482605,21705.0
211.34210183785913,22465.0
211.55189323445808,19885.0
177.79669218043662,15949.0
213.04882917998938,19852.0
241.28698258661657,24697.0
246.6080016973169,27578.0
225.1598762720252,27793.0
212.94204716816097,27298.0
198.81852057716907,27816.0
198.38483369389462,27327.0
190.99757793466003,25545.0
172.54616305066114,22142.0
147.08012810548635,18227.0
119.35503035611362,14467.0
90.54067159404407,9582.0
49.23157402875809,4647.0
63.65197055241356,5530.0
79.30243318983723,7933.0
108.21925721739818,12275.0
135.5049125786717,17326.0
153.9203480334689,20590.0
131.8628311007181,18664.0
975.2452131921358,25094.0
174.3366591962805,26076.0
176.87842089124885,25570.0
176.75649765326534,24606.0
165.90057708559436,20845.0
168.12858620965864,22324.0
201.20460900224253,26880.0
198.65252548546883,28434.0
176.81278091878502,26493.0
171.91961785807266,25931.0
182.01382696351507,27205.0
186.18608558204036,27253.0
173.8690408426279,24874.0
159.65741345775947,21947.0
146.91423402498003,19016.0
123.43483221470507,15392.0
89.56951017999954,9821.0
45.72689797162165,4576.0
41.90889186769072,4097.0
57.388898107834336,5276.0
83.34237912323164,9051.0
112.61452812288462,13031.0
143.8668353728453,18199.0
140.19994847503244,18413.0
943.1579455172682,25257.0
173.27871207543558,25804.0
176.23709297609994,25169.0
173.79226940659981,24093.0
175.10796181369315,22503.0
173.26788702382848,22903.0
188.6099495736688,25335.0
186.18594146738107,25316.0
165.1606015730741,22000.0
152.86532691233842,21162.0
150.15228185396808,20278.0
149.29285556108502,19077.0
109.00320299999123,14166.0
77.8472577940047,9513.0
64.77068145800365,6831.0
50.113505209318724,5137.0
43.1531866153157,4122.0
42.94374994829992,3755.0
74.70638755245113,6547.0
96.2802929829818,9880.0
126.41007157226072,15917.0
142.9052324785846,18784.0
147.71787333761756,19761.0
129.3981438216892,17145.0
847.6321819421048,23618.0
165.153034825181,22519.0
178.2476095159916,23425.0
184.54677349626996,23211.0
170.7226392509183,21472.0
175.71003643147387,23738.0
185.1933252966989,27149.0
177.66539766026582,25278.0
149.88894564069213,21350.0
144.17292147718737,20121.0
133.6313734394647,18667.0
107.89407816898135,14769.0
73.91667969342717,9464.0
50.51012972360018,5649.0
31.659454866458404,3657.0
23.160782366494367,2281.0
22.288456895696605,2113.0
37.586885200001355,3320.0
74.755839826607,8062.0
104.68615671696877,13533.0
129.103340861213,17841.0
142.32746054965136,19251.0
135.04441131607547,18899.0
94.71095742784323,14482.0
775.3715584709798,19612.0
126.20985853629425,19297.0
137.91286577903557,20082.0
143.0669339764739,19670.0
140.0603972649682,17308.0
153.90462132936995,20915.0
173.25807428517118,25997.0
165.83314444801425,26543.0
163.93122215825343,26264.0
158.50412304162515,25400.0
146.77319623473264,22343.0
120.38740336598175,17703.0
90.1409569108702,11095.0
53.082791915804016,6649.0
35.67543849077266,4175.0
26.467545401202734,2818.0
26.83649626152215,2633.0
49.08277772729858,4126.0
110.49431716105752,11394.0
137.39354890156548,20092.0
161.38039994629295,23787.0
149.1882216356574,23014.0
147.50297733870775,20458.0
103.92036389054115,15000.0
934.5964980386171,20928.0
154.29458360187726,20327.0
161.85230388603955,21086.0
165.3322532779951,20565.0
143.79281906057219,16970.0
167.60825325078318,20468.0
177.26014812055462,26206.0
180.45851555196415,28682.0
168.95309827308117,27400.0
170.54147897459097,27119.0
164.19665352683154,25154.0
138.04651544727977,20238.0
100.84263581573846,12628.0
64.48092304576626,7648.0
43.51499593119949,4852.0
34.17030882774928,3229.0
27.623677002466376,2712.0
50.4357786462915,4282.0
110.71045436066088,11599.0
145.20770133140977,20919.0
165.36961284023076,25021.0
160.9618149351375,24078.0
153.51357959782112,21986.0
117.58326086554175,16310.0
994.8865136744608,22702.0
161.46899904497994,22200.0
172.03277204276685,23079.0
188.2514839655556,22441.0
162.07366400899178,18334.0
185.22565571413222,22813.0
206.73582647566639,28260.0
207.4667295634355,30064.0
212.97928571932604,30851.0
206.01025989473038,30366.0
206.09123226690193,28615.0
180.02261324926084,24231.0
135.82518854597205,16674.0
88.32292424398067,10092.0
59.90956019350253,6477.0
41.45890772956819,4421.0
35.66205512867924,3606.0
56.99349216617878,4733.0
120.57677564103165,12088.0
164.93702257737976,22001.0
179.96572539425762,25942.0
165.7364589935244,24792.0
160.13595651727167,22690.0
113.7794191368233,16835.0
951.2807849023386,22698.0
158.42142174634125,22026.0
176.28367062313941,23601.0
181.1004044828132,22078.0
162.38232136024803,18363.0
185.17567779137408,23467.0
215.76241680215452,29579.0
208.52132914632807,31856.0
203.8894252727672,30218.0
192.22885092488607,28425.0
197.48561702728622,28882.0
196.16969470812114,27804.0
187.16939660942015,25654.0
152.4574820400635,20762.0
131.34626176553968,17069.0
102.4022931399462,12569.0
74.5116274498625,7900.0
40.866948018761846,3919.0
56.061341324967344,5170.0
73.59928683363111,6877.0
98.91014526530263,11040.0
126.79886465946518,16370.0
156.2351706788162,20031.0
134.2158748437611,18163.0
953.556696101993,24573.0
183.56535598265103,26495.0
191.28493500424273,24257.0
161.39795881294802,19617.0
126.91587019485723,16559.0
134.820504130589,19266.0
162.15739621749378,24476.0
169.87251696290275,24486.0
144.12998986634187,21564.0
140.59081473394747,22590.0
154.5624089468323,24225.0
157.2951285713362,24851.0
150.58364522239637,22884.0
136.96853414729347,20155.0
121.02447296984502,17668.0
100.86078471018826,13651.0
69.23362206855691,8426.0
38.81375314449027,3786.0
44.4896359752884,4208.0
56.19839354563222,5654.0
81.79984532772725,8977.0
105.80927887090574,13215.0
132.93201067001024,18204.0
127.20509082106891,17459.0
895.0805717530956,22727.0
149.15411101533334,22230.0
161.52457460216553,22226.0
155.67563181023039,20563.0
154.25365264083132,19271.0
159.93043729544047,21146.0
172.4158418208418,23597.0
147.25132007229578,21698.0
113.1921276360165,16185.0
99.99612445709664,14370.0
107.59381631061075,15370.0
87.26668130052309,11484.0
89.76366322909776,13477.0
40.82617241794985,4847.0
27.63723176463931,3081.0
21.447120719597734,2213.0
22.46959532917684,2297.0
49.64067347829908,4496.0
109.52702326638963,11677.0
154.04267294130156,20162.0
176.97561031775749,23653.0
167.45028721883443,22325.0
145.2592803610936,19246.0
104.4320515327799,14739.0
811.7719078786536,19943.0
141.8194658378471,19462.0
170.70005115661718,21198.0
178.01211811087532,22030.0
173.58168959362854,19944.0
192.4141528345631,24137.0
204.08205732981284,28759.0
208.22956362812963,28852.0
192.13417623427594,27269.0
182.48104097407693,25590.0
165.33740716062752,22420.0
115.13722686190518,14910.0
79.51000522131275,9550.0
49.581901385164294,5289.0
31.433851530207246,3224.0
20.48089569522361,2117.0
19.191408300575034,2028.0
45.844962874538716,4153.0
117.41085895501591,12756.0
168.64862940103262,22737.0
190.43501493706407,26020.0
190.14916800769998,24512.0
159.14816995073224,21421.0
108.80243388605854,15312.0
920.2396059460161,21458.0
142.95734945430772,20499.0
167.92497701302082,22543.0
162.72703831567168,22020.0
146.17884507613866,18295.0
171.84076115714663,22469.0
198.79494208594818,27921.0
183.64605049695592,28228.0
176.42099455979198,28050.0
174.1976089653657,27840.0
164.86734834096978,24507.0
127.2726841405157,18336.0
85.32237184956702,11379.0
51.3415092508034,6190.0
34.31916105581003,3994.0
24.89556556339157,2650.0
24.34981248654097,2435.0
49.68847188726452,4271.0
111.483452584279,12374.0
158.66363336373792,21997.0
172.00387272117152,25219.0
167.15344839039204,23461.0
150.08570507066014,20855.0
96.21412949953792,14650.0
938.1080578864568,20999.0
147.03982200501628,20659.0
170.17420895886562,22033.0
168.6941895849069,21002.0
149.62547701751404,17009.0
175.41314235211706,21220.0
187.6060212645334,26517.0
178.66351191474737,28315.0
174.87457900121728,27571.0
174.86701174654718,27463.0
164.24241975017483,25540.0
137.95515640008634,20066.0
102.20030242509488,12965.0
61.71011673490276,7487.0
37.60477440045722,4650.0
29.37048713577402,3122.0
28.84260513636072,2706.0
51.4688793660197,4426.0
115.0175324767034,12570.0
165.87066272844748,22784.0
178.76786756054855,25983.0
171.7421520474965,24572.0
146.45434834666042,21302.0
105.79692926793356,15588.0
965.9151392370873,21867.0
163.6582294961864,22299.0
178.41238063858773,23025.0
183.6822028517759,21686.0
158.68258892323655,17342.0
187.35983466213634,22004.0
198.86680004740467,27521.0
188.07110370583797,29632.0
192.66821960632052,29678.0
192.93319047745447,29125.0
186.5165609981892,27476.0
173.43156672688113,24643.0
126.53188222618796,16877.0
88.80927081524293,10798.0
56.726803109141706,6868.0
42.78004603168728,4745.0
37.13824213469884,3815.0
55.361300208791754,5011.0
117.28928959513733,12062.0
154.8996688359527,21478.0
180.67740315440173,24798.0
181.29905352479926,23849.0
151.60906217094063,20679.0
101.6889601786622,15242.0
961.8975736087667,21725.0
155.3372455647832,21254.0
183.99245503091862,22411.0
184.0392255823776,20615.0
164.69888695651713,17052.0
187.04526503971795,21887.0
203.219708346441,27412.0
207.63533460203706,30892.0
204.67318631129692,30040.0
196.2907785187796,29299.0
202.49835261068694,30257.0
209.02406327478712,29252.0
197.52111698646593,26347.0
162.53669610343206,22209.0
136.01165870107428,17927.0
109.49516905854843,13331.0
75.6778554628799,8449.0
45.75140996051414,4299.0
60.876904766879655,5227.0
74.0842945721372,7070.0
100.6378463199039,11531.0
131.97907755165656,16700.0
153.6005027137493,20090.0
132.5208709229831,18005.0
974.265915658726,24577.0
165.12875267904414,24337.0
170.95395929028672,23659.0
171.267628781056,23371.0
157.3923857475793,20746.0
180.19769340146496,23204.0
198.31794926721236,28854.0
196.85346191409545,30206.0
180.21747922403648,26507.0
169.23167802233536,25997.0
181.2312676899385,28489.0
196.2968166605122,29541.0
190.57178401608357,28065.0
168.7938010022161,24732.0
151.08399932431573,21240.0
125.33667123799556,16061.0
95.15574644591328,10313.0
47.40807221891369,4601.0
50.291698583849566,4614.0
61.33637987803674,5513.0
80.29744470523146,8616.0
115.04325565415976,13416.0
144.17077183002598,17997.0
126.67261502547967,17291.0
964.3794352002506,24126.0
189.43580320586997,25443.0
184.26299151470806,21397.0
156.7746981796319,16262.0
124.0498967351467,13433.0
119.30933948548793,14927.0
121.66708984779187,17147.0
109.25513348773116,16205.0
105.14377823341917,14669.0
92.76847839834402,13489.0
89.71067769378429,12170.0
75.20712482761559,9419.0
58.78911974288265,7051.0
37.4927934737957,4313.0
24.76866711129747,2798.0
19.74752036379397,1938.0
21.969906601027777,2297.0
48.9825878787404,4485.0
105.0657761046959,11014.0
141.78730145334794,18028.0
162.87922716601028,20558.0
161.69559444053206,19992.0
143.8921428970656,19107.0
97.97971814261622,14976.0
769.8584774620203,18260.0
133.0905274182257,17553.0
146.8217626109297,18728.0
155.63029026323954,19520.0
155.39043289592507,17595.0
170.0224728463596,21714.0
167.8515270242087,26378.0
171.6608896035306,25915.0
163.44892234761284,24448.0
153.49763919151624,23504.0
144.10666712718628,20275.0
108.40297906305553,14447.0
73.580409137281,8890.0
45.87291902979847,5122.0
32.84248520578773,3223.0
20.152429578009198,2080.0
19.95951682473705,2057.0
42.79299101194627,3864.0
105.21619643422605,11614.0
149.62259489688836,20795.0
167.50618677654862,23957.0
159.72160275250357,22224.0
148.65065173046122,19500.0
91.27678087025616,14084.0
918.766334740334,20320.0
141.93154370940795,19725.0
161.47678973117826,21609.0
178.78365012318795,20577.0
159.27621596154293,15467.0
174.08203832199047,17176.0
193.09678894896902,20402.0
179.66634755743996,22201.0
175.71286032097714,24513.0
167.05928705591242,24624.0
160.0199301918672,22179.0
125.47197934177873,17041.0
84.54999179239934,10440.0
49.09476095890773,5672.0
30.431325214655736,3485.0
19.506933183664806,2258.0
22.87877620455801,2308.0
48.71705283586029,4277.0
113.90963888769936,12339.0
158.97463457277738,21809.0
177.95968957718836,25067.0
173.72565108511432,24248.0
154.38156043446867,21076.0
94.83462493305461,14305.0
907.6107534811857,20182.0
143.63561801218208,19781.0
161.08475775069311,21459.0
164.12594121641473,19842.0
152.90630038843128,15877.0
185.34733345481126,20150.0
183.28314013122454,26051.0
178.98217447232713,27940.0
191.14198922247616,29444.0
187.40704487171246,28282.0
172.5710903711214,25333.0
144.42823645987204,19786.0
106.4389081664604,12788.0
62.51961936537322,7441.0
42.63984820837084,4681.0
28.37199210985782,2991.0
26.889224992741834,2739.0
45.79187294160317,4116.0
102.38236403436537,11125.0
145.53743438723515,20120.0
154.86807699703934,21446.0
138.11662952350667,19374.0
114.16194083037912,17255.0
75.546795330825,12504.0
792.0535735919813,16916.0
103.46022820464617,14925.0
107.68102389230452,15745.0
116.98535579105125,16610.0
100.06104923309498,12994.0
107.84092675390566,15777.0
119.04305713991656,20574.0
138.6194331959507,22589.0
142.87696696510656,22013.0
140.1705387831295,20936.0
134.88757727414495,19871.0
130.08785848664232,18301.0
109.83597774927249,14204.0
74.5950488859385,9189.0
58.56469730217835,6533.0
37.850899334893946,4248.0
37.029040539659995,3684.0
55.439733341138464,4787.0
114.2158263191045,11096.0
155.31891939132086,18162.0
172.2730213195031,21563.0
159.00772239277023,21881.0
147.60926362464426,20654.0
96.42157261292965,14866.0
978.9941325123618,19795.0
164.25180647815074,19392.0
189.463714458199,20667.0
184.80092176313906,18361.0
167.9591150779147,14429.0
192.95737963963865,18167.0
206.0169530171416,24084.0
201.09944635128775,28225.0
192.16925865091153,29151.0
193.562166450277,28884.0
194.92653347821454,29261.0
188.99653380440307,28539.0
191.42328646826456,26398.0
164.23891122890103,22090.0
132.7267419904949,18192.0
111.93587958814732,13875.0
78.89580391991996,9000.0
44.70993849858636,4441.0
61.595377992379156,5626.0
83.57791181025065,7644.0
107.45005289464528,12415.0
135.39858751742867,17674.0
153.1774677897986,21113.0
121.10347280005487,18596.0
979.7947042188015,24700.0
166.7355957567248,25361.0
172.6686095000792,24683.0
171.35366405911023,23741.0
151.43350453488225,21127.0
159.1791610766251,23611.0
190.26108185972947,28776.0
191.9586147839173,30115.0
172.3029737461289,26032.0
153.62122757141273,25088.0
173.38372985189957,27642.0
181.08198560129944,28888.0
170.81754409683302,26928.0
328.0700988078143,24230.0
1.1476622843283046,148.0
152.77756628043866,21586.0
118.56425615734567,15094.0
63.979394493446485,7367.0
56.805377999715006,5120.0
67.72187441044348,6185.0
79.20920206789157,8642.0
109.25180630728335,12969.0
134.36059144519396,17695.0
117.41224101051026,16341.0
897.1659229115481,22649.0
163.4338927486053,23236.0
175.68000890195125,22773.0
185.67338501408796,20815.0
170.23987854099104,18677.0
170.76610318903553,20203.0
166.13482271735091,21505.0
159.46629140975853,21297.0
137.47439729034383,18539.0
131.53807504576477,17574.0
117.08192022221048,15790.0
106.37350920842404,12465.0
71.99219630357946,8349.0
44.911104811367984,5049.0
29.55626836196758,3206.0
21.140234265862972,2211.0
27.448166212338013,2660.0
48.79297054979888,4564.0
116.06387867365655,11451.0
157.03603689236522,19307.0
175.62357027055836,22868.0
166.6623597987733,21772.0
147.99986006576498,18527.0
92.60462704975356,13271.0
841.7910477532115,18423.0
142.6841450266756,18120.0
151.1890389222688,19184.0
161.3850445512419,19489.0
159.40048014232846,17009.0
167.4987109255712,20177.0
175.84412304577978,25023.0
166.40031400122967,25280.0
156.70155143499642,23796.0
150.27206001261754,22722.0
128.62519108698896,19365.0
116.76566872598676,16486.0
75.07434103912009,9344.0
53.458884587605326,5756.0
31.08999691566876,3531.0
25.075029807664535,2427.0
23.016296458899618,2320.0
44.86247356573441,4019.0
101.0488485745852,11054.0
144.15766287802353,20271.0
174.01046149434075,23768.0
167.27052689686454,22481.0
160.3661312907556,19958.0
95.19343139212982,13759.0
948.346363733839,20038.0
149.49116773764896,18856.0
167.4175575001779,21006.0
181.99480052377203,19630.0
167.85166819439706,15807.0
194.13728420397695,19099.0
216.86339970679896,23990.0
193.41640580362593,25797.0
188.65612959919727,27086.0
187.6591057615507,26779.0
170.23840112347537,24079.0
142.20461982264996,18467.0
92.75573964106303,11468.0
52.20411848358821,6394.0
34.552134851955955,3891.0
22.666165729232066,2656.0
24.706301958846343,2590.0
48.31221513281589,4192.0
105.31538615445805,11283.0
153.4291127801865,21054.0
169.8874765836309,24212.0
166.0386274758839,22854.0
141.0141564520886,19909.0
96.34064886983158,14333.0
948.0919828792669,20150.0
147.3602772553053,19463.0
161.9753045648458,20454.0
172.42769670651685,19683.0
154.31010873987015,16141.0
196.8393721045249,20422.0
207.17946470910127,24402.0
183.8248975585749,26895.0
175.28503094402132,27324.0
180.40219338019472,27123.0
170.54922607772943,25754.0
152.37132856060015,20973.0
110.16938147542417,14362.0
70.02343351193092,8156.0
46.689777524799965,5164.0
32.507043654352394,3401.0
30.508278064974828,3094.0
51.95241010109724,4487.0
112.72081554503295,11445.0
160.53933747308733,21300.0
184.15869694622714,24724.0
172.56490774352758,23108.0
152.60375609029472,21144.0
112.10166882401371,15642.0
974.5908924130837,22247.0
166.0947478030883,21199.0
191.7778293883889,22210.0
194.64001103823662,20171.0
175.7647415030569,16069.0
200.7315825244175,20227.0
213.1807073928143,26479.0
205.21804859318078,29019.0
194.67044778890514,29220.0
197.7086544089545,28856.0
193.33372490738293,27915.0
185.58710355657809,25140.0
142.64505466212563,18630.0
96.33883240214918,11749.0
66.04090089187166,7641.0
51.97762099928068,5411.0
42.82202991562137,4280.0
59.252282314338885,5157.0
125.76720527080906,11557.0
167.97621882205158,20780.0
184.30384726492946,24094.0
163.5226625340318,22425.0
148.35442934941324,20358.0
103.20181951393427,15280.0
972.2720305146826,21298.0
163.79695523362716,19774.0
193.31107445548074,21754.0
174.92451201639423,19765.0
159.67614238199644,16342.0
189.97190976674864,21394.0
208.46647444443224,27715.0
204.06176510677423,30113.0
199.7111411804865,29012.0
190.94439154235988,28311.0
186.04258845475476,28454.0
184.21312027714325,27991.0
184.00957270651253,25947.0
154.28805042103977,22220.0
133.3868518839669,18250.0
112.75781502134504,14154.0
86.17302634700405,9193.0
46.15117436002789,4429.0
62.12453425348697,5297.0
82.63926127997081,7843.0
112.41979245020848,12407.0
140.8106210916631,17857.0
154.555426162347,21004.0
128.80810100011897,18697.0
1026.2473639172977,25954.0
167.48217549596157,24343.0
156.78548020336316,22837.0
155.41367905292176,21888.0
152.33418215248778,20382.0
169.84345845387594,23251.0
182.0032719318078,26671.0
189.56535483039096,29218.0
181.1029016121506,27433.0
179.5791982743772,26944.0
170.11579206350083,27332.0
171.51566216220792,27331.0
173.89699257178114,26776.0
158.73831260519205,23650.0
142.65409902815605,20069.0
120.24355442013028,15122.0
86.9740335592948,9829.0
46.22348298968254,4664.0
55.22170505907576,6084.0
70.8447366419458,6519.0
81.56882714482414,8185.0
118.67815740891317,12286.0
148.5730339713663,16532.0
130.3461134466098,15997.0
913.5676947304585,22936.0
173.83181026685995,23215.0
174.2438253826447,22714.0
171.99567542333446,21743.0
170.51923473878455,20478.0
172.4085803428973,21489.0
168.40243810755018,21982.0
161.88977317767868,20989.0
148.49050310164674,19299.0
132.2917845618932,17357.0
113.32192288940578,15291.0
92.93359982124463,11857.0
70.8440835470466,8605.0
46.6744108639897,5288.0
35.10371842470366,3646.0
29.779692385661534,2821.0
29.764480015426816,2845.0
48.07057828576904,4345.0
105.55391568502226,10872.0
152.56805956424128,17885.0
165.7429015916704,21395.0
161.88609894722123,20827.0
140.7399699090711,17889.0
98.2386347791803,13237.0
783.9808102121277,17828.0
136.3457416495222,17569.0
140.92137006930534,18324.0
151.41692774499325,17699.0
144.58252260324377,16211.0
152.94707721787935,19203.0
167.3070246941794,23810.0
163.2062084563747,24175.0
156.9621894786896,23220.0
148.30377292442645,21358.0
128.36056285610297,18397.0
100.28036452930391,14108.0
71.29312929190681,9045.0
45.54257825776123,5428.0
28.82026999444235,3352.0
22.240093222465866,2139.0
23.05540163623865,2240.0
42.42745741768392,3858.0
95.42801080960764,10543.0
143.1479042194813,18774.0
176.18691077722795,22126.0
160.7836074254273,20562.0
144.27125800749167,16998.0
93.1904575580804,11739.0
734.6532520043146,16369.0
142.4460510905959,16757.0
154.8426181976194,18142.0
162.3521219357434,17840.0
144.39403241737662,15767.0
168.14173785574067,21756.0
191.35340151333176,27880.0
203.2768713575293,29661.0
207.46827045696807,29767.0
200.93478507395412,28845.0
194.84695171275405,27273.0
180.46523008119215,22622.0
130.32567385390914,15275.0
83.007795757728,8961.0
53.60088351629342,5700.0
39.992893500821815,3950.0
32.744053410659646,3312.0
50.24354086512788,4441.0
107.79490293509751,11494.0
157.3634643764883,20458.0
175.20968418526363,24804.0
165.97287205503395,23667.0
146.38860880647863,21091.0
102.36016346745856,15362.0
955.5837024565012,21135.0
157.1289132940403,20687.0
174.71650651312095,21016.0
173.99612239250118,19433.0
159.6190382607039,16605.0
183.87747849428968,21171.0
195.48467860991022,26770.0
191.38099217101902,29142.0
181.49836818808097,28174.0
182.4997229438005,27491.0
167.63309354433136,25483.0
146.96577152930294,20229.0
102.16724343378792,12806.0
66.6793026152622,7453.0
38.05311970789108,4513.0
26.593534857027684,2846.0
27.199079656212497,2732.0
48.48536538365759,4273.0
115.58187668375648,11420.0
166.15029713378394,20118.0
171.1928738772456,23875.0
166.97929955616024,22958.0
150.75282922700632,21062.0
112.78837119412566,15746.0
962.316611314397,21680.0
169.20550839406872,21464.0
190.2085940826526,21835.0
193.169038650744,19885.0
172.13396935823738,16027.0
198.46872218174002,21092.0
206.32357084669314,26489.0
191.43354360341135,28581.0
187.48904183532287,28347.0
180.5639717389168,28577.0
180.0569739087809,26753.0
174.28707731104672,24131.0
132.21770696031518,17243.0
84.89184034543256,10761.0
59.18634651202844,6899.0
46.06606686298126,4699.0
37.21375494716821,3968.0
51.739854031260826,4713.0
115.16990449985205,11054.0
158.03727646808693,19090.0
170.412793402186,23359.0
156.05362074846505,22458.0
141.0515083848739,20109.0
102.4574599861431,15039.0
929.5366136099356,21231.0
164.6040764231121,21030.0
166.73757187344046,21736.0
169.75395181405085,19751.0
146.58066739470715,16331.0
171.1305507548957,21311.0
186.31002583530045,27022.0
184.47197151113312,29024.0
175.83342447785466,26340.0
174.50513623650627,25913.0
176.86019549011544,26330.0
178.14809193315565,25987.0
175.48642608240857,23152.0
148.72127652293048,18928.0
118.07586916960807,15299.0
90.29528962546054,11127.0
65.97254818110369,7507.0
43.094269776571835,4095.0
56.98623951213563,5178.0
78.39286950113832,7335.0
103.35992067944757,11770.0
124.39949889942619,15964.0
134.5795053118574,18526.0
113.40374632290792,16553.0
936.4839714673875,22877.0
148.68112990730157,22879.0
159.21033280259354,22405.0
158.02622845975765,22233.0
149.37374021710485,20506.0
166.71314509855532,23109.0
181.87760300427405,26980.0
186.4591445516129,29200.0
171.2463431397823,25794.0
155.7075761875083,24696.0
173.38574667558427,27753.0
197.09369443600892,28875.0
184.57262556426315,27135.0
168.39931389178483,24789.0
147.20779020735947,21411.0
129.88671271379823,16666.0
88.05919914164049,10443.0
49.09174775193581,4743.0
53.28618514735459,4704.0
62.33132798969007,5705.0
91.76822520089148,8834.0
113.86401450813567,13041.0
144.08744353613548,17706.0
122.72597826360885,16347.0
900.0280296211877,22147.0
162.00607075492226,22095.0
172.70423533659286,22183.0
175.39067741779422,21556.0
173.59169021650678,20100.0
173.46545658435386,20896.0
182.85563219134164,22494.0
169.43462760320028,21509.0
156.3547770378946,19995.0
145.688316540837,18895.0
133.46437840476997,17328.0
111.67796222071308,13128.0
70.51926513132223,8366.0
45.802715012333515,5036.0
30.00377268450184,3207.0
21.204135118744304,2040.0
28.301122818888917,2617.0
53.06725451979429,4578.0
109.57724294939598,11190.0
159.977183444459,19112.0
168.97274839593408,22239.0
165.57089013952893,20873.0
139.02167409783164,18153.0
93.74181502506177,13516.0
765.2375428540099,18376.0
141.19747463759836,18164.0
149.5238935980294,18828.0
160.12978026117023,18393.0
151.95415683064212,16630.0
165.54789258886726,20542.0
177.10206883625634,24981.0
175.44944426578488,25260.0
163.65777833655375,24094.0
161.1448440181866,23611.0
141.83771310812054,20599.0
111.26225635697476,14572.0
78.44705790681793,9727.0
46.17263245540789,5363.0
30.261618578896265,3518.0
21.309342394097584,2261.0
21.832168874033194,2170.0
43.25591028258088,3974.0
99.32778949680649,11040.0
147.85751415499362,19554.0
174.11107753404482,24083.0
164.3936102569147,22110.0
141.53850729959143,19292.0
92.87292984143534,13629.0
893.9405008120216,19489.0
144.65039144842325,18742.0
150.0672018539369,19582.0
151.2891548546971,18405.0
148.0657089221962,16150.0
171.7806080110793,20074.0
181.4024826581657,25261.0
174.2821346549245,26154.0
174.49371886553257,26405.0
168.50208640748673,26131.0
159.88758742987764,24114.0
133.3577165183139,18215.0
88.94896511128191,11380.0
54.73898429780713,6566.0
36.027167774184015,4054.0
27.744661029584584,2872.0
26.373247153480513,2601.0
46.88955420496145,4146.0
104.75735289706913,11019.0
150.768994302463,19573.0
163.67555722432562,23147.0
151.64131946055605,21725.0
139.5438855927063,18997.0
93.02128625250198,13793.0
856.5122324172307,19460.0
151.76932153340726,19686.0
183.508891733836,21879.0
199.74588580899893,21522.0
162.4008142184243,16609.0
177.1608292125605,20227.0
199.5390077484936,25466.0
200.08149572515114,28596.0
179.9162981805419,27624.0
169.38900415623476,26594.0
160.725453984675,24661.0
136.1888052911557,19387.0
92.27290544502473,12427.0
56.67306151727599,7175.0
39.92987929090962,4617.0
26.680049631684312,2971.0
26.990720523675634,2689.0
45.217025786496016,4183.0
106.48617947110489,11076.0
144.62768546707707,19638.0
164.68601036934803,23820.0
164.18068309621424,22708.0
143.79167342413996,19902.0
98.3188686748265,14241.0
1007.6940235812306,21101.0
160.68747571991287,19581.0
183.09474959354782,20863.0
179.80285078373382,18414.0
160.18511281756977,14726.0
182.74626555540976,19331.0
210.35029655734047,24646.0
195.03467605230674,25721.0
191.89928769041828,25586.0
202.37362033333142,26625.0
212.51189190390534,27023.0
178.77028010236228,23701.0
151.18253395282295,18842.0
95.26709520890253,12011.0
62.74438828875666,7658.0
46.623386710593216,5145.0
38.82761954660394,4050.0
57.71140499155999,4858.0
125.10002508794841,11757.0
167.6403942836892,19934.0
162.24408515946385,23005.0
159.4684166572889,22301.0
146.52403565885282,19915.0
99.76045897479092,14717.0
911.097638204357,20780.0
154.17700428351196,19926.0
174.80603627749687,21389.0
177.17980228098608,19573.0
151.6216949469922,16327.0
171.1971241271996,20709.0
191.56980806296085,26992.0
200.02127906083743,29328.0
184.31553460656076,27525.0
177.71758085329836,27279.0
187.2620737122663,28052.0
194.5511259774505,28113.0
188.6874331418702,26814.0
162.54090997253908,22580.0
148.12162436853285,19163.0
115.12158798075072,14351.0
82.47240754651845,9164.0
43.52482337023375,4223.0
60.86470303461483,5272.0
80.8802822204273,7632.0
101.86425633733862,11540.0
130.9626350363816,16556.0
150.53082474210126,19815.0
126.4483127710009,18388.0
1003.4972229571915,25298.0
167.69370764664808,24895.0
163.44511002313436,23248.0
171.5363434412226,22991.0
152.49490943566164,20904.0
169.31054550444924,24220.0
196.79359164662276,28764.0
206.12137441590951,30525.0
197.414532355245,28397.0
187.2751413926691,27562.0
200.51553917146447,29440.0
213.652845573612,31323.0
204.79689791648804,28010.0
177.98137887727833,24426.0
269.04843976329084,33561.0
98.75733671855618,10463.0
48.81838685753641,4523.0
47.402937167617296,4465.0
62.724090125687,5869.0
88.09141153465688,9088.0
116.91166799135101,13533.0
146.939902492621,18633.0
128.09426272995077,17262.0
929.3849366534666,22881.0
175.78837388659778,22424.0
178.8107400592069,21864.0
172.524521633626,20178.0
165.05835281590205,18784.0
172.5898107850877,20409.0
172.10068093755342,21488.0
160.23189909718633,20876.0
142.93535766245162,19263.0
129.72613189116447,18005.0
116.91767678165061,16083.0
99.93626055880128,12541.0
66.64666097105031,7907.0
43.58124975714973,4881.0
26.197277187544813,3136.0
23.812450043251268,2251.0
23.155712894110266,2454.0
46.61666990163731,4353.0
108.66949315377667,11511.0
152.12497078200244,19470.0
171.34497360191497,22474.0
161.5620320523227,21218.0
139.6672950867782,18852.0
96.40733006992633,13898.0
785.8817927946418,18430.0
147.15540453436745,17923.0
165.36415271547543,19124.0
176.1716077675803,19249.0
154.02482163807335,16992.0
167.81112203086929,20722.0
180.9499787161486,24583.0
161.35100929370284,24372.0
157.20968348141585,24109.0
152.02149727122642,22847.0
134.23353200705066,20160.0
117.68155088138276,15465.0
83.18944749826184,10133.0
50.571393334944226,5708.0
31.80506824043391,3521.0
21.458291268905516,2449.0
22.392642219141198,2273.0
48.57270563548497,4019.0
107.06668747315129,11462.0
153.08273328755868,20974.0
166.10746474491447,23642.0
157.97921768245223,21839.0
143.52942263633466,19774.0
97.53437702242616,14526.0
911.2947341323039,20032.0
166.0057355340276,21748.0
187.20406842566535,23051.0
186.26617680722475,21700.0
154.17900557826465,16800.0
185.49288153803133,21044.0
209.70404682115742,26411.0
199.90867598662214,27502.0
199.7343827757955,28005.0
175.35439659314142,26068.0
160.32051989107995,23870.0
140.99700160007492,18618.0
101.9496506632918,12046.0
63.08709468002734,7032.0
35.93985884850492,4346.0
27.9334589295463,2890.0
27.422756710615893,2787.0
50.71567559307344,4389.0
114.5772850077198,12229.0
154.49574703358365,21879.0
179.2830459509929,25126.0
159.234029805017,23153.0
148.95025632641267,20456.0
98.3629813353971,14692.0
971.3612774063442,20788.0
161.59931920563685,20374.0
183.25163643403906,21603.0
182.66803405504612,19933.0
154.3459276143754,16049.0
182.00771481386283,20262.0
198.1318473726362,25919.0
187.40047231140645,27915.0
178.8222773590244,27743.0
171.22836860370603,27172.0
170.45888864374612,25406.0
154.10781635479307,20635.0
113.60227793645572,13962.0
66.83503119640993,8156.0
40.48824494624887,5157.0
28.497705322842148,3301.0
30.264237874441907,3083.0
49.72782985703331,4389.0
105.94569822266942,11444.0
159.4617913587944,21314.0
169.2463071243073,24790.0
151.1530680652503,22420.0
140.34027477036835,20263.0
99.94690160271482,15090.0
1004.0691057111378,21188.0
167.4102315577867,20659.0
188.12505532504176,21942.0
185.81184373174867,19990.0
171.04451958139327,15730.0
201.87207465726556,19888.0
217.26726930157548,25488.0
206.98773583573396,26695.0
197.30568119184608,27147.0
190.05413669319145,26599.0
192.66275619133853,25831.0
179.44280051757036,24189.0
163.49580894058704,20538.0
116.16304171528806,14740.0
79.29872757244796,10134.0
60.818487972796646,6986.0
49.86623940444531,5223.0
51.4250698588879,4497.0
82.36576806838201,8009.0
106.59767385880731,12367.0
116.53640377401467,17370.0
137.99473586608323,20861.0
148.56915012241936,22012.0
112.7559936050597,16690.0
975.2871268961716,23343.0
172.52526945094047,22137.0
182.79394878818528,21908.0
174.8411658648847,20454.0
147.3702536290132,17428.0
165.52076000498948,21845.0
170.00737130857803,25651.0
158.54389490507415,24538.0
142.6866097891955,21884.0
143.7442284481591,22016.0
153.39113213675236,24428.0
158.580254270359,24365.0
149.1902102424953,22073.0
123.63763289825076,18920.0
110.92363544260718,15584.0
88.48675118953354,12132.0
69.48628306598702,8218.0
40.56027688689439,3965.0
51.11571993515349,4761.0
67.86428279206163,6791.0
78.64755025251272,9140.0
104.52313936755318,13861.0
124.59518312393422,17668.0
116.78755286355697,16470.0
851.8838564551778,21932.0
153.45873440909662,22208.0
154.9368978974779,21400.0
157.89555554258595,21777.0
143.53375558196896,19845.0
169.17103634704833,22979.0
178.70310926109067,25224.0
168.36550665056,25275.0
152.1259933467204,22783.0
148.43657703387498,22510.0
153.23037507153182,24320.0
163.36905530115249,26359.0
153.56290426017702,22316.0
130.9529788498776,18976.0
113.42530486965948,15768.0
96.79403676499071,12283.0
73.08023088311974,8493.0
39.587187786916715,3951.0
45.486911963367355,4098.0
57.58042944488078,5338.0
87.01428215219505,8298.0
109.97725152633657,12105.0
139.9926319614724,17144.0
118.2482297803448,15364.0
774.4941352937218,20002.0
156.6914313751187,20925.0
156.28827326096206,20239.0
156.7155548866615,19805.0
136.4577083232849,18055.0
140.34444450666524,18726.0
139.6912541340689,19676.0
131.69483958627842,18551.0
132.31580849168614,18101.0
137.55227179865392,17884.0
118.7084716640489,16173.0
102.58265274591399,12671.0
63.224339579038194,8210.0
39.64579081609374,4663.0
24.903971656206867,3023.0
19.261942696859553,2118.0
26.10687790458996,2444.0
47.95017832689743,4080.0
95.13409543565945,9847.0
126.52311100048443,16862.0
141.17105864803247,20559.0
138.42437814070738,20122.0
130.803556878581,17840.0
99.740007642604,13664.0
796.3200902322767,18156.0
146.9649644013952,18098.0
162.35196589204742,18726.0
165.11639763045744,18721.0
150.7875962542188,17024.0
160.6043558555662,20043.0
169.03114956648096,23797.0
158.43580248461146,23754.0
153.27754742467644,23284.0
144.24715403306107,21947.0
128.8680583032192,18539.0
122.63130915364212,17193.0
79.63485610792179,10141.0
48.5715781401355,5946.0
31.9953274063885,3598.0
23.877080729258534,2469.0
22.931696554649136,2311.0
41.39909319518563,3802.0
94.11175043184014,10504.0
131.87957170781954,19245.0
154.7828300500779,22900.0
141.00078652159428,21882.0
131.6193133313316,19232.0
95.7107560604278,14377.0
872.2024233446488,20483.0
155.02887869071463,20494.0
164.2242056879076,21209.0
161.85923443801397,20439.0
142.55547433680474,17455.0
174.99318466374248,22255.0
202.12354714439843,28160.0
210.66347314914745,30576.0
175.56166174351523,26898.0
160.7839407729158,25760.0
171.8271399455905,24184.0
137.297406307783,17983.0
89.95096835436246,10995.0
52.564650678024314,6373.0
36.888302917514345,4096.0
27.153152274046843,2778.0
24.64110651793506,2527.0
42.91251079968261,4065.0
97.24220771835816,10908.0
134.2270727048511,19467.0
163.71957843450113,23749.0
156.348486618743,22820.0
149.52890666668443,20862.0
104.05619631846294,15289.0
962.0146176745703,21490.0
162.44402556702758,21109.0
172.6484685056891,22134.0
166.6266143410003,20813.0
153.10472640448498,17548.0
173.30554375954847,21143.0
194.89239702723108,26150.0
196.16361341084325,28178.0
189.56356404279347,28929.0
185.6857386374525,28120.0
186.87141438399712,26733.0
166.8341518202959,22064.0
109.9383346513723,14061.0
65.51537987872848,7894.0
43.019442944077376,4914.0
31.14991256658608,3263.0
28.673827742132843,3008.0
49.16056584032168,4362.0
103.77000630761268,11125.0
138.53219611910492,19836.0
163.40603365121993,24339.0
162.12097051448094,23945.0
145.2301726153056,21407.0
102.07760399017087,15789.0
977.2210952318178,22472.0
167.14232750906706,22025.0
175.26910894187205,22398.0
174.5335544661047,21145.0
158.43897189686302,17208.0
178.9634082880346,21797.0
196.5001006169437,27465.0
184.84961618671093,28835.0
178.82799708450818,28296.0
179.28383188969553,28401.0
179.19979467705184,26611.0
182.43388678000272,24061.0
147.25390739574732,18076.0
95.04204162321336,11244.0
60.61714461235777,7248.0
44.537574520096925,4913.0
41.77865709661124,4021.0
53.60314976308581,4695.0
110.21398457088274,11575.0
141.73857834366532,19256.0
156.04852240939658,23730.0
151.4313906522298,23112.0
134.1595658255396,20783.0
99.61631084386092,15475.0
882.0994763305125,21183.0
148.2309809664555,20357.0
164.26798479923076,22024.0
157.41121005676493,20524.0
146.5141905724111,17962.0
173.15609940217723,22478.0
185.21447180912307,27470.0
182.1898587200011,28870.0
169.44287092070712,26847.0
162.15067063433153,26287.0
174.54199632421575,27039.0
175.2121143270109,27364.0
176.31070379546048,25599.0
151.8031576653997,21965.0
129.20254444108426,18314.0
105.72343719456453,13464.0
74.31822824371272,8578.0
41.6142890456378,4097.0
55.83956450822391,5284.0
71.29777359131268,7374.0
93.80083107408929,11757.0
117.59070496630733,15912.0
137.49543825554068,19035.0
120.36702882905841,16593.0
961.9906263200193,22711.0
170.6066949031383,22548.0
175.12644638411606,21378.0
178.73265765668842,20940.0
157.88817641754417,18444.0
179.7260615393247,21497.0
209.29004337531708,26203.0
205.4501278404222,27066.0
190.5429809450003,26386.0
178.26784780312994,26606.0
179.23175163071278,27729.0
186.61893911822864,28901.0
180.68280077717336,27398.0
160.0574448221461,24055.0
144.41735975234886,20966.0
123.17233555077532,15805.0
83.27971921299321,9761.0
43.01886924939831,4256.0
51.10129308595458,4515.0
60.89776968363618,5990.0
81.03086040074794,8568.0
106.82074795647179,13011.0
132.21440180544508,16982.0
114.66440649946672,15513.0
903.3863690189519,21693.0
155.00340128286967,21033.0
169.34140063354488,20989.0
163.18731440915403,19949.0
156.8366956851476,18778.0
166.91641637793887,19587.0
160.54816186896096,20598.0
157.20556045120176,20294.0
144.87011766553547,19041.0
120.8542805997257,16495.0
110.91728338589252,15292.0
95.22128334182733,12472.0
72.33630077281182,8701.0
41.162189664380485,4908.0
27.53702313794925,3197.0
20.942048507175425,2117.0
24.175183112791707,2468.0
43.64888890804138,4267.0
110.19095705026649,11243.0
150.46027228733445,18894.0
168.35389785720466,21754.0
150.5537384710743,20046.0
128.20396135706352,17525.0
91.44590845743117,13213.0
738.8891680768671,17576.0
129.57115101788804,17194.0
149.02325058687225,19057.0
145.7253461740292,18963.0
149.34486402028722,17328.0
171.2976700938504,20530.0
171.62072120106362,24374.0
163.3801884131107,23839.0
151.12734869971706,23107.0
145.58127019176206,22081.0
127.83250443367328,18421.0
100.95905254475457,13737.0
74.96916830805155,9235.0
46.66232660065231,5405.0
28.449291588351404,3270.0
21.60105771329207,2165.0
21.039227986484597,2062.0
41.68410303435608,3773.0
102.14769292493172,11321.0
153.99399813671903,20710.0
184.4094049365213,24567.0
165.6848596718523,21758.0
143.31124989606812,19446.0
91.35779080590551,13650.0
867.7994239012706,19171.0
139.59468337019337,19114.0
151.59497510962626,20790.0
151.69243937820636,19622.0
148.09906416125673,17374.0
169.8093913100466,21887.0
179.15920821093894,26346.0
168.67751639960545,26220.0
164.49063023021603,25408.0
157.62141354755124,25075.0
146.6385464363025,22198.0
123.51935800669604,17474.0
83.86135960567842,11192.0
60.14054738922728,7331.0
36.25351122185266,4248.0
24.149267157093224,2824.0
23.424889156015638,2559.0
44.61455890182239,4191.0
106.30458328880033,11544.0
148.12148871852642,20693.0
175.75130953354886,23794.0
155.8030603251574,21750.0
143.05159433671062,19423.0
94.25912113006801,14007.0
948.7378482195477,20024.0
157.94507640286142,19594.0
166.61594868832,20271.0
178.87550754006577,19502.0
158.71279997416275,16178.0
189.7819119380067,20550.0
204.4991187042074,24897.0
182.62875204527376,26604.0
171.41257762236324,26754.0
180.0255321913199,27452.0
171.78934194771554,25425.0
149.4922294969149,20872.0
105.4867213069434,13746.0
64.34785892356328,8063.0
43.334304040022836,5016.0
27.85811874490119,3291.0
32.161363064340804,3075.0
48.78307609061913,4424.0
114.65756601995493,11991.0
153.02944371677066,21073.0
175.2502494796142,24122.0
160.8470841746127,21991.0
144.48340890316422,19925.0
99.56881288049911,14609.0
975.1836612424339,20804.0
160.6334372610363,20400.0
190.7965998073838,21958.0
183.31587423837618,20177.0
162.37343686011386,16281.0
195.31244290303025,21191.0
206.5576919277871,27483.0
197.8415040413763,29110.0
187.83754813265782,28779.0
185.5241422196611,28283.0
185.9024139369163,26582.0
165.46522616816586,23339.0
128.18039347771057,18016.0
85.21741395051359,11535.0
62.678691372021625,7612.0
43.43807025014366,5147.0
39.630276399757165,4123.0
58.72574869727719,5230.0
120.07820666675586,11913.0
152.0773321678045,20584.0
173.88890087956074,24441.0
169.64213904618035,23156.0
145.2101402830313,20964.0
99.75619664518345,15280.0
931.0207383163938,21625.0
154.2602124214489,20761.0
179.96741106569294,22066.0
175.75732577998065,20043.0
165.23098592142244,16627.0
178.5836275610935,20541.0
196.63948010747774,26597.0
192.6679890619636,29149.0
193.49228671556443,27790.0
182.87716772285424,26427.0
179.906027788355,26919.0
181.69878646539266,27415.0
181.4554605746277,25604.0
160.267725137609,22049.0
126.14736037540253,17875.0
100.08216046045699,13247.0
77.08931575402234,8610.0
45.656343049204274,4409.0
62.84940492193153,5642.0
87.0881816920695,8466.0
109.58772302780869,12939.0
136.29508881931625,17843.0
151.40698218882153,20668.0
127.27907391481952,18063.0
1046.2747767109186,25045.0
180.9498338921468,25183.0
189.99869639011644,24834.0
182.56189836295297,23998.0
159.48407502650844,20351.0
173.5615352473939,23480.0
201.83603375605662,28058.0
201.89295947908496,28922.0
193.89316736871396,27325.0
181.39707660198926,26516.0
194.81008029498733,28075.0
192.5143853559163,28520.0
179.82963649298694,26307.0
164.71970869807194,23912.0
152.25765963974382,20992.0
116.89540815076936,15793.0
86.28547575252672,10154.0
45.237976112808234,4766.0
53.91303575128555,5047.0
69.22008543477416,7134.0
87.2964172586618,9881.0
116.68511770715892,14864.0
143.1290085449088,19276.0
127.11029511318834,17758.0
995.5365417940346,23500.0
178.93804238390436,23073.0
182.72755719182402,23371.0
176.9350445998066,22570.0
188.2390861605717,21225.0
191.89857823214433,22486.0
194.09078781719572,23867.0
174.8595955375755,22391.0
159.26818733121678,21600.0
151.67231226243769,19933.0
132.04495368946021,17740.0
118.26781128042613,13754.0
74.29054409399015,8593.0
42.526393945806205,4957.0
28.71935715129865,3219.0
20.67060790968238,2150.0
23.22393695465382,2448.0
49.79503318383113,4455.0
118.73882949285586,12062.0
157.25673286350164,20640.0
182.15952420237983,23289.0
182.84701643162057,23392.0
170.29917952518886,21399.0
103.98667960911749,14432.0
927.5075028768061,19862.0
139.8265279519402,18060.0
150.90615705876746,19233.0
149.2420389726348,18922.0
142.46361069996004,17057.0
159.37018232564793,21059.0
176.4039905379052,25644.0
166.78753787885364,24406.0
153.7141040810954,23103.0
147.24066446757104,21930.0
129.34581686893168,18982.0
104.3378203484687,14503.0
82.74045858409582,10215.0
47.531587857173044,6007.0
39.34213733538858,4491.0
23.700939268043147,2562.0
23.789944615087197,2286.0
48.9203230214681,4181.0
110.03640781814866,11928.0
153.06488494653715,20815.0
188.96259115052217,24959.0
181.4557290782322,23363.0
149.40524766194957,19525.0
98.17126672148572,14049.0
950.6174564440427,20099.0
154.4123550037206,19237.0
170.36520741104852,20863.0
165.06925698215315,19732.0
152.25374294911714,16993.0
173.26896781983092,21087.0
182.79561429761944,26352.0
172.37390162643047,26747.0
164.09173667405372,26650.0
161.71904398367042,26378.0
160.78799981961427,24348.0
136.98280162591035,18744.0
97.26076943584278,12071.0
54.93319285730548,7012.0
38.10227887750897,4448.0
25.87945212811442,2796.0
24.20792129867728,2618.0
50.53311287845986,4235.0
113.8398333183461,11742.0
145.7628849629626,20738.0
169.368684350984,23963.0
154.7023742987126,21685.0
140.54995922387653,19435.0
98.92636853684442,14176.0
946.5333350603771,20069.0
155.44439285970816,19722.0
176.07548406492728,21274.0
194.69700962677996,21998.0
154.62232771257345,15858.0
188.86349602666093,20831.0
206.24222718878988,26148.0
176.25378332859967,26270.0
174.65997119313178,27041.0
178.98792463446543,27240.0
172.25102559755098,25794.0
154.73376963213747,20842.0
102.82958786912522,13328.0
69.34569255330116,7963.0
43.819531295291874,4822.0
31.489471917242444,3127.0
30.08200834491397,2996.0
55.996113396727274,4491.0
118.15332452237097,12340.0
160.5826995946264,21851.0
182.36469489827095,24796.0
166.633641133081,22876.0
159.26134616268706,20840.0
106.61064280483072,15204.0
1054.657871579607,22073.0
174.24454606906914,21500.0
202.52038714792096,22346.0
200.5205973370378,20567.0
168.71125901055953,16287.0
203.108411296986,21254.0
207.46676590236152,27310.0
205.33743228759,29706.0
199.17994788509708,29430.0
195.81482160392022,29184.0
195.05486560182803,27772.0
186.2208674776092,25079.0
142.44190616757194,18353.0
94.52187100210921,11437.0
67.59312923077037,7606.0
49.11967498600425,5092.0
41.22363352266589,4080.0
54.051030846414484,4790.0
125.98006005391262,12000.0
167.1698870898023,21055.0
183.67673197389584,24325.0
166.03257693808436,22541.0
159.33887762033208,20975.0
106.31355833171132,15405.0
1029.7199884555896,21513.0
171.2363841148468,20256.0
190.53429148828,21711.0
189.66690308715718,19412.0
169.2975651837205,15862.0
202.47589336018115,20050.0
217.16108623291169,25451.0
213.41474178275234,28590.0
211.0711580681419,29222.0
199.49448806347348,28608.0
204.0599790531814,29536.0
205.70308338097766,28611.0
193.72657560674267,25640.0
163.30979627099487,21395.0
137.31852469533135,17439.0
107.578246770299,13213.0
76.42805426732916,8582.0
48.022160687545,4602.0
63.6744226973916,5452.0
87.08213860357405,8259.0
117.3840807431321,13204.0
140.5311028418153,18057.0
153.21886677362914,20676.0
131.3315279074146,18006.0
991.7614496978194,23863.0
178.62478722622072,23166.0
184.10186732673304,22278.0
180.540273816058,21969.0
156.87974431386854,19010.0
169.43450421014796,22062.0
196.11148347504954,27058.0
196.80322139903038,28918.0
186.92322166218278,27371.0
175.08989005830597,26423.0
183.5497355112874,27713.0
190.09289815441437,28308.0
182.7439638847923,26386.0
160.72707733488977,23750.0
150.8472409882374,20818.0
125.94296128658334,15795.0
86.29637358999118,10044.0
43.581399352032435,4550.0
50.53450289268841,4760.0
70.93039844814855,6945.0
94.41777212799518,9759.0
121.70699817597776,14271.0
147.30604273721022,17981.0
123.8153064740279,15981.0
987.9889937348407,22131.0
181.96360376193354,22178.0
186.07232393718922,22299.0
178.52820602417768,21232.0
168.06059697202497,19481.0
179.4635538245403,21533.0
174.65467456438643,21833.0
157.10183176445508,20391.0
149.48995074819874,19805.0
146.1352121446316,18489.0
126.21215217486854,16555.0
107.11027603703054,13188.0
67.59356326728428,8180.0
40.60087086361699,4759.0
28.7303467163469,3110.0
22.31849083727239,2278.0
24.95683793453746,2591.0
50.39457242771382,4506.0
109.76194989193975,11321.0
157.32420826054138,19654.0
172.77594749331723,22711.0
153.6870794890466,20910.0
133.014699354504,18247.0
94.07824241883353,13458.0
785.5247816341817,18475.0
141.35401444882504,18393.0
153.54240480180746,20140.0
152.04484435013848,19382.0
144.7878607158581,17552.0
161.63227450909858,21251.0
174.57450868033018,25396.0
171.77011364966972,25166.0
162.7409732430534,24030.0
157.94896178784762,23774.0
145.59941667534747,20809.0
113.2070312787575,14681.0
73.02204759758163,9252.0
45.32545271944872,5553.0
29.64608650166938,3454.0
20.603758529676707,2202.0
21.038143624361236,2213.0
44.67246521741359,4086.0
99.91171882771484,11228.0
154.16818250015015,20157.0
167.5312246991584,23261.0
152.67934763804647,21580.0
137.08981871968984,18895.0
94.67060228029527,13804.0
903.4402615509019,19366.0
145.53745375812693,18789.0
156.61556830089145,20441.0
151.0545055432759,19531.0
141.36627366698622,16942.0
169.89632787645456,21083.0
179.8416433656876,26143.0
166.64417760278081,25847.0
160.96692177116591,25910.0
157.32606090409698,26355.0
153.25826702926477,24058.0
125.45058064798964,18334.0
87.86966332550782,11540.0
57.27088582605906,6848.0
34.05447582347092,4231.0
25.09742145214063,2841.0
25.37828792690571,2655.0
48.78027813592748,4305.0
104.95550874546497,11472.0
147.98151632466653,20519.0
171.01390892004815,23785.0
151.4485656347818,21860.0
140.39899847830864,19501.0
97.3016321157069,13928.0
978.7345563374047,19985.0
161.46398741294163,19697.0
174.5717133291753,20587.0
180.77899731776782,19695.0
166.54087059667467,15424.0
192.56719901750748,19403.0
201.68908482863287,24457.0
191.54746115810008,27200.0
198.73345499816173,28092.0
185.14446135322666,27744.0
185.0118922798066,26426.0
158.40772008654102,21242.0
116.02235882531762,14312.0
65.82976339485477,8364.0
45.02337991939785,5000.0
30.72898331662223,3282.0
30.684576934883836,3102.0
49.500006581992444,4507.0
120.06465178863,12317.0
155.62350371650302,21133.0
179.67341787765739,23914.0
158.6880013663276,21795.0
153.1610862791532,19841.0
93.1759717984811,13899.0
997.7052081639889,20414.0
171.4148429470784,19937.0
188.79124243847716,20981.0
190.1740388294834,19206.0
167.22777700461435,15430.0
201.62111508960842,20412.0
203.9073326557589,26770.0
198.41373993883707,29047.0
184.88280739030216,28549.0
192.07431180184784,28831.0
199.27058034012416,27092.0
175.65094651617127,23350.0
