0.34974192172712315
0.33989889546060764
0.3408447523143173
0.3411640130938274
0.3405271447695656
0.3396906399278576
0.33884114956621525
0.33810950387520067
0.3380942220796161
0.3379991468664392
0.33858247359746735
0.33817766131047866
0.3379919126096429
0.33814368748679413
0.33829452482512
0.3386181723373399
0.3388194306005294
0.338796542056078
0.33884872360518753
0.3387634259668605
0.3387012741971823
0.33867236113373594
0.33845251049594244
0.33838680600388726
0.3381438423669327
0.3380913184797254
0.33806278801572903
0.33778800965552724
0.3378940529444837
0.3379886418220699
0.3381556399203433
0.3380393695343636
0.33815456140251576
0.33821608256257313
0.33827194511679276
0.33838244102914394
0.33838065159377917
0.33845106695442423
0.33842089680722287
0.338450646910404
0.33835515911077435
0.338296582121942
0.3382695810845192
0.33821966273013965
0.33815699239386793
0.3382172328738237
0.33839583548823354
0.33835808219635544
0.3382714698705892
0.33819339673284304
0.33822401814406833
0.33821758191679624
0.3381226646272449
0.33792288822360866
0.3379205052321806
0.33796897427294975
0.3379961501767434
0.337954336906884
0.33791231652808945
0.33783664957274845
0.33776904329758767
0.3377941576284028
0.3377302420499179
0.33767576198045274
0.33774930390780905
0.3378007697504882
0.33780283437836534
0.3377430278890783
0.33776347075776064
0.3377847086523335
0.33783641295895694
0.33780831225514146
0.33775371892097544
0.33766369045975025
0.33757259316380767
0.3375026616974907
0.3374836669638091
0.3374707413847477
0.33745600736279285
0.33740302573378594
0.3373864504365557
0.33743867094918634
0.33745113816052297
0.3374308346308229
0.33743206125274616
0.33739178830951283
0.33732839045479773
0.3373353396701139
0.337315961520143
0.33725429994999256
0.3372953712509425
0.3372774734718457
0.337236997365784
0.33709672359095016
0.3370770586809823
0.33706608216656303
0.33704670545714377
0.3370318811863486
0.3370581418489331
0.3370993021646907
0.3371229728245231
0.33711410250493856
0.33713116962609485
0.33714967545108254
0.3370980861873788
0.3370717649332761
0.3371400095544514
0.3371698228623122
0.337198537893805
0.3371674500840217
0.33721968955065207
0.33722754445070297
0.33724023664359265
0.3372338067016192
0.3371968787624558
0.3372094089194138
0.33723936185254927
0.3372053300771982
0.33723608244968045
0.337275814827282
0.33725661509624527
0.33730347805509625
0.33735803662865405
0.3373894078461737
0.33739806511780124
0.3373506683280711
0.3372875926326695
0.3373066500385989
0.3372582985191101
0.33728912676394446
0.33722869421406165
0.33723365985583437
0.33724407482086277
0.33725016618588555
0.3372196843890706
0.3372443008104877
0.3372334663868033
0.33724462759530055
0.3372334181529857
0.3372153567325302
0.33717286240252736
0.3371401960450163
0.3371617023380491
0.33712065434954186
0.33708961374605056
0.33707877815890847
0.33707956704504244
0.33708288176123347
0.33705880685352363
0.33706134362530876
0.33707980377514135
0.3370993346172007
0.3370940517817059
0.3371165785811944
0.33714569263997624
0.33718745337283623
0.3372239735783724
0.33725812074451883
0.3372747410668669
0.3372505197087133
0.33727291995077247
0.33728818642093183
0.3372616702170785
0.3372487141235425
0.33720693580491734
0.3372176424978842
0.3372274377786709
0.3372064730458418
0.33715952173294705
0.3371094760735048
0.33711934745439653
0.3371024188149314
0.3370894553333539
0.33706112845805625
0.33707754752881824
0.3370844487437412
0.33710957923010676
0.33713209458530863
0.33715520137515903
0.33713825558854166
0.33715266744239053
0.3371427274576873
0.33711487525144485
0.3371141587220846
0.33716025801640936
0.33713711936832763
0.3371244781349625
0.33707409624068535
0.3370575861131942
0.3370648522405273
0.3370499643562959
0.3370388614415629
0.33701300918934896
0.3370319215122009
0.3369884860770368
0.3369860340229159
0.337005304945425
0.33702835943577064
0.33703852371379833
0.3370311883541348
0.33701376777947845
0.33702329289761124
0.337046027802373
0.337033203309346
0.3370216249484169
0.3370284642483882
0.337032263784064
0.3370713580991577
0.33709220390312883
0.33712032981307827
0.33710649566770196
0.3370847012592459
0.33710248092298545
0.33712717146228016
0.3371255211777547
0.33714801010902135
0.33713230778595243
0.3370975255121232
0.33709856801633564
0.33710914152912896
0.33710330917415604
0.3371125463734987
0.33714773651401564
0.3371384100754438
0.3370957991041208
0.3371066627004015
0.3371099939670397
0.33708916395398575
0.33710685390448974
0.3371268865118317
0.33711209224144645
0.3371127861648394
0.3371241738845272
0.3371271968350803
0.3371378891247969
0.3371580874054817
0.33717279594440785
0.3371669626026166
0.33715229792721985
0.3371367550708475
0.3371500218756912
0.33713647367468885
0.3371275397224835
0.3371231253519281
0.3371117824107482
0.33713251223279334
0.3371514412696078
0.33714938634094954
0.33715384683914884
0.33715294316659217
0.3371614669956247
0.3371491196923851
0.3371499102228569
0.33714128309395236
0.3371646210154902
0.33716566887718014
0.3371428193747182
0.33714120415712867
0.33715335319510387
0.3371617240531655
0.3371517382443099
0.3371410058516397
0.33713577668944056
0.33712251265466525
0.33713133810693263
0.3371328210816665
0.3371260026253069
0.3371129117212227
0.33714180408161176
0.3371416313470856
0.33713461386094934
0.33711127682896946
0.3371156898338808
0.3371166393983943
0.337149031334784
0.3371712705949993
0.3371776551530625
0.33716107066495854
0.33714065904104534
0.337145868664587
0.3371486472574257
0.3371515738562235
0.33713939878112736
0.33714249048079187
0.3371637798091817
0.337144960033233
0.33714561622722494
0.33714484528813476
0.3371377574386834
0.3371158813234604
0.33709867052208886
0.3371271533741635
0.3371187810019963
0.337115364866132
0.3371208267015806
0.33711488400929346
0.3371098663886735
0.3371052417293595
0.3371197419420673
0.33712406534758954
0.3371312077319799
0.33713136170348174
0.3371128904858347
0.33708670480782105
0.3370924933826224
0.33705965110658054
0.33706996998082334
0.3370784119291775
0.33709017206623654
0.3370997210378458
0.3371152055271083
0.3371340970610996
0.3371538150817914
0.3371781398823447
0.33717275809106273
0.33718864402532644
0.33719481022253034
0.3371848028399436
0.33716547038815187
0.3371826240813157
0.33718517892052685
0.3371812691922183
0.33715926201877705
0.3371806092028234
0.3372035778180125
0.33721186036998974
0.33721631923101164
0.3372177369371738
0.3372301445719021
0.33721450202167325
0.33719955333050855
0.3371829324872661
0.3371650173395918
0.33717381946016173
0.33719128371263957
0.3371821685767562
0.33718703843530046
0.3371960281838589
0.33718950239182266
0.3371777663733677
0.33718036840138677
0.3371777948835206
0.3371765436434234
0.3371832206801604
0.3371909413646683
0.33719971165057644
0.33721295057262923
0.3372222665624198
0.33720621716450006
0.3372080095995162
0.3372243347854567
0.33720518798535576
0.3371967853658184
0.33718806019181113
0.33719497105813806
0.33717470677808514
0.3371473263440025
0.3371507829883164
0.3371406532980252
0.33713188454111026
0.33713321278286834
0.3371338733564199
0.3371396921229141
0.33713713616791796
0.33715988424030535
0.3371547314687825
0.3371494586037636
0.33714959605118794
0.33713896519857156
0.3371554457688386
0.33715382986837933
0.33715385035668544
0.3371643186444626
0.33717564187423277
0.33718549102792017
0.33716891552479616
0.33715960315797955
0.3371657633803365
0.33718656579680456
0.33719293588092897
0.33717865131331687
0.3371665883631474
0.3371477432771701
0.3371441712209568
0.3371470662286091
0.33715183958488426
0.33715914040334316
0.3371579862190814
0.337153785139402
0.3371443491576154
0.33714202795169373
0.33715447414102095
0.33717082994355585
0.3371894602377155
0.337197881388371
0.33719228517576744
0.337201946815093
0.33721756606486925
0.3372101859328972
0.3372167707213513
0.33722665353466685
0.337245861077891
0.3372391241389125
0.3372381543396458
0.3372437997177514
0.33724519472905745
0.3372253147083933
0.33722221744979075
0.33723079090879465
0.337239694378476
0.33724426099251803
0.3372316599424985
0.3372428469209879
0.3372490886139682
0.33724488377319256
0.33725061478882107
0.33724180762070777
0.3372500213749368
0.3372554090588106
0.3372550419803812
0.3372408822597064
0.3372467097146835
0.3372584234983993
0.33724972679976334
0.3372475404800626
0.3372431356000134
0.33725570240402897
0.33725610660597033
0.3372427150685793
0.3372422117666479
0.3372433788688743
0.33724831908592806
0.3372389065821386
0.3372367889918775
0.3372400438528077
0.33723610251008257
0.3372503189099516
0.33726214624631884
0.3372388995068794
0.33725656250787306
0.33725645171359053
0.3372601852789895
0.3372635417742849
0.33725813644804664
0.3372653227799672
0.33725975333950114
0.3372604249028075
0.33725940222804307
0.33725856962157963
0.3372525265580499
0.33724033541570875
0.3372427044637398
0.3372411196209523
0.33724679720428574
0.33725683392229044
0.33725844871969624
0.33725748060825156
0.3372616753017491
0.3372560020313701
0.3372484355690991
0.3372460450418269
0.33724727348829286
0.33724628992234557
0.33723424357457676
0.33723377614178063
0.3372297859558095
0.337236374024415
0.33723716741848564
0.3372417234923719
0.3372377682607951
0.33723654892688026
0.33723413819055614
0.3372356587528566
0.33723132031118597
0.33723937205378646
0.3372476090085062
0.3372434661376504
0.3372467838118726
0.3372449176010048
0.3372568917048404
0.33726454954401924
0.3372746097525773
0.3372816363740069
0.3372771377307463
0.33729876494632244
0.33730302594248046
0.3373180752941016
0.33732072159631105
0.33732518773547016
0.337327980948725
0.33732632258782697
0.3373252849954768
0.3373180796895148
0.3373180846352468
0.33732195903069323
0.3373010909745358
0.3372999796395074
0.33729956017517654
0.33730054606389076
0.3373091876240398
0.3373191366749934
0.33734010270955106
0.33734928928656316
0.33734266983555034
0.3373436468083711
0.33733760077633906
0.3373282579170814
0.3373260671176152
0.3373247705618952
0.3373235816896744
0.3373175684749621
0.3373076063783103
0.3373202447956867
0.337334495548151
0.33732264447196747
0.33731750806427935
0.3373062732082747
0.3372869040202794
0.3372944999024188
0.3373045189058228
0.3373140399950253
0.33732092164192085
0.33731263875275536
0.33731342156862903
0.3373090959275671
0.33730993817784144
0.33730641736020817
0.3372985940595589
0.3373049243538531
0.33731052057798844
0.3373040297844
0.33730911537990105
0.3373127131618778
0.33732297529786476
0.33733334316431146
0.3373461711084367
0.33733800328142627
0.33733093566583555
0.33732632052273875
0.33732477785407666
0.3373261257728894
0.33733270529081144
0.3373389978660558
0.33733528837326865
0.3373309329677621
0.33732133286711025
0.3373283980727806
0.3373206704005449
0.3373126227657504
0.3373099168351735
0.3373113509790648
0.337314519840888
0.33731014541400317
0.337317158382135
0.33732628989708785
0.33732972142978224
0.33732080633630246
0.33731409248031075
0.33731089800261743
0.33729819547908363
0.33729449215129376
0.3372898895907804
0.3372815174824853
0.3372785185499443
0.33726722047638585
0.3372644990418229
0.3372614209879679
0.3372613879053898
0.3372540998997457
0.3372455808176557
0.33725161533981496
0.3372534724045189
0.3372690482475348
0.3372769514104111
0.3372815919040011
0.33727210847948375
0.3372698870625571
0.3372744362320365
0.3372813502486727
0.33729271294268254
0.3372977851520294
0.3372972632019246
0.33729786378073545
0.3373028075299644
0.33729376843471215
0.3372872372629228
0.337292494268317
0.3372853455030676
0.3372782673142409
0.3372887752778819
0.3372982289920898
0.3372983654280255
0.33729934737474676
0.33728197736651416
0.3372724987831269
0.3372612916842134
0.33725364197156493
0.3372441087598292
0.3372365099980491
0.33723770081315546
0.3372444152779948
0.3372380499984367
0.3372378534582918
0.3372394990942815
0.33724372224113625
0.3372509711481776
0.33726280608986703
0.3372534704473335
0.3372420926935227
0.33724122142357915
0.3372386880902875
0.33722816361620267
0.33722038973719354
0.33722564786776144
0.3372267582677072
0.3372172366118746
0.3372159348675027
0.3372161724038017
0.3372018766815772
0.33719414165456707
0.3371925881505022
0.3371969074633539
0.33719400172839936
0.3372016830282051
0.33719542851508366
0.337196913393358
0.33719454969555995
0.33720025853831914
0.33720548633972414
0.33720619613627845
0.33720879946589294
0.33720765076800874
0.33720978018234915
0.33721335007196107
0.33720462542417784
0.3371984064211448
0.33719573672594966
0.33719940757736727
0.33720160210814487
0.3372060049469173
0.3372132616449926
0.33720920743372557
0.33721832188852585
0.33720976368183503
0.3372147125979305
0.33718943696936987
0.3371711732744339
0.337162283406421
0.33716219390783914
0.3371637613220591
0.3371644878998447
0.3371676204958998
0.3371717329258797
0.33717684846962864
0.33718451451169734
0.33718877549158777
0.3371925109055945
0.3371887445166824
0.3371865564617083
0.3371947036561573
0.3372061276907107
0.33720888969521184
0.33719931678494613
0.3371967859526666
0.33719397325341893
0.3371905486361894
0.3371969463084918
0.33719444562125234
0.33719713035118465
0.33720988682982445
0.3372166219877116
0.3372196346942819
0.3372233341687517
0.337212295734652
0.33720744995762575
0.3372040909000407
0.3372000700300556
0.33719613040201785
0.3372080674515501
0.3372104708038459
0.3372119228358268
0.33722268728706367
0.3372241989159007
0.3372236011867268
0.337223634975063
0.33722711784022824
0.33723443558249044
0.33723567405125976
0.3372410912023276
0.33725284515681114
0.33725620045355675
0.33725890732473646
0.3372593302095629
0.3372586131269699
0.3372530054225372
0.3372512540472353
0.33725067719232016
0.33724521397511914
0.3372471683912185
0.3372609967363662
0.33726790868338913
0.33726266806019656
0.33725484822390805
0.33724720937812785
0.3372360458648372
0.3372294491606016
0.3372390581077006
0.3372382911417931
0.33723819450979925
0.33723703390962334
0.3372302166495141
0.33722658290049234
0.337223874623137
0.3372193115849785
0.3372288449778488
0.3372317942161638
0.3372287424340645
0.33723730321302997
0.3372438012120398
0.3372488096840319
0.3372476623362644
0.337241462461206
0.33724558038077124
0.33724389811661987
0.3372428100911598
0.3372429283549687
0.3372394229845696
0.3372470018247912
0.3372472152755068
0.33724455245565094
0.337246990276203
0.33725334628362147
0.337250977843823
0.337251567796492
0.3372495027312496
0.33724959467730614
0.33724303261791033
0.3372387118824175
0.33724390512790237
0.33723932236670534
0.3372296069552452
0.3372299465342399
0.3372223200151894
0.3372176006591735
0.337218482079921
0.33722510318733717
0.3372302482258605
0.33723764569750825
0.33723487039288247
0.3372404391702674
0.33723862605575794
0.33723757899058354
0.33723125661390346
0.33723429970683716
0.3372423452547681
0.33725135367583947
0.3372552013222309
0.33725235057626396
0.33724701105053434
0.33724807113645594
0.33724900171682504
0.33726348367078907
0.3372657443718805
0.33726903695804294
0.3372644640218267
0.33726131025443334
0.3372566493547357
0.33724950535443365
0.337244758286012
0.33725283732624955
0.3372549896795725
0.3372597059443149
0.33725848379225803
0.337257708298881
0.33725555302281474
0.3372542643908126
0.33724614813127624
0.3372541324868474
0.337249550240436
0.33725789786207383
0.33726425321228937
0.3372669521684313
0.3372738924378286
0.3372796549846754
0.33727904487420857
0.3372819798166361
0.33728852085870303
0.33728776057070053
0.33729352382375577
0.33729184637955273
0.337296926795569
0.3372992957038565
0.3372989739243736
0.3373029107057843
0.3373076850535838
0.3373099224033446
0.3373175550525258
0.33732198527393487
0.33732440862305774
0.33731662865473594
0.33730163954241726
0.33729614157122484
0.3373017523855556
0.33729489233828924
0.33728712470095495
0.33729075921213153
0.33728284535817543
0.3372746925311602
0.3372729356970962
0.3372835582506099
0.33728545278845273
0.33728814144287605
0.3372867702862227
0.33728154274028715
0.3372824546984691
0.33727868478133577
0.3372806408487618
0.33728276184919576
0.33727944641444624
0.3372842276061126
0.33728455678940683
0.3372760813177117
0.33726950360110797
0.33726983426049395
0.3372723799272668
0.33727584547393563
0.33727767749172927
0.33727048592215625
0.33726299738111
0.33725223640674173
0.33724834337281356
0.33725395026277416
0.3372549869869453
0.33725371674554167
0.3372541592951953
0.3372540129929217
0.3372589506590869
0.3372618004298563
0.337264600379083
0.3372648605942996
0.33725966691627635
0.337256886815762
0.33725450233004983
0.3372556233823707
0.3372542044861292
0.33725384618890547
0.33724562809650976
0.3372396204085008
0.3372341314113169
0.33723269120896143
0.33723330133381596
0.3372264536736422
0.3372200274579238
0.3372133068327703
0.3372077932214863
0.3372144155694086
0.3372215422314182
0.337228107039696
0.337235892230187
0.337240053955191
0.33724323021761504
0.33724330599291247
0.3372502929493118
0.3372533842189111
0.3372543337605624
0.33724883438798686
0.337246697990644
0.3372402036034617
0.337239559974847
0.33722831723229396
0.33722946778901713
0.33723372385865236
0.3372425633240253
0.33723858458356987
0.33723601764883715
0.33723225116179506
0.33722755672811616
0.3372221246804994
0.337219262941297
0.33722574898772173
0.33723256612259583
0.3372410173488467
0.3372485389572039
0.33724707421706285
0.337248432562739
0.3372512592049055
0.33725045391748204
0.3372476367077626
0.33725274417107465
0.3372498435679134
0.3372491435205016
0.3372512777394137
0.3372559159291931
0.3372641128377716
0.33727330668189
0.33728010788870033
0.3372806878930944
0.3372790991348466
0.3372741084274729
0.3372726899065796
0.33726601835130104
0.33726329652396064
0.3372694337839171
0.3372736311462591
0.3372648386433143
0.337251009862677
0.3372457095887184
0.33725730894908673
0.33726473093086223
0.337270139353385
0.3372740588471716
0.3372829457732462
0.3372818254629315
0.3372768335215884
0.3372787161194505
0.3372767533368334
0.3372695072847534
0.33726615946578165
0.3372702227222656
0.3372697665618988
0.33726459026452876
0.3372614461400227
0.33726412560794566
0.337263408910993
0.3372596647821975
0.3372677465348859
0.3372705913260328
0.3372694116904756
0.33727040190535706
0.3372671089021864
0.3372715353899492
0.33726901321284314
0.3372662918374722
0.33726701595749115
0.3372635970664914
0.3372572301181521
0.3372575209989533
0.3372655716405452
0.3372684386211345
0.337272982958855
0.33727504853838464
0.3372828271596216
0.3372833809232595
0.33729352043071703
0.33729738794252295
0.3372946994157447
0.33729970654607666
0.337314263678399
0.3373176653801787
0.3373248224658134
0.33732819976232753
0.3373239449886807
0.33731722834576927
0.3373217978275126
0.3373251246886665
0.33732416264275555
0.33731716059326233
0.33731496966284724
0.33730707950398675
0.3373035901023088
0.33729896506646967
0.33729509169368743
0.3372918860495111
0.3372891116498261
0.3372913005214026
0.33729362849017125
0.33729388106756997
0.3372927488522029
0.33729584070081736
0.33728881837965147
0.3372833929661341
0.33728470780732067
0.33729053583759633
0.3372936941351522
0.33729346949971134
0.3372928607849566
0.33728748487514315
0.3372891751747592
0.337297406470329
0.33729454442217316
0.3372958462687957
0.3372995386097516
0.3372985783624515
0.33730013096687583
0.337302474068043
0.33730031354362133
0.33729274835080053
0.3372897197569088
0.33728992575178296
0.3372895233938112
0.3372837237304421
0.33728639473165684
0.3372883748889014
0.33728518022448517
0.33728849723599685
0.33729103411247696
0.33729215155751435
0.3372951456908399
0.33730099660616075
0.3372983497121809
0.33729138909607487
0.3372896193584237
0.3372956674043827
0.33729264294389144
0.33728885737170805
0.3372891539854462
0.3372852929195883
0.33728927928221947
0.3372872625270903
0.3372952083381342
0.33730178925323434
0.3373023408672214
0.33729534095494995
0.3372958662324815
0.33729417690496427
0.33729303814234657
0.3372946984458449
0.33729412331645076
0.33728710010598845
0.33729102627643676
0.3372910788107962
0.3372953430876553
0.3372962405171003
0.33728776606283506
0.3372751763007649
0.3372757929608712
0.33728116004083686
0.3372842674285626
0.33728391784044326
0.3372890517944994
0.3372816809064257
0.337277776532978
0.33727356153574095
0.3372788421266418
0.33727595170489005
0.33727338874306845
0.33726846907825614
0.33727079803483967
0.3372733266153675
0.33728049508874186
0.33727900977758724
0.3372719752286945
0.33727136070344144
0.3372698860256533
0.33727111598931003
0.3372707568446008
0.3372707537193663
0.3372674529932007
0.33726978808227476
0.3372685704535237
0.3372734705765055
0.3372739412925744
0.33727737848894257
0.3372757244038031
0.3372788764818964
0.3372829427414556
0.3372860762161097
0.3372809754850919
0.33727804531739825
0.33727844247263294
0.3372790925233808
0.33727734330412634
0.33727690956996886
0.3372794288395364
0.3372793534266962
0.33727423493405123
0.33727109146616424
0.3372728240615009
0.33727042924730416
0.3372670820199712
0.3372679121343232
0.3372632551977426
0.3372703519200946
0.33727274383690015
0.3372797649754397
0.3372829812533584
0.33728366608129645
0.3372821295386732
0.33728490770516434
0.33728834058817003
0.33728515391707103
0.33729038252203064
0.3372899718495707
0.3372912555646799
0.33728754247118164
0.3372850369104347
0.3372794664661678
0.3372746305033262
0.33727060470527037
0.33727104674288333
0.33726847425646256
0.33726390877862616
0.3372662867028067
0.3372636923584827
0.33726401756458196
0.33726773051571507
0.3372709215774017
0.33726998303271294
0.33726802643102805
0.3372693707484289
0.33726839393902625
0.3372649485232554
0.3372632491428534
0.337260409353467
0.33726199301677184
0.3372614270107729
0.3372549488425
0.33725381823043926
0.33725237285449033
0.33725042999063887
0.33725621317729737
0.3372575578236947
0.3372607414858053
0.3372655744828245
0.3372677574516455
0.3372686071835634
0.33726591249023985
0.33726815313796377
0.33726975472184917
0.3372701295607128
0.3372771851951596
0.3372833471366467
0.3372844935073287
0.3372809982237681
0.33728177482559196
0.3372822218553161
0.33728517917751916
0.33728268567601355
0.337283369486029
0.33728742938400874
0.3372929032907442
0.33729142627928144
0.33729185258562705
0.3372881663470837
0.3372823155887942
0.3372839123680232
0.3372861241876036
0.33728765155212964
0.33728910942244933
0.3372898393663867
0.3372857837571779
0.33728167223181527
0.3372821548380806
0.33728744698317825
0.33728190252343054
0.3372779741834424
0.3372783357023233
0.33727715098685185
0.3372774887677653
0.3372768301952274
0.3372751605373878
0.3372736740039284
0.33727222502651727
0.3372663268390349
0.33726567705426364
0.3372614320604093
0.33725594739992204
0.3372481661660769
0.3372455915323448
0.3372468611172319
0.33724791242903357
0.3372460815586169
0.3372501575192911
0.33725274569857827
0.337253475554024
0.33725427106484246
0.33725769382101806
0.33725346935596867
0.3372527907321648
0.3372554570268585
0.33725297454339065
0.3372498104130973
0.3372488653454398
0.3372477958790994
0.3372458337535317
0.3372448432212925
0.337237835506115
0.33723864840583107
0.33723796161071756
0.33723521901629716
0.33723318437606065
0.3372292491917833
0.3372288093022404
0.33723434514895645
0.3372357686822843
0.3372347895456417
0.3372398455771745
0.33724295413534816
0.3372493121239323
0.33724803170706
0.33725054274102473
0.3372519489084479
0.33725035693643934
0.3372521752197881
0.3372533687232325
0.33725928920346676
0.337260020027355
0.33726495304685256
0.3372675276503613
0.33727232639459814
0.3372684675637964
0.3372593521786406
0.3372584113669138
0.3372563987135698
0.3372628796250165
0.33726071210179
0.337262592177886
0.33726079430030415
0.3372619301812139
0.3372624891319457
0.33726129039442976
0.3372625327752048
0.33726433752377155
0.3372607425648964
0.33725967485258335
0.3372578607621973
0.33725875026289986
0.33725732772721345
0.3372608916856222
0.33726269224700073
0.3372600260381052
0.33726198754837017
0.33726270525371205
0.3372541633157726
0.3372522030809701
0.3372460898344432
0.33724202232790385
0.337244845885382
0.33724896214282896
0.33725349846792196
0.3372585335523085
0.33726544799671304
0.33726164202503667
0.3372614731589495
0.33726867923158677
0.3372659292861931
0.3372652451362823
0.33726676869022687
0.33727173513645464
0.33727729231146125
0.3372803418355795
0.3372822130552709
0.33728818480663797
0.3372822797281781
0.3372813914295638
0.3372816745740346
0.3372794647194184
0.3372791252254895
0.33727957976358
0.337285396909857
0.33728481129818616
0.33728838817980783
0.33729056348131065
0.3372832974878808
0.3372886494246737
0.3372882716978281
0.3372862386950357
0.3372896769774466
0.337289583688123
0.3372854184356257
0.3372800494578147
0.3372828062675297
0.33728470535230537
0.33728677091832315
0.3372827928414242
0.3372807315042619
0.3372829891494251
0.33728193327023914
0.3372813678148623
0.33727720187996296
0.33727698076979895
0.3372785510713095
0.33727487073170853
0.33726907027734443
0.3372673648718036
0.3372683506305937
0.3372689870584083
0.33726911781205177
0.3372723173249491
0.33727234358046254
0.3372702124769068
0.3372669078528254
0.33726780876976264
0.3372710642032227
0.33727170257750466
0.33726810815847924
0.33726951213337136
0.33726997526103814
0.337272209358329
0.33726882933250596
0.3372659889496182
0.3372657053752725
0.3372612015528351
0.3372661685005112
0.33726840447040435
0.3372625921707144
0.3372575353386524
0.3372530464400471
0.33725080068378877
0.3372488556317346
0.33725519644047386
0.33725611285284474
0.33725207197113466
0.33725056428905925
0.3372470633701255
0.3372468451137451
0.33724085681445715
0.3372356136193171
0.33723564371755455
0.33723662654236664
0.3372311455472282
0.3372305565965358
0.3372328891540349
0.3372294315763069
0.3372268547034945
0.3372206106759834
0.3372168425115823
0.3372201650320488
0.3372219741370724
0.33721683046583883
0.3372161023272986
0.33721268625573253
0.337213057182016
0.33721025826971657
0.33721295806450013
0.33721503589435103
0.3372150527183395
0.3372229087720449
0.33721984960936824
0.3372161813659541
0.33721588974575717
0.33721557726380796
0.3372126324444031
0.3372126885342134
0.3372181291698041
0.3372188093778791
0.3372203323791077
0.3372165798650756
0.33720788355182596
0.33720436855277164
0.33720522402888786
0.3372089598806757
0.33720873918744865
0.3372112608475295
0.3372096530179928
0.337209838222513
0.3372009357300657
0.3372007189193579
0.33720223619704487
0.337203544545886
0.33720019313956767
0.3371921237242339
0.3371911933140337
0.33719395994562723
0.3371928123031987
0.33719264121752845
0.3371981905085262
0.3371988835546426
0.33720003228624706
0.3371964196648822
0.33719571655343966
0.3371969536257482
0.33719841541135287
0.33719768641332976
0.33720019592262057
0.3371996049490677
0.3371982264520455
0.3371987512742235
0.3371995745794714
0.3372005027668448
0.3371951317210329
0.3371954524267295
0.3371998590845268
0.3372024791504797
0.33720209075129604
0.33720451903841486
0.3372056594308524
0.33721088569527774
0.33721687376895043
0.33721939501272946
0.3372178764998463
0.3372187515928495
0.3372282928191844
0.3372306193461191
0.33722977427622464
0.3372334425630364
0.3372344403644732
0.3372391063841249
0.33724229693480823
0.3372477254022245
0.3372477746383201
0.3372456649079903
0.33724858615967035
0.3372501952987119
0.3372478201193184
0.3372542340155828
0.3372524727210221
0.3372528320315832
0.3372506722423912
0.3372479480632844
0.3372451653615067
0.3372455937428416
0.33724567558112345
0.3372466375823082
0.3372431074172239
0.33724128410855403
0.33724797497265896
0.3372466229321626
0.3372476350435248
0.3372502198172785
0.3372532270151311
0.3372531040513374
0.3372487843201661
0.3372480129640965
0.33724557188600507
0.3372422101142884
0.337243897405557
0.3372436356048796
0.33724376083689067
0.3372444466627087
0.3372512728552682
0.3372526438547998
0.3372538135236907
0.3372536320816657
0.3372574276209583
0.3372541970391633
0.3372556189896229
0.33725183977875794
0.3372469783979946
0.33724365147895663
0.3372413681235353
0.33723611560873595
0.3372383737159036
0.3372359063724247
0.3372261853924673
0.3372252784494387
0.3372241018421298
0.33722794250965243
0.33723270265088034
0.3372320305821207
0.3372317907741749
0.33723040121629116
0.33722804178623517
0.3372270493029761
0.3372305415789101
0.33722943484959855
0.3372266592779434
0.3372271550117357
0.3372285963174056
0.33723041277137267
0.3372324716340305
0.33723215769605724
0.33722935129577714
0.3372313271606819
0.33723496493877
0.33723622918794516
0.33723517398671193
0.3372367299118059
0.3372352372408038
0.33723316291681654
0.33723046068038925
0.3372330745031108
0.3372327830184454
0.33723616533010825
0.3372355108844418
0.3372336878335023
0.3372323990970866
0.33723502059179356
0.337236337204563
0.3372382291192737
0.33723844852363577
0.33723802396337815
0.3372331936367574
0.33722910796496575
0.33723014561565484
0.33722656925311506
0.3372258182120243
0.33721795190593373
0.33721730207054673
0.3372179793132431
0.33721691344531535
0.33721317153158
0.337214585212464
0.33721717444289934
0.337213822709441
0.3372148302996329
0.33721687199090905
0.33721883118558743
0.33721619074660003
0.33721319590005705
0.33721275029066394
0.33721441890698195
0.33721427899699813
0.3372128023818885
0.33721271849665085
0.33721428873937553
0.3372125993888767
0.3372052398614712
0.3372073381973594
0.3372065494314513
0.33720849094340033
0.33721233997070593
0.33721126608838337
0.33720891974430744
0.3372101369558515
0.33721195162926804
0.33721306120864375
0.3372174648659107
0.3372214530887655
0.33722305916402034
0.3372250569699103
0.3372271870639025
0.337229492801392
0.3372277144550429
0.33723035399044693
0.337233314447128
0.33723403503812505
0.33723231660695835
0.337236138651781
0.33723975123209415
0.3372402535793515
0.33724337057266957
0.33724300434877946
0.33724620982417575
0.3372482023859166
0.3372458552408586
0.33723650436068325
0.3372319262785419
0.3372316111088442
0.3372311440595962
0.3372347089879036
0.33723191264549873
0.3372335943653883
0.3372363493167837
0.33723789032065926
0.3372340576337957
0.3372287480978536
0.33722957717547375
0.3372304455315828
0.3372308359887808
0.3372314989949135
0.33723156986709785
0.3372306233382911
0.337232610674424
0.3372301760229147
0.33723097798831686
0.33723310831274744
0.33723494706643653
0.337232093913915
0.33723119739053115
0.3372355588021313
0.3372424907916155
0.33723978483310096
0.3372372126656681
0.33724201569358164
0.3372460314963637
0.33724554217742525
0.33724608307206017
0.33724418746161505
0.3372400812329324
0.3372390041082999
0.3372431832610171
0.3372445714277769
0.33724195842174143
0.3372415738912659
0.33724091490103586
0.33723845678952125
0.337234261525142
0.33723245745184127
0.33723370469898056
0.3372336969014513
0.3372329741167408
0.33723227297914954
0.33723804422697573
0.3372310882533469
0.3372322079771705
0.33723555738798944
0.33723870734851635
0.3372432619164847
0.33724198701092306
0.33723799726464604
0.3372395576106897
0.3372367366201399
0.33723572861241535
0.3372316381076891
0.33722596995130383
0.3372245169070015
0.3372229862423101
0.3372203978181699
0.3372209602341636
0.3372206235825991
0.33722029104834783
0.3372220293898192
0.3372232557194532
0.3372275104932378
0.33722871162687695
0.3372272816800743
0.3372295407051126
0.3372314580185697
0.33722974782697457
0.337224880018855
0.33722538724233453
0.3372232322082261
0.33722155165731243
0.3372250309307081
0.337225184947909
0.33722308955115016
0.3372222667218212
0.3372204526018322
0.3372192815749881
0.3372180698947463
0.3372131445057958
0.3372146890237543
0.3372151552835588
0.33721324512362844
0.3372048625780622
0.3372035429218952
0.33720394977407125
0.33720296377515463
0.3372052028692139
0.3372048482118281
0.3372037327967077
0.3372096525041725
0.3372094456251681
0.33720456702806934
0.3372048260339974
0.3372036475524996
0.33720285298900704
0.33720367796465145
0.3372077043583434
0.33720684929454803
0.33720183286393307
0.33719874808240924
0.3371974756479765
0.33719405814569836
0.3371957994756126
0.33720001707792063
0.33719850728648126
0.3371969447374103
0.3371934088459722
0.3371920279699915
0.33719181284290967
0.33719506742694905
0.33719607142831254
0.33719607971069115
0.33720016101149536
0.3372045218964027
0.33720476312346775
0.3372013016585288
0.33719952173810647
0.33719847516742407
0.33719741919144
0.3371988806877449
0.3372028606595591
0.33720570927781446
0.33721008701717203
0.33720951148180767
0.33720800883377117
0.33720796595357766
0.33720618141417813
0.3372058814694309
0.33720699495188544
0.3372073213745949
0.3372094154030609
0.3372063946105344
0.3372041110704725
0.33720450532128166
0.3372008734527824
0.33719934466571005
0.3371978211919801
0.33719461956419366
0.3371940233416841
0.3371941966817228
0.33719734245379074
0.3371995640915441
0.33720199242344795
0.3371998242169616
0.3371984596619146
0.3371951564468652
0.3371916801309055
0.33719469443719235
0.3371991930792656
0.33719944676776015
0.3371949323963316
0.3371924410787763
0.337189117072445
0.3371883576147802
0.3371924298703572
0.3371911732045445
0.337191414701954
0.33718886103952855
0.33718737888161915
0.33718861540502587
0.33718763155725895
0.33718521073425295
0.33718352414447605
0.337182007681999
0.33718354968802544
0.3371805533864049
0.3371816528525911
0.33718594056040435
0.3371854503859186
0.33718559472937054
0.3371836852915946
0.33718098407101194
0.33718003799512775
0.33718016341058
0.3371770587488827
0.3371782976216528
0.3371798925694734
0.33718507310605533
0.337190266170761
0.33719270560591125
0.33719314788661986
0.33719269883813074
0.3371937575410597
0.3371909042831546
0.33719004499220134
0.33719474415871065
0.3371970752704228
0.33719619196235084
0.3371953976092814
0.3371932689749242
0.3371882969534086
0.33718600380528735
0.33718380153170663
0.33718416687519087
0.3371833132855661
0.3371846658317685
0.33718970008098587
0.33719496998290255
0.33719799301816816
0.33719939337936594
0.3371993629646423
0.3372005436527971
0.3371983603219383
0.33719994625026495
0.33719730001141995
0.3372003174297794
0.3372016167506831
0.3372041228676739
0.3372033806953565
0.33720215896534894
0.33720318866528337
0.33720423646434183
0.337203492034998
0.33720526379736376
0.3372042778659826
0.3372004931831461
0.3371982800556466
0.33720095217141716
0.3372024850038726
0.337199347162615
0.337200554455212
0.3372000467291662
0.33719964555365983
0.337202201209516
0.33720411109810255
0.33720328480828676
0.3372019150320609
0.3372059553145931
0.3372097982243471
0.3372104027844386
0.33721028854356555
0.3372105074954615
0.3372115538545487
0.3372128892564514
0.3372134246621713
0.33721437294956613
0.33721463195710827
0.3372133003917613
0.3372108362428955
0.33720894205376006
0.3372091657257037
0.33720868780364877
0.337209311301396
0.3372076508295962
0.3372079750776679
0.33721094208270896
0.3372094526496572
0.33720985174354645
0.33721128422283775
0.33720873068417223
0.337209141738935
0.33721142168031726
0.3372123665844247
0.3372104743393641
0.33721156000851465
0.3372080773509845
0.3372069191528002
0.33721052132128027
0.33720885115719473
0.3372089262233318
0.33721001406836565
0.33720635918936986
0.33720252768339787
0.33720104285164515
0.33720074964756486
0.3372019930204771
0.3371995235928924
0.33720197995380835
0.3372012006822497
0.33720259037251055
0.3372032190774643
0.3372043115893414
0.33720667724191394
0.3372080359664385
0.33720816168542816
0.33720748186559574
0.33720815150386513
0.33720983434327134
0.33720984302535495
0.33721166039840605
0.33721320116920206
0.337214162191906
0.3372165981026537
0.337219713590786
0.33722054115572053
0.3372193111761077
0.33721864514749667
0.3372163213057362
0.33721643587837175
0.3372158195197525
0.337213037095712
0.3372107410701497
0.3372095043907499
0.33720881564545396
0.3372095872672523
0.3372102690383763
0.3372119741763864
0.3372101200969736
0.33721092660239077
0.33721267394607934
0.33721335924188117
0.33721380238440457
0.3372082738639123
0.33721026554913214
0.33721441806978003
0.3372134146349132
0.3372142114449745
0.3372123473450332
0.3372112438022614
0.33721071276800757
0.3372109211395805
0.3372085742360635
0.3372093552177575
0.3372068023966774
0.33720716542074813
0.3372052010291709
0.337202200559206
0.3372036835423154
0.3371999512109546
0.3371966578724239
0.3371970370043928
0.33719823638869195
0.3371978288835053
0.33719801861369103
0.33719421919926246
0.3371933109687903
0.3371911895130349
0.3371934112677083
0.33719644537059446
0.33719570402936494
0.33719332715690736
0.3371930862511387
0.33719195294406307
0.3371932801000797
0.33719192242832097
0.3371918565340037
0.33719358431348256
0.3371930868418175
0.3371910852060527
0.33719378440043507
0.33718925427684027
0.33718686932324954
0.3371874530834648
0.3371873392013383
0.33719119271151404
0.33718956813387047
0.3371883144804522
0.3371869281007477
0.3371841604147598
0.3371862266118147
0.3371854928824764
0.3371850384259789
0.33718440897386753
0.3371838212602386
0.33718094364568496
0.3371805102487189
0.3371807192459483
0.337180109690951
0.3371830851130759
0.33718330795254914
0.33718340625104315
0.33718041868414644
0.337178225081242
0.33717893908072
0.33717783343156355
0.33717676682535613
0.3371759920199304
0.3371753121912245
0.33717365956397466
0.337169459024848
0.3371693092246987
0.337168599531223
0.33716943066271343
0.33716746870484104
0.3371694530513101
0.33717248249192505
0.3371708916837011
0.3371669198766031
0.3371668681543188
0.3371692585855788
0.3371693523119192
0.33717095080299153
0.33717119845777427
0.3371737754009959
0.33717667548503155
0.3371767240054119
0.33717507855318635
0.33717260255180803
0.33717042619565896
0.3371693599868389
0.33716902162489826
0.337168989919432
0.33716897207004004
0.33716726779262113
0.3371692476112727
0.33716827277779604
0.337166645129977
0.3371631497584707
0.3371624029035149
0.3371614771390453
0.33716613558017305
0.3371651441979352
0.33716643515633926
0.33716421479680597
0.3371602171805339
0.3371628354736336
0.33716302223007616
0.3371642800069495
0.3371636645300449
0.33716439601455583
0.33716605129379446
0.33716774539051847
0.33716850967052425
0.33716963074989265
0.3371692602829618
0.3371645013978331
0.3371638715296296
0.33716308772686104
0.33716223053772165
0.3371599521751857
0.3371592859864731
0.33715757992213763
0.3371596826172443
0.3371610030375595
0.33716243557447073
0.3371636224547247
0.33716641166723427
0.33716600938319363
0.3371666965101371
0.3371654469759358
0.3371675745180918
0.3371702095411448
0.33717160545160957
0.3371691858320199
0.33716880191771986
0.3371667493342205
0.3371684732629874
0.3371733717886957
0.33717137473259934
0.3371697262756202
0.3371673643930784
0.3371682062630855
0.3371660261223529
0.3371674800829747
0.33716547913349193
0.33716245812934964
0.3371622700036698
0.3371652455770248
0.3371681541123969
0.33716730544481605
0.33716816200207944
0.33716932267220384
0.33717203835007126
0.33717214455104605
0.3371746141467392
0.33717429595332865
0.33717440269473026
0.3371753396736947
0.3371770775168621
0.3371767840218772
0.33717285888960685
0.33717159474647196
0.3371704185532217
0.3371680636346117
0.33716612663459694
0.3371647071741245
0.3371647071741245