0.35680893691943416
0.3135968475788105
0.3145878306684717
0.31026369451173813
0.30300647391790664
0.3050378308815372
0.31127456732868
0.3089244013376838
0.3057772321124071
0.3090935371964538
0.31368195279599864
0.31236433306266287
0.3125025939751418
0.3159253465471874
0.31816890292028416
0.31941419924943787
0.3211503994288325
0.3185602572688208
0.31949010919397064
0.32165338926016934
0.32166129961544815
0.32173803183183525
0.32356320357888424
0.3252512422497383
0.32609516216435064
0.32740192652029454
0.3274571929739697
0.3281799031761852
0.33044114292568155
0.331490678088853
0.33154575047958523
0.3305470020211964
0.33033940852141624
0.32981530343007914
0.3300647147552296
0.33056746332664433
0.33120238287368076
0.332025641609991
0.33129193294059167
0.33119344743654133
0.3312015651388827
0.3301781606152072
0.3311053386410693
0.3321961782045111
0.3324238402419828
0.33277230538881986
0.33264499562513905
0.33288031779200866
0.3331298509313096
0.33348214285714284
0.3350268748477656
0.3354839321464936
0.3348933718517502
0.3347795874495951
0.33411889233939956
0.3343476362324468
0.33399078487396866
0.3341288681464747
0.3340759643724933
0.33438700708434005
0.33439111743875655
0.33451222199502506
0.33456449896540086
0.33530056998270535
0.3351870999798881
0.33438555483481336
0.334275027688568
0.3336721746467715
0.332811993838391
0.3325584765786261
0.3320684007427673
0.3320710078369197
0.33193962871234733
0.33223663054146046
0.33201686668506486
0.3321276283380614
0.33171803855717374
0.33130615632973764
0.3309628942938694
0.3312809915589106
0.33151911093507486
0.33177381410505524
0.3318223737884916
0.33212666199544205
0.33279803693764615
0.33325210098314045
0.33321252283068303
0.33314132993334183
0.3334022863516352
0.3332310489710573
0.3334559152735503
0.33359950641908737
0.33353701117318435
0.33302184571634486
0.3327499641465336
0.3329973147677405
0.33346182709144434
0.33342105204682465
0.3328764256368583
0.33225025767639205
0.33199808769495776
0.33151963543025
0.3318056346826662
0.3314967657122718
0.3309777306795539
0.33075936967294467
0.33049593001782707
0.33024196464562205
0.3302438823846481
0.3301745649941624
0.33030847934875035
0.33008330225040405
0.3300220442253714
0.32985736194237475
0.3299460521182279
0.3301158991184198
0.32982347574279025
0.32989183874139627
0.32976092976092974
0.3295221152234727
0.329564428080134
0.329384660250802
0.32928202225995096
0.3292718585881267
0.3296627934315873
0.3297015676598043
0.32971902517446744
0.3293096489638088
0.32911310144719014
0.3286951969637482
0.3286064770540384
0.32823157228725086
0.3283951392522821
0.3282469443578823
0.3280652071805799
0.32827346228635756
0.32839333084989897
0.3285224407463439
0.3283695470778679
0.32825882846759674
