0.03496752552953137
0.03535296541051826
0.035573319750981575
0.0342823431224583
0.032225562556255624
0.031556322053413
0.03099128799614938
0.031119521494462198
0.0315608399416722
0.031384894670200184
0.0318715021999286
0.032076069333202985
0.03258844242955613
0.03331401068911637
0.0339324212957542
0.03401914830047715
0.03395785198679135
0.03382528533131019
0.0337648475880863
0.03376336618292835
0.03367718894990737
0.03362065454316372
0.03295225922592259
0.0329450317020519
0.03288148960366612
0.03290309676130132
0.033109699433742305
0.033085343882302325
0.03313547712486005
0.03300450846768579
0.03279658486325441
0.032843320900384186
0.032688931056577504
0.032555453622790116
0.032340149025076245
0.03220284507852484
0.03193466579663667
0.03179848559877587
0.031781894381962564
0.03178336972453226
0.03156065478772939
0.03161730121658939
0.0315102693354586
0.03150572024491879
0.031476808792439796
0.03155661624910389
0.031509543940109956
0.03149805099311682
0.03151975307388221
0.031536045111629475
0.03145055015214585
0.03128810460606012
0.031178153521412073
0.030979580070183355
0.03084580041331962
0.03073268716269522
0.030784632510847378
0.03081359647179481
0.030841514920722842
0.030938216569762436
0.03093504732937368
0.030845388883855854
0.03078143571929937
0.030782383978371637
0.03082980423578034
0.03081551474145505
0.030816522890853477
0.030858171613729512
0.03088024599582996
0.030907141707610476
0.03095603430182424
0.03103517602059155
0.031039887096113158
0.03099210701066923
0.031052746483665256
0.03099424844318999
0.0310540265791285
0.0310543753101373
0.031161491329706678
0.031128361926940303
0.031124887390734175
0.031091607403142443
0.031170596388237208
0.031184729791976253
0.031246025564289466
0.03125298797668763
0.031343114093196026
0.03126899444147846
0.031296082198371766
0.031286339453996684
0.03133243432939499
0.031378947154357205
0.03138381907232736
0.031345665537108824
0.031222510822510822
0.031218451075818818
0.031216842748981767
0.0312907653634047
0.03128711061978325
0.031305963549790344
0.03129590722422202
0.03133545190515434
0.03141412842651386
0.03149737408523461
0.03151468525946737
0.0315290499209106
0.031508611513861584
0.031543706926262134
0.03156936019425626
0.031627177446471415
0.03172720878597169
0.03173582862083963
0.031801281728172814
0.03186036423658066
0.03190727178234165
0.031937422318025765
0.031958451223423966
0.031986664273314896
0.03197981451323473
0.032018889582135765
0.03204140404629963
0.03206955228421338
0.03208634473938797
0.03208890789297935
0.032155890274932625
0.03218710124445698
0.032231124599347606
0.03227270761768982
0.03233487307268337
0.03241793416472531
0.0325304926735484
0.03262943600628604
0.032651393773504865
0.03263542765998873
0.03266448469744595
0.032685454457570894
0.03266407568585113
0.0326821217045155
0.03271908600716591
0.03274935910419537
0.032774577182271426
0.03280721912708759
0.032815469948895226
0.03280146690044895
0.03284945637492073
0.03290100763124244
0.032978491057033064
0.03306383210488797
0.03312685268526853
0.03319525082403311
0.033307281165259967
0.03335377956994544
0.03337582876385478
0.03339182103860931
0.03345309191310118
0.03352963046204782
0.033590749379153226
0.0335965985556333
0.03361191086402181
0.03361705631637629
0.03370119723064975
0.033694445261628896
0.033710069759717506
0.033750182088287596
0.03375088354123138
0.033741845762539045
0.03373431289074853
0.033742713697841084
0.03375004366510082
0.03377073155833904
0.03384353637665226
0.033884178316863994
0.03389692848669425
0.03389591674726302
0.03391312368501471
0.033907447667843704
0.03392423827133186
0.03393554564713045
0.03392388479886351
0.033912911208892706
0.03393826910434665
0.03398644057435872
0.03400099896368404
0.0339785898742898
0.03393581830170959
0.03391860058152998
0.033927769896113104
0.033937505965176064
0.03392343254493131
0.03394492473397799
0.03393397506863024
0.033916439106747354
0.03393587787863167
0.033942041360634466
0.033961373556262664
0.03397360466086522
0.03395503788649201
0.033943604920934185
0.03392014904352393
0.03392065301410773
0.0338932802064248
0.03385601189088492
0.03385101866793983
0.033819554914025225
0.03378190940558224
0.03380478106409267
0.03381403149641859
0.03379616918990591
0.03375775406138682
0.03370128444128431
0.03365949024783447
0.03366440967944981
0.03369011629043977
0.033697377013617066
0.033674095202979155
0.03366330321120509
0.03363808961085337
0.03359177091721346
0.033546035571354875
0.03349734741401353
0.033476845643748046
0.03342376364969286
0.03340704264017587
0.03337920361301095
0.03334020036296621
0.033297997264660956
0.03324772316862312
0.03320718969594562
0.033152486349619245
0.03310316600400678
0.033056744195697284
0.033039703947299874
0.03301102947009961
0.03298866570732696
0.03296309343548918
0.03295868344109879
0.03297294429684237
0.03296931105067807
0.032967837915867056
0.03296060334939853
0.032955820449009444
0.032950949192627296
0.0329670388404982
0.03296899531316842
0.03298206817151658
0.03300665944121192
0.03299677148507069
0.03299525407086163
0.03303505160646773
0.03304388666568643
0.03303213138557592
0.03303401355898978
0.03304816248620564
0.03302819808657662
0.03302644615951628
0.03302193053501694
0.03300458361175362
0.032966214989131166
0.03293696642093791
0.03290088037426897
0.03287836211655604
0.032870777225887306
0.03285281316595176
0.0328246126887116
0.032823062630740425
0.03282884703915868
0.032801142057402526
0.03276254831165084
0.032742355636578784
0.0327139926759587
0.032674073513368186
0.032673070102808295
0.03265310182406386
0.03263712706412749
0.03262594915229228
0.03263023951287197
0.03260865533598168
0.03257494253191907
0.032545895013486
0.03253147888422668
0.032504307966379375
0.0324864006419569
0.03244640530190838
0.032428362756529876
0.03241232915112132
0.032407885155412014
0.03240337321662453
0.03238926750757062
0.03236070060043851
0.032333816873310654
0.03231382194288925
0.032304149248228824
0.03227343903621131
0.03225365543383302
0.032234168463328536
0.032208541062553164
0.03217724244468254
0.03215504197785572
0.032139877981092566
0.0321324346139287
0.03212140686466577
0.032111715077489555
0.03208329877645764
0.03207534450100912
0.03205183940896761
0.03204265038570052
0.032027556165922094
0.03197768608618099
0.03196416094707394
0.03196066926321931
0.031946393769811766
0.03193480530448288
0.03194641137279599
0.03193890678631357
0.031920828650125854
0.03191873406988878
0.03192072631635485
0.03189565202775036
0.03188135944244453
0.03185696129802613
0.03183158643987846
0.031798153670594874
0.031781807615869614
0.031773899753619314
0.03176885905455609
0.0317471151318446
0.03172534063687036
0.03170317966147475
0.031700383463003835
0.031680374950152655
0.03166696815751255
0.03166666464248052
0.031643276225501525
0.03161492222949542
0.03160760130621232
0.031585629047940086
0.03156007759925256
0.03154470098088878
0.031554313603171756
0.03155840302961639
0.0315457141136225
0.03153407350849909
0.03150021011920757
0.031494453033147914
0.03148180120020886
0.03151828733559486
0.03154109154901358
0.03152904777612602
0.03151729407615881
0.03151663313411296
0.031525552951757824
0.031525152745715865
0.031520815856332485
0.03151393919463081
0.031506968787300374
0.03148300647750389
0.03146906546452277
0.031481292789304456
0.03147084110121479
0.03146040376522536
0.031462881941757524
0.03148156247855449
0.03151725570292766
0.03154415111966839
0.03156483840146031
0.031593571101958554
0.031740728321099004
0.031885425099437745
0.03191148654436179
0.03192692739332756
0.03194951769885126
0.031987171903680896
0.032029647558462354
0.03202839639432269
0.0320555296980276
0.03208054884070262
0.03209639444235758
0.03210499265082283
0.03210678951268566
0.03213429364194901
0.03214362280358998
0.03216365388558842
0.03217522105151692
0.03220166212147733
0.03221557110839799
0.03224567510525757
0.03224914663043524
0.03229081190994538
0.03231348112340261
0.03233488174282619
0.03233072736852611
0.03234518154816164
0.03234278054139934
0.03233864394117416
0.03233546672958827
0.03235367080268654
0.03237690333890735
0.03239599285062286
0.03239492204335841
0.03238797761877875
0.03239517798099602
0.03241047497664382
0.03243884236633931
0.03244644066131224
0.03245256219003056
0.03244924219425305
0.03244899552058619
0.03245923242432354
0.03246925065285716
0.032480569105967846
0.032517378154688595
0.032526010742104476
0.03253114678651934
0.03253301564805688
0.03254521054811775
0.032568986093028655
0.032574679834647395
0.03261012041159579
0.032641849346224945
0.03282966938562424
0.03300917542687658
0.033185931890615396
0.03334525125658515
0.03338555682513397
0.033396334055317604
0.033402438129078296
0.03339117614274041
0.03339937846416221
0.03341661881783911
0.03345627068081665
0.033472172680339904
0.03350949430268246
0.033528588835543924
0.033517217732938684
0.03352279413467613
0.03351943125056953
0.033548321842493525
0.03355417220597872
0.03357285927885924
0.03357091078066983
0.03357618229391271
0.03358550323580237
0.033599939893530134
0.033619267166569655
0.03364571998573275
0.033646222544327635
0.03365112696666867
0.033633974867846556
0.033649294968386416
0.033647568422911625
0.0336493755831055
0.033617751018090045
0.03361368934538547
0.033604886413891095
0.03359163604171555
0.03358246161397634
0.03357964651065805
0.033570793582595314
0.033579342929699725
0.03356511636121158
0.0335593567252501
0.033540541369480655
0.03352283551725246
0.033519142624535675
0.03351519705650982
0.033516746722437124
0.03350295585036507
0.03347900442151224
0.03346948757531836
0.03346912335592892
0.033474397675240325
0.033480975992057765
0.033508053662509106
0.03352404024366277
0.033533594889622376
0.03354060329518708
0.03355825360491792
0.03355899047039214
0.03354103057663318
0.0335415485588936
0.033544192010606
0.03354247375974889
0.03354579773509611
0.03354348680813419
0.033529410212130205
0.03351733812289489
0.03350174423535339
0.033497463842314015
0.033506276685836014
0.0335000235883295
0.03349351852616454
0.033494614973453705
0.03348938751176177
0.03348168659343895
0.033465369305360496
0.03345858619747719
0.03346490101484195
0.03346555814889566
0.03346107265536452
0.03345964109924506
0.033470555040960234
0.033460054821716996
0.033448368089072984
0.03344254989629485
0.033440867251734875
0.03344332315427897
0.03342857408934348
0.033424873738038825
0.03341210919460573
0.033411165410370515
0.033445956567482955
0.0335232987345341
0.03366933865364817
0.03388263899345215
0.03402079685215725
0.03417521597020791
0.034162669988979495
0.0341706366588304
0.03415562312684029
0.03416463305105919
0.034162539118372665
0.03416614669975624
0.03417594427574686
0.03419414348843247
0.03421430430521303
0.03424145020819379
0.03424105795194904
0.03426220075254436
0.03429987749823138
0.034314835229360754
0.034323150558010176
0.03432307315363789
0.034334591240710303
0.03436033027824989
0.03440565141971388
0.0344154516493836
0.034422967048847945
0.03443560887322564
0.03444055717558213
0.03443712584476667
0.034452938596732346
0.0344736386823218
0.03448058889681011
0.034488132091096274
0.03449423719231427
0.03451972176434322
0.03452740691231215
0.034526525477112366
0.03452241074500975
0.03453679700391091
0.03455289632627342
0.03458700431801987
0.03461297749772045
0.03465740890521058
0.034673683010911525
0.03467865365721081
0.03468546387577267
0.03468802126441123
0.03468358119241623
0.034699299690918284
0.034718426449262374
0.034738695519557
0.03474579729972997
0.03474219546865445
0.03473715987495513
0.03474211814370471
0.0347531645258926
0.034760415065258544
0.03476538310948441
0.034777066115835024
0.03479730310660623
0.034805573939924096
0.03482489098319999
0.03484160095751204
0.03485004338913433
0.03485513733679899
0.03487106293104535
0.034880600019943836
0.034877648361496275
0.03487594123131836
0.03487672255597653
0.0348783941635619
0.03490435273599885
0.03493095909932623
0.03494046683953393
0.03494544123293035
0.03495636837494991
0.03495677878311293
0.03497918675461651
0.034975512165786725
0.034970000143556244
0.034968431248692075
0.034972036729202516
0.03497604178906165
0.03498247383764409
0.03495450993410954
0.034908111815499736
0.0348588483023428
0.034803007518796995
0.034744959924096736
0.03468710564100105
0.034629417798150174
0.034572296641415666
0.03451774096097982
0.03446325319390159
0.03440873935277971
0.034352838523851854
0.0342962962962963
0.03423993989152669
0.03418496191917581
0.034129878220965706
0.03407486993060513
0.03413752012973942
0.034271481638112715
0.034299583320039614
0.03432723834141243
0.03434323914143239
0.034377155525061466
0.03440094526752762
0.03443478750599149
0.034454784378410576
0.034471754223603664
0.034494738804470654
0.03451568055850015
0.0345319230816712
0.034546648929082074
0.034575840659802244
0.03461233755766284
0.034638774344918535
0.034650019770400574
0.03466464844030352
0.034733078376908914
0.03476822401141389
0.03473794457038904
0.03473240260196232
0.03472826623729146
0.034700612966918974
0.034674742158630284
0.03465835818124307
0.034634976003300094
0.03462362263385108
0.03460199649005079
0.034565314047068904
0.034530885675980186
0.03451162824710354
0.034498205837549215
0.03445977225473912
0.03442460293816217
0.034386063829127574
0.034340263478158696
0.03429097133001779
0.03424429492206773
0.03419819609547162
0.03415478944242917
0.03411543276925744
0.03407250970822595
0.034025447965692485
0.03398349827385774
0.0339425875518698
0.03389895607740657
0.03385867127852578
0.03382055949428608
0.03377539000996322
0.03373079742061135
0.03368521064881595
0.03363856343434086
0.033693044915906065
0.033826040990331145
0.03406652111819123
0.034282066446169275
0.03435164261633217
0.03444550700245012
0.03460131136091108
0.034748458963929404
0.03478323211402166
0.03482433140490139
0.034877004794507914
0.03491355303359587
0.03494850233145051
0.0349909214595928
0.035049509236014395
0.03508417060154791
0.03511732019375055
0.03517433470908173
0.035214679773458386
0.03525643482346733
0.03527267223693973
0.03531279817784381
0.035360607153339926
0.03541276178036445
0.035442415881858154
0.03546946797322727
0.035501403655371175
0.035530009256481705
0.03555019255414745
0.03559252489199451
0.035628181755282706
0.035675155349841864
0.03571626415711368
0.03576525782363715
0.035797618164843135
0.03584029252229259
0.035860194770162425
0.035879153085643246
0.03587958613434142
0.03587707732169537
0.03588011947691584
0.035894854841139995
0.035913543566058005
0.035927902422957035
0.03592790772088122
0.03594611936666625
0.03594398524467569
0.035953006358964965
0.03595206470283564
0.0359702336271363
0.03599245481964185
0.036006812459144666
0.036012795683785764
0.03602783296798743
0.036023734881395146
0.03601312821114673
0.03600220556350297
0.035999024270716724
0.0359978655008358
0.03598984405487345
0.03598753700117107
0.03598459096364586
0.03598246950731425
0.03598306871877884
0.035986889283944605
0.03599633219714996
0.03599820463952493
0.035998073451041446
0.03600402648905094
0.03600018954533356
0.03598921909655717
0.035986503543300165
0.035990901236473194
0.036002646228498726
0.03601567554133564
0.036022051413711946
0.036021006464282794
0.03601859475994579
0.03602671351704972
0.036028838487024956
0.036039184694287116
0.036039167329684534
0.036032395157870045
0.03604262713992227
0.03604911470709197
0.03605188750975565
0.03606721741412785
0.03607751376107138
0.0360837784532568
0.03609822912495134
0.03612489819020079
0.036141291388226325
0.03615771601930931
0.03615418421158426
0.036158785286391416
0.036180889305739726
0.03620198901662744
0.03620124428852479
0.03621836889496513
0.03622836703313976
0.03624411270128053
0.036253621668352394
0.036264787193005014
0.03627616583007799
0.03628363326923855
0.03629100365138524
0.03629140737937854
0.03629673443367014
0.03630608350652065
0.03630689852462624
0.03630085602964432
0.036292580294676455
0.03628996775668605
0.036280986842028275
0.03627558614369957
0.036269376483041606
0.036269168343309184
0.03625535219235176
0.03624064707581505
0.036230101480593545
0.036227239594771296
0.036214342017882456
0.03620535136802308
0.036199259565226447
0.036204128379546535
0.03619119408073371
0.036188451309055805
0.036188142888960606
0.03618785503494811
0.036187567185514975
0.036187279340661085
0.036186991500386345
0.036187190651668116
0.03618753156764723
0.03618949574007286
0.036190344166196056
0.03619103025517926
0.0361909047214865
0.03619061686872933
0.036190329020551144
0.036190041176951813
0.03618975333793124
0.03619001304937915
0.03619380282266242
0.036246035746706276
0.03631943013692907
0.03632476616211912
0.03633943668093958
0.03634175671134386
0.03634246826601551
0.036333797283117274
0.0363337011213033
0.036338234829158614
0.03634250076547421
0.036335301127483455
0.036343233991450424
0.03635098202556436
0.036361682197236705
0.036371607641951194
0.03638321570081771
0.03640121565046771
0.03640350217385633
0.036399257377324634
0.03640912429727133
0.03640373661824045
0.03641051612835348
0.036405933523649674
0.03641829643035079
0.0364226276179492
0.036422470151228105
0.03641677832408413
0.03641361450678864
0.03641646058970774
0.036420011413241096
0.03642293419152653
0.03641778859046655
0.036414956179604635
0.036409866991207775
0.036401153899272586
0.03641008779126016
0.03641176170829394
0.03643427034801606
0.0364622687361107
0.03649230987831078
0.036529788924898034
0.03655623817892338
0.03657814016755196
0.03660434737648977
0.0366368463037656
0.036662191176541487
0.03669245037309538
0.0367177477759224
0.036746483138085956
0.036765089854096086
0.03678637986844057
0.036824972067495784
0.036852793721707106
0.03687795042812717
0.03690189474243873
0.03693050867375041
0.036945155780663035
0.03696954428817174
0.03698874994198915
0.03700607177649797
0.037016277534564025
0.037028579526836976
0.037033363373364464
0.03705817654139544
0.03706885540476098
0.037088928646733625
0.03710113091647271
0.03712617481892275
0.03714246780237297
0.03715873707282861
0.037176247030076555
0.037198245065987
0.03721179134982551
0.037212785873299105
0.03722425585141606
0.03724171699134273
0.037244368184292866
0.03724934585110594
0.037256626157988734
0.03726189155014454
0.03726982869351753
0.037288389980356974
0.03730516569432279
0.03731238232204597
0.037316687281458094
0.03733419861985091
0.03734114089930668
0.03735207444278552
0.0373650519649689
0.03737432359919331
0.03737829890244558
0.037380859629418464
0.03738750884940891
0.03738423859712872
0.03738077745325922
0.037378965959513635
0.03737937469112941
0.03738050003069039
0.037381289162544004
0.03738001840119935
0.037381885250729274
0.037384345317942054
0.03737583512682167
0.0373618952660703
0.037351784748760004
0.03735031091746297
0.037347628784095
0.0373509884815358
0.03734500059152041
0.037342777117728265
0.03734638321625699
0.03734289998307782
0.03734380342613768
0.0373404872718616
0.0373426646502832
0.03733335915079844
0.03733150430285022
0.03732487592764888
0.03732588572585888
0.03732052990946176
0.037319274323045805
0.03731565229270188
0.037322822518632566
0.037319168250133115
0.03731096610933598
0.03730669710180198
0.037302142396776705
0.03730551691260222
0.03730610559956192
0.037312214738901756
0.03731153492900669
0.03730946404739392
0.03730168406499072
0.03730347423709208
0.0373020986612839
0.03730595532956906
0.03730986650181015
0.037322682086536926
0.03731926705278626
0.037325713020115635
0.037325403871352934
0.03733747806385756
0.03733925266349507
0.03735323733083366
0.037347143100701356
0.037339666782764326
0.03734331912750354
0.03734565669543921
0.03734551586108827
0.03734137317077113
0.037343340980192166
0.037336775568400864
0.03733270245202753
0.03733062370990094
0.03732616691003306
0.0373227821088227
0.037322689630222505
0.03731173872555581
0.03729918748521069
0.03729016218741733
0.03728755899587285
0.037281525703793866
0.037273609316827445
0.03726496589709472
0.03725419883720033
0.037246381033042876
0.03723512497259798
0.03722505192996193
0.03722067131203288
0.03721207601258748
0.03720804617153894
0.037204534978778424
0.037199157480359214
0.03718675000949686
0.03718300943014197
0.03717604083227259
0.037167860564395847
0.037169091981946074
0.03716688584526516
0.03716333937600402
0.03714906156559325
0.03714866230091516
0.0371475257688405
0.0371436714158649
0.03713585259164549
0.037135397208446295
0.03712858456513476
0.03712449546850335
0.03711204253597688
0.037111332903764664
0.03710898973561439
0.03710107485173242
0.03709996692754058
0.03709781825997431
0.03708568939833709
0.037087546217922165
0.037086558435171744
0.03708555181280354
0.03708021149262069
0.037075925160725096
0.03706836671764099
0.03706315601710141
0.03705914817047928
0.03705290921664852
0.037050734744256617
0.03705257435990703
0.03705057967212128
0.03704208409255293
0.03702879900806089
0.03702688753422133
0.03701303085671088
0.03700628059631445
0.03700295708702886
0.03699811849101198
0.036988174903473454
0.03697974388466692
0.03697000541295271
0.03696957329725757
0.03696379122198583
0.036957899759474735
0.03695029676173961
0.03694563323826116
0.03694419423359573
0.03694392096576359
0.03694037848703043
0.036932195587592295
0.03692281675286974
0.036929415352995376
0.036931756222240535
0.036928019376274115
0.03691888093266132
0.0369101093461715
0.03690542108294326
0.036901468155265106
0.036901404410625845
0.03689596256597013
0.03688868687377615
0.036881795099062815
0.036873736887717744
0.03686817491379923
0.0368700371734996
0.036864788657744105
0.03685949585851035
0.03685732762983031
0.036856162181579236
0.0368500638687982
0.03684570591678669
0.03684018785286301
0.036836627242281414
0.036836514054235346
0.03682996771515724
0.03682882744001714
0.03683075637539303
0.03683474397808305
0.036823344594930654
0.036822457025151994
0.03681685721119896
0.036817719436542995
0.03681460061726538
0.03681922558975254
0.03682137062877011
0.036822000022473704
0.03681771219972459
0.03681705540012961
0.036823919390008876
0.036829517306937655
0.03683260694973803
0.036832031078974994
0.036831376970191086
0.03682731531612434
0.036818042438654705
0.03681330946505076
0.036816814655458455
0.03682729493504088
0.036834631797961634
0.036834526510680594
0.03682896411040655
0.036823845883857544
0.036819517738068394
0.03680786861770884
0.0368064768004031
0.036806451299008336
0.03680340689537064
0.0368032042799757
0.03680126861995771
0.03680109267406586
0.03679929031031908
0.03679013304910926
0.03679240191987649
0.0367965122237512
0.03680786356327462
0.036817751890303396
0.03682651585395095
0.036832236366372506
0.0368327990972579
0.036827663392969986
0.03683294144618823
0.0368387503043659
0.036838212652850796
0.036834020435303295
0.03682875416760518
0.03682015088382578
0.03682138760807607
0.03682668499075453
0.036830079008492174
0.03683221737870477
0.03683610357749098
0.03683790657889521
0.036836019558544576
0.03683292041989703
0.036832108847347805
0.03687316378960078
0.03693432645397913
0.03701239540170396
0.037098601591041724
0.03709867503327266
0.03709935483476477
0.03709754465536649
0.0371004999697632
0.03711105802475028
0.037117509626943185
0.03712378669866935
0.03712767819203032
0.03712867238965592
0.037129257342290875
0.037123393897647676
0.037121676731422026
0.03711757569373112
0.03711245764172283
0.0371053842114908
0.03710311120196737
0.037095139071565475
0.03709539687735509
0.03708936186133847
0.03709694686234428
0.037098139018257446
0.03709756336313684
0.03709188492473036
0.037090046907738115
0.037092971183000784
0.037090625494008704
0.03708873413987291
0.03709104211179594
0.037089847087747534
0.03709190627228322
0.03709464971191368
0.03710385479751646
0.03711141164999389
0.037111194044432375
0.03711388669166341
0.03711054198201393
0.037105547080706396
0.037105111764808886
0.037115929886333575
0.037120952378372665
0.037125421885449206
0.0371293947030082
0.0371294552679737
0.037129875241604056
0.037118173572236776
0.03711838530259561
0.03711546832267119
0.03711059962874567
0.03710888261858672
0.03710537348195302
0.03710095719015933
0.03709842581769968
0.037095149690214504
0.03708956270253776
0.03708879497535089
0.0370899439272267
0.03708113322411899
0.037071831966333846
0.037071113676876065
0.037062728539512285
0.03706226241024968
0.037060925930801916
0.03706068554261309
0.037052487946410875
0.03705234562003282
0.03705477707896969
0.037049793884398406
0.03704581227608146
0.03704592329483956
0.03704297442749773
0.03703722939389837
0.0370377298761326
0.0370429995539638
0.03704032153975424
0.03704136316319332
0.03704024119484317
0.0370409731408832
0.037039644826331534
0.03704318286272887
0.03704478176325801
0.03704450064567494
0.037042556516286615
0.03704230223621384
0.03704225854927829
0.037043293202910665
0.03703819525132212
0.037034186894638506
0.03703023890050321
0.037029423267243566
0.03702541137419222
0.03702418690600352
0.03702264683277028
0.03702058193053223
0.03702028756208484
0.03702153009323083
0.03701653370449899
0.03701100853173706
0.03701366991803048
0.03701020790959792
0.037010845300136916
0.03699741402325891
0.036986728064202716
0.036980144587838215
0.03697706024590915
0.0370103160168843
0.0370557521957768
0.03710579866088871
0.03715795935723729
0.037215150826876334
0.03726969276589087
0.03727149056516716
0.037273993378076645
0.03727347059659531
0.03726048635654576
0.03725002798559372
0.03724146128223805
0.03723397857620557
0.037229574686203616
0.03722629796303837
0.037221881792810205
0.0372146163005696
0.03721329627723329
0.03720633531498001
0.03719753885537763
0.037191961114234166
0.037184781932960986
0.03717508423381981
0.03716467786437894
0.03715900347627229
0.03715923397337922
0.037157275284486375
0.03715032499878483
0.03714172866590431
0.0371379064217817
0.03713478426779338
0.037126580783053864
0.037120449814711756
0.03711412237233002
0.03710697329704835
0.037099872730120255
0.03709058565505919
0.037084062995473746
0.03707759519060318
0.03707410684936223
0.037069280249392954
0.03705975912159361
0.037056436620869486
0.03705067422637958
0.0370468061837041
0.037036468764073224
0.03703306713200561
0.03702848048394984
0.037019145245535755
0.03701294762120502
0.0370028462379965
0.03699820024343058
0.03699264934324523
0.036984721082115826
0.03697870187021262
0.0369675014699328
0.03695903474875204
0.036954725532207716
0.03695197664029956
0.03694710613107735
0.036938547667111445
0.03692748447431289
0.03692063846884656
0.03691029307429547
0.036898321954096674
0.0368877802318775
0.03688330863975924
0.036874856413891544
0.036868369136848204
0.036861651613384276
0.03685704686068188
0.03685062716624402
0.036840991959508476
0.03683571722564956
0.03682995939192127
0.03682511055785291
0.03681446123987328
0.0368056640878158
0.036795249884006564
0.03678937794178227
0.03678396415450008
0.03677459675525336
0.03676775432915671
0.0367609058019349
0.036763990172179434
0.036761479396337046
0.03675049991207649
0.03674074270640986
0.03672894143248168
0.03672200588913778
0.03671219393368341
0.03670371053852272
0.036695773276213955
0.03669121477282036
0.03668150786099197
0.036679505464908016
0.03667255500950035
0.0366623652347477
0.03665468135744865
0.03664512278838717
0.036635328039158255
0.036626835456649895
0.0366148088822506
0.03660589803166268
0.03660499077954781
0.036608546260953764
0.03661267610963145
0.036602902678315306
0.03659508820301177
0.03658896017342045
0.03658915222092623
0.036584888218185084
0.03658359323335603
0.036585640583507203
0.03658290731797961
0.03658093192134814
0.03658146109402216
0.03657645385212687
0.036578115669138905
0.03657681732579561
0.03657272284854831
0.03657309701535148
0.036577191745765264
0.03657833711253367
0.036578083337926066
0.03658387668505661
0.03658772582496499
0.036586960900275724
0.03658386353757351
0.036583824725332975
0.036585071481720265
0.03658751646409503
0.03659302722718151
0.03659634646974535
0.03659537142287255
0.036598019262975325
0.03659739728022454
0.036598062174400224
0.036595634558792146
0.03659096630146847
0.0365895602462789
0.03658184986405126
0.03658091163649785
0.036577939749686435
0.03657365459697842
0.036567224887058096
0.036565176891737994
0.0365584753972083
0.03655313088489119
0.03654859013233553
0.03654658762118057
0.03653895970043933
0.03652753198803101
0.0365255994190265
0.036520621458870854
0.03651271128177051
0.03651085467857777
0.03650460595042003
0.03650498070177015
0.03650697079258076
0.036508541016232146
0.036512558168670196
0.03651585529385592
0.036518115733445974
0.03651749444726728
0.036518058814364186
0.036517552516086946
0.036515976925395884
0.036519837364724764
0.03652114746519524
0.03652740545204195
0.03653314640849787
0.03654083106014185
0.03654097067644944
0.036543547377162734
0.036550332746968464
0.03655188047321781
0.03655657851520919
0.03656173732428822
0.03657056799633223
0.03657503292277734
0.03659764794589365
0.03661105605188999
0.03661707117007624
0.03661871926261826
0.036631508785426335
0.03663441959058077
0.03664013593802206
0.036646538083763794
0.03665713818146778
0.03666333469382185
0.036665153787462025
0.03667138020087375
0.0366736379408352
0.036675112135578954
0.03668077914267304
0.03669066800990846
0.0366881657593219
0.0366911621648597
0.03669948875664827
0.0367107062916656
0.036718449284681265
0.036721687991185005
0.036726650377808576
0.03672791019079071
0.03673437713315791
0.03674052066155235
0.036749284578251225
0.03675227446211292
0.03675107654606462
0.03675319129652864
0.03674865280523824
0.03675073338739547
0.03675118305938653
0.03675539606821159
0.03675474876224067
0.03676235628487699
0.03676657530886972
0.03676828075838447
0.03676215010202183
0.03675997353074281
0.03675862865527211
0.03676379050979283
0.036762123434807926
0.036765239767645626
0.036762136673634926
0.03676494778270309
0.036761241511923455
0.03675844251664902
0.036755749185857896
0.03674897102388999
0.036746399737109664
0.03674494308277263
0.03674108559547961
0.03673451620809384
0.03672837420961573
0.03672298608815988
0.03671755457199293
0.03671366928807658
0.03670843358127753
0.036704229350240994
0.036701499113828855
0.0366957939431464
0.0366885896800789
0.03668605188316247
0.036681630972279264
0.03667277614876935
0.036663483955230475
0.036654039220863834
0.036646334097520515
0.03664093510170526
0.0366376547889773
0.03662982678234094
0.03662083765607741
0.036615582615110824
0.036606446587487976
0.036598346914047626
0.03659304327144068
0.036589069221165366
0.036585733495412824
0.03657884956708087
0.036573581819141186
0.03656727454672495
0.03656314759905801
0.03655531747225056
0.0365438153264057
0.03653741370073167
0.03653275527028267
0.03652654496900178
0.036520948721886465
0.036511036292067596
0.036506570494461245
0.03650260132253568
0.03649881788096131
0.03649649630944595
0.03649185861416573
0.03649016250669268
0.036479919045131134
0.03647503832257613
0.036474235953962215
0.036469910754847554
0.03646495141342718
0.03646128859756409
0.03645709028276589
0.03645937025371075
0.036461188587914826
0.03645635208981114
0.03645499195522992
0.03645007978854943
0.03644945618391546
0.03644395616758893
0.036437601883637816
0.03643508767687837
0.03643200288053612
0.03642775624995441
0.036423546441697
0.03642014713163252
0.03641802977844675
0.03641911183966048
0.036418638631845704
0.03641235639608114
0.03640712809831789
0.03640567285774651
0.03640304449053647
0.036394345655813676
0.03639226129089561
0.0363869203819034
0.036380103027679106
0.03637634902378882
0.03636822847262842
0.03636113347317045
0.03635720362895444
0.03635247842369694
0.036348891240425056
0.03634135095639455
0.03633494189307668
0.03633496032032931
0.03633048171849986
0.036327398681353505
0.03632679779860459
0.03632051071115765
0.0363163656624396
0.036308552273449306
0.036301947333817045
0.036302210192205316
0.036305186744595125
0.03630192725856808
0.036303723553463625
0.03629825706567184
0.03630062549892198
0.036295017825842206
0.03629120603053049
0.03628636113028694
0.03628686092633875
0.0362830806739495
0.036282898439571554
0.036274180894645826
0.0362704899164759
0.03627294144674222
0.036268301554516824
0.03626820041232763
0.03625909970035105
0.03625472013376686
0.03624974956334365
0.036249475220278805
0.036241708866886976
0.036237115594831136
0.03623260981597999
0.03622790049219942
0.03622083488058705
0.03621755582042679
0.03621567341501233
0.036214154520161426
0.0362094555249478
0.03620498770319694
0.03619766653901836
0.03618797495380981
0.03617562371530674
0.03617096986091814
0.03616067112891345
0.0361538023819178
0.036151122540637126
0.03614484977213899
0.03613753880183256
0.036131688947146336
0.03612706204225781
0.036126710618530886
0.03612631448205424
0.036191526152149725
0.036250311478687555
0.03624332859261811
0.03623613340597781
0.03622860917863663
0.03622222116593735
0.03621730389695031
0.036211057682152235
0.03619977092558008
0.03618960798143685
0.03618292774148472
0.03617613265271412
0.03616833172966783
0.036159331546064835
0.036148184801283394
0.036135599127099904
0.03613039177037952
0.036121382589291554
0.03611171232895157
0.03610437959077627
0.03609488600066774
0.03608835394204931
0.036079493992532706
0.03606864825898523
0.03606237303284733
0.036056074327075
0.0360484570586027
0.03604235939662824
0.036037135527009004
0.03603244339446097
0.036028060121773314
0.036020158001820575
0.03601444925522707
0.036013570726849034
0.03601062027647619
0.036003204004411184
0.03599489728532499
0.035993619687645584
0.035988046058018384
0.03598213840146692
0.035978470914343426
0.035974348328426387
0.03596680647122322
0.03595812232769943
0.03595435493330405
0.035951152135974405
0.03595010980874175
0.03594331766771841
0.03594675043769968
0.035943321914484294
0.035939875229152464
0.03593771996501161
0.035935435276170276
0.03593181715744256
0.03593339287419651
0.03592904548790782
0.03592879984330622
0.035927050299379815
0.035924211279603234
0.03592167998486032
0.0359188225340994
0.0359155866653915
0.035912956812854606
0.03590903807146406
0.035910766762063895
0.035904887801607235
0.03590021024248894
0.03589332595981084
0.03588999299561788
0.03588696184472285
0.03588423637795299
0.03588649017997353
0.035904894648464025
0.03592054457700377
0.03591991483888757
0.035920086493136785
0.035918129730309015
0.03592145712322569
0.035919268506362186
0.03592149231798665
0.035919041185878395
0.03591660959138363
0.03591487443689958
0.0359095657846167
0.03590602689705968
0.035904014336891256
0.03590065309872723
0.0358949593876547
0.035888115395982315
0.035883438539483115
0.035877106964613575
0.03587306975536583
0.035868013395989724
0.035866230803165935
0.03586273336208453
0.03585857337269451
0.03584912962057519
0.035839401436230385
0.03583175686919541
0.035822005742096784
0.03581027480390048
0.035796980674423266
0.035787062067096476
0.03578124414342825
0.03577484617497943
0.03576883006828994
0.035759246268813015
0.03574620885890444
0.03573122556107647
0.035718732957923924
0.0357078512168643
0.035699139858365925
0.035685874321441165
0.03567656474370744
0.03567739111113264
0.03566979549416617
0.03567224875091066
0.03566514688315097
0.035661461452206326
0.03565153050344603
0.03564786290528797
0.035638852302156424
0.03563660206012573
0.03562759443511307
0.03562060407508332
0.035613735970394016
0.035610195333132574
0.035604251317596494
0.035594828307994306
0.03558751762588398
0.03558485540722057
0.035579352095844216
0.0355752594478639
0.03558075234842093
0.035577408211851146
0.03557749233637467
0.035572154313070065
0.035574314009106545
0.03557020736631493
0.035564160162923325
0.03556278715181521
0.03556240490486228
0.03556249881272277
0.03556688704226916
0.035562876647118116
0.03555828046863226
0.03555407643873258
0.035554307958598604
0.03554798364329094
0.035542926839784335
0.035537905389589224
0.035535525544974314
0.0355362832947205
0.035534644455703306
0.03553041785257477
0.03552883191888438
0.035526876754561884
0.03552450075265397
0.03551985101886451
0.03551598241391758
0.035509653483472604
0.035506978690783314
0.03550192875058361
0.03549883331926962
0.03549328464230256
0.03548819307818446
0.0354868588315737
0.03548494033176478
0.035479259805234635
0.035478263870584725
0.03547784134813805
0.035488982262577226
