0.03326228257151127
0.03313967258794845
0.029120198265179677
0.02667238421955403
0.025879744123349608
0.02657231990065573
0.028124013201284954
0.02883242982171259
0.029933549329775745
0.029512649811934133
0.03012953317794123
0.0303670775460136
0.031780229664932935
0.03255252756396921
0.03455978266856868
0.03524899587075753
0.03616450312267722
0.03652170605929872
0.03659581716090993
0.036804962303853654
0.03691302369581233
0.03763537897407475
0.03771016573349384
0.03788347820238481
0.03785996940059271
0.03745390929888306
0.03790375946035148
0.03793853479388071
0.03758336047636553
0.03789849355564439
0.03793625096432804
0.03827225784216437
0.03808780062806754
0.03787975011624449
0.037705322685635055
0.03747513996310609
0.03726255710846823
0.03717153970805009
0.03704480991939371
0.03697287689782217
0.03734676365347677
0.03814551908608859
0.038988710508302916
0.03925965127157801
0.039400001260868324
0.039545630505315586
0.039425565196358384
0.03943504739240014
0.039318981195211704
0.039278746540433444
0.039273068733394416
0.03914532088827512
0.03905309916320953
0.039035757194836734
0.03888230411729969
0.038969688726727195
0.03897705836678121
0.03896969769298007
0.038962858400598634
0.03906909806643398
0.03926455826558808
0.03943363473389583
0.039715255327579406
0.039843204291250975
0.03998915600136737
0.03996274030219215
0.03998129809254303
0.04000903262218378
0.04010793912888761
0.040286989687149645
0.04034028159585463
0.040462732711508985
0.04039116010732686
0.040445517298354675
0.040680812222405285
0.04098408968344072
0.041130879442515
0.04125798171911969
0.04145478654858348
0.041801969771516866
0.04199483258555004
0.041803862613198774
0.04167337265673485
0.0417724422408956
0.04190834686394384
0.042217065915597096
0.04234181683050343
0.042277365309764545
0.04224610814161569
0.0422436377245509
0.042257766998498925
0.042323550615291076
0.042282072908776815
0.042245983957647025
0.042439233029052364
0.04286022780925795
0.04304895503278591
0.04328375368254653
0.043396798869688405
0.04343967524576452
0.04347677498661905
0.04358092448463616
0.04359629392016366
0.04362392431187304
0.04370590910314499
0.04379322392330328
0.04381292421050988
0.043839396915554496
0.04390423112967461
0.04381962095098824
0.043787734039246705
0.0437884636711528
0.04369489587088154
0.043499112387467904
0.043485329455105005
0.04350390638955072
0.043559743226253056
0.043596713566592546
0.043530911503179705
0.043479718166988215
0.04345387516146765
0.0434917835872202
0.04356721034517387
0.04359508333076615
0.04362897321333689
0.04373474202948624
0.043864103577120936
0.04397398190026505
0.04405367877976088
0.04426002170734551
0.044303715670871165
0.044343251290124404
0.04437695666989259
0.04438758010779239
0.04440434709521797
0.044449023917935836
0.044457869780344196
0.044497175526209694
0.044491049478009394
0.04447269478785701
0.04448403794082782
0.04445944026245961
0.04437860332818593
0.04435482946554614
0.044209350828362894
0.044120105002394654
0.04411365133027231
0.04409246120152227
0.04417788700185287
0.044194453361620166
0.044221753443345245
0.04431658566996913
0.044301986253747636
0.044300401177108296
0.044435618444773776
0.044474411496943686
0.04443217613247403
0.04450957256295462
0.04442531190845508
0.04440118948497814
0.04442413302388661
0.044325510862239785
0.04427237008184111
0.04424297536581459
0.044176004104503216
0.044158286256126715
0.044112030986354
0.04411482684835341
0.044089500772951304
0.044066714987829075
0.043995270128431734
0.04395277337011112
0.04393761903441924
0.04391476013905517
0.04382888541188647
0.04374063877813641
0.04367088309529634
0.04362060832152218
0.0435900262226122
0.04352132454992779
0.04339922477808487
0.043317236318406234
0.04326675584984858
0.043228766716141655
0.043152196886470894
0.0430929814475013
0.0430697307407848
0.043055385992756275
0.04292608291890958
0.04281130011478194
0.042701013628472735
0.0427165049302288
0.042738198278895474
0.04267622741417291
0.042702710572841494
0.04273539987795302
0.042783989320152885
0.0427919793148265
0.042828351708968156
0.042873464020574355
0.04292260068705281
0.043014562550166266
0.04303786083527389
0.04308903568957517
0.04305009002538666
0.04302435140118763
0.04298918788290615
0.04295275552701791
0.0429993769069566
0.042967522366651224
0.04288137235194752
0.042823903255515515
0.04275883554586443
0.04270437264694054
0.04266329436516595
0.04266112943284068
0.04260033371476965
0.04252782619696724
0.04251647263316763
0.04248579850223105
0.042467045472945865
0.04251097003899142
0.04250213584437047
0.04248712845556301
0.04248727801081893
0.04255242532829423
0.04257267663926428
0.04257722207835421
0.042593759460154854
0.04265249782896842
0.04268255725282306
0.04283569155867781
0.04289871397728339
0.04292042199248517
0.04297085725730451
0.042995137329170166
0.04304244184603108
0.04300125881801801
