0.18803418803418803
0.22993029930299302
0.22064547918206454
0.21870047543581617
0.21775585696670777
0.2015921067384236
0.19409811177531075
0.2009375771033802
0.20367225488061544
0.1993765828949932
0.19725013220518245
0.20019314340898117
0.20372180265560985
0.20623428858722975
0.2113196306225797
0.20843186432580915
0.20500392684842364
0.20500722874572447
0.20457653690916974
0.20594322605145732
0.2050272434450164
0.20467292402192944
0.20326942593049727
0.20340345072086977
0.20496737953097055
0.2063602700936615
0.20561261324204103
0.20480262124374424
0.20398882608978106
0.20325948241595013
0.19980574273052876
0.19815435255392935
0.1966121650620027
0.19655115237937323
0.1944041932771606
0.19571619812583668
0.19532626523952046
0.19503612633519313
0.19591849821253948
0.19541555336802138
0.19517822581874153
0.19583575008551585
0.19604699458313365
0.19560720214531988
0.19558662394762757
0.19537975284526377
0.19718605237659115
0.19890331215322443
0.2000941727433538
0.19976558311200887
0.1991688971999169
0.1974807943527607
0.19743942439953444
0.19726577371681722
0.19800677244362902
0.19826288103737807
0.19734757862768876
0.19810646314365762
0.19941759250466876
0.198192927312524
0.1981064895581469
0.1982617248266241
0.197957712400873
0.19770993108408907
0.19743538215676706
0.19731810514610956
0.19696860004269579
0.19645936777037099
0.19652006235413907
0.19650263323830586
0.1964664372827638
0.19699410388556532
0.19714964370546317
0.19731270837007364
0.197353747752674
0.19622626084255104
0.19600287238076797
0.19478492182957813
0.1946138906580489
0.19489592310499304
0.19459587943474493
0.19459856557532243
0.19489447025639875
0.1944204200208458
0.19375744161754285
0.19324280423624196
0.19258735969287635
0.19214159242093976
0.19150782192650248
0.19149787239912
0.19219882825554668
0.19236773048927744
0.19187903295764686
0.1911723737283716
0.19034742225618717
0.19036705252748531
0.19055769833502836
0.19066339999620155
0.1900901747723698
0.18949621275566225
0.18962037600034393
0.18931640304307373
0.18871244557657219
0.18822989163818962
0.18775775403280587
0.18856768410767674
0.18894742637896358
0.18932125241876677
0.18985430569066838
0.19002361907338824
0.18992844334958858
0.1899445856099735
0.19055849093871907
0.19118006950222702
0.19227381279683448
0.19226909079249033
0.1920821875711962
0.1920613157244995
0.19144281405778757
0.19132536841615919
0.19103878208576008
0.19092456271368988
0.19060057744924644
0.19025085091388902
0.1900366387537866
0.19049277244133603
0.1907387076154368
0.19074259654626524
0.19094337084912502
0.19069204333671752
0.19093931955027693
0.19097630011406364
0.19099781513936057
0.19058068513355433
0.19036801453884597
0.19084452826406825
0.19078045934909718
0.19065357628648
0.19065153156044015
0.19086544630728455
0.19063874281145246
0.1904606109780622
0.19037681008754262
0.19019782431961596
0.1895992721028283
0.18918203454112736
0.188807570605758
0.18891106842596428
0.1890048591107287
0.18877534589325307
0.18909518946431575
0.18926087541099826
0.18920824580363396
0.18900671146337247
0.18878621169081777
0.18883053679952683
0.1888293319765401
0.18886654987674353
0.18886045977280075
0.18911837894109498
0.18923924790111493
0.1890994844040835
0.1892805184248212
0.1893717508749278
0.18901834528459768
0.1890817137166706
0.18895302496116617
0.1892039696490627
0.18981826440861752
0.19018641728484081
0.19009988451192714
0.18997692908482972
0.190072962402356
0.19033581306323133
0.1901280160170358
0.19014768622568312
0.19037347126485019
0.19026425881297404
0.1900137976824043
0.18993325286538124
0.19025371128415047
0.18990065943633327
0.18959071092035082
0.1896050511472388
0.18947403638018193
0.18921266209457638
0.18919702521025092
0.18975306081465898
0.19073282707717296
0.19153482584633827
0.1923497905184062
0.19264889327260595
0.19296476933485968
0.19352364911206174
0.1943319401204066
0.1951572213855184
0.19539044854698923
0.19596510802946626
0.19649603985334863
0.19708909990439327
0.19762944901622134
0.1977900924828222
0.19793025035130876
0.19827529202648636
0.19893811934234634
0.19958488401082547
0.2002732117929449
0.20093229691901748
0.20166854659407482
0.20195581012318833
0.20215061330893586
0.2025087628670408
0.20280602685768565
0.20312479219611482
0.20354130515483498
0.2039407766406297
0.20418886978636536
0.2046787509329973
0.20510651761827678
0.20568505535729853
0.20621579479255023
0.20656171709318105
0.20683239980136436
0.20709458433104377
0.20738137855754346
0.20744554758991457
0.2075478485524842
0.20793251555381906
0.2080496192382604
0.2084115341891721
0.20879762411660896
0.2092678361450409
0.2100722404084331
0.21079520671250584
0.2113024777638267
0.2115412338572915
0.21171324245247808
0.21212707175140802
0.2129494615390588
0.21352735445194446
0.21424519851444618
0.21489728784707046
0.2151448738605963
0.2153235026452612
0.21582028735240433
0.21603946504944446
0.21613716666791874
0.216472008359957
0.2166600841077155
0.21703913171482364
0.21732742922337298
0.21750053382224088
0.21776858594970408
0.2178134260578213
0.21826635524219073
0.21866742043733195
0.2193137106264394
0.2195517776195647
0.21991408356197423
0.22048387365336264
0.2208573547636481
0.2211349757694641
0.22126609901260172
0.22150117480597548
0.22174520827353156
0.22204924683634064
0.22245754958435537
0.22285587699805473
0.2230581246450978
0.22312144553698016
0.22315737108614642
0.223421752050182
0.22367875612457783
0.22398533895761252
0.22429238653561173
0.22440451784485985
0.22494580735323336
0.22547385326508868
0.22565012999275233
0.2258335376182368
0.22576916898281102
0.2258469122158412
0.22631172991244572
0.2266391452689977
0.2271395685388773
0.2274561693681773
0.22762879223680837
0.22768642151842478
0.2277017153102728
0.22813268258567715
0.22863632790006352
0.22873883774952938
0.22898457135983488
0.2292290511252863
0.22960014588167235
0.229997555977515
0.23029152327835134
0.23045985239408331
0.23073169016851436
0.23096049249895403
0.2312042052590388
0.23155890500144338
0.2315864008211256
0.23182360849253272
0.23216345461880117
0.23231841978182288
0.23249734663339636
0.23270562210057433
0.2330358018244064
0.2332565481781974
0.23366473234609428
0.23402432233735404
0.23441124009647235
0.2345483865251369
0.23484835102718554
0.2350607197149783
0.23521752782604796
0.2354452823805941
0.23557431600898487
0.23568824514730516
0.2358900579524247
0.23622309389273843
0.23633356875850545
0.2363823011416218
0.23636719872018017
0.23664612881386787
0.23695170898723672
0.23722715098603547
0.2375764545387924
0.2378041172800998
0.23812565486095935
0.23825271535214387
0.23852195916154748
0.23862078666762912
0.23867731809802195
0.238527815954916
0.23863088129816432
0.23896890586163191
0.2391798373023037
0.2393924352589732
0.2396853625418994
0.23988872801808983
0.24011289354592788
0.24029298500033244
0.2406229002381298
0.24093446890314604
0.2411505347036283
0.24110921043983666
0.24116554104917115
0.2412840715013626
0.24136916869636274
0.24158619272652557
0.241898647950562
0.24226730856203912
0.24235180628905847
0.24252577185333354
0.24269772257804234
0.24288356047303072
0.2428524447337111
0.2429653897070565
0.24309140627274112
0.24339123589788247
0.24353990317730337
0.24382156606026026
0.24386628935866106
0.24373715418691175
0.24380207464896192
0.24402117041986432
0.24421261049383647
0.24425867734493376
0.2444114564850496
0.2446408424844518
0.24465986918746757
0.24443518945460013
0.24433895556115964
0.24413638239147553
0.2438722560780668
0.24370894713347363
0.24360390685264824
0.243585627172458
0.24359826676335414
0.2433283336488474
0.24314050146935653
0.24291083394095084
0.24266084870902024
0.24250246990083568
0.24239314273667667
0.2423305759057218
0.24215488600668278
0.24196456729725405
0.2419348770745109
0.24179402401933656
0.2416148863191368
0.2413541465679654
0.2411006745433806
0.24094181692754546
0.24067135889304558
0.24044294745472927
0.2402166117547194
0.2399552533301195
0.2398641223515341
0.23979312433602537
0.23970929011025077
0.23960017072599854
0.23957552201361515
0.2394547881854536
0.23930549291689635
0.23911512226599954
0.23897857139619116
0.2388004805554425
0.23869363130978213
0.23853719929377068
0.23846263200345974
0.23846784269995028
0.2383142789490379
0.23817007096813492
0.23799217178790613
0.23788254462496988
0.23802271161791147
0.23793707760017305
0.2378773933199162
0.23786426961553161
0.23770130862476788
0.23762219802675785
0.23761936544912818
0.2374050330833765
0.23715320744667764
0.23699352690528894
0.23685072582143799
0.23678878526700958
0.23679767829669107
0.23655561420750487
0.23624958788797404
0.23611556090955305
0.23596964905476495
0.23587344919130457
0.2357035886862413
0.23560476833451144
0.23540954898723077
0.23525594839318595
0.235184881568456
0.23505737243075392
0.2349940504339068
0.23479350127143592
0.23469745132266537
0.2346805335594601
0.23464295441003458
0.23464747661591898
0.23459637561779242
0.23444333211113996
0.2343389251307516
0.23422322298920348
0.2340673806610382
0.233991716110029
0.23380664648464822
0.23360016478773415
0.2334708514358269
0.2334257561467917
0.2333878582997096
0.2333923070826264
0.23332140334227414
0.23316600658874137
0.23291999161838564
0.2327384305593844
0.23256349842325372
0.23240125232224623
0.23225558029954785
0.23214433313659705
0.2321379115891217
0.23209707086125542
0.23200759886594272
0.23191431702230444
0.23188831798959839
0.23192057141441755
0.2317931986382186
0.23166142857699212
0.23159964712237624
0.23144763360002274
0.23136075667684497
0.23131517934497856
0.23122148868411485
0.2311571600907134
0.23094367236864158
0.23074689861466988
0.23066203422351156
0.23058641939991278
0.23047685750863744
0.23034976492828824
0.23011654340082313
0.23008477942595135
0.23011178942361057
0.2300447478709282
0.22990453200377511
0.22982467331849868
0.22969171101199726
0.22961061093608098
0.22945151235983832
0.22935037638391034
0.22947624938241337
0.22930700606402132
0.22905901317063365
0.2289725136287155
0.2289617828683179
0.22891407036346406
0.2288227441854205
0.22860624799278073
0.22836574495545
0.22822398100610708
0.2281621648524665
0.22808677984829157
0.2279243886778901
0.22773173842891778
0.22776434823350303
0.22784251074976047
0.22780783180303757
0.22774311205947895
0.2276901160337931
0.2275784001841693
0.22749973511242544
0.22743729495876303
0.22733216400484335
0.2271990284539421
0.22706994668377323
0.2270870991971267
0.22708888677049166
0.2270258269814253
0.22694635841484562
0.22679768161121702
0.22678365154950075
0.22664866711199244
0.22644856583342932
0.22635374239726655
0.2262423506854968
0.22616446772396415
0.22620120822405385
0.22623227848611963
0.22607822224063123
0.22593783124837066
0.2258020883125339
0.22567943441582886
0.22563101074782524
0.2257047395293643
0.2256302774392707
0.2255224712911949
0.22552071819603015
0.22541667656800407
0.22533515410481184
0.2252573117810406
0.2250919726889787
0.22496542907821734
0.22485616475988962
0.22472155345804246
0.2246482075483292
0.22458271020064036
0.22446267890757976
0.22429240853899074
0.22427515614965077
0.22449269729914667
0.22462258739426977
0.22471516407233458
0.2247789969152628
0.22491427918108173
0.2250157200093497
0.22504910289315452
0.2251086113817511
0.2251480429944145
0.22533748701973
0.22544076905757163
0.22541686618261655
0.22537462104337855
0.2253723414039313
0.22546835896954007
0.225535576235715
0.22566843077929863
0.22578513568833747
0.22582120497383407
0.22591261313640398
0.22594277859547074
0.22595704769313013
0.22606777382592014
0.22617981984626
0.22618490317279857
0.2263669397526013
0.22635433559827312
0.22639584580826466
0.22634886596894738
0.22645760251921035
0.22642055394275232
0.22657788770258208
0.2265730121183373
0.22648180728168685
0.22645060365942107
0.22646513706700672
0.22654160933312115
0.22653185186569605
0.22656504121925658
0.22667449000816484
0.226734603428451
0.22684690984437575
0.22685464050107135
