0.29899726628007217
0.31029508850639786
0.3144882047995863
0.3124690007924465
0.31241561108723853
0.3125249906009327
0.31297190069554
0.3133451737146838
0.3133475044470185
0.3136065158269814
0.3142562558857143
0.3146540352094721
0.3152352302598793
0.3158201005532876
0.3158484039018976
0.31583219282119424
0.3159939166702148
0.31635657344237694
0.31632446543220794
0.3160323024927653
0.3157879468332829
0.3157799321188305
0.31582989530525735
0.31579894303911876
0.3156871652902664
0.31541798092631257
0.31510326392028515
0.31485560740990737
0.31480368972161804
0.31488777018650416
0.31478465529079047
0.3147889108005212
0.31493231352009876
0.3150250901951339
0.31509472943659117
0.31500147910448056
0.3149245749738776
0.3147734564148797
0.31464635663650975
0.31461734455576623
0.31457899979673476
0.31452823101826227
0.31441678604855244
0.31437125018648926
0.31433441198449075
0.3142442823795137
0.3142327789457466
0.3141973479545405
0.3141831014500647
0.31407606243780883
0.313916793915693
0.3137031429856411
0.3134542128883517
0.313125387117791
0.3127236350464694
0.31238551822104155
0.31206642448433486
0.3118162026347919
0.31165263230068757
0.31153810939629
0.3114002356085896
0.311213067211465
0.3110286957714576
0.3109907490724013
0.31095366321519896
0.31091116213369396
0.31080646097907194
0.31061531704879974
0.3104362593389842
0.31029347022615483
0.3101725754002292
0.31014345805871146
0.3101030364082612
0.3100412066479062
0.31006058580591755
0.31005795592891444
0.30999509663212743
0.3099657506781345
0.3099628170680087
0.30991280240708813
0.3099259047497535
0.3099874020444663
0.3100815162936111
0.31017312495968846
0.3102904051006233
0.31041161783575966
0.3105034024719984
0.3105312115825559
0.3105143383310026
0.310492228849459
0.3104006354179115
0.310305460715962
0.3102871512755595
0.31028115011937
0.3102685932937492
0.3101860059887232
0.3101103288337724
0.3100914371967915
0.31006371431650287
0.3100808959803497





