0.29899726628007217
0.31029508850639786
0.3144882047995863
0.3124690007924465
0.31241561108723853
0.3126126460280455
0.3131493928498135
0.3134940696464496
0.3134870793225271
0.3138491758631945
0.314357245334949
0.31471118595394243
0.3153046712489733
0.3158836097089615
0.31590453979679894
0.3159039256008921
0.31609137950137023
0.316470949763787
0.3164290964966449
0.31615630892399865
0.31591672636906115
0.3159046644653023
0.3159772416400861
0.3159500041572737
0.31583207081210574
0.3155438977467757
0.31519128679583697
0.31489741181405406
0.3148718815898786
0.314951886358772
0.31483772328665016
0.3148470018659225
0.31498366921479026
0.3150495324645343
0.3151134523068437
0.3150023423950334
0.31490075982728605
0.3147410942236452
0.31461318527498383
0.31456306957310604
0.3144990649205977
0.3144381969651381
0.3143153943290014
0.3142428866600984
0.31417662920502404
0.31406895850122724
0.31402462171919365
0.31394858420109883
0.31391690946324446
0.31379043911912574
0.31359676095958294
0.31339612132312583
0.31312556150939086
0.31280516119532586
0.3124214991467532
0.31211142660384833
0.31179881847435276
0.31155064326655424
0.31138196795068185
0.31127684947531276
0.3111399961155933
0.31095876854254834
0.3107759021174453
0.3107363533196617
0.31071015530691015
0.3106784127721394
0.3105819872795791
0.31039404820179306
0.31022067901750777
0.3100829751648983
0.3099664418246679
0.30994156653727334
0.30989749815438516
0.3098410104927466
0.3098713065336284
0.3098701654481085
0.30980961506154814
0.3097815714761157
0.30977932304046546
0.30973161677700156
0.3097459167036571
0.30980802535209334
0.3099043139024211
0.3099998985117404
0.3101180764411193
0.31023811804320506
0.3103318449204961
0.31036159962016924
0.310345960620538
0.31032306569561746
0.3102292779293161
0.31013448524516657
0.31011685349023194
0.3101110475363698
0.31010156429958624
0.31001847464736904
0.3099424181220039
0.30992385655411975
0.30989704035752685
0.3099135746308709