0.29899726628007217
0.31029508850639786
0.3144882047995863
0.3124690007924465
0.3122815113149123
0.31244680757446774
0.3129057456280618
0.31328783919643705
0.313405158485955
0.31381389507202756
0.3144428997405499
0.3149797554710093
0.31556687734771416
0.3161552900459922
0.31622906856682914
0.31629740489771585
0.31651741178043924
0.3169301847430575
0.3168945406150459
0.31664342152375785
0.3164688798718692
0.3164905223943536
0.31659322224814573
0.31661005593846253
0.31652613667930823
0.31626169341104404
0.31592614454441453
0.31565895422838125
0.31558404830062226
0.3156422144162444
0.3155087054723638
0.3155029509093151
0.31561551009737115
0.3156525779194201
0.31568346549604326
0.3155487454185118
0.3154368152848536
0.315262881861191
0.3151312470699286
0.31507161886998014
0.3150088379370623
0.3149408676954318
0.314833083670957
0.31481344954935747
0.3147771155984314
0.3147168257100666
0.3147401185696145
0.31469613960477466
0.31467436095864254
0.3145380225948089
0.31434142116903174
0.31411854894173197
0.31383043621542867
0.31349056691269084
0.3130974836611461
0.31277415158582245
0.31247211327770813
0.3122124591097525
0.31203247126383854
0.31191777852684754
0.3117672908224104
0.31156984975367896
0.3113699843966941
0.311312624980337
0.31127485215750966
0.31123148752696644
0.3111123357397105
0.31090599177277684
0.31072364939186997
0.31057429610607784
0.31044368406814943
0.3104076331306723
0.310362366223642
0.31029861104630385
0.310317094746255
0.31031113060017074
0.3102407235464066
0.31020600262048464
0.3101994240695157
0.3101467804621369
0.3101545285317677
0.3102116229099324
0.31030301928259846
0.31039382940132904
0.31051175436431894
0.3106303784437633
0.3107202858120908
0.3107449715841284
0.3107256826631485
0.3107012115002958
0.31060554479326147
0.3105083692719731
0.31048935553439955
0.31048123992144344
0.3104687934939494
0.310383423216846
0.31030333083014133
0.3102810679240254
0.31025142002886785
0.3102667153682261





