0.29899726628007217
0.31029508850639786
0.3144882047995863
0.3124690007924465
0.31241561108723853
0.3126126460280455
0.3131493928498135
0.3134599228789709
0.31351130261178506
0.3138881929543637
0.3145070965291259
0.31500165367835187
0.3156318484105057
0.31622952441645297
0.3162635539119057
0.3162253590567159
0.31637554199520695
0.31673740180549065
0.31666171988499964
0.31632996911717065
0.31605927046179955
0.31600948468794865
0.3160197373707556
0.31595411304486404
0.3158096065508691
0.31547220863236564
0.31515870905236276
0.3149041721901337
0.31489637681609667
0.3149594686104792
0.31482663714346665
0.31482615705363504
0.31496883767650946
0.31505816880664667
0.3151210424785898
0.3150347854529745
0.314945293708163
0.3147844739080332
0.3146489620315623
0.31461446574299873
0.3145629283611542
0.31450570217711854
0.31438635145659916
0.31432362765399474
0.314273474678265
0.3141715024429495
0.314130649749938
0.3140520035837131
0.31397743718824356
0.31381825100994043
0.3136247782372471
0.3134029573309425
0.31311657963960365
0.31280084362592947
0.312447189650762
0.3121462567168529
0.3118660120588381
0.31163554055307335
0.31145832846627497
0.3113336600404383
0.3111806681349583
0.31097605935208006
0.31077660977551763
0.31072848571741324
0.3106865544998316
0.31063737334780595
0.3105201065166129
0.31032485799647674
0.31014587035475844
0.30999206896103076
0.3098617289942219
0.30983815619396665
0.3097983713968264
0.30974544900923784
0.30977724070413043
0.30977930139666526
0.30972249492991244
0.30969666688072406
0.30969716153559534
0.30965048888293295
0.30966685019206247
0.3097315264685814
0.3098287422944137
0.30992523187253734
0.31004653618316746
0.31016705762224656
0.310258767591461
0.31028690055477554
0.31027065401942855
0.31024860061313536
0.3101553329493835
0.3100584428340333
0.3100401553230857
0.3100351695940876
0.31002648922451115
0.3099438114787014
0.30986586628058616
0.30984577194698953
0.3098159228411367
0.3098300147666777



