0.29899726628007217
0.31029508850639786
0.3144882047995863
0.3124690007924465
0.31241561108723853
0.3126126460280455
0.3131493928498135
0.3134940696464496
0.3134870793225271
0.3138579668711425
0.3144716111325198
0.31499456860961544
0.31563776394572823
0.31625355944135525
0.3163276004007516
0.3163855599788633
0.3165967001098598
0.31701007282200316
0.31699206238259636
0.31675236498673603
0.31657288726280064
0.3165928084639354
0.31669266792784445
0.31671432412422196
0.3166340621067074
0.31636856274069275
0.316020703202201
0.3157155568301922
0.31565186227126585
0.31570288966585286
0.31556410133096174
0.31555976971479016
0.3156802110474988
0.315715470469904
0.315739786848121
0.315615466189581
0.3155033495234327
0.31532290488777637
0.31517718846914056
0.3151098708020661
0.31502476327905904
0.31495537566319093
0.3148553293542256
0.3148085071774143
0.31477268109354284
0.3146953395870816
0.31466867207148375
0.3146023059126945
0.31454156900491803
0.314385893924029
0.3141792453614547
0.31394356563187736
0.3136611322403119
0.3133355888954092
0.3129561659568832
0.31261167158236186
0.3123138056573737
0.3120612192119874
0.3118764030003159
0.3117610444830454
0.311616188284009
0.31142375071699296
0.3112348993476184
0.3111873517916773
0.3111451759760453
0.3111021495557765
0.31098882926751753
0.31078482812218694
0.3106014933717336
0.3104541932297902
0.31032475207742616
0.31029048821736716
0.31024375017637346
0.31018160904703224
0.3101991033507518
0.3101918503764583
0.31012268981967434
0.31009058336765477
0.31008713667952653
0.3100359056735765
0.3100450312444962
0.3101034693160017
0.310196176664381
0.3102882662217661
0.3104041209551757
0.310522255384635
0.31061376109961575
0.31064177710061064
0.31062365436487116
0.31060032332402976
0.3105057715398576
0.3104093870617507
0.31038941549842114
0.3103823686633182
0.31037096839612427
0.310287309198234
0.3102097608687724
0.31018845756886465
0.3101589553050129
0.31017380567428793































































































































































































































































































































































































































































































