0.29899726628007217
0.31029508850639786
0.3144882047995863
0.3124690007924465
0.31241561108723853
0.3126126460280455
0.3131493928498135
0.3134940696464496
0.3134870793225271
0.3138579668711425
0.3144716111325198
0.3149774286106585
0.31556416729314035
0.31620578379578684
0.31626835062580033
0.31627222880595107
0.3163870505524004
0.3167329468541095
0.3167031641382125
0.3164568004474223
0.3162833807131506
0.31631204622835124
0.31643535983262
0.31644251796470957
0.3163649437662489
0.3161134681142339
0.31579016817935196
0.3155236156005383
0.3154198234031887
0.31547953680630714
0.3153504790052704
0.3153608026431075
0.3154832095899987
0.31552302450876885
0.3155632848737512
0.31544500992565383
0.3153311117472089
0.3151453122170319
0.3150005402832934
0.3149495852946162
0.3148846298568793
0.3148281288119964
0.31470703712578957
0.31464788274588007
0.31461800319463645
0.3145858902986324
0.31457984782385984
0.31453425237573507
0.31451282057533425
0.3143619117479491
0.31415850792596456
0.3139636383265733
0.3136850692182587
0.31334510793924353
0.31294184275238
0.31261654819797335
0.3122995312750861
0.3120350473119217
0.31185834327532846
0.3117521046114178
0.3116254831519539
0.3114573884768373
0.3112797420942004
0.31123993736037797
0.3112153514403863
0.3111885888961974
0.31108310185538557
0.3108934896635594
0.31071426263557417
0.31057435728297134
0.31045008337858354
0.31042058172311343
0.31037662462726034
0.3103158337556872
0.31033911403353037
0.31033172701497613
0.31026769833434237
0.31023374321815583
0.3102268112378057
0.3101738230934931
0.3101822886419014
0.3102406397278163
0.31033168437529096
0.3104221512299923
0.31054040569634084
0.31066055232072926
0.3107521597729982
0.3107818267568133
0.3107631490183505
0.3107396450912543
0.31064355365170104
0.310545962682788
0.31052654252453105
0.3105180292267924
0.31050557163758624
0.3104240490492217
0.31034870944964094
0.3103273731016057
0.31029725514467793
0.3103120898699168





