0.29899726628007217
0.31029508850639786
0.3144882047995863
0.3124690007924465
0.31241561108723853
0.3126126460280455
0.3131493928498135
0.3134940696464496
0.3134258412809815
0.3137050510095925
0.3143366856366673
0.31476620675715905
0.31533945829329163
0.3159368626426432
0.3159565450995359
0.3159280939334176
0.3161174383030562
0.31648520455190504
0.316440717174479
0.3161538726855836
0.31590623951695196
0.3158950501594008
0.3159772416400861
0.3159372742767162
0.3158144325843153
0.3155305565274767
0.31521781715286656
0.3149802323040029
0.3149630311438385
0.3150374440545697
0.31493574510056993
0.3149372545470159
0.3150727594263717
0.31513528048246486
0.3151948915670811
0.31509201653844904
0.3149941777633841
0.3148396180760482
0.3146619794016819
0.31457344149081273
0.3145124210699595
0.31446342801970095
0.3143605883167379
0.31432117293905415
0.31431346520747555
0.31425786245450255
0.31425813926651314
0.31421741854150254
0.3142025190065382
0.3140578785301483
0.3139012346604089
0.3137035397182376
0.31342467952138736
0.3131082637256961
0.3127163025360809
0.3123929968088427
0.312074964405371
0.31182110258045
0.311652900964284
0.3115645452189957
0.31144334958421865
0.31127480732748514
0.3111075859666095
0.31108355912223684
0.31106705571393617
0.3110388575118737
0.3109476585902017
0.31078026272983966
0.310615058391649
0.3104835169107609
0.31036352159368247
0.3103374406809778
0.3102983359962343
0.3102446944274542
0.3102712292954077
0.31027331296763655
0.3102115793939747
0.31018212733996964
0.31017643698067104
0.31012458015922434
0.31013688732766687
0.3101957955547231
0.3102886248239999
0.3103791018954211
0.3104928680950725
0.31061026252578594
0.31069868691473085
0.3107217915924575
0.31070139021117765
0.3106771905059467
0.31058085986988215
0.3104822242952046
0.31046083314894835
0.31045130065660886
0.3104359896340116
0.31035034230637404
0.31027214084301835
0.31025019780563845
0.31022006879275965
0.31023272781261907





















































































