0.29899726628007217
0.31029508850639786
0.3144882047995863
0.3124690007924465
0.3122815113149123
0.31244680757446774
0.3129057456280618
0.31328783919643705
0.31329691508090324
0.31356125210924596
0.31421530374852463
0.3146166446935765
0.31518686336501567
0.31575639969252967
0.31578909675761074
0.315776712395382
0.31594179906684283
0.31630743429874936
0.3162779827208714
0.31598820373359415
0.3157459994248462
0.3157483465554005
0.3157930818326867
0.3157334762059178
0.31559263125669085
0.3153354865118696
0.315026566594253
0.31478296446276366
0.3147160547776836
0.3147563914973873
0.31458886627293786
0.31456954354718275
0.3146925241840371
0.31473204512960795
0.3147694560764887
0.3146517018977668
0.31453268821999697
0.31438025714730405
0.31423723037083273
0.31418168071287006
0.31412763567991053
0.3140808977425747
0.3139876617824875
0.3139732463190232
0.3139584035733787
0.31392009072623883
0.3139679892032691
0.3139395502959995
0.31398122672363543
0.31390509149582585
0.3137935318074122
0.313659325575769
0.3134416227740406
0.3131395667518443
0.31278467766534124
0.3124628977422664
0.31215146125121895
0.31191753865614563
0.3117836729698315
0.3117258179549025
0.3116380742024154
0.31149930980369755
0.31135058258634796
0.3113352416075221
0.3113387967451018
0.31131760653352714
0.3112381258810795
0.31107039313964213
0.3109080442007855
0.31078350179780734
0.3106701581685478
0.31065119697537014
0.31061930816438243
0.3105664499254513
0.31059047236134113
0.3105861210174941
0.31051790501811316
0.3104844998545855
0.3104749571150325
0.3104184996134491
0.31042531920633315
0.3104806879484918
0.3105700639158897
0.3106579263986227
0.31077019073579465
0.3108843419082272
0.3109706614142286
0.31099206285881353
0.3109678473909901
0.31093901934435153
0.3108407246048563
0.31074067899455715
0.31071649370610244
0.3107042750851214
0.3106894687146246
0.31060260106845805
0.3105216607400023
0.3104971587527337
0.31046452274374664
0.3104763023522262





