0.29899726628007217
0.31029508850639786
0.3144882047995863
0.3124690007924465
0.31241561108723853
0.3126126460280455
0.3131493928498135
0.3134940696464496
0.3134870793225271
0.3138579668711425
0.3144716111325198
0.31499456860961544
0.31563776394572823
0.31625355944135525
0.3163276004007516
0.3163855599788633
0.31657774978180653
0.31691989636689816
0.31691058774196046
0.3166938549767846
0.3165780089584137
0.3167513940002011
0.3169446655974777
0.31698435415855775
0.31700296689556323
0.3168008019319913
0.31645388061546903
0.31612118443752146
0.31595560437387266
0.3159447398350499
0.3157569820359272
0.31568606389075105
0.315771712024077
0.31578261702945204
0.3157890713807794
0.3156661386106291
0.31555938002227074
0.3153765575401597
0.31520747108389396
0.3151007943501048
0.31501414638439457
0.3149460482373164
0.3148163371406052
0.3147437292691619
0.3146760319476441
0.31456724271305436
0.31453618624068447
0.3144844642017842
0.31445234622407303
0.3143079278051576
0.3141031397512602
0.3138897329679061
0.3136217065777825
0.3132759145047022
0.31288736504159453
0.31256492437009686
0.31224973170489745
0.31197807609797457
0.3117951377937143
0.311685863169288
0.3115507673893786
0.3113644491544489
0.31117170259788823
0.3111249990423869
0.3110901470737552
0.3110588423934984
0.3109509722039057
0.31074813313075716
0.310566172774767
0.3104224710156147
0.3102942566951894
0.31025940590751305
0.3102127562519846
0.3101494334972325
0.31016991985486864
0.3101636325291534
0.31009907872472486
0.3100672996321288
0.3100624882280655
0.3100115673053559
0.31002099525460736
0.31007972828318764
0.3101727234067235
0.31026509381649614
0.3103829639573661
0.31050465395640486
0.31059701229724757
0.3106270350315367
0.3106090788936887
0.3105859107274203
0.31049151821794274
0.3103952895326951
0.3103754703771218
0.31036857267381235
0.31035731838247427
0.3102731152776009
0.3101949873702491
0.31017522751812737
0.31014665404987346
0.3101630022215044