185.63274679187725,28022.0
175.21980179359943,24583.0
147.00498490960965,20638.0
110.20174169471552,15243.0
83.3185688692629,9226.0
38.43444164155319,3927.0
43.445965584032564,4065.0
51.61165771846316,5259.0
79.2052476725655,9319.0
102.46646751979661,13103.0
118.04066615307076,17573.0
111.13686384075194,16159.0
840.1791057302398,21743.0
144.47596765607042,22053.0
144.48107424838145,21522.0
149.80528337631299,21262.0
161.52806109182504,21886.0
175.12677864777535,26250.0
162.00567612342937,24571.0
107.57135475236095,14843.0
101.02389298653019,14734.0
90.40958435340563,13632.0
140.47717802158886,22745.0
113.77570471961329,15831.0
72.04185685939754,8820.0
44.74565342964562,5014.0
27.19466397340868,2989.0
18.153828866999135,1901.0
18.734168610907343,1873.0
32.81306832546405,3313.0
66.9327197172639,8138.0
106.50348632438845,15365.0
127.96538305506131,18489.0
117.74571313059825,18484.0
112.81128813452808,17872.0
84.73883865055348,13486.0
615.3985247333075,16886.0
119.0389541497319,17028.0
142.99833094622275,17820.0
131.17372869107209,16000.0
110.07363527085096,14799.0
125.65894177585984,17540.0
135.627304651217,21417.0
141.01931474163362,21611.0
132.82117298018647,20100.0
124.5276528580102,18715.0
111.31649308276194,16323.0
88.8755707846941,12065.0
66.29482855491806,7859.0
40.509859082702945,4569.0
26.014826509568007,2768.0
21.599848096884706,1961.0
20.818109186814645,2186.0
46.2335959246406,4320.0
99.84557316440299,11013.0
140.764253482858,19317.0
176.7523960854087,23002.0
180.96607170525922,23141.0
163.93881179759293,21726.0
98.6911351311303,15081.0
914.8033037812609,19962.0
146.608261957805,19584.0
159.5523261922621,20659.0
165.35667942862557,20811.0
142.8611811975774,17477.0
166.7625846244276,21545.0
189.21996993639866,26755.0
176.84297105047776,26870.0
169.6709112764218,26814.0
165.1117857483645,26227.0
148.6832975196758,23336.0
122.95119328623859,17216.0
82.39614730749348,10056.0
52.175206259828606,5916.0
31.442253868504512,3548.0
23.58415680149621,2475.0
22.98291533496069,2394.0
47.86614538121579,4065.0
106.4097862559876,11718.0
151.17450284715292,21080.0
176.15441068675244,24379.0
171.71134925944773,23099.0
148.02183013759813,20101.0
96.48114132683621,14128.0
929.3205873074182,20054.0
154.69685892085977,20112.0
168.91760749770376,20797.0
166.8596948181806,18836.0
134.717038712588,14736.0
165.36266492040457,18337.0
176.86277995520055,23512.0
174.93338549138613,26516.0
165.547142577852,26069.0
161.58346160500506,25854.0
145.54450125027014,24156.0
117.33108427174781,18233.0
88.07218919765482,11747.0
55.61211638713376,6821.0
36.32553490368935,4201.0
25.24336891457927,2792.0
25.677096610325208,2607.0
49.02125042564043,4297.0
114.01336799085523,11932.0
152.41022787808677,21343.0
173.46544834202373,24660.0
172.1122691407042,23298.0
137.7168695125214,20704.0
99.80731112580534,15220.0
903.4339845612773,21198.0
147.6408399577584,20787.0
166.30257055711064,22246.0
174.36703490124378,21489.0
150.25367116059357,17227.0
173.69768224405368,21588.0
198.84075695678573,28136.0
197.3578197442901,30027.0
199.52460383479377,30196.0
204.21783243040124,29757.0
188.2231460965311,27323.0
171.192203555644,23319.0
127.55784471087121,15722.0
83.48580183452927,9529.0
54.880720812608175,6232.0
38.70155204272342,4102.0
33.29799886586257,3442.0
55.46219443717852,4631.0
120.22091030556192,12223.0
161.76476918055346,21692.0
171.63567639736664,24654.0
169.92055899218911,23431.0
149.00314783812752,21089.0
102.6770592280995,15605.0
953.0884696974899,21575.0
157.12986434104582,21347.0
183.32438369070871,22383.0
174.444348442711,20500.0
148.28164731960777,16984.0
175.42221563316681,22013.0
198.31201989072238,28179.0
197.72560790395048,30332.0
192.1581451234568,29077.0
183.41793793826915,27964.0
176.5182954636514,28078.0
179.9357292914883,27703.0
181.95140763119142,25489.0
157.180104288543,21396.0
133.20959319072696,17346.0
104.96642683736613,12789.0
65.41941571002798,8074.0
40.70239073697316,3938.0
55.273339776315986,4853.0
70.47305022223297,7052.0
97.27732329519458,11339.0
127.91998603652233,16394.0
140.3322402636523,19861.0
122.60810419411789,18801.0
919.0908447760679,24247.0
160.01545372262632,24113.0
151.9217676006392,22588.0
146.8288054513332,22099.0
137.56609855306397,20920.0
155.86242491082896,23575.0
177.30200271977827,28265.0
181.3979392265977,29253.0
157.46510259920615,25058.0
151.73192515620224,24483.0
170.17486376771902,27544.0
180.26971327513212,29282.0
174.09078500236276,28042.0
162.00644369290688,25268.0
148.01715233487508,21787.0
127.96696631030468,16565.0
89.33807605267306,10426.0
42.7034099276851,4347.0
46.66281594649098,4302.0
58.063866269204425,4955.0
75.38325128407703,7751.0
101.79706570509693,12102.0
126.35519376608947,16617.0
117.8184332871224,16214.0
837.3541609252135,22468.0
153.55720448739066,23478.0
155.96168533460008,22860.0
164.101289044639,22294.0
153.18243534280353,20941.0
151.2638663790075,21015.0
152.3770893882725,21514.0
133.26116917280322,19173.0
111.13107201105063,16385.0
106.9121215738239,15091.0
93.18513860948009,12684.0
80.32522712114168,10759.0
58.514645299812756,6946.0
37.617303145739065,3934.0
24.56758906732912,2669.0
18.005233277680393,1815.0
20.795637394461593,2098.0
41.28997137023637,3869.0
102.31877264909548,11476.0
140.75978044550155,19347.0
145.96790278365984,22042.0
132.06258532731218,20634.0
117.63035593858213,18530.0
83.64256407027885,13246.0
643.1288678070152,17673.0
119.38955219849733,17387.0
131.85681012656926,18619.0
132.9022894453847,19165.0
131.11191660291144,17590.0
144.12287610411747,21424.0
159.76546736060908,26223.0
159.93440756926802,25652.0
157.49297589420217,24191.0
151.93711257810264,22496.0
128.73602215262477,18653.0
94.9054496087274,13138.0
64.53828218240432,7911.0
37.79078585992941,4503.0
27.75548537790449,3012.0
20.07405249173089,2059.0
21.533196738599536,2154.0
46.55337605023074,4196.0
105.6683673764024,11969.0
148.6299785146383,21120.0
165.65226016937987,24626.0
158.48271478798,22847.0
146.83364381525587,20084.0
95.29962931784559,14289.0
859.7685347676872,19603.0
134.6728764611198,18868.0
142.25938819718303,20210.0
150.9040185218104,20148.0
145.0859467602259,17577.0
166.22041057994127,22191.0
180.80989169029726,27871.0
178.40258183517062,28354.0
169.82476330223648,27445.0
172.38027333780877,27300.0
157.34476085432033,23925.0
119.77244822641431,17552.0
84.02161668695106,10638.0
49.289449986423904,6040.0
34.10275663509187,3951.0
23.447056260497448,2624.0
26.2455494006225,2481.0
50.7019636320364,4383.0
113.55840095098934,12204.0
155.54135717137626,22263.0
169.46116829123324,25450.0
168.9321609134426,24010.0
145.71340243137385,20770.0
98.28923377763044,14993.0
985.8143761774403,21265.0
151.40170006310976,20131.0
171.72782802064108,21958.0
180.83946271891543,21063.0
158.41667493150447,17106.0
183.39293058893983,21372.0
197.82563870762795,27083.0
196.54631568936415,28965.0
177.75818058013027,28367.0
181.7320823976803,28239.0
169.19806512138635,25817.0
136.31747314304607,20023.0
97.33780368465028,12674.0
59.976837652078046,7414.0
39.24750541820027,4699.0
26.846020794024398,3091.0
27.681984041754678,2838.0
47.207656928824626,4276.0
113.69752504750944,12048.0
158.02971723256115,22202.0
177.49567454196827,25768.0
160.4973037414235,23734.0
144.1968855077057,20718.0
104.52517996326542,15304.0
962.2320757047291,21402.0
153.7372401118266,20314.0
178.21341751805164,22403.0
181.29851899222072,21146.0
163.75553705544237,17026.0
186.76501703241885,21775.0
208.0753498720493,26993.0
211.662051281909,29114.0
202.59901626354855,29052.0
204.70415967212259,29270.0
193.76946029516176,28323.0
184.22561619040366,25534.0
156.79867291687634,19548.0
105.91423794246043,12570.0
74.78882815367719,8126.0
56.05474077890203,5807.0
46.91906345052277,4453.0
61.96399755851547,5155.0
133.91807017448443,12882.0
177.2791975122265,22587.0
192.94642985765896,26161.0
186.53625310743558,25367.0
171.962794190239,22659.0
111.70485724947015,16682.0
1080.4227601353775,22025.0
184.87712958461708,21705.0
211.4386570223365,22465.0
211.6747529326941,19885.0
177.86121632021423,15949.0
213.11783937136067,19852.0
241.43239340858395,24697.0
246.74951941686453,27578.0
225.28263355937844,27793.0
213.04011606092547,27298.0
198.90378608911732,27816.0
198.42825782476092,27327.0
190.9956099880587,25545.0
172.51695860760103,22142.0
147.04946928774976,18227.0
119.33904951424088,14467.0
90.53443244197263,9582.0
49.22960334935829,4647.0
63.65084154658836,5530.0
79.30264491836282,7933.0
108.18687841577322,12275.0
135.4644059749492,17326.0
153.88458060787275,20590.0
131.82353152500644,18664.0
975.3619674854633,25094.0
174.36100550247698,26076.0
176.90278545096834,25570.0
176.77119452122614,24606.0
165.91533911684306,20845.0
168.13584611981224,22324.0
201.24597530146525,26880.0
198.67461195546056,28434.0
176.8330106140018,26493.0
171.92533682675858,25931.0
182.01690795669242,27205.0
186.18980187480696,27253.0
173.90794432055114,24874.0
159.58909214238994,21947.0
146.79070809937986,19016.0
123.32165272618359,15392.0
89.52025622902548,9821.0
45.682246472904815,4576.0
41.85774257955883,4097.0
57.28411588008689,5276.0
83.15119898536294,9051.0
112.3980802794595,13031.0
143.5781778659764,18199.0
139.85362036618895,18413.0
943.1439518249156,25257.0
173.17108983416196,25804.0
176.20927601327872,25169.0
173.72754517176534,24093.0
175.08930793820966,22503.0
173.35028040855272,22903.0
188.71995584966336,25335.0
186.11688889127927,25316.0
165.00855049519433,22000.0
152.66795328301424,21162.0
149.96391593161937,20278.0
149.09551825903213,19077.0
109.01003567306577,14166.0
77.8446405852553,9513.0
64.77817333258648,6831.0
50.10846556539178,5137.0
43.151806282015315,4122.0
42.94135693852806,3755.0
74.70227168698361,6547.0
96.2662875807672,9880.0
126.3829656964356,15917.0
142.8569330784673,18784.0
147.70487016789963,19761.0
129.36699996017117,17145.0
846.9928595103742,23618.0
165.10891023257918,22519.0
178.2022487589671,23425.0
184.51920291093515,23211.0
170.66004659398396,21472.0
175.64134072927186,23738.0
185.09547281293618,27149.0
177.5245173555476,25278.0
149.78013129855404,21350.0
144.06032271384294,20121.0
133.55660503701813,18667.0
107.83271784591565,14769.0
73.95790817816668,9464.0
50.54187194861739,5649.0
31.668537797037978,3657.0
23.1538485047444,2281.0
22.25702558697887,2113.0
37.55112978147983,3320.0
74.70385508560895,8062.0
104.59874913448027,13533.0
128.99066488145303,17841.0
142.24719749653684,19251.0
135.00414764162426,18899.0
94.72611374268867,14482.0
774.2805131408752,19612.0
126.21551819349052,19297.0
137.9182833080676,20082.0
143.0727767722067,19670.0
140.01138100440704,17308.0
153.89874156016796,20915.0
173.28769799313147,25997.0
165.79740691061198,26543.0
163.8609066084057,26264.0
158.43152736617648,25400.0
146.70158099292516,22343.0
120.3180880408827,17703.0
90.27055909498746,11095.0
53.15046302762447,6649.0
35.72685215180534,4175.0
26.503299656231544,2818.0
26.851551848307288,2633.0
49.13484096350948,4126.0
110.6187529391639,11394.0
137.43959664807662,20092.0
161.36076030790213,23787.0
149.16981668309435,23014.0
147.49748044558717,20458.0
103.92547234769104,15000.0
933.6388713356538,20928.0
154.13588137919243,20327.0
161.86350729368718,21086.0
165.36766423366913,20565.0
143.82271896682826,16970.0
167.64458695504186,20468.0
177.3052610105433,26206.0
180.46321266149886,28682.0
168.9058862720496,27400.0
170.47112629651846,27119.0
164.1284912381275,25154.0
137.96972171358206,20238.0
100.87162578958478,12628.0
64.49278989861753,7648.0
43.515812394197994,4852.0
34.176924146379136,3229.0
27.627372056365786,2712.0
50.44019519018238,4282.0
110.70743809242073,11599.0
145.19247390996995,20919.0
165.38970804047835,25021.0
161.00946763600854,24078.0
153.574262091558,21986.0
117.56380287048007,16310.0
994.5359189198381,22702.0
161.54858584021582,22200.0
172.1303442137641,23079.0
188.30928847430812,22441.0
162.08688230272762,18334.0
185.28361403607485,22813.0
206.7981608795877,28260.0
207.36856993961686,30064.0
212.82173699843057,30851.0
205.85997179703264,30366.0
205.96553867579777,28615.0
179.84570986737947,24231.0
135.74248590917324,16674.0
88.23387366174315,10092.0
59.84202126452581,6477.0
41.41617298550621,4421.0
35.63212237494601,3606.0
56.93443310092309,4733.0
120.38369168382077,12088.0
164.77822182781233,22001.0
180.01169180671556,25942.0
165.83032799674848,24792.0
160.183125191407,22690.0
113.70928535198941,16835.0
951.4754263306131,22698.0
158.4504591809406,22026.0
176.41510875731402,23601.0
181.23721145713765,22078.0
162.39043954018786,18363.0
185.20770652617608,23467.0
215.75876956327568,29579.0
208.43958162865383,31856.0
203.73927428548845,30218.0
192.06723959816117,28425.0
197.4412719263649,28882.0
196.01661927981849,27804.0
187.10220217373296,25654.0
152.35824118897747,20762.0
131.23295095595702,17069.0
102.31577168242293,12569.0
74.45014223371123,7900.0
40.834420419276746,3919.0
55.98982412440628,5170.0
73.46392214636278,6877.0
98.68109493329482,11040.0
126.50424763957434,16370.0
155.89568352516238,20031.0
133.83099905625528,18163.0
954.0836653136915,24573.0
183.57100276912297,26495.0
191.72259309930692,24257.0
161.9376121035888,19617.0
127.19123278347661,16559.0
135.08065623209433,19266.0
162.4458184323665,24476.0
170.53871980640523,24486.0
144.72098838560933,21564.0
140.64403902989514,22590.0
154.53690243982243,24225.0
157.2381429576525,24851.0
150.5006204480358,22884.0
137.03111104260665,20155.0
121.1401564839955,17668.0
101.0353280106282,13651.0
69.31486353526316,8426.0
38.80630712891787,3786.0
44.552914090617165,4208.0
56.38968358521899,5654.0
82.12729181626086,8977.0
106.26482566021204,13215.0
133.40015730883226,18204.0
127.66867049535938,17459.0
892.8908031402223,22727.0
149.24356099755323,22230.0
161.54455219794693,22226.0
155.60140908679892,20563.0
154.23359339341562,19271.0
159.9235511665284,21146.0
172.3792616096973,23597.0
147.36151160508751,21698.0
113.28511845119984,16185.0
100.07333072084013,14370.0
107.68100249125978,15370.0
87.31264226716931,11484.0
89.83498477953631,13477.0
40.85304335552746,4847.0
27.66584800939918,3081.0
21.462976597283614,2213.0
22.48232705205768,2297.0
49.68513864005423,4496.0
109.66993084223577,11677.0
154.08618294801911,20162.0
176.81244974846493,23653.0
167.29136755748826,22325.0
145.1663663593602,19246.0
104.49573790702352,14739.0
810.8098439224188,19943.0
141.81103613613234,19462.0
170.6616440239687,21198.0
177.95292466227173,22030.0
173.59985776323686,19944.0
192.4338030157238,24137.0
204.0824782060889,28759.0
208.30491361828467,28852.0
192.22309435840987,27269.0
182.54522177984398,25590.0
165.3765595091947,22420.0
115.15917423533558,14910.0
79.56922864156178,9550.0
49.621185242300086,5289.0
31.458491117608443,3224.0
20.496352405477108,2117.0
19.20249267133541,2028.0
45.893817543090556,4153.0
117.53868487689222,12756.0
168.67243758805424,22737.0
190.34372935960948,26020.0
190.0592557393062,24512.0
159.08130738818852,21421.0
108.80554324697017,15312.0
919.5280435461827,21458.0
142.91688719061975,20499.0
167.9105928234298,22543.0
162.7047858367091,22020.0
146.17324942787863,18295.0
171.80579475003,22469.0
198.79146287826745,27921.0
183.65856250613083,28228.0
176.4321816071005,28050.0
174.20433116145415,27840.0
164.8659088918962,24507.0
127.2686407739114,18336.0
85.35431758676805,11379.0
51.36441922629915,6190.0
34.33324237207005,3994.0
24.903932284155587,2650.0
24.357224011413894,2435.0
49.71390599860335,4271.0
111.54062128445241,12374.0
158.6743613245818,21997.0
171.9765736006728,25219.0
167.12192671730003,23461.0
150.0621329360941,20855.0
96.21526610308862,14650.0
937.4939441187004,20999.0
147.03215424805987,20659.0
170.17924526866207,22033.0
168.70123689429585,21002.0
149.6348563266152,17009.0
175.39359278380584,21220.0
187.61643855550636,26517.0
178.66245278818982,28315.0
174.85790470656565,27571.0
174.85302586509,27463.0
164.22264171054022,25540.0
137.92881166936968,20066.0
102.20887678881218,12965.0
61.707419230682994,7487.0
37.60142240877926,4650.0
29.366498359915493,3122.0
28.83263466690951,2706.0
51.4522728330957,4426.0
114.96665135340622,12570.0
165.84295446957756,22784.0
178.80730592618403,25983.0
171.80691332356906,24572.0
146.48988584599584,21302.0
105.7947901392063,15588.0
965.8703801942652,21867.0
163.70549940672538,22299.0
178.41853386407476,23025.0
183.7412847846637,21686.0
158.70822931392172,17342.0
187.3999519664616,22004.0
198.89846216048525,27521.0
188.07398902721815,29632.0
192.65502530990022,29678.0
192.91008237020608,29125.0
186.50713458110994,27476.0
173.37910410321135,24643.0
126.51495921349549,16877.0
88.77958860146646,10798.0
56.70331765898352,6868.0
42.76342227880341,4745.0
37.126701960229745,3815.0
55.33970212369957,5011.0
117.25895078333168,12062.0
154.87647712475928,21478.0
180.7168457906276,24798.0
181.3571735262026,23849.0
151.69556881259274,20679.0
101.68812731655629,15242.0
961.7417640412312,21725.0
155.3860175815542,21254.0
184.06638756646478,22411.0
184.13227470894745,20615.0
164.7399340990111,17052.0
187.10307018809377,21887.0
203.29097151406353,27412.0
207.62559753607175,30892.0
204.6080747868834,30040.0
196.18504549598262,29299.0
202.4209368108367,30257.0
208.99527994640275,29252.0
197.4937022997703,26347.0
162.49407329549075,22209.0
135.94830152879916,17927.0
109.43920944859495,13331.0
75.63939474048955,8449.0
45.73140621352963,4299.0
60.8429545678948,5227.0
74.04160875623546,7070.0
100.56118740687567,11531.0
131.87867786529907,16700.0
153.50272239965904,20090.0
132.39897349479133,18005.0
974.0412329113544,24577.0
165.12009774787006,24337.0
170.94627191748236,23659.0
171.24953569376157,23371.0
157.35854083174985,20746.0
180.18156322555492,23204.0
198.35796276254487,28854.0
196.93441924738673,30206.0
180.24108635181994,26507.0
169.21224428038227,25997.0
181.25254409498837,28489.0
196.30535917879635,29541.0
190.5525463525757,28065.0
168.89189573702518,24732.0
151.21709938009568,21240.0
125.4481950292922,16061.0
95.21922924661574,10313.0
47.433400265049364,4601.0
50.33980731519477,4614.0
61.409824545174644,5513.0
80.43042623478982,8616.0
115.22903198346822,13416.0
144.363404605621,17997.0
126.85418469845125,17291.0
963.1330746484842,24126.0
189.41538690788516,25443.0
184.12697846680987,21397.0
156.64829435232676,16262.0
123.98799994098336,13433.0
119.2696112805485,14927.0
121.65871480736982,17147.0
109.25766725698591,16205.0
105.14557052973817,14669.0
92.76758970761482,13489.0
89.70441889557733,12170.0
75.1936240972375,9419.0
58.78836200198399,7051.0
37.48971234957607,4313.0
24.771650796293613,2798.0
19.75266628337163,1938.0
21.970563314028922,2297.0
48.996018220070155,4485.0
105.1046131083064,11014.0
141.7869878671156,18028.0
162.83764109545925,20558.0
161.6583184274746,19992.0
143.87360085898052,19107.0
97.98126788324006,14976.0
769.3843342043895,18260.0
133.0901941849809,17553.0
146.82506359530132,18728.0
155.63092372535942,19520.0
155.377852492495,17595.0
170.02626694608267,21714.0
167.85209793580697,26378.0
171.63093927473852,25915.0
163.41384262051739,24448.0
153.45707905017466,23504.0
144.07502555070354,20275.0
108.37249274055831,14447.0
73.61698077043737,8890.0
45.90164225714607,5122.0
32.861644447937515,3223.0
20.16102687012422,2080.0
19.964549344388494,2057.0
42.806534946890714,3864.0
105.24330085173119,11614.0
149.6268606634176,20795.0
167.4943104545713,23957.0
159.71806762146971,22224.0
148.65900963162346,19500.0
91.27813642819778,14084.0
918.4132105180965,20320.0
141.95026647350403,19725.0
161.5059756661779,21609.0
178.84816743587356,20577.0
159.33024467234225,15467.0
174.18228360474546,17176.0
193.2170975925094,20402.0
179.7430308580658,22201.0
175.71163878811527,24513.0
167.02534902321932,24624.0
159.9669315160367,22179.0
125.43099056289246,17041.0
84.56116537790612,10440.0
49.10365296306067,5672.0
30.43551376594681,3485.0
19.506028436621584,2258.0
22.878390073380253,2308.0
48.71581492494098,4277.0
113.89687875045763,12339.0
158.96252341471214,21809.0
177.97115858376293,25067.0
173.7524258161293,24248.0
154.41540798908642,21076.0
94.83588284392229,14305.0
907.4192083031904,20182.0
143.6676356857492,19781.0
161.1329016355789,21459.0
164.17778902883097,19842.0
152.94329263301063,15877.0
185.40729103200164,20150.0
183.31581318345087,26051.0
178.92359344401873,27940.0
191.0670133620663,29444.0
187.3331332478157,28282.0
172.50408051887553,25333.0
144.34232469583415,19786.0
106.44277718448157,12788.0
62.52028192155919,7441.0
42.64081382967369,4681.0
28.372195042767853,2991.0
26.888685156835614,2739.0
45.79495398746083,4116.0
102.38598981036935,11125.0
145.5424987277981,20120.0
154.85329826283942,21446.0
138.10829986810657,19374.0
114.15779951050838,17255.0
75.5447974332532,12504.0
791.6976854492372,16916.0
103.46240566554752,14925.0
107.66998823661625,15745.0
116.98510117838528,16610.0
100.06289778103404,12994.0
107.83684981889033,15777.0
119.03097950727647,20574.0
138.58311600307772,22589.0
142.83882520533828,22013.0
140.134533532419,20936.0
134.86477158115937,19871.0
130.05598358605272,18301.0
109.89535318789524,14204.0
74.63025805855565,9189.0
58.58643386474322,6533.0
37.86064395781162,4248.0
37.02864671663353,3684.0
55.45730665437483,4787.0
114.26442601253078,11096.0
155.3166097451646,18162.0
172.22792288449764,21563.0
158.96233198633337,21881.0
147.57538281761518,20654.0
96.4220322130015,14866.0
978.7816499506771,19795.0
164.22549991941997,19392.0
189.41939178602252,20667.0
184.75019310808318,18361.0
167.9227312758655,14429.0
192.9171030040706,18167.0
205.9841730352292,24084.0
201.08075448534714,28225.0
192.17503171068654,29151.0
193.5702120498783,28884.0
194.92814559890206,29261.0
188.9915703679888,28539.0
191.45226108358065,26398.0
164.30098283657907,22090.0
132.77841983209336,18192.0
111.973638558489,13875.0
78.91800114354302,9000.0
44.72244096105004,4441.0
61.62352173563218,5626.0
83.62841355257952,7644.0
107.52706785607475,12415.0
135.50909525590075,17674.0
153.28793136884147,21113.0
121.20766297106007,18596.0
979.4215766971573,24700.0
166.7466188427116,25361.0
172.6729424619529,24683.0
171.36550837092045,23741.0
151.45436922529214,21127.0
159.1897149777656,23611.0
190.2593675295574,28776.0
191.93184278646754,30115.0
172.30180746949134,26032.0
153.62861453814287,25088.0
173.36368428607378,27642.0
181.06056635611293,28888.0
170.78518322470194,26928.0
328.6359357546451,24230.0
1.1484276199340278,148.0
152.49493481949096,21586.0
118.37765755123131,15094.0
63.877260375750595,7367.0
56.720895778377745,5120.0
67.58776294845119,6185.0
78.99384048846262,8642.0
108.93266223015827,12969.0
134.04330926677437,17695.0
117.09975124722908,16341.0
897.7483572269209,22649.0
163.4286852620886,23236.0
175.76992040558568,22773.0
185.89717719908785,20815.0
170.4430866362087,18677.0
170.8611413739661,20203.0
166.12343677209427,21505.0
159.53070395228664,21297.0
137.3471010842335,18539.0
131.4040308748039,17574.0
116.98449984924277,15790.0
106.27161309512374,12465.0
71.97648867412622,8349.0
44.8930908290135,5049.0
29.543687820517498,3206.0
21.128438641636926,2211.0
27.439000894952375,2660.0
48.76989444049613,4564.0
116.02362571446135,11451.0
157.01031157038352,19307.0
175.65988017123013,22868.0
166.72370981070972,21772.0
148.07034381888667,18527.0
92.58354085958558,13271.0
841.5125297863964,18423.0
142.7525002259626,18120.0
151.2665811329212,19184.0
161.4856144752092,19489.0
159.4528221361239,17009.0
167.54694357650206,20177.0
175.8264566609098,25023.0
166.2538024565758,25280.0
156.52838959922713,23796.0
150.0864692009549,22722.0
128.45475434479067,19365.0
116.61302726023725,16486.0
75.12227188519417,9344.0
53.49320647477197,5756.0
31.10374834473952,3531.0
25.08219399769604,2427.0
23.018501575267422,2320.0
44.86678397121975,4019.0
101.04879612816049,11054.0
144.15337546084427,20271.0
174.02208635222436,23768.0
167.3026596382266,22481.0
160.41201575695737,19958.0
95.18782208095121,13759.0
947.8192914825231,20038.0
149.57075533973952,18856.0
167.52550251797066,21006.0
182.13723064556964,19630.0
167.96628966858478,15807.0
194.34964755564826,19099.0
217.05940879455233,23990.0
193.46247372625305,25797.0
188.58956725172317,27086.0
187.56032721117447,26779.0
170.08234675667018,24079.0
142.05418971129762,18467.0
92.81739549071116,11468.0
52.245569545821205,6394.0
34.57803784148507,3891.0
22.676169655315572,2656.0
24.712776923964196,2590.0
48.3299958999926,4192.0
105.34949142619001,11283.0
153.44405877808447,21054.0
169.8747270585025,24212.0
166.03945382102083,22854.0
141.0304601238838,19909.0
96.33138561038584,14333.0
947.50418481644,20150.0
147.40983998618984,19463.0
162.04662618877828,20454.0
172.53311154578046,19683.0
154.38680775340447,16141.0
196.95675277365055,20422.0
207.27043122571155,24402.0
183.7988813341955,26895.0
175.17782210783335,27324.0
180.29453489951285,27123.0
170.42852796496533,25754.0
152.20749339166312,20973.0
110.29160897971568,14362.0
70.12920774875332,8156.0
46.75201248732142,5164.0
32.53900714212747,3401.0
30.53543144283931,3094.0
52.01785204044,4487.0
112.87492447569574,11445.0
160.64122125632278,21300.0
184.1130515931283,24724.0
172.46085047705193,23108.0
152.5452718827457,21144.0
112.12833619349092,15642.0
973.0908377276513,22247.0
166.04281767546996,21199.0
191.72130624275212,22210.0
194.59795188106335,20171.0
175.75838332918792,16069.0
200.726935918694,20227.0
213.184871196831,26479.0
205.2179867379248,29019.0
194.6633435126604,29220.0
197.69990017240588,28856.0
193.31456396947297,27915.0
185.54457023327578,25140.0
142.99145730051993,18630.0
96.68055309942136,11749.0
66.2480393780993,7641.0
52.12019171577855,5411.0
42.88754295607342,4280.0
59.359406766000816,5157.0
126.00111726894573,11557.0
168.13735530015663,20780.0
184.21172999713482,24094.0
163.35274196944744,22425.0
148.24606778202934,20358.0
103.25264570599548,15280.0
971.017985091938,21298.0
163.7084746353941,19774.0
193.20019532429126,21754.0
174.7970076832715,19765.0
159.62683926731276,16342.0
189.94226024125146,21394.0
208.47859731424376,27715.0
204.12774134631607,30113.0
199.78806552523773,29012.0
191.03046467003574,28311.0
186.09555691754124,28454.0
184.24172401920836,27991.0
184.12170419236634,25947.0
154.55688124250395,22220.0
133.63369826153405,18250.0
112.9291418289676,14154.0
86.26383359730532,9193.0
46.18999128564769,4429.0
62.19221011485191,5297.0
82.8361463636697,7843.0
112.75081906855857,12407.0
141.23720314924915,17857.0
154.98397187039393,21004.0
129.18914749804824,18697.0
1024.9522058993432,25954.0
167.55648018257085,24343.0
156.85018627269267,22837.0
155.45368537616943,21888.0
152.371365776814,20382.0
169.86261342105692,23251.0
182.06571657340854,26671.0
189.55902860976377,29218.0
181.19133770517357,27433.0
179.65191377120433,26944.0
170.14154649397668,27332.0
171.53529288069774,27331.0
173.3425614958828,26776.0
157.8226649952852,23650.0
141.8449830875495,20069.0
119.64607413527852,15122.0
86.6332429012343,9829.0
46.06150691127283,4664.0
54.985579121942315,6084.0
70.49705628864227,6519.0
81.14307576162315,8185.0
118.13021015406615,12286.0
148.00312482543032,16532.0
129.43984873664482,15997.0
916.149852454788,22936.0
173.32605878207644,23215.0
173.9988636782666,22714.0
171.85019553679174,21743.0
170.43171167085305,20478.0
172.10670549170726,21489.0
167.91787431750498,21982.0
161.28180842611476,20989.0
147.92858942965697,19299.0
131.66271268679026,17357.0
112.84128871534,15291.0
92.68637182887544,11857.0
70.78908816275202,8605.0
46.62451997992927,5288.0
35.07538129187635,3646.0
29.770176422930525,2821.0
29.740466128916413,2845.0
47.98917940073159,4345.0
105.31686886424103,10872.0
152.4210262492671,17885.0
165.86896272482372,21395.0
162.0860196120432,20827.0
140.8728544206523,17889.0
98.17929273363836,13237.0
784.741134233287,17828.0
136.43260171060868,17569.0
140.97883617702794,18324.0
151.47116609325167,17699.0
144.57211642184194,16211.0
152.91948961455486,19203.0
167.1948244755926,23810.0
162.8963885190421,24175.0
156.79642519932082,23220.0
148.07862006747533,21358.0
128.13077216121997,18397.0
100.13798955196638,14108.0
71.25218470059534,9045.0
45.51565465178374,5428.0
28.79851486868958,3352.0
22.218807230502343,2139.0
23.043508292982267,2240.0
42.40141960516277,3858.0
95.35241940478225,10543.0
143.12016641627324,18774.0
176.31017072420494,22126.0
160.9299253506166,20562.0
144.3802156980836,16998.0
93.15083827011425,11739.0
734.7955209080045,16369.0
142.4792348901225,16757.0
154.87912124840523,18142.0
162.41309061289795,17840.0
144.4057666007295,15767.0
168.0877341587973,21756.0
191.22866514062025,27880.0
203.0127314375559,29661.0
207.17819423408187,29767.0
200.6672139363698,28845.0
194.66670208076448,27273.0
180.28708206108135,22622.0
130.35498383215167,15275.0
83.02363672441567,8961.0
53.60686935004558,5700.0
39.992946266037336,3950.0
32.74176778256929,3312.0
50.246025606997215,4441.0
107.79207447688093,11494.0
157.3582132512393,20458.0
175.2128827036736,24804.0
165.9858401057294,23667.0
146.41645951375412,21091.0
102.35496914024878,15362.0
955.232880024083,21135.0
157.19833884648367,20687.0
174.80109992785373,21016.0
174.0773855704622,19433.0
159.6778822581437,16605.0
183.93954838293166,21171.0
195.50430416798037,26770.0
191.3347143870656,29142.0
181.39408217701921,28174.0
182.22977046709934,27491.0
167.56553335018674,25483.0
146.88465225463426,20229.0
102.22616532238804,12806.0
66.71244557045,7453.0
38.06911938483851,4513.0
26.602390475461156,2846.0
27.203834674095255,2732.0
48.50036901356003,4273.0
115.63587003439669,11420.0
166.1901753710913,20118.0
171.18266008076114,23875.0
166.9578393721922,22958.0
150.74274831599584,21062.0
112.79626562242474,15746.0
961.4819231268932,21680.0
169.18495280876706,21464.0
190.18946878100098,21835.0
193.15488054225477,19885.0
172.13730634446125,16027.0
198.47761992622,21092.0
206.3446293379116,26489.0
191.4415401599727,28581.0
187.47750717437344,28347.0
180.5558552042412,28577.0
180.05635984362743,26753.0
174.2664709311631,24131.0
132.36240020414854,17243.0
85.03052897191418,10761.0
59.28812690039077,6899.0
46.124363131425866,4699.0
37.23366362587778,3968.0
51.7954804584138,4713.0
115.30767284258779,11054.0
158.13996036912107,19090.0
170.4024392559499,23359.0
155.97850954841783,22458.0
141.00909566244536,20109.0
102.48719950631106,15039.0
928.7677309497743,21231.0
164.5694237733239,21030.0
166.68173757280528,21736.0
169.68968913468026,19751.0
146.55874657875668,16331.0
171.14188352136006,21311.0
186.34683596975754,27022.0
184.52492542129036,29024.0
175.9096426559221,26340.0
174.57317715076903,25913.0
176.90151095719602,26330.0
178.19129303015373,25987.0
175.68173831093202,23152.0
149.0503921833077,18928.0
118.25661787452596,15299.0
90.40832825930836,11127.0
66.0261794413207,7507.0
43.11745395215504,4095.0
57.03911813838023,5178.0
78.51350013020776,7335.0
103.56295785653757,11770.0
124.62252329088481,15964.0
134.78440523237,18526.0
113.61691085905741,16553.0
935.4773925856704,22877.0
148.72003193509457,22879.0
159.25261911615772,22405.0
158.04913281109046,22233.0
149.39697200121475,20506.0
166.7137905321211,23109.0
181.85610582893915,26980.0
186.40096147320477,29200.0
171.2311885579227,25794.0
155.70727621270592,24696.0
173.3406309456177,27753.0
197.0186139679486,28875.0
184.58460513130748,27135.0
168.13309630790098,24789.0
146.91335459305716,21411.0
129.60122459246477,16666.0
87.85700424696644,10443.0
48.99003666237725,4743.0
53.17840094533358,4704.0
62.11999745633261,5705.0
91.3707259390658,8834.0
113.31606330001041,13041.0
143.5010761358737,17706.0
122.11583358559305,16347.0
901.4936249250596,22147.0
161.95112210045707,22095.0
172.85058752906886,22183.0
175.5732841456629,21556.0
173.69070665269498,20100.0
173.48732777280256,20896.0
182.79722571691477,22494.0
169.19776585811613,21509.0
156.02221413509903,19995.0
145.3168601271152,18895.0
133.14110261204078,17328.0
111.42765043898875,13128.0
70.49416030456653,8366.0
45.78437528168126,5036.0
29.979261137400968,3207.0
21.18608431610581,2040.0
28.288457578616153,2617.0
53.033678517978636,4578.0
109.45997884408025,11190.0
159.9059429589852,19112.0
169.03672055060127,22239.0
165.6713360721012,20873.0
139.16279181769772,18153.0
93.69535426528216,13516.0
765.813510436524,18376.0
141.24243411369093,18164.0
149.60554329599725,18828.0
160.200911807852,18393.0
151.96900405150154,16630.0
165.54387209311668,20542.0
176.9312650113631,24981.0
175.15665535144385,25260.0
163.39009972420905,24094.0
160.91414898138416,23611.0
141.6672238016573,20599.0
111.17748557851905,14572.0
78.43447783773294,9727.0
46.15911353943457,5363.0
30.245579596117583,3518.0
21.299642179595164,2261.0
21.82251251309071,2170.0
43.23250602693977,3974.0
99.22796907371429,11040.0
147.79160368300893,19554.0
174.17611264873088,24083.0
164.50196647715407,22110.0
141.64389606256623,19292.0
92.86126793310171,13629.0
894.4727915198717,19489.0
144.74146307623914,18742.0
150.16114466409135,19582.0
151.35590325229933,18405.0
148.11159900293381,16150.0
171.84579165565364,20074.0
181.45285771285506,25261.0
174.192959163138,26154.0
174.45268059685054,26405.0
168.4121939205011,26131.0
159.8171258847501,24114.0
133.29013659634577,18215.0
88.93006366115986,11380.0
54.71119010139291,6566.0
36.00431280186162,4054.0
27.72923836823362,2872.0
26.361130743123198,2601.0
46.86120463445574,4146.0
104.68107218635932,11019.0
150.7113865386505,19573.0
163.72185496975007,23147.0
151.7104739276317,21725.0
139.61602595785027,18997.0
93.02064823585124,13793.0
856.976562970965,19460.0
151.8370027191344,19686.0
183.5796693614035,21879.0
199.82762573557338,21522.0
162.45904744305588,16609.0
177.22281978794692,20227.0
199.59489454417414,25466.0
200.08401361523724,28596.0
179.88549569163135,27624.0
169.37362318156997,26594.0
160.71592298465714,24661.0
136.1681992203501,19387.0
92.26313822084961,12427.0
56.66466951667377,7175.0
39.92241710621941,4617.0
26.681316256054302,2971.0
26.98890169683377,2689.0
45.22384358725616,4183.0
106.5027457821323,11076.0
144.63979077635986,19638.0
164.68498538385063,23820.0
164.18357053065844,22708.0
143.7993278853776,19902.0
98.32242759740623,14241.0
1007.9939160666684,21101.0
160.67585731286087,19581.0
183.0687547505952,20863.0
179.77034866679296,18414.0
160.17332474879538,14726.0
182.73679132302397,19331.0
210.34571264295082,24646.0
195.0386528209493,25721.0
191.90551945467539,25586.0
202.37201638338567,26625.0
212.52005221682543,27023.0
178.75689627187919,23701.0
151.17628996977297,18842.0
95.27533353808136,12011.0
62.75154306660178,7658.0
46.63192472598379,5145.0
38.82456328288947,4050.0
57.73313738704832,4858.0
125.15753087091714,11757.0
167.69174793580723,19934.0
162.22153568256275,23005.0
159.3774046447296,22301.0
146.44936951731387,19915.0
99.78610543805112,14717.0
910.485090389048,20780.0
154.1287445552475,19926.0
174.71883013995082,21389.0
177.0792780657314,19573.0
151.57337850726492,16327.0
171.15375171134664,20709.0
191.56668960053275,26992.0
200.01482582489874,29328.0
184.34769593495182,27525.0
177.7551855281069,27279.0
187.24203788554158,28052.0
194.5232042413084,28113.0
188.72765369763826,26814.0
162.7076166381721,22580.0
148.2851462017868,19163.0
115.2371601007507,14351.0
82.54152785688167,9164.0
43.55456018336,4223.0
60.94086132851418,5272.0
80.9983468299864,7632.0
102.03158025408221,11540.0
131.1689526440886,16556.0
150.7058728098716,19815.0
126.64574050695178,18388.0
1002.9788440464865,25298.0
167.7603191547258,24895.0
163.51082780397402,23248.0
171.59069715219454,22991.0
152.54197425153004,20904.0
169.3555616344285,24220.0
196.84097713453463,28764.0
206.14403497554,30525.0
197.4831383107822,28397.0
187.38556837084974,27562.0
200.5243377504637,29440.0
213.6237380781992,31323.0
204.7095672711552,28010.0
177.87090541042733,24426.0
268.40831785766323,33561.0
98.60694510488511,10463.0
48.74096472179842,4523.0
47.30359426079554,4465.0
62.55631776043241,5869.0
87.81270185907152,9088.0
116.52936762645544,13533.0
146.54223924843987,18633.0
127.6865521300277,17262.0
930.6528225790162,22881.0
175.94401864725367,22424.0
179.14771645020008,21864.0
172.7987603317456,20178.0
165.31206197322578,18784.0
172.80054100388608,20409.0
172.13983594858865,21488.0
160.0906810351672,20876.0
142.75305547943404,19263.0
129.5287023250112,18005.0
116.71245639720861,16083.0
99.77408239465251,12541.0
66.62921135454037,7907.0
43.564640428119745,4881.0
26.176898330843564,3136.0
23.80279928002972,2251.0
23.149442310685206,2454.0
46.60279037712207,4353.0
108.60647221810005,11511.0
152.1030193278495,19470.0
171.41915169777178,22474.0
161.67958611817872,21218.0
139.74617661042987,18852.0
96.38610407901989,13898.0
786.0928604548851,18430.0
147.25003060521482,17923.0
165.49417260683143,19124.0
176.33262792836368,19249.0
154.10490883822357,16992.0
167.877900451414,20722.0
180.98091705433873,24583.0
161.19958645277794,24372.0
157.03470585023712,24109.0
151.84258576870423,22847.0
134.133963018477,20160.0
117.60520316151002,15465.0
83.18244646582215,10133.0
50.561471379097455,5708.0
31.79675095307522,3521.0
21.452563022042646,2449.0
22.388121028739388,2273.0
48.68933605534906,4019.0
107.03717939770776,11462.0
153.07055193315267,20974.0
166.13522149501637,23642.0
158.04923278504398,21839.0
143.59179310282641,19774.0
97.5451190525033,14526.0
911.3696833522334,20032.0
166.10599579448845,21748.0
187.35925682874893,23051.0
186.41838419381392,21700.0
154.2759285341862,16800.0
185.59208785258645,21044.0
209.80197479132283,26411.0
199.91181043579766,27502.0
199.66530508559444,28005.0
175.29710351825958,26068.0
160.2779179293398,23870.0
140.93012227845568,18618.0
101.95312952929437,12046.0
63.09238001425175,7032.0
35.94127189776545,4346.0
27.934207128497725,2890.0
27.421715005099973,2787.0
50.697148804112075,4389.0
114.5426473373728,12229.0
154.47466054370855,21879.0
179.28816985661126,25126.0
159.25136846351572,23153.0
148.99083189237146,20456.0
98.35987205240473,14692.0
971.5060709821379,20788.0
161.66342759456774,20374.0
183.32366470588792,21603.0
182.76848321352284,19933.0
154.39975504779468,16049.0
182.0624039837308,20262.0
198.19752368375575,25919.0
187.40302907122498,27915.0
178.78382497580475,27743.0
171.17656987323832,27172.0
170.44568267142913,25406.0
154.08158760075156,20635.0
113.5988029517472,13962.0
66.86584789814246,8156.0
40.51535698173246,5157.0
28.510261523222216,3301.0
30.274813903600112,3083.0
49.76184361907418,4389.0
106.05313553685042,11444.0
159.53828990599126,21314.0
169.17869740481572,24790.0
151.05074768419775,22420.0
140.2589432261273,20263.0
99.94746320357604,15090.0
1003.6536181009621,21188.0
167.33470970740916,20659.0
188.02571589248424,21942.0
185.71193156872636,19990.0
170.9871532301181,15730.0
201.80619182809843,19888.0
217.22420489058914,25488.0
206.95668118496894,26695.0
197.2706367629217,27147.0
190.02982643327653,26599.0
192.62227327938913,25831.0
179.41826971745482,24189.0
163.4274343772048,20538.0
116.28496078910011,14740.0
79.3931504940814,10134.0
60.891983822675265,6986.0
49.89991918381414,5223.0
51.470197149660656,4497.0
82.48467306105542,8009.0
106.76266948591811,12367.0
116.64243325860981,17370.0
138.06896069446063,20861.0
148.58628850307028,22012.0
112.84757504204245,16690.0
974.4468772683225,23343.0
172.49159883045573,22137.0
182.73830881874375,21908.0
174.77973927817118,20454.0
147.36125600620957,17428.0
165.53246635810808,21845.0
170.12703909733955,25651.0
158.68236466094365,24538.0
142.81978109494952,21884.0
143.84917150182986,22016.0
153.43328573798954,24428.0
158.61970269512867,24365.0
149.2220101818929,22073.0
123.75514094769753,18920.0
111.04419471151455,15584.0
88.54743581205362,12132.0
69.52795189636264,8218.0
40.588067820613595,3965.0
51.18424491683796,4761.0
67.99476316865834,6791.0
78.79516849496802,9140.0
104.70938888274911,13861.0
124.79349031083035,17668.0
117.00447814570857,16470.0
851.3437200297207,21932.0
153.51324217550447,22208.0
154.95019228618764,21400.0
157.90168519204224,21777.0
143.56365768873215,19845.0
169.2020139098581,22979.0
178.76957708339825,25224.0
168.42737730282423,25275.0
152.2244548348424,22783.0
148.5216520746605,22510.0
153.26991941581915,24320.0
163.40077475275885,26359.0
152.99964844260788,22316.0
130.46694773986547,18976.0
113.02650643572873,15768.0
96.4664094361882,12283.0
72.85588944565971,8493.0
39.47240240725535,3951.0
45.32910204769778,4098.0
57.282413837446356,5338.0
86.43751394147047,8298.0
109.1735446207875,12105.0
139.09523399732072,17144.0
117.4142402252206,15364.0
776.5388892274642,20002.0
156.36178150151264,20925.0
156.17811877307008,20239.0
156.59310376061367,19805.0
136.2835011697101,18055.0
140.19334740041674,18726.0
139.50245184442176,19676.0
131.4607360873471,18551.0
132.09383453500863,18101.0
137.25539114349988,17884.0
118.50539339866683,16173.0
102.41903745449133,12671.0
63.15248193045429,8210.0
39.570652865758376,4663.0
24.86647759842699,3023.0
19.24200231668359,2118.0
26.07898914738688,2444.0
47.8938017283116,4080.0
94.88373709438463,9847.0
126.37368253971935,16862.0
141.25942925657958,20559.0
138.54924536489438,20122.0
130.9146283357306,17840.0
99.6602857864626,13664.0
797.2802097037035,18156.0
147.0313132721959,18098.0
162.43963201424327,18726.0
165.2231320595696,18721.0
150.84328694062438,17024.0
160.63912535779292,20043.0
168.9544709787202,23797.0
158.22141639708897,23754.0
153.06372433710942,23284.0
144.09756759749493,21947.0
128.78337160760475,18539.0
122.53033168092249,17193.0
79.60329591410759,10141.0
48.5096830156389,5946.0
31.959950555762635,3598.0
23.854965896686945,2469.0
22.921077999068714,2311.0
41.35701152701381,3802.0
93.98790713772468,10504.0
131.8088891529017,19245.0
154.89652267876366,22900.0
141.13659849422453,21882.0
131.7158139977396,19232.0
95.69950994309607,14377.0
872.8077751051369,20483.0
155.10596523952478,20494.0
164.33073356049428,21209.0
161.95241753984584,20439.0
142.59107903378836,17455.0
175.02264512531468,22255.0
202.13144048380093,28160.0
210.57184312030992,30576.0
175.46957189036766,26898.0
160.68106425721123,25760.0
171.73890643371172,24184.0
137.24301558898028,17983.0
89.91919333826081,10995.0
52.51853182238171,6373.0
36.85126553892687,4096.0
27.128089582082442,2778.0
24.625163253335703,2527.0
42.87237555017115,4065.0
97.12107082375707,10908.0
134.14907887139427,19467.0
163.7753673554777,23749.0
156.44743736301902,22820.0
149.62193870093998,20862.0
104.04231541927336,15289.0
962.6451445420898,21490.0
162.51753204923102,21109.0
172.7399898802032,22134.0
166.7157715926358,20813.0
153.14580445473828,17548.0
173.36795907801243,21143.0
194.9345488742363,26150.0
196.13332360912324,28178.0
189.53464685262276,28929.0
185.6479334187328,28120.0
186.8481109944015,26733.0
166.81961421359608,22064.0
109.92784171378598,14061.0
65.48887705318778,7894.0
42.99698113797359,4914.0
31.132820394423195,3263.0
28.660082422642553,3008.0
49.13568908552308,4362.0
103.70431097991964,11125.0
138.49212956131944,19836.0
163.42803424570744,24339.0
162.15180598639094,23945.0
145.2724690698795,21407.0
102.07116270000654,15789.0
977.763890994413,22472.0
167.16904851363202,22025.0
175.29841468672046,22398.0
174.5510260931864,21145.0
158.44765965635887,17208.0
178.97214032617242,21797.0
196.50130460937558,27465.0
184.8588674537048,28835.0
178.83968727634183,28296.0
179.29348389373425,28401.0
179.19193151458379,26611.0
182.42379242858664,24061.0
147.23697436382292,18076.0
95.04501505405231,11244.0
60.621547604110894,7248.0
44.54157404020538,4913.0
41.779492784523434,4021.0
53.61731227786863,4695.0
110.26113097392124,11575.0
141.78072190883492,19256.0
156.0225914905249,23730.0
151.40325753366008,23112.0
134.13764569708601,20783.0
99.62083773746669,15475.0
882.1416870426981,21183.0
148.22094518347873,20357.0
164.26248419401608,22024.0
157.3849542526161,20524.0
146.50808627530057,17962.0
173.15248601085986,22478.0
185.22314487537238,27470.0
182.2241425412616,28870.0
169.48468272450785,26847.0
162.17331924789264,26287.0
174.53253850476256,27039.0
175.20906943429875,27364.0
176.1945838366344,25599.0
151.80823626951542,21965.0
129.21833652567145,18314.0
105.73275389514941,13464.0
74.32505620314089,8578.0
41.61723113548608,4097.0
55.85946057804956,5284.0
71.33364008999251,7374.0
93.84649985554606,11757.0
117.64643579655456,15912.0
137.52921611019536,19035.0
120.41648010809817,16593.0
962.0304537205778,22711.0
170.58821087199925,22548.0
175.10372807975529,21378.0
178.7267367918025,20940.0
157.8766981229371,18444.0
179.70818850334547,21497.0
209.24824340887355,26203.0
205.38950746385302,27066.0
190.48568386803544,26386.0
178.27557049952966,26606.0
179.22218780922276,27729.0
186.59945828894254,28901.0
180.69454952653896,27398.0
159.8357032411334,24055.0
144.15658776993425,20966.0
122.9460252094304,15805.0
83.1399181855614,9761.0
42.96503479191768,4256.0
51.02296952024534,4515.0
60.75244394316803,5990.0
80.79466172253856,8568.0
106.50017944554777,13011.0
131.90857818060863,16982.0
114.33411209660999,15513.0
905.0527155128967,21693.0
155.0480315941612,21033.0
169.65403330271738,20989.0
163.34447172662325,19949.0
156.9403825370134,18778.0
166.97776912108958,19587.0
160.5349470453194,20598.0
157.13306334068164,20294.0
144.80275020210854,19041.0
120.7684789057997,16495.0
110.81112425799735,15292.0
95.16326135768963,12472.0
72.26235251288392,8701.0
41.12334099914582,4908.0
27.50855497101973,3197.0
20.91316920711465,2117.0
24.16250785250363,2468.0
43.606718636505335,4267.0
110.07154146920053,11243.0
150.43609685406008,18894.0
168.41881629611734,21754.0
150.64771197968074,20046.0
128.26236302904417,17525.0
91.41874689171314,13213.0
739.5787421825232,17576.0
129.58009495833625,17194.0
149.0524096097677,19057.0
145.7619366064332,18963.0
149.33388492701945,17328.0
171.29622515977493,20530.0
171.5860599412931,24374.0
163.28325939658637,23839.0
151.04639689609053,23107.0
145.5239693720708,22081.0
127.79381722921791,18421.0
100.93298362647447,13737.0
74.95270293450402,9235.0
46.640563468627974,5405.0
28.432345918697155,3270.0
21.593705960616838,2165.0
21.032470457376675,2062.0
41.66667500070829,3773.0
102.11358019313957,11321.0
153.98824920826527,20710.0
184.43517713046748,24567.0
165.7262847671694,21758.0
143.35977353568262,19446.0
91.36077454131937,13650.0
867.846185544217,19171.0
139.6380372034719,19114.0
151.65293145915413,20790.0
151.74378163958878,19622.0
148.11426493433237,17374.0
169.82915658638467,21887.0
179.1673885865675,26346.0
168.63099194180603,26220.0
164.43448434711206,25408.0
157.5749076564345,25075.0
146.60518104044428,22198.0
123.4782656005998,17474.0
83.85702439711685,11192.0
60.13773145881768,7331.0
36.24878063320914,4248.0
24.145926121800898,2824.0
23.41638633374955,2559.0
44.59599682696267,4191.0
106.26605434773045,11544.0
148.10396161234007,20693.0
175.77461871165542,23794.0
155.86284837056164,21750.0
143.12681036694588,19423.0
94.26901719463233,14007.0
949.2897390599882,20024.0
158.03533049994263,19594.0
166.7234586147377,20271.0
178.980497590446,19502.0
158.7905613605104,16178.0
189.86575998709563,20550.0
204.5730940016907,24897.0
182.63407259578153,26604.0
171.39334658585608,26754.0
180.0174496059065,27452.0
171.78509473626067,25425.0
149.47979873766576,20872.0
105.47225507111162,13746.0
64.33949414534665,8063.0
43.327437458618604,5016.0
27.853468369018568,3291.0
32.156608363798085,3075.0
48.78849723140088,4424.0
114.68063688622262,11991.0
153.03939110938347,21073.0
175.23004761359516,24122.0
160.821897616883,21991.0
144.4470975072791,19925.0
99.56008090260998,14609.0
975.0363334410857,20804.0
160.61046476020658,20400.0
190.76421850347987,21958.0
183.28841649100062,20177.0
162.36129447955233,16281.0
195.30092603138914,21191.0
206.54615212406148,27483.0
197.847076286212,29110.0
187.84608378360105,28779.0
185.52839462654953,28283.0
185.89167162407884,26582.0
165.46243329529807,23339.0
128.18839470978284,18016.0
85.20841142534925,11535.0
62.664132415789176,7612.0
43.43023247551612,5147.0
39.62322882939889,4123.0
58.7222110223892,5230.0
120.07284194364735,11913.0
152.06721248029967,20584.0
173.8769311921007,24441.0
169.62202012304144,23156.0
145.2056752530514,20964.0
99.76214680554348,15280.0
931.5058985823814,21625.0
154.27376928037634,20761.0
179.97374916530632,22066.0
175.7552199150821,20043.0
165.27145748416652,16627.0
178.59704993655959,20541.0
196.6383263534879,26597.0
192.67607703557607,29149.0
193.5055564256367,27790.0
182.8857566592318,26427.0
179.90408959236112,26919.0
181.69748148166502,27415.0
181.4503024638956,25604.0
160.2412896327257,22049.0
126.11032760550992,17875.0
100.05483600037445,13247.0
77.08024481383097,8610.0
45.65501197860665,4409.0
62.86203399608751,5642.0
87.13449071899176,8466.0
109.63658232092035,12939.0
136.34799939233997,17843.0
151.46235191052077,20668.0
127.34168133369359,18063.0
1046.3650284749974,25045.0
180.9617998818223,25183.0
189.99624207575067,24834.0
182.54920496831744,23998.0
159.47741485410413,20351.0
173.5250365199528,23480.0
201.78146664060318,28058.0
201.8142655797058,28922.0
193.80893165877586,27325.0
181.38580261548472,26516.0
194.81834178809348,28075.0
192.47171593769937,28520.0
179.96769981886743,26307.0
164.64248725938074,23912.0
152.12238003331126,20992.0
116.77076423886948,15793.0
86.20548213688764,10154.0
45.203002531816786,4766.0
53.86493899685686,5047.0
69.11750261105715,7134.0
87.13590664955686,9881.0
116.4598538819131,14864.0
142.91345481026482,19276.0
126.88705877367434,17758.0
996.3507721945814,23500.0
179.00441548164224,23073.0
182.840408054771,23371.0
177.02655985285298,22570.0
188.12609257060885,21225.0
191.9913395939299,22486.0
194.1114262626855,23867.0
174.84122861760952,22391.0
159.1927445174682,21600.0
151.56661258371653,19933.0
131.9460749853337,17740.0
118.2160536738059,13754.0
74.27554264186502,8593.0
42.50689317654595,4957.0
28.697514394497006,3219.0
20.656325121583567,2150.0
23.211228214043413,2448.0
49.75828078820442,4455.0
118.63571382879198,12062.0
157.233182024296,20640.0
182.2622666870532,23289.0
182.96994288505846,23392.0
170.4278361890217,21399.0
103.98288324260106,14432.0
928.1377152771414,19862.0
139.8881980666663,18060.0
150.97458697861913,19233.0
149.2901454785517,18922.0
142.47630494135024,17057.0
159.35126043476043,21059.0
176.3721213066697,25644.0
166.68220730778114,24406.0
153.58448474766374,23103.0
147.13217260441775,21930.0
129.28304919369322,18982.0
104.30518685044748,14503.0
82.72746577849948,10215.0
47.5311584786344,6007.0
39.34186439036792,4491.0
23.696413716784864,2562.0
23.779250115495714,2286.0
48.89752272716298,4181.0
109.97851784255002,11928.0
153.03429091495323,20815.0
189.00652784378556,24959.0
181.49661800790588,23363.0
149.52696422055433,19525.0
98.16158023177832,14049.0
951.3502773216928,20099.0
154.50106967123168,19237.0
170.50164879399938,20863.0
165.1902988092058,19732.0
152.33121595058225,16993.0
173.33984358874824,21087.0
182.81789915138208,26352.0
172.318749332793,26747.0
164.02080817538948,26650.0
161.6644152997509,26378.0
160.7333565680519,24348.0
136.9440892923073,18744.0
97.20507810830607,12071.0
54.88951983029323,7012.0
38.07056116784087,4448.0
25.858817245277404,2796.0
24.193196793809328,2618.0
50.48972201341773,4235.0
113.76617669985002,11742.0
145.713899873336,20738.0
169.41356582979913,23963.0
154.78308458528304,21685.0
140.88285281708295,19435.0
98.93070114939194,14176.0
947.5008601286422,20069.0
155.55806631521475,19722.0
176.20844109170395,21274.0
194.82304618556216,21998.0
154.6995086597838,15858.0
188.9627914361177,20831.0
206.30061054947154,26148.0
176.24848969027303,26270.0
174.63954291962744,27041.0
178.96845222959496,27240.0
172.24303473581014,25794.0
154.71301954946065,20842.0
102.74398718290087,13328.0
69.25444772136042,7963.0
43.765361600810664,4822.0
31.455708269426268,3127.0
30.05480726890688,2996.0
55.9382132217145,4491.0
118.01341295806975,12340.0
160.4966832864213,21851.0
182.42155986647725,24796.0
166.71747003233625,22876.0
159.38079551715384,20840.0
106.6115623738678,15204.0
1055.205850054339,22073.0
174.33500083472805,21500.0
202.63999688159979,22346.0
200.62031972160213,20567.0
168.78371817886875,16287.0
203.1905191343064,21254.0
207.51598036284162,27310.0
205.34578643368363,29706.0
199.15415452122636,29430.0
195.79604366372348,29184.0
195.0435597370976,27772.0
186.19547656855326,25079.0
142.36018432551825,18353.0
94.44193923793493,11437.0
67.53633700752503,7606.0
49.07305749022806,5092.0
41.20847642008058,4080.0
54.01229892035725,4790.0
125.88727319230347,12000.0
167.09898084568258,21055.0
183.66058731105323,24325.0
166.0447634024178,22541.0
159.36385652359994,20975.0
106.31124455513326,15405.0
1029.7553720403978,21513.0
171.2933366963986,20256.0
190.60740887080772,21711.0
189.75666758000412,19412.0
169.35802556516302,15862.0
202.5524445764839,20050.0
217.20259686329257,25451.0
213.4061382305128,28590.0
211.02980304183546,29222.0
199.45743795547548,28608.0
204.06006129302517,29536.0
205.67812456329594,28611.0
193.6865276441651,25640.0
163.24668847281103,21395.0
137.2505413975988,17439.0
107.5230958241973,13213.0
76.39885985874777,8582.0
48.01127648487517,4602.0
63.65765900513924,5452.0
87.05005149124123,8259.0
117.3421795476299,13204.0
140.45139618537905,18057.0
153.1505379391946,20676.0
131.25831985964652,18006.0
991.9504274702603,23863.0
178.64532275618527,23166.0
183.95742099939116,22278.0
180.56549263263128,21969.0
156.91816196695262,19010.0
169.47316434830208,22062.0
196.1147588376571,27058.0
196.8121434271713,28918.0
186.9097998148666,27371.0
175.07167153590228,26423.0
183.55168923566825,27713.0
190.09965179286803,28308.0
182.73813769408116,26386.0
160.65430144723098,23750.0
150.75137911368296,20818.0
125.86317400611586,15795.0
86.24786579369561,10044.0
43.55583009624169,4550.0
50.50849014170967,4760.0
70.8720812352544,6945.0
94.31209139219064,9759.0
121.58993568288024,14271.0
147.20094565519963,17981.0
123.67648310049427,15981.0
988.6032588475906,22131.0
182.0177053144458,22178.0
186.16377796398186,22299.0
178.63182626566615,21232.0
168.12081506493675,19481.0
179.52691745114168,21533.0
174.64740529680614,21833.0
157.03004921528688,20391.0
149.36144606062186,19805.0
146.01754314406023,18489.0
126.08663914442386,16555.0
107.01975693087688,13188.0
67.56811479984421,8180.0
40.57671491509977,4759.0
28.710592038551052,3110.0
22.304471935571414,2278.0
24.94362496067926,2591.0
50.3643794158752,4506.0
109.64275605573435,11321.0
157.28018047746642,19654.0
172.85530280188024,22711.0
153.77892206717772,20910.0
133.12057906697308,18247.0
94.0571340191574,13458.0
785.8393591590283,18475.0
141.38766560790611,18393.0
153.58061387462666,20140.0
152.07887802167696,19382.0
144.7888045376301,17552.0
161.64181458460203,21251.0
174.50499196418488,25396.0
171.61589930918237,25166.0
162.58184643602235,24030.0
157.79857004565068,23774.0
145.467473106486,20809.0
113.13748859758581,14681.0
73.00850130787701,9252.0
45.31120129912222,5553.0
29.633116908962343,3454.0
20.595823130055763,2202.0
21.030827204470175,2213.0
44.65415103965367,4086.0
99.86530196365138,11228.0
154.1635535944619,20157.0
167.5600338376093,23261.0
152.74302215131405,21580.0
137.1689900914652,18895.0
94.6671763188119,13804.0
903.8486565000652,19366.0
145.6411590679552,18789.0
156.72039461928068,20441.0
151.1590041524208,19531.0
141.42987695152306,16942.0
169.95083774207404,21083.0
179.86544165480572,26143.0
166.58784093341924,25847.0
160.88859213693001,25910.0
157.2594897239492,26355.0
153.1794107420949,24058.0
125.38583695453868,18334.0
87.83968465431509,11540.0
57.24502639306381,6848.0
34.03431969342618,4231.0
25.076232001499722,2841.0
25.360746412028256,2655.0
48.73667377833408,4305.0
104.86882315657685,11472.0
147.9500664328394,20519.0
171.098481515625,23785.0
151.56459990961136,21860.0
140.51759748105417,19501.0
97.3122395739794,13928.0
979.6163896179639,19985.0
161.622261689594,19697.0
174.7150085832737,20587.0
180.93340619028393,19695.0
166.65493909720823,15424.0
192.71127157290007,19403.0
201.792422460675,24457.0
191.55291474273147,27200.0
198.6991375225966,28092.0
185.11073019816004,27744.0
184.98346874349588,26426.0
158.36200343287788,21242.0
115.97053372918349,14312.0
65.77623909792547,8364.0
44.98062251913215,5000.0
30.700341213862252,3282.0
30.66968843075886,3102.0
49.473416649021466,4507.0
119.99331607210111,12317.0
155.60707818891234,21133.0
179.71935954392566,23914.0
158.7094657739541,21795.0
153.20216633198896,19841.0
93.1728778000976,13899.0
997.8748975648621,20414.0
171.47009709291012,19937.0
188.8692539098329,20981.0
190.25361055645956,19206.0
167.28085949592,15430.0
201.6790571169303,20412.0
203.9380950079264,26770.0
198.38140653293524,29047.0
184.87537354504605,28549.0
192.0654731496313,28831.0
199.2748118128078,27092.0
175.64308629484205,23350.0