12090
11637
1837
3194
13304
10234
10572
1003
10987
3220
12200
1815
11410
11697
3039
2082
2023
2615
2157
2806
1480
10922
11322
11328
12082
1662
729
614
515
12406
1130
1568
1858
1991
3312
11021
11201
1665
1745
3090
11048
1663
2195
11878
3453
11464
1575
1308
985
1665
570
533
516
685
2119
1939
2152
2230
1896
2598
1778
1863
1927
2487
3446
1894
11527
2454
2190
3358
2114
11360
1188
816
2510
502
505
679
1557
12207
1895
2685
1986
1785
3190
1968
1945
1941
1422
2717
11692
2151
2217
2211
3160
1703
1362
871
633
1943
559
10433
1167
1888
3650
2028
1821
1866
2132
2854
1963
1916
1718
2022
3455
2381
2394
2365
2452
2938
1686
1044
901
642
1902
685
952
1765
2409
2866
2182
1846
2102
1742
3397
1367
1323
1813
1636
3918
2458
2540
2167
2541
2960
1885
1564
1165
880
2104
644
800
1141
1388
2713
2049
1869
2190
1792
3808
1832
2092
2481
2310
3205
2081
2450
2190
2120
3079
1752
1512
1063
736
1647
693
865
1186
1571
2631
1508
2290
1767
1971
2539
1676
1639
1549
1390
2326
1134
1080
753
614
1645
442
441
589
1076
2446
1858
1411
1430
1488
2672
1597
2038
1522
1560
3151
2059
2198
2033
2104
2577
1257
852
630
574
1379
388
490
1131
1795
2811
2466
1502
1768
1648
2495
1651
1766
1392
1522
3105
2015
2181
2208
1893
2698
823
699
584
528
1378
584
1186
2145
1488
2823
1724
1650
1806
1877
2887
1671
1181
1487
2122
3375
2173
2352
1963
1683
2345
876
660
557
485
1746
1064
1996
1963
1853
2896
1599
1827
1639
2040
2747
1650
1364
1990
2469
3242
1958
2348
2148
1759
2199
846
596
677
785
2498
1835
2203
1988
1915
3029
1777
1843
2219
1738
2747
1852
1550
2138
2287
3447
2416
2181
2176
1501
2608
1304
935
521
746
1935
1222
1591
1653
1952
2654
1960
1614
1946
1680
2914
1854
2214
2077
2097
3543
2250
1837
1960
1189
2593
973
702
566
761
2409
1212
1308
2040
1500
4373
2065
1978
1897
2009
3409
1971
1779
1414
1709
2999
1289
957
790
728
1805
589
730
1027
1389
2908
1731
1732
2038
1855
3495
1859
1979
2101
2227
3432
1851
1761
1304
1331
2181
733
469
439
403
1887
819
1251
1468
1620
2764
1466
1281
1244
1691
3223
1147
1835
2076
2280
3287
2133
1849
1493
1170
2077
486
488
447
674
2604
1560
2020
1934
1716
3107
1833
1862
1743
1844
2812
1966
2318
2161
2376
3816
1633
1259
848
820
1895
537
415
477
1131
3049
1540
2048
1921
1844
3269
1781
1916
1841
1737
3568
2297
2434
2540
2313
3709
2217
1295
1087
712
2136
473
687
1185
1520
3088
2049
1806
1781
2079
3183
1965
1883
1644
2098
3221
2542
2408
2300
2347
3799
1804
1655
1664
1204
9065
658
714
724
1103
3167
1597
1820
2072
2334
3559
1553
1562
1800
1629
3896
1853
2011
1702
2170
3519
1361
1588
1107
896
2031
477
653
873
1009
2646
1352
1729
1416
1429
3253
1368
1858
1894
1470
3063
975
1094
1066
1303
2147
538
490
673
549
2604
1340
1562
1478
1284
2922
1597
1246
1345
2017
2907
1730
2326
1906
2302
3949
1893
1233
803
587
2231
457
367
590
1055
2877
2116
2196
1751
1740
3455
1887
1462
1464
1686
3184
2076
1715
2455
1912
3520
1712
967
637
662
8148
420
620
1027
1681
3639
2010
1332
1501
1699
3071
1735
1834
1423
1811
3695
2231
1738
2021
2106
3250
962
1133
510
490
2578
490
1170
1334
2128
3414
1413
1762
1423
1688
3598
1674
1508
1352
2241
4191
2251
2550
2600
1655
3334
1169
911
617
449
10554
922
1984
1566
1684
3655
1488
1691
1825
1460
3631
1582
2101
2238
1961
11864
1743
1964
2015
2217
3655
1218
951
769
603
2435
659
839
1184
1342
3073
1477
1442
1959
2048
3502
1932
1803
1978
2302
4045
2259
2219
1663
2091
3398
1081
974
484
635
2424
884
1071
1512
1757
3827
1544
1949
1224
1193
2961
1169
1281
1230
1004
2654
816
880
523
462
2220
448
634
823
1495
3522
1852
1716
1342
1481
3522
1221
1648
1602
1827
4512
1649
2138
1540
1777
3365
738
709
511
386
2352
502
1145
1316
1904
3326
1278
1291
1804
1320
3668
1669
1034
1419
1812
3269
2215
2117
1912
1260
2837
701
464
386
516
2321
1077
1610
2060
1856
3338
1257
1581
1766
1876
3453
1411
1845
2192
2115
4140
1632
1921
1317
1177
2649
599
484
770
707
2828
1353
1660
1314
1155
3400
1543
1297
1393
1340
3202
1065
1638
1862
1600
3256
1750
1208
1374
998
2478
518
449
601
1145
3703
1434
1399
1581
1250
3122
1257
1465
1344
982
3346
1569
2186
2245
2092
9955
2358
1590
1939
1299
2678
997
591
680
833
3127
1224
1554
1932
1923
3632
1993
1971
1552
1971
6121
1842
2217
2114
1814
4204
1617
1638
261
1673
2903
866
599
749
1156
2911
1462
1347
1766
1567
3200
1836
1327
1291
1832
4138
1553
1398
1445
1048
2486
640
561
403
487
2674
908
1342
1758
1579
3745
1279
1626
1310
1331
3384
1575
1332
2363
1584
3828
1556
1381
1358
977
2147
512
406
485
492
2804
2116
1430
1827
1404
3252
1296
1386
1433
1733
3221
1438
1508
2194
1671
3903
2037
1239
1172
814
2460
531
395
534
906
3403
2014
2078
1732
1548
3833
1365
1334
1743
1190
3263
1879
2293
1713
2394
3776
1490
1063
708
699
2435
488
529
813
1819
5076
1768
1502
1729
1519
3608
2090
1384
1395
1672
3577
2118
2454
2079
2373
4084
1296
1012
731
583
2304
677
968
1593
2026
3443
1318
1277
1465
1598
3543
1526
1561
1819
1706
5844
2399
2552
2007
2317
4859
1470
1752
1274
1054
2543
652
862
1116
1173
3442
1921
2176
2156
1941
6871
1477
1616
1727
2369
3839
1787
2023
2222
1771
3819
1294
1015
767
662
2333
638
693
905
1090
3167
1551
2037
1395
1974
3045
1347
1760
1962
1563
3318
1335
968
813
534
5992
504
468
632
1165
3759
1370
1499
1675
1609
3407
1563
1398
1648
1130
5573
1679
1965
1473
1904
3352
1208
764
543
466
2398
451
473
869
1614
3418
1406
1505
1453
1164
3256
1520
1610
1392
1870
3511
2200
2362
2415
2478
3332
1438
859
581
579
2242
498
1097
1886
1967
4446
1322
1298
1417
1828
3714
1210
1426
1893
2152
4206
1936
2103
1742
1778
2753
821
490
478
471
2468
891
1613
1464
1861
2954
1935
1389
1886
1689
3628
1358
1665
2186
1699
3343
1841
2122
1870
1184
5206
751
658
503
636
2628
1627
1961
1924
1551
3609
1644
1370
1866
1472
3243
1684
1629
1928
1905
4120
1701
1897
2008
1710
3050
1110
892
569
658
2652
1140
1212
1399
1632
3235
1957
1829
1936
1748
4168
1622
1884
1628
1954
3521
2333
2196
1823
1898
3201
943
563
667
700
2776
1235
1537
1442
1736
3324
1918
2104
1493
1468
3224
1730
1512
1597
1273
9310
780
678
545
398
2426
591
1011
1741
1473
3092
1341
1086
1245
1741
6588
1383
1359
1440
2007
3265
2308
1913
1729
1078
2759
545
453
528
471
2181
1110
1674
2076
1958
7240
1190
1826
1625
1587
3306
1551
1340
1859
1910
3216
2214
1964
1221
966
2401
597
488
551
610
2869
1215
1913
1821
1321
3203
1491
1414
1904
1775
3355
1329
1581
1715
1632
3979
1496
1414
1160
664
5454
504
476
575
1167
3247
1476
1562
1891
1411
3602
1243
1410
1587
1184
3402
2241
2034
2078
1973
3561
2036
1230
865
809
2280
568
518
1136
1559
3303
1768
1859
1636
1791
2760
1740
1621
1420
1607
3659
2049
2389
1746
1915
4547
1696
1384
1346
1012
2685
580
682
652
1212
3031
1314
1922
1882
2032
3549
1504
1325
1569
1764
4141
1899
2378
1879
2236
6452
1984
2173
844
536
2898
558
951
1083
1248
4253
1429
1838
6519
1780
3627
1387
1440
1403
1609
3740
1305
912
812
587
2275
491
542
667
846
3289
1608
1492
1503
1476
3332
1400
2154
1426
1348
3753
2143
2087
1904
1974
3458
1082
834
579
537
2108
459
616
1005
1430
3425
2065
1311
1625
1258
3171
1853
1804
1120
1561
4209
2221
1601
2405
1960
3341
1160
847
603
557
2082
476
1101
1327
1887
3628
1399
1805
1842
1438
3476
1765
1836
1620
2028
3814
2126
2321
1854
1878
3090
712
665
437
420
2108
1174
1768
1818
1752
3068
1317
1571
1812
1856
3376
1462
1321
1585
2381
6118
2135
1835
1477
1628
2594
1055
725
654
650
2453
892
1346
1305
1847
3587
1859
1521
1333
1503
2692
1949
2119
1896
1360
3123
1642
2025
2225
1248
3410
901
960
484
500
2526
946
1183
1494
1893
5705
1913
1844
1779
1309
3699
1581
2024
1907
1563
4231
1691
1506
1428
1125
3169
736
480
632
531
6746
1168
1193
1177
1687
3467
1330
1773
1220
1294
3564
1225
1704
1624
1559
3049
912
590
425
441
2748
475
1005
1192
1355
3455
1499
1173
1679
1211
3590
1259
1215
1326
2251
9853
1981
1928
1564
1319
2709
559
531
482
406
2372
897
1681
1585
1760
3298
1196
1912
1574
1321
2996
1186
1679
2118
1877
4163
2356
1553
1278
834
2720
571
438
393
467
2573
1265
1537
1581
1613
3113
1873
1552
1938
1515
3486
1505
2144
1771
2272
3797
1853
1564
1236
757
2719
465
534
499
821
7474
2042
1549
1448
1505
3002
1589
1974
1389
1267
4165
1719
1955
2416
2354
3647
1990
1223
1127
845
2570
855
539
974
1593
3682
1837
1310
1698
1462
3640
1481
1547
1243
1773
3702
1984
1745
1655
1899
3994
1942
2008
1674
1374
2777
536
540
808
1116
2851
1330
1730
2119
1477
4079
1540
1527
1615
1857
5683
1587
1733
2120
1974
4024
1581
1729
1136
1028
2218
506
624
877
1252
3397
1691
1706
1302
1400
3570
1246
1799
1701
1437
2960
1117
994
1100
905
8848
519
434
490
575
2458
1410
1716
1623
1568
3293
1687
1161
1707
1412
2951
1769
1983
1983
1754
9796
1603
1342
927
1158
2046
374
394
523
810
3887
1464
1529
1410
1547
6601
1236
1425
1343
1143
3569
2160
1768
2228
1498
3366
1431
873
692
480
2871
463
778
1055
1643
3518
1520
1248
1534
1529
4027
1827
1682
1510
1513
4082
1766
1641
1800
2308
3112
1057
868
623
497
2360
527
847
1522
1550
3068
2119
1607
1835
1694
3736
1752
1512
2091
2099
4470
1835
2183
1626
1829
3372
1183
659
1533
509
2258
1083
1369
1769
1958
3489
1678
1379
1550
1716
3373
1285
1397
2163
2077
3428
1597
2090
2349
2181
3517
1213
1123
732
576
2481
946
1246
1646
1670
2982
1832
1637
1616
1977
3264
2466
2447
2751
1733
3751
1767
1737
1697
1940
3555
1263
788
562
646
3670
747
1321
1705
1791
3131
1365
1637
1973
1882
3510
1602
1698
1889
1596
3008
1066
935
721
497
2351
410
659
980
3772
3216
1599
1780
1554
1724
3039
1205
1314
1329
1344
3356
1985
1856
1493
1412
2825
934
657
599
431
2378
608
889
1789
2022
3495
1799
1213
1431
1272
3367
1564
1413
1762
2437
3884
2215
2172
1459
1472
2477
701
496
453
411
2276
1093
1860
1734
1461
3228
1387
1576
1809
1651
3445
1032
1283
1637
1658
3707
1751
2102
1599
960
2815
649
505
473
712
9523
1607
2095
1403
1756
4338
1832
1729
1566
1372
2647
1719
2407
2306
2146
3872
2348
2088
1221
1025
5020
664
575
519
1073
3425
1467
1354
1304
1591
3307
1479
1353
1515
1760
3333
1604
2371
1818
2428
3370
2230
2155
1790
1650
2747
895
593
537
839
3664
1894
1313
1534
1702
3152
1479
1502
1494
1387
3621
2361
2207
1956
2804
4239
1655
1596
1405
1372
2894
542
528
663
772
2854
1278
1415
1888
2083
3068
1595
1494
1729
1822
3721
1392
1194
1162
937
6134
630
535
378
445
2213
868
1404
1693
1453
3316
1561
1683
1528
1669
3384
1290
1857
1706
1817
9437
2052
1391
1292
792
2636
464
668
374
464
2636
1763
1869
1688
1865
2924
1733
1222
1722
1352
2900
1651
1597
1590
1781
3228
1697
1494
1017
838
2176
417
430
505
843
2999
1899
1636
1298
1652
3046
1487
1352
1391
1334
3530
1435
1705
2123
2226
3609
1588
1020
827
534
2247
550
614
1183
1761
3540
1734
1991
1393
1964
2829
1576
1713
1392
1314
3425
1721
2336
2414
2388
3702
12241
11514
3614
11065
14033
10344
10764
10385
10946
2689
11858
11443
1721
11652
3136
11800
11341
3032
2305
2750
1448
11216
1799
2124
12047
888
632
9914
541
13700
1162
1599
1729
11609
3345
1875
1859
1819
1727
2748
1470
11622
1820
2038
2847
1824
1843
1450
1053
1620
540
1111
523
853
1836
1979
2317
11596
2140
2845
1765
1798
1897
2071
2937
1883
2651
2342
11924
3288
11367
1586
1106
864
1781
632
536
699
1150
2652
2375
2350
1806
1844
6122
2035
1819
1707
1309
2407
2245
2030
2878
11419
3346
1647
1207
18909
3470
1838
735
643
1204
2115
3309
2745
1895
1685
1842
3470
1985
2018
1650
2590
3301
2625
2554
3129
2515
3242
1421
944
866
753
1490
695
1227
1820
2229
3404
1978
1860
1961
2095
2973
1849
2135
1896
3414
3942
2342
2390
2332
2287
3505
1838
1823
1326
891
1659
759
861
1194
1597
2831
2123
2042
1961
2088
3063
1973
2040
2729
2326
3134
2277
2331
2429
2528
3646
1838
2212
1204
625
1527
643
968
1284
1446
3147
2052
2082
1833
1801
2855
1845
1404
1619
1539
2180
1221
1110
894
601
1517
492
388
548
1276
2495
1489
1857
1943
1424
2555
1770
1721
1806
1549
2773
2162
2122
1975
2034
2585
1282
850
620
518
2319
462
609
1450
1797
3130
1788
1541
1917
1762
5493
1742
1667
1574
1436
8185
2251
2132
2060
2098
2619
1144
764
624
514
1464
635
1216
1708
1857
3266
1661
1687
1971
1622
2978
1769
1464
1790
2386
3474
2316
2124
2203
1577
6679
919
675
560
587
1532
1069
1760
2249
1916
2820
1621
1795
1916
2046
9045
1557
1906
2054
2401
3717
2305
2157
2167
1706
2664
904
668
683
723
2421
1979
2271
2218
1807
3231
1992
1743
1744
1571
2579
1716
1627
2415
2196
3228
1810
2082
2190
1679
7470
1328
1040
645
674
1995
1320
1524
2001
1890
3273
2329
1918
1897
8699
2756
2119
2265
2170
2190
3441
2041
2134
1785
1683
2695
1016
717
596
639
2112
1324
1870
1869
1991
3227
2012
2112
1933
2046
3490
1516
1851
1806
1735
2807
1301
975
819
556
7851
604
753
1047
1493
2871
1655
1695
1949
1760
3371
2180
1958
2060
2369
9553
1727
1665
1718
1320
2199
760
588
447
464
1741
857
1299
1677
1650
2835
1615
4191
1748
1852
2846
1559
1586
2133
2332
3596
2093
1920
1182
1118
2204
552
449
430
560
2358
1751
1928
2018
1396
2976
1780
2056
1714
1672
3167
1832
2162
1821
2213
3551
1980
1858
967
921
1903
569
438
630
1095
3022
2338
2015
1976
1781
3241
1711
1930
1975
1559
3351
2148
2346
2619
2388
5496
2005
1380
1087
746
2050
617
505
1275
1977
3409
1578
1807
2015
1876
3427
2075
1805
1780
1919
3789
2545
2107
2332
1831
3637
2041
1483
1596
896
2167
575
563
817
975
2895
1698
1939
2340
2212
3449
1409
1099
1825
2169
3196
1789
1887
1974
1996
3541
1756
1601
1356
901
1954
634
703
876
1174
3165
1288
1387
1915
1376
2622
1746
1828
1970
1802
2834
1202
1422
1192
1300
2134
513
613
553
598
2854
1663
1925
1572
1283
2975
1712
1655
1843
1936
3349
2064
1797
2380
2466
3340
1394
1356
908
692
1882
397
348
549
1091
3552
1665
1489
1634
1724
7029
1741
1983
1859
1787
3536
2378
2054
1788
2263
3715
1365
1101
614
573
2016
445
597
984
1627
9776
1960
1858
1799
1770
3380
1369
1795
1410
1832
3677
2224
1658
2373
1955
3428
1164
895
523
444
2071
654
1093
1656
1703
3112
1584
1467
1786
1865
3479
2003
1412
1716
2085
3203
2214
2417
1710
2121
3095
866
662
470
509
2127
854
1841
1514
1565
3236
1343
1872
1621
1487
3329
1245
1496
2394
2754
3967
2282
2496
2399
2221
3308
1632
1195
904
651
2264
825
1004
1357
2282
3761
1606
2006
1655
1874
3172
2010
1778
1955
1850
11554
2126
1950
1671
1912
3613
1071
842
654
621
2668
750
1119
1286
1892
3683
1780
1359
1181
1319
2900
1539
1454
1054
948
2622
898
839
481
375
2021
419
593
790
1664
3155
1317
1298
1421
1190
3209
1341
1592
1621
2124
9282
2149
1709
1588
1514
3221
891
695
530
387
2450
464
894
1770
1533
3492
1743
1623
1659
1644
7924
1835
1090
1476
1679
3637
2001
1907
1499
1617
2532
834
485
443
383
5083
957
1917
2023
1427
3883
1218
1573
1795
1627
3628
1115
1841
2287
2209
12291
2435
1909
1788
1328
2612
748
559
475
625
2558
1768
1309
1465
1209
3024
1491
1333
1216
1118
3049
1369
1363
2810
1487
3088
1417
1658
1023
937
2470
609
573
545
880
3267
1605
1736
1791
1242
3361
1641
1791
1526
1260
3780
2014
2207
2393
2462
3932
2361
2097
1836
1211
3305
804
627
660
917
2944
1589
1372
1487
2089
3283
1517
1527
1388
1505
4117
2308
1938
2099
2180
6661
1529
2021
268
1879
3232
824
518
809
983
2827
1129
1710
1947
2013
3998
1442
1152
1742
1910
3608
1265
1634
1494
1086
2477
636
435
420
465
2483
904
1276
2231
1836
3350
1502
1502
1548
1265
3261
1733
1392
2057
1763
3791
1911
1318
1622
742
2699
447
384
448
532
3166
1605
1662
2076
1700
3110
1667
1649
1408
1767
2944
1478
1731
1537
2315
3658
1476
1432
1095
589
2066
405
418
486
1035
3383
2189
1478
1703
1755
9112
1399
1377
1772
1443
3176
2040
2160
2076
2032
3405
1665
1082
723
665
2332
420
506
828
1399
3495
1918
1682
1746
1895
3006
1614
1850
1109
1554
3898
2056
2077
2280
2206
7748
1556
1173
677
668
2060
658
1050
1935
1673
3852
1699
1258
1655
1455
3020
1670
1210
1960
2286
4230
2259
1676
1783
1966
3678
1494
1636
1286
1036
2410
555
836
1066
1599
3545
1855
1621
1469
1670
3996
1791
1886
2157
2339
3880
2381
1870
2060
1712
3450
1765
1073
1032
671
2464
583
786
1182
1497
3404
1583
1956
1572
1521
3518
1835
1429
1738
1706
3230
1440
1083
900
673
2359
478
411
608
868
2950
1806
1794
1642
1146
3467
1607
1207
1568
1570
3447
2012
1887
1842
1590
3495
1053
970
530
516
2217
416
556
826
1514
3432
1738
1127
1063
1243
3422
1641
1506
1149
1472
3921
1894
1961
2326
2281
3564
1280
780
705
550
2166
506
1122
1820
1876
3145
1686
1377
1275
2156
8928
1264
1439
1918
2194
4289
2252
1878
1653
1560
2949
687
583
484
387
2229
820
1214
1436
1452
3991
1805
1427
1573
1607
3119
1120
1451
1702
2435
4057
2432
2267
1881
1153
8983
874
479
613
661
3037
1259
1643
1656
1710
2896
1417
1327
2124
1291
4040
1314
1740
1869
1860
4009
2202
2052
1521
1789
2972
891
780
569
555
2711
1101
1091
1575
1596
5277
1803
1813
1891
1695
3660
2326
1889
1645
1564
3917
2255
2290
1741
1846
11804
1131
597
635
605
2426
1224
1487
1573
1964
3576
1587
1939
1733
1708
3749
1268
1698
1808
1255
2735
800
703
1077
407
2086
598
974
1765
1685
3362
1614
1557
1681
1309
3215
1576
1340
1674
2051
3704
1996
1842
1638
1417
2693
573
508
442
399
2230
1114
1615
2327
1461
3149
1587
1685
1764
1386
3692
1463
1365
2157
2117
3750
2282
1717
1260
897
2662
555
419
415
576
2797
1204
1479
1525
1229
3207
1594
1243
1785
1870
3161
1495
1669
2424
1959
4267
2054
1513
1034
850
2443
497
394
565
1088
2999
1944
1578
1754
1284
3620
1606
1831
1394
1300
3383
1475
1837
2306
1922
4045
1629
1289
939
684
2344
580
600
1146
1691
3360
1865
1491
1752
1763
10346
1629
1710
1561
1586
3783
2154
1750
2137
1957
3469
2123
1921
1793
1420
2809
641
953
8129
884
3923
1747
1848
1536
1927
3662
1855
1395
2170
1911
6733
2330
2181
2101
2442
4049
1800
2192
939
675
2088
736
932
1176
1503
5296
2215
1854
1407
1671
3575
1651
1399
1585
1899
3661
1488
1437
809
646
2427
454
400
490
1033
3506
1781
2408
1555
1278
3443
1590
1677
1253
1351
10058
1716
2171
1533
1835
3452
1118
797
630
418
2451
388
475
896
1849
3533
1580
1316
1630
1307
3163
2037
1655
1566
1569
3765
1881
1774
1680
2170
2896
868
775
541
481
2399
601
1102
1915
1611
10293
1346
1683
1758
1665
3648
1327
1142
1821
1644
4117
1767
2360
2175
1422
3553
870
610
516
417
2395
962
1329
1558
1349
3181
1249
1447
1268
1418
3613
1422
1534
1618
2094
10328
1596
2419
1938
1853
3064
1001
776
548
493
2829
860
1206
1838
1875
3235
1547
1649
1386
1257
3460
1859
1988
2119
1773
3220
2123
1597
1631
1231
2736
1174
713
602
558
2305
702
970
1239
1603
3681
1757
1524
1913
1730
3981
2179
1921
1543
1604
3971
2013
1787
1768
1423
3352
1287
505
596
582
2732
904
1448
1391
1373
3504
1383
1701
1308
1519
3488
1179
1306
1517
1125
2606
737
598
534
361
2201
477
1044
1128
1429
3387
1464
1575
1541
1433
2979
1411
1618
1641
1898
3732
2076
1404
1695
1645
3330
572
485
509
440
2286
1028
1285
1890
1908
3707
1868
1487
1583
1385
3450
1346
1508
2172
2563
3444
1797
1960
1291
891
2803
587
501
385
495
2663
1275
1858
1823
1415
2994
1767
1574
1785
2015
3267
1414
1754
1885
1826
3556
2127
1731
974
767
2543
462
489
597
925
3133
1628
1498
1723
1657
3828
1657
1817
1497
1429
3491
2269
2198
2361
1836
3521
1809
1438
909
678
2369
583
525
850
1288
4289
1626
1825
1389
1805
3464
1666
1763
1427
1708
4086
1970
2221
1983
1592
3800
2003
1889
1485
1239
2832
471
514
617
907
3301
1344
1338
1476
1390
3629
1574
1449
1697
1675
3648
1776
1611
1675
1684
3624
1555
1472
1173
807
2482
637
630
872
1118
3406
1229
1430
1349
1315
3078
1252
1314
1821
1610
3087
1070
1150
875
831
2474
500
417
405
608
2753
1437
1819
1806
1559
9852
1229
1500
1749
1466
8191
1515
1683
1973
1970
3614
1214
1201
789
622
2256
373
355
478
864
3288
1496
1546
1600
1598
3278
1216
1645
1799
1497
3193
1565
2104
1930
1487
3308
2244
979
900
638
2434
485
590
1042
1719
3867
1825
1715
1489
1605
3685
1812
1409
1085
1739
4281
1968
2156
2016
1971
3590
1325
842
624
498
2247
546
1008
1312
1867
3139
1724
1839
1390
1278
3514
1489
1411
1513
2071
3577
1730
2187
2332
1483
3343
900
831
629
480
2370
908
1809
2081
1826
3524
1715
1786
1764
1480
3388
1355
1502
2188
1951
3785
1793
2005
2042
2006
3247
1201
1399
718
628
2426
798
1257
1531
1348
3490
1841
2224
1855
2112
3467
1989
1795
1877
2156
3892
1633
2343
1892
1651
3771
1497
862
653
555
2716
779
1013
1562
1857
5479
1500
1871
1936
1725
3627
1477
1942
1392
1774
3277
1003
718
916
456
4819
445
611
1009
1748
3454
1509
1973
1328
1886
2885
1425
1492
1454
1408
3333
1591
1390
1360
1591
3034
803
755
601
409
2489
526
910
1498
1708
3083
1540
1257
1365
1312
3734
1364
1508
1580
1671
3849
2233
1683
1705
1735
2968
621
586
456
502
2354
933
1359
1815
1449
3530
1178
1815
1603
1680
3348
1040
1728
2032
2033
3411
2137
2099
2116
1270
2970
535
535
482
468
2994
1792
1973
1620
1356
3389
1993
1341
1866
1589
3686
1333
2289
2250
2323
3997
1753
2094
1198
880
5003
559
559
655
916
3333
1496
1901
1451
1377
3594
1280
1462
1659
1077
3299
1653
1786
1714
1756
3905
2263
1572
1335
1148
3658
813
579
523
930
2657
1356
1482
1826
2030
3235
1396
1402
1219
1888
4089
2289
2340
2023
1978
4150
2150
1623
1379
1587
2584
507
540
779
882
3091
1223
1310
1511
1456
3655
1506
1781
1401
1419
3045
1378
1537
1073
963
3197
625
431
489
408
2671
857
1356
1843
1479
3955
1146
1410
1473
1442
3345
1165
1475
1693
1712
3919
1529
1979
1304
754
2328
512
381
447
515
3790
1342
1561
1336
1248
3064
1239
1304
1380
1314
3536
1512
1800
1957
1959
3516
1517
1231
1130
760
2206
426
468
485
1135
6792
1799
1376
1437
1551
3557
1476
1500
1694
1382
3229
1782
2195
1712
1902
3597
1545
1219
919
561
2253
494
533
1087
1430
3295
1354
1324
1346
1829
3178
1415
1526
1102
1337
3558
2458
1676
1997
2461
3781
