0.24830681958317918
0.2311473116952569
0.23324890765015183
0.23299934754624485
0.2314460491846
0.23157234398321158
0.22936425186831136
0.23117958340534445
0.22758962740271152
0.22507534930133244
0.22558796991916163
0.22639140236445912
0.22718098307924356
0.22706714190686247
0.2264427222748145
0.22685922045171722
0.22708947701578644
0.22821798568462437
0.22867332953169864
0.22850321604955848
0.22885415820219038
0.22898938505643224
0.22983034022447632
0.23028258911810034
0.23056324939368525
0.23080269363202355
0.23093475461672616
0.23149592412340045
0.2318762598214653
0.2323780358984335
0.23214102481681556
0.23168846029562748
0.23140810772760123
0.23114041319583845
0.23108998370073977
0.2313192542869114
0.23090562598392575
0.23081110172964592
0.23057457665430656
0.2300883619982468
0.23039386998404404
0.23060276837090876
0.2304577384505236
0.23057454727071247
0.23030598587202714
0.22964544664064862
0.2294432431930192
0.22959618285794478
0.22993432012227324
0.2297216018833364
0.22958276958276957
0.22945496122275075
0.22952478364788303
0.22983526404016702
0.2300343042489023
0.22996782627746806
0.23007241793307923
0.2297136373541324
0.22928495084835
0.2293061055544531
0.22931283802277713
0.22932247364115843
0.2297407818911752
0.23000859911183744
0.22991877859363744
0.23001998716524324
0.23008060808553316
0.2300222493212592
0.22998047745402503
0.23004971658365928
0.22991997938344944
0.229691014573252
0.22966589423374345
0.22964803188126193
0.2297990618033003
0.2296277390492261
0.2294936743057396
0.22952127508821227
0.2296461920043123
0.22969615018611078
0.23001903656435002
0.23006282604038142
0.22980063916139
0.22975416983802305
0.23000825516829032
0.2298588113719808
0.22995018557579236
0.2300688331501464
0.23021729347072994
0.23039141782626604
0.2304445276854962
0.23050672043827097
0.2304326035047526
0.23026510626241975
0.23030214522390216
0.2301775804446203
0.23020095045952102
0.2300737987983709
0.23000943441763314
0.22991588180136438
