0.2650625718136694
0.2651503611333985
0.2639042457968762
0.2598945282937419
0.2575008075117784
0.2553724115531961
0.2545601599585143
0.2524911784008242
0.251681470761406
0.2503968076309918
0.2498796584804302
0.24852404204223952
0.24808775470879343
0.2466087151960768
0.2457190135026433
0.24480353630107438
0.24429688735687183
0.24333169800128066
0.24283191894016798
0.242516092386889
0.242188910399492
0.24204249069639733
0.24168991267349713
0.2414174278502383
0.24123626960058836
0.24088973566888267
0.24080615949261563
0.24072637796028776
0.24066820615551304
0.24055406150060865
0.24068428671949732
0.2410211539117314
0.2414201003904897
0.24178771219670106
0.24191258207991656
0.2418587122237718
0.24175810666371936
0.24174490675892463
0.24175435583773539
0.24176400557561323
0.24179589822675443
0.2419274993932516
0.2421357127196392
0.24233148098339743
0.24266089190641046
0.242868210485992
0.2431036137209508
0.24327219718348939
0.24356725231596502
0.24371593071535813
0.24392279231640576
0.24408388909282605
0.24421168802814927
0.24431077979068305
0.24432154196137965
0.24436504374295845
0.24437899576103395
0.24445341547127408
0.24447366605877285
0.2444859515468268
0.24445349022694562
0.24452885634922933
0.2445474257101023
0.24459603643245312
0.24462579024326006
0.24477514535450648
0.24481052431901615
0.24480136686492635
0.24474892765931416
0.24466657677078874
0.24455824854654257
0.24446031743654117
0.24446309454901383
0.24442143765772434
0.2444362981772534
0.24432635816640863
0.24420816824672775
0.2441360052658217
0.2441330481676133
0.24406925574392205
0.24399397919478955
0.24391467393557242
0.2438319591889961
0.24377071851961363
0.24368654007357035
0.2436349597307571
0.2436131224651702
0.243560083170139
0.24352812613654723
0.24354012533917685
0.24356816472416293
0.24360339465188213
0.24357483162535049
0.24353691704329736
0.24347923899534876
0.24344551657116573
0.24339045345058244
0.24332925365804223
