0.2504689532415965
0.2507665592798227
0.26377747610624325
0.2936142701813159
0.30579289431377477
0.30526286259327834
0.30203727442012585
0.30351168351415236
0.30717020255196925
0.31137713095611935
0.31743657068584324
0.326358884445995
0.3337064195519125
0.33982351461948196
0.34386078179577956
0.3474738223080616
0.3502576028696897
0.35324879929927283
0.3563637307293781
0.3570900752136211
0.3585498329728491
0.3608285603548512
0.36305623758814987
0.36408351537385064
0.36241848590588244
0.3609233102969714
0.358064720672596
0.35597978369602223
0.35367320148191467
0.35365482239403334
0.3533377857381379
0.3555741715084474
0.35633362772190724
0.35543732284286716
0.35571141308507453
0.3560428011016154
0.356733438748101
0.35782756164228224
0.3593599106429486
0.3596759812718182
0.3587419041546748
0.3554611057812682
0.3521562912774433
0.34935675336049954
0.3470531662308779
0.3450579473879773
0.3432116710804909
0.3416226093347397
0.3409426092440926
0.33964856347340777
0.3378703211379547
0.3363254086685884
0.3352564818570709
0.3335748583252088
0.3312211380609811
0.3296544688696972
0.3297093835941118
0.32905344757971927
0.32801094093571265
0.32773521408930134
0.3271987924319538
0.325738011238079
0.32411421065366935
0.3228737362199983
0.3216882606612872
0.3205245844648737
0.3202112556577128
0.32041271597656285
0.3199347480108757
0.3185168408706598
0.31819689299627835
0.31965110239154865
0.32149416756893034
0.32230359256599794
0.32279171827897296
0.32371208848809074
0.3249519111588077
0.32591566010760525
0.3266569597398439
0.3268512371632531
0.3271883827559516
0.3277368994856867
0.32856359013304504
0.3283614393604303
0.32762431073757925
0.3271361343041312
0.3269638399170303
0.3271053765059119
0.327610942357597
0.32779764484278195
0.32807825064503426
0.3289417791315161
0.32943473297824105
0.3298467955284584
0.3304141640783453
0.3310463166747283
0.331110990285245
0.3311259046817114
0.33113849695382114
0.3314950436799294
