0.22028886517253646
0.2148435179419183
0.21628261854193329
0.21787247072463597
0.2191626763696315
0.22194012245127226
0.22302969086693958
0.22209538516827274
0.22309128707224266
0.2220679630253893
0.22103104122817138
0.22193868297553668
0.22242604435456012
0.22274694517207863
0.22335736216104038
0.22397840801550253
0.22442361381370532
0.2244995040670214
0.2244518131473293
0.22529971789839304
0.2259045213877147
0.2269107320994829
0.22676239108366955
0.2269040833570616
0.22756707706674886
0.2278430247951967
0.22811728348399185
0.22812354165495521
0.22790242928267318
0.22779455152276212
0.22770145938222885
0.2276416229921914
0.22725068997877276
0.22726222241844024
0.22730186671977604
0.22693433862518786
0.22645609674584613
0.22634078637793084
0.22620514346044954
0.22600701934025727
0.2256968272968437
0.22590664153264842
0.22595321245872793
0.2259520363832531
0.2258102595609625
0.22545294785191067
0.22511169032539893
0.22509149202503329
0.22505937456093145
0.22506175255918728
0.22495279232251478
0.22466539257729307
0.22428983776126374
0.22417434070600922
0.22432552707848774
0.22423003373060058
0.22418122276822045
0.22440219497131245
0.22441364490083027
0.22430686678852504
0.2242748011777666
0.22442182771316327
0.22449940877614596
0.22438775976427852
0.22448959410271455
0.2244893914404574
0.22442873383228623
0.22431427434549456
0.2242986533717639
0.22440136460772647
0.22462779291553134
0.22456119506946776
0.2246406084247197
0.22464673886399414
0.224735521386799
0.22484213641848982
0.22490846081466223
0.2250237091574499
0.22499720367875126
0.22513318546725594
0.2251007401146715
0.22494111612712822
0.22481957509799377
0.2247226670643861
0.2247920618385066
0.22471738863613197
0.22464450584698537
0.2247630583806355
0.22483669106120063
0.22489435244975342
0.22490591473347188
0.22498071916146825
0.22505872370635796
0.22512056099250452
0.22519595923356014
0.22521804860584563
0.2251324983646447
0.22504429566659132
0.22496761562568882
0.22490573879901055
0.22480540248499736
0.22489463839105275
0.22478963471344224
0.2247914991354269
0.2247512231971486
0.22478510850391378
0.2249553898212921
0.2249748098628286
0.2250027713143665
0.2250906486066416
0.22518818100006613
0.22521510069392203
0.22525381005687248
0.2252406327133595
0.22525639169880027
0.22521607444132152
0.22520948018182574
0.22530544228055407
0.22527395946209824
0.22535391497157475
0.22542638055533804
0.22545652526030385
0.22539558587377012
0.22545127592311617
0.2255180216483348
0.2255620174149083
0.22552708711131356
0.22542037633445547
0.2253814745460967
0.22544385365628467
0.22543493402070952
0.22541774833538578
0.2254588420159653
0.2255131458337253
0.22549153202474492
0.22546962972297813
0.22546249364743043
0.22544360989404047
0.225474852502473
0.22539990277874475
0.22538994680516308
0.22544351406793955
0.22540145233956485
0.22536450299474922
0.22535031461230948
0.22527776349538353
0.22528155251348753
0.22524870759558865
0.22524508062729023
0.22525043756868582
0.2252344707390571
0.22519997322954333
0.22519028555110504
0.22518727641303013
0.2251830507081426
0.22514740674445943
0.22514018561555055
0.2251263849090018
0.22512918039823382
0.22505435506892027
0.22501435709714934
0.2250016120965455
0.22504011239884492
0.22504375236850402
0.22501861521598643
0.2250355118292699
0.22507164711230532
0.22503755076069168
0.225005562542432
0.2249711042736639
0.22498370118137015
0.22498645865420416
0.22500168158729963
0.22499460733088186
0.22491478658628797
0.22496879138609108
0.22498966502200515
0.22497778778361138
0.2249492698818009
0.22486487387009307
0.22488294061678646
0.22485287511275837
0.22489349886768506
0.22488065021880188
0.22488048514530964
0.22484122633711906
0.2248674146419911
0.22492699207713146
0.22495991424416822
0.2250547677913379
0.22509553829447723
0.22510926931121986
0.22508465137079778
0.22510706237280284
0.2251290891748811
0.22512025969677782
0.22515493399882144
0.2250940735497281
0.2251006292993836
0.2251079024418078
0.225153067146417
0.225169994297709
0.22517704740347633
0.22521135753350105
0.225214888295695
0.2252200552462576
0.2251659699135579
0.22510526903138822
0.2250834616774481
0.22503466805991926
0.22506505915907515
0.22504298386959845
0.224998439308358
0.22505383337509635
0.22499676965088164
0.22491905336040924
0.2248930873205122
0.2249358181052696
0.22496786130157853
0.22494240367492832
0.2248334685570458
0.2247780813590364
0.22481897913509588
0.2248646994252522
0.22488608419351516
0.22488962287849487
0.22483046937853274
0.22477721418023636
0.22475608613996922
0.2247630960000503
0.22473326523927487
0.2247286082765672
0.224658693012976
0.2246407997562152
0.22464522970984818
0.22468184120008006
0.22471428335100424
0.22468252505625255
0.22468642379532452
0.22473871743074003
0.2247384241207143
0.2246975518096428
0.22464533433515946
0.22466525690949024
0.2246643339667
0.22465777845591206
0.2246584773532379
0.22469498031810883
0.22469079406687714
0.22468930506988483
0.22466362718511337
0.2246694856464395
0.22466054069363214
0.22471139918907923
0.22470695747869743
0.22469938348680044
0.2247371859000357
0.22475181569569902
0.22472468305971458
0.22471516970581584
0.22470622964472342
0.22465686672922872
0.22465563402465172
0.22464203537613292
0.224642960303614
0.22460804265123507
0.22459171702815506
0.22455064382532625
0.22456159876549342
0.2245557095160801
0.2245371514595721
0.22448977528016295
0.2244734759187296
0.2244720491014538
0.2244294144131013
0.22437073704729263
0.22435971818395217
0.22432068181526907
0.2243314869122985
0.2243484882840583
0.22439065940161593
0.2244388194865575
0.22445951034359038
0.2244540744782944
0.22446385664238414
0.22449117929170248
0.2244992253431523
0.22451083245195727
0.22452352371268097
0.22446430217434432
0.22442678488971313
0.22441473520764635
0.22438008738381704
0.2243560224700585
0.2243688610577251
0.22433527748793178
0.22430165662424803
0.2243199575386778
0.22431748144520952
0.224349830696527
0.2243862742545267
0.22443052409913736
0.22442571149530144
0.2244139542480239
0.22442903626615449
0.2244479014342964
0.22446104605559347
0.22448556689167348
0.22447937951681532
0.22442860207603313
0.22439745360666516
0.22439857858944698
0.22442063996594983
0.22443943141101885
0.22442607539284068
0.22442266044668235
0.22444240808222457
0.22447109795349396
0.22442863848821654
0.22442415408444324
0.22441200129160688
0.22439533215968088
0.22440483619826473
0.2244107273399451
0.22439503326076307
0.224377547848389
0.22439968521347484
0.2244211112016028
0.22445094794618425
0.2244767214954885
0.22447919727331175
0.22447270671408417
0.2244511871395224
0.22446381863356688
0.22442995569235022
0.22441449785084722
0.22437984649244483
0.22439239215190407
0.22437717980842217
0.2243899853872382
0.22438432953943124
0.2243147881325044
0.22429994356662072
0.22430709093638543
0.22432265838759377
0.22432188982213438
0.22429750090446537
0.22429584473133465
0.22427793776770932
0.22424341239557577
0.22425442659543976
0.22427804106657764
0.2242840244852869
0.2243034458059194
0.2242912176318489
0.22428674979617763
0.22426677243268014
0.2242444046762516
0.2242214463655737
0.22418990986252632
0.22415885921574671
0.2241580653204074
0.22417068044507385
0.22417648743268515
0.22419462773471951
0.2242226428697567
0.22424958679129395
0.22428615756351208
0.2243158972339797
0.22433944797578126
0.22434862930198188
0.2243216259892987
0.22431059711749995
0.22427579986447507
0.22428901239878565
0.22427787947621908
0.22424783548311533
0.2242152074681272
0.22418825465994324
0.22416444931099158
0.22415180202661403
0.22413522618220325
0.22414969165674187
0.22417352604484703
0.22417761253112248
0.22419302958558593
0.22420716335568258
0.22421402919012032
0.22420591361530195
0.2241819584040348
0.22416684361075215
0.2241653113658422
0.22417433243454815
0.2241825485111265
0.22415877519635602
0.22419055207955405
0.22421049614246943
0.22420035525949106
0.22416958469088077
0.22414907893407465
0.2241257653088406
0.22412466124517227
0.22412609660224928
0.2241394100997709
0.22415288282157997
0.22415803563089415
0.22413058323644658
0.22411704761194154
0.2241517344643392
0.22415623532108955
0.22416180716723105
0.22421167256262048
0.22420663711397443
0.22420023899732924
0.22416932241008178
0.2241769346871511
0.22418351314706475
0.2241889146265687
0.22416795732968967
0.22415407288351327
0.224134622846231
0.22411159339039186
0.22410544412993325
0.22412418176344856
0.2241173013256129
0.224089394241405
0.22409272789883078
0.22411288246594954
0.22413793098869508
0.2241340667483872
0.22413290412006737
0.22413734833416366
0.2241399466540373
0.22413403110437896
0.22415002262985978
0.2241654161455992
0.2241431389322032
0.2241281795241631
0.22412756926315824
0.22413758464988456
0.22413709013878932
0.22410988039301682
0.22411178904470125
0.22411165655623672
0.2240908279351673
0.22410562814719662
0.22407170216055008
0.2240891907732936
0.22411470852189888
0.2241130133263715
0.22409261604099942
0.22408666131090213
0.2240975882779392
0.22412553993813147
0.2240941386709543
0.2240776516695162
0.22403477823283457
0.22402090514443834
0.22401459715088445
0.2239971854878653
0.22402713694692358
0.22406144130191055
0.224112788775928
0.22412633446114422
0.22413401882144887
0.22411724911862554
0.22412146289869822
0.22414214838817642
0.22417221702919796
0.2241753482013353
0.22417947274349256
0.2241607317256939
0.2241256159121079
0.2241263725156279
0.2241277929833681
0.2241326398849013
0.22413480824260165
0.2241234178933246
0.2241057923419296
0.22408554378728263
0.22408933253997151
0.2241027130602142
0.22409656694208663
0.22409040859427373
0.22407222865665244
0.2240267404100787
0.22400434299865432
0.22399946254265904
0.22399391721117673
0.22401114052092788
0.2240135195387349
0.22405099824584823
0.2240799363448239
0.22409151573256317
0.22408526010957963
0.22407861234340906
0.22409606162960927
0.2241072530180851
0.22414010815808114
0.22415727710008795
0.224185889210508
0.2241749548758061
0.22415887542663687
0.22412825825561772
0.22410682083467257
0.224097771652898
0.2240817267261891
0.2240895082119988
0.22408900935829065
0.22407258838998934
0.2240572057349735
0.22407875625911383
0.2241010758283809
0.22409945018360108
0.22409466312792015
0.22409403798496536
0.22406606314093627
0.22404542253968746
0.22405142288884775
0.2240288172550872
0.2240192868147146
0.22401387331638856
0.22402532565641717
0.22402913448165188
0.22403816979874636
0.22403738426901654
0.22406852989372045
0.22405339308803165
0.22406148738688092
0.2240806687337939
0.22409628192920733
0.22408057763433264
0.22407042750042488
0.22406892185622218
0.22408131593312555
0.22407843718498863
0.224069749630562
0.22404614259921946
0.2240669817223462
0.2240872816626987
0.22410283688293214
0.22412598594800406
0.2241206681631413
0.22412361125832408
0.22411458280883
0.22411762207981845
0.22411604764310394
0.224114414500429
0.22413384563070698
0.22411733308483403
0.22409597642512039
0.22407380226075035
0.22405837009204077
0.22407702075005492
0.22410149380650835
0.22409882066458364
0.22410636107487492
0.22413196119853857
0.2241345340297602
0.22411913504567493
0.22411843776239704
0.22411198093001636
0.22413345221454045
0.22410700254164317
0.22408828895803948
0.22408058426926183
0.2240702336829484
0.2240876973411037
0.22408036046442506
0.2241030610142255
0.22410109095817843
0.22408748467955425
0.22409073858089126
0.22407269031003485
0.22406503260701877
0.22406038309732185
0.22405566489974518
0.22403937274948346
0.2240439461912216
0.224058134217773
0.22405228111114092
0.22406469017020256
0.22405477292170609
0.22405109317557767
0.22404884759886187
0.22403506784046917
0.22403127341840653
0.22402222072397956
0.22400081340337122
0.22400127820729637
0.2240092673181751
0.22402876693181697
0.22401186861957403
0.22399571533815782
0.22397710417807062
0.22397211846750267
0.22395223278015414
0.2239661320287455
0.22397377171424585
0.22397293769198962
0.22397431653943764
0.22398804440738126
0.2239856315056349
0.22398048280630292
0.22399361916704827
0.22400519769920343
0.2239770582577377
0.22397737862769532
0.22398480057470513
0.22398920744102627
0.22398743045175323
0.22397984282017078
0.22398294816332107
0.22399267927161334
0.22401532560846113
0.22403606689293665
0.2240394107773681
0.22402794283475785
0.2240432397617746
0.2240436639244466
0.22404139591651093
0.22403215935980395
0.22402101438996588
0.22401811190718202
0.22404536394448196
0.22405457343352786
0.22406165140863799
0.2240795276822723
0.22410571846135607
0.22411586440798156
0.22411534316721318
0.22411515716751135
0.22412726537307792
0.22414542463850923
0.22413093979372217
0.22412387517285998
0.22413805889953287
0.22413418444964642
0.224128090549426
0.22409957955414708
0.22409534705668474
0.22409433495883935
0.22409899059767555
0.2241046757055115
0.22410946713214686
0.2241231172676267
0.22413805359991598
0.2241508990798725
0.22415858683030904
0.22414382813152886
0.22412980009906555
0.22408098962920964
0.22403894831256327
0.22404854004277436
0.22406253508839055
0.22406589306825014
0.2240445776946265
0.22402824115443687
0.22402850725997683
0.22403112315503004
0.2240261623311954
0.22402620947636576
0.2240218280441956
0.22402383873500728
0.22401813642776602
0.22400981941960077
0.22400044641453043
0.22400588986935652
0.2240236324981738
0.22402442000464787
0.2240445343839148
0.22404834927215939
0.22405204036388163
0.2240571096176744
0.2240549334617763
0.22405742389360317
0.2240492373412042
0.22403990194859072
0.22403550052702775
0.22402557572484924
0.2240185110486102
0.22402790371257153
0.22402755573027164
0.22401141328844967
0.2240107785255529
0.22402351912347063
0.22403449287408994
0.22405451062119663
0.22405900542532325
0.22408081743719438
0.22408226636621442
0.22409166193173682
0.2240813979234574
0.22408794491066927
0.2240823044335764
0.22408040505457788
0.2240840493921547
0.22409397207828527
0.2240834942022521
0.22409712012894814
0.22406359915351756
0.22406149057278854
0.22406592263129807
0.22407882638276827
0.22408711477289225
0.22406323752933124
0.22405491168441818
0.2240516448132811
0.2240527265586387
0.22405569081714272
0.2240651936966407
0.2240529421670755
0.22404195351731787
0.22404605893877796
0.2240528734784297
0.2240787192184509
0.2240787203029723
0.22408774529897657
0.22407418078410352
0.22407786182330577
0.22408894193741066
0.22410988518749225
0.22410925094977274
0.22412009474271416
0.2241100818236721
0.22410600769575795
0.22411116715625012
0.22411054880224743
0.22411123118078335
0.22412454246214694
0.2241269071101381
0.22413242493818397
0.2241332695644569
0.224144457593773
0.22415250315150048
0.22416241772284204
0.22415519006481488
0.22415145218438562
0.2241552409554666
0.22416535914869767
0.22417758865086393
0.22417074614616178
0.22415515354918625
0.22414043612411164
0.22413965192268662
0.22413028262126605
0.2241324471114921
0.22414538415348303
0.2241591891451461
0.22416622421661792
0.22416246442288432
0.22415866092551937
0.22416564635161204
0.22416260212751477
0.22414582838479685
0.22414160801973027
0.22414917125625636
0.22414411926680045
0.22415141301112876
0.22414463208423455
0.22414559637527587
0.2241550044120182
0.22414965617667787
0.22415905285433854
0.22415454027801182
0.2241590342937608
0.2241518547739462
0.22414631697695214
0.22413315890434918
0.22412096782388052
0.2241384993761693
0.22414883772495295
0.2241353570652921
0.22414228580136109
0.2241456768088847
0.22414806532947196
0.22415758343144404
0.22416855594879756
0.22416614291499562
0.22416282475020505
0.22416563015080593
0.22415882193831368
0.2241579289384645
0.22417337569988827
0.22416852186960778
0.22415478589348414
0.22414391846321147
0.2241526756841546
0.22413787936943974
0.22412770405091664
0.22413387741013976
0.22413214116551797
0.22413220598875142
0.22413542530102476
0.22414463231536086
0.2241393529190995
0.22413671598704535
0.22413374705145694
0.22413607777448724
0.22413893314425748
0.22415434747855492
0.22416377281741168
0.22416782239743355
0.22417651938891628
0.22418055258675482
0.22419578845301613
0.22419618769486982
0.2241831361121344
0.224162651170295
0.22415414455386287
0.2241346269803577
0.22412582629714783
0.22412614359963365
0.22413045757761793
0.2241337701507191
0.22413737088146052
0.2241242723825343
0.22410908950384872
0.22409397013964966
0.22408936585531586
0.22407341859163016
0.2240633261494081
0.2240661454444944
0.22406709682557435
0.2240602886729296
0.22406068487520667
0.22405996510372936
0.22407089694607446
0.22407642262048935
0.22408400066364664
0.22408816649225924
0.22406627502932486
0.22405732721707455
0.22405931991145428
0.22405670966922064
0.22404631119783827
0.2240627894281688
0.22405518727758272
0.22404793345687793
0.22403791871118636
0.22402761598780643
0.22401936520602017
0.22403150552136894
0.22403768291777523
0.22402666118362322
0.22402331991404761
0.2240127140916868
0.22401248700406495
0.22400447976751464
0.22400376272706482
0.22402861881760072
0.2240396598491621
0.22403556198872737
0.22404919239557486
0.22404078774765504
0.2240489220302834
0.22404867398497402
0.22405110894231092
0.22405909813261551
0.22405544063890845
0.22405854369057188
0.22405683973687135
0.22404188119913507
0.22403015043115276
0.22403386483857649
0.22404536485579613
0.2240366277065583
0.22402358155711774
0.22403066143879466
0.22403170719361923
0.22403495729170622
0.2240270115376225
0.22401263858196527
0.22400270436238506
0.22399126776364103
0.22399795716354964
0.2239969005754745
0.22399048790374876
0.2239947913827766
0.22399250092968043
0.22399996316398044
0.22399162103898332
0.2239890778497665
0.2239894305371034
0.22398815258913599
0.22399027870335375
0.22398981221030073
0.22399744427043086
0.22399562653008925
0.22399430346289145
0.22398561276667847
0.22397966935418148
0.22396766702776064
0.22396119265617168
0.22395475342119292
0.2239559272371315
0.22396054935347093
0.22396458051236592
0.22396723696840354
0.2239620666207818
0.2239661714946237
0.22396294967322491
0.22396789232568592
0.22397243234732633
0.223957773359868
0.22395428811900062
0.22394962215772293
0.22394958365505566
0.22394900896975353
0.22395376575934922
0.22396037398137678
0.2239553003417923
0.22394318696077445
0.22394917829243588
0.22394820593050374
0.22395023277303702
0.22393273728636767
0.2239244975676326
0.2239120982995209
0.2238934501413279
0.22388523672924845
0.22388455115057196
0.22387477592717644
0.22386136501996545
0.2238684733442385
0.2238878737355646
0.22386766627287258
0.22385223633140536
0.22384834104196677
0.22384170649545654
0.2238543494310562
0.2238521537123066
0.22384137077117877
0.22384084523317327
0.22383814359718762
0.22383771530559965
0.22384203553552462
0.22385084198417418
0.22384919640885953
0.22384734164730352
0.22383964942160386
0.22384366145889414
0.223843543838268
0.22383832697228878
0.22383202902816404
0.22383061155307057
0.22383468281373994
0.22383231065644596
0.22382707920657632
0.22383206604248576
0.22384587196912095
0.22385654804789706
0.223861605794175
0.22387520715095735
0.22387656368675185
0.22388357746164914
0.22388211210162573
0.2238767615721915
0.22388133552687225
0.2238766675899914
0.22388290853967213
0.22388630359672457
0.2238714769389869
0.22387820006270565
0.22387648441355312
0.2238754367105436
0.22387456401016953
0.2238744189665456
0.2238764410193592
0.2238870999021945
0.22390969734445354
0.22390967293201702
0.2239044282888484
0.2238954629158151
0.22389762530953128
0.22389325908901173
0.22388233054797285
0.22387300181642625
0.22387073163726398
0.22387334957962882
0.22388617984493442
0.22388090316904605
0.2238734814075352
0.22386488990160397
0.22385608357875333
0.22385436789457927
0.22384944706863052
0.223843879958881
0.22382999069290418
0.2238081994117895
0.22381144225904653
0.22381332621119499
0.22380952879393715
0.22381148493566977
0.22380376247937728
0.2237949015459502
0.22378840173345552
0.2237798157798717
0.223766045733407
0.22376892298603604
0.22378779820849728
0.223800071705915
0.22380166293018172
0.22380743354053342
0.22382466817211855
0.22383760268987155
0.2238566230332425
0.2238669261503348
0.22386468646195173
0.22386456567441176
0.22386446453392822
0.22386143055696336
0.22385329265754186
0.22384826100524544
0.22383328557914373
0.22384614493492302
0.22383965461772726
0.22382507819924813
0.22382336234275835
0.2238231695397798
0.2238294420541471
0.2238283583016106
0.2238236116063394
0.22381872173168857
0.2238137578995328
0.22381621442187546
0.22382536104775022
0.2238234298026868
0.22383073682841645
0.22383981176113846
0.223835051918996
0.22383289144197127
0.22383133608552772
0.2238264684615312
0.22383029664570694
0.22383674202488343
0.223838049582986
0.22382664920066725
0.2238266505249476
0.22383862200703303
0.22384681457804353
0.22384534472760587
0.22383489810403273
0.22381729739965706
0.22380315415843272
0.223804623954646
0.22380194911950102
0.22380759691141033
0.22380933658934488
0.22379994265747222
0.22378720390789802
0.22378405673856686
0.22379058135258173
0.2237862495101113
0.22379133792865388
0.22380093800013365
0.2238018242605469
0.2238033751248887
0.22381552111217953
0.22381809616999945
0.22381192417281315
0.22380712401239222
0.22380265576839295
0.2238031671050023
0.22380332957703725
0.2238029486383164
0.22380017150296766
0.22379994147442495
0.22379740031781245
0.22380362022241831
0.22379794635573644
0.2237994076254202
0.22381836281566297
0.2238175557291034
0.22380718743338357
0.22379962707543594
0.22378988298107189
0.223789982493606
0.2237936619398197
0.22379384544200434
0.22379729143587002
0.22378650182688611
0.22378372266422292
0.22376344387834088
0.22376995367011604
0.22378921512213618
0.2237909695281754
0.22378685045568744
0.22378607336528883
0.22378209183153977
0.22378862740219688
0.22379050059948843
0.2237862821818211
0.22376869139086186
0.2237697734398448
0.22379085534569915
0.22379659000499177
0.2238071036215013
0.22382675188464773
0.22384928311920835
0.22385867497484144
0.2238552519833538
0.22384907884561672
0.2238531884944253
0.2238613698837075
0.22385917680719805
0.22386293047518524
0.2238627960763101
0.22387732762112397
0.22387785025846282
0.2238761416200629
0.2238726184289816
0.22387431865278848
0.22388062687895374
0.22388268919095286
0.2238949705024966
0.22388971110091668
0.2239000141607697
0.2239106545421005
0.22391509262981288
0.22391359210565345
0.22390874596637828
0.2239143198287572
0.2239172770273025
0.2239146906029533
0.2239097259366648
0.2239116972958296
0.22390858703879557
0.22390263910530678
0.22389488366633853
0.22389719203548367
0.2239068319879098
0.223912065782524
0.2239029638504302
0.22389375972171968
0.2238787077362484
0.22387807094075451
0.2238745576082111
0.22386676958547386
0.22386828125456124
0.22385308012938154
0.22384198403384045
0.22384001351681396
0.22383954396270253
0.22383040021029876
0.2238214798519648
0.22383400425690178
0.22384626013407036
0.22385694180181334
0.22386943479622348
0.22387684426620122
0.2238931721553323
0.22388926802775985
0.2238827179828684
0.22388362553970018
0.22388429490367948
0.22387819475345713
0.22387305220665477
0.2238708919551487
0.22387138345818977
0.22388340880777866
0.2238867264412709
0.22388977040786387
0.2238718629010431
0.22388447743438653
0.22389415426841347
0.22389753690793138
0.22390343335082705
0.22390751273430165
0.2238976844585714
0.2238979452090881
0.22390410501667513
0.22390913757215528
0.2239125659706201
0.22391537145934828
0.22392693557610338
0.22393126630377508
0.2239300011969087
0.22393220935049135
0.2239412609414265
0.22394782677483788
0.22395370457137834
0.2239536487395877
0.2239652932337612
0.2239666016341519
0.2239696622612363
0.22397861712521
0.2239790048608195
0.2239797628453477
0.22398379345559885
0.22398636936746116
0.22397753735168327
0.223974334948357
0.22397725042995215
0.22396917475784414
0.2239619630099305
0.2239816735626433
0.22399174984147496
0.2239948997354176
0.22400247686603567
0.22400336017722128
0.22400335070352462
0.22400671870969358
0.22401124536230438
0.22400689361684611
0.22400866361293625
0.2240010776906076
0.22399678072346157
0.2239983884240823
0.2239868111345626
0.22398041669641114
0.22397915919434588
0.22396901970425398
0.2239614017903925
0.22397818577511674
0.22398911573166408
0.22398417258882103
0.22398144548350998
0.22398551414226145
0.22398069288432088
0.22398357516919773
0.2239834733763953
0.22397832810036938
0.2239742977768016
0.2239843967882195
0.22398868507143763
0.2239922372566471
0.2239922347319638
0.224002372473953
0.22399693821111769
0.22399922774274802
0.22400276948922968
0.22399634457202816
0.2239904344446862
0.22399395467732094
0.22398867692698765
0.223984541574952
0.22398241307044592
0.22398507841283763
0.2239909009795149
0.2239887360674775
0.2239731838464256
0.22397310199169188
0.2239641871987119
0.22396791924452264
0.22398638846304755
0.22399530143123705
0.223999101845845
0.22400182370327412
0.22400972204916555
0.2240016900326702
0.22400509399574137
0.22401978645236698
0.22402974323375516
0.22402243693027646
0.2240165048507956
0.224020991744211
0.22402625799736894
0.22402388700310785
0.22403323625408011
0.22403820839416888
0.2240534261249098
0.2240649149730587
0.22407021013007974
0.22407599138632725
0.22407641492355915
0.22407964549463114
0.2240840851502505
0.22407725558568814
0.2240734956719002
0.2240740755040359
0.22407256558818478
0.22406986085033823
0.2240658694630272
0.22407384694309182
0.22406873311443007
0.2240705642286855
0.224060932773564
0.22405262576967871
0.22405521071684106
0.22405754756943808
0.22405625648623576
0.22405833256421834
0.22405937097178216
0.22406944677817664
0.2240894308154019
0.22409966941057272
0.22410081672110324
0.2241063236189067
0.22409783461037142
0.22409704377554543
0.2240957887000047
0.22409117620527985
0.22408682409812308
0.22408759794969127
0.2240903568849907
0.22410113082734143
0.22410335434981435
0.22409860404052184
0.22409605215523426
0.2240951410731993
0.22410523568266988
0.22411152252289868
0.2241005141521017
0.22409847348087886
0.22409657534088057
0.2240926030249136
0.22409340739360292
0.2240915329047737
0.22409257508284858
0.22409143274385082
0.22410133072492439
0.22409111471128135
0.22409721937508364
0.22410078628074362
0.22410755804975363
0.22410811033818365
0.2241066827681948
0.22410679361269115
0.22410788033906903
0.22410939546983272
0.2241124658175196
0.22410575123039836
0.22411753634591164
0.22412273885664843
0.22411747210799304
0.22411345933119367
0.22411065046074258
0.22410451567350834
0.22410702389867812
0.2241150347200623
0.22411998430003902
0.22412432709061061
0.22413896864833566
0.224149862045244
0.22414505674536986
0.22414205069278942
0.22414353240345303
0.22413866297977802
0.22413510743227466
0.22413510219155638
0.2241355954734173
0.22413152343524548
0.224123968822307
0.22412545205848133
0.2241236995700252
0.22411683360128754
0.22410922166581201
0.22412078413894945
0.22413070065588364
0.22411935828161458
0.22412657977386372
0.22412796213233743
0.2241356566682102
0.22413086193923729
0.2241304969434283
0.22413926460469938
0.22414657870365823
0.22415113279013596
0.22415687347308758
0.22414876944474818
0.22414663196427484
0.2241505887779951
0.22414737140708121
0.22414209938093704
0.22414873871800986
0.22415855530454554
0.22416815551598226
0.22417450933185562
0.2241855058646127
0.22418833760359103
0.22420238451161772
0.22419998418589707
0.2242008561618794
0.22420569571075624
0.2242017737864138
0.2241879540105934
0.22418012336035825
0.22418889620771684
0.22419330110401145
0.22419260413355596
0.2241954658653417
0.22420228501979303
0.22420690799108367
0.22420905650718145
0.22420537444972347
0.22419709536329493
0.22419302840214192
0.22419363530321468
0.22418358240836742
0.22417776925671587
0.22417873424395507
0.2241868334158477
0.2241821005618684
0.22418805618122592
0.2241881174893745
0.22419029358061807
0.22419465764633556
0.22419662973196128
0.22419135139089116
0.22419313804655608
0.2241930865095555
0.22419141340200685
0.22418817365246713
0.22418650014723188
0.22418321023210808
0.22417359737499953
0.224169633365053
0.22417052727185777
0.22417096617593618
0.22417719399247832
0.22416988026506585
0.22417136764630666
0.22416577739252158
0.22416351600309659
0.22416260047699854
0.2241567235172854
0.22414920241460398
0.2241500851745213
0.22415282353508284
0.22415076175068907
0.22415082396083588
0.22414973582416264
0.22415096193215595
0.2241535471876963
0.224148587231965
0.2241450479424361
0.22415945952152488
0.22417056916181008
0.22417658566946122
0.22417198036662128
0.22417558534395068
0.22416706756036484
0.22416972906102534
0.22417580540888254
0.22417549378985688
0.2241741227334342
0.2241769323564434
0.22418534299709578
0.22419411097188213
0.22419777440866073
0.2241958469990631
0.22420409051381168
0.2242102448611877
0.22421359740495592
0.2242157785262403
0.2242165854133231
0.2242123296305659
0.22421235033279868
0.22421115875513128
0.22421148314571496
0.22421318122615597
0.22420892941179063
0.22421515685200627
0.2242123373300351
0.22421099949898485
0.2242196371982031
0.2242249752976085
0.22422087736076218
0.22422104638004023
0.2242285783823738
0.22422792177619136
0.224217302948152
0.22420982600618164
0.22421915325707603
0.22422492379290201
0.2242245075169235
0.22422177461128445
0.22421657295408726
0.22422392274522282
0.22422118846259276
0.22422276469486277
0.22421901079517462
0.22421786116676637
0.2242165456963196
0.22421932130255426
0.22422346675256496
0.22422832372382798
0.22422406467896372
0.22422622931533295
0.22422781648084866
0.22423134738464776
0.22422379947113955
0.22422779809096896
0.22422928227858846
0.22422117931469548
0.2242247672390594
0.2242253507185594
0.22422476446488618
0.22422564368770725
0.2242172280735202
0.22422068885168453
0.2242149201586913
0.22422327776646278
0.22423243243284158
0.2242398741102998
0.22424033971548957
0.2242480238395629
0.22424590396986077
0.224243772721846
0.22425035066685248
0.2242588470967695
0.2242662188244723
0.22425772525411264
0.22426061809231942
0.22425715096984647
0.22425630195623852
0.22425112191989452
0.224249340503594
0.22424532650764692
0.2242450874276014
0.22424719704532547
0.2242366390583441
0.22423565360144862
0.2242493812669684
0.22425315234342583
0.22425092337772204
0.22425954887299665
0.22426250077350793
0.2242689413033251
0.2242720373523144
0.22426528218545785
0.22425784126976245
0.22425719137688016
0.2242669366658224
0.22427151789677863
0.22426751005884527
0.2242663099920393
0.22426093947087195
0.22425383091620277
0.22425378385188952
0.22425597760714677
0.22425222416284535
0.22424529500358414
0.22424531198495234
0.2242505940423877
0.2242481554997247
0.22424414986616822
0.22424489098829653
0.22424316872420857
0.22424027153810833
0.22424885187100388
0.22425052344130772
0.22425302448547907
0.22426028998315337
0.22426006622748837
0.22426616706947494
0.2242689078888508
0.22426904261155606
0.22426899308751663
0.22426769996480936
0.22427128024574047
0.22427662165318094
0.22428944951740604
0.22429078225237556
0.2242901233370296
0.22428765620040056
0.22428530597829466
0.22428201762818867
0.2242877944415288
0.22429438989722283
0.22429333274146818
0.22428836384607248
0.224289701973449
0.22429465457032305
0.22429688242912368
0.22430350041783087
0.22430627706634573
0.22430568414699953
0.2243074676701673
0.22431297236156025
0.22431285794583836
0.22431120546358224
0.22431565504388193
0.22431846934024163
0.22431987401503742
0.2243197745253053
0.22431662489015075
0.2243055871777333
0.2243052194822804
0.22431044642922404
0.2243097976017891
0.22431334272469283
0.22431643431478615
0.2243134107115376
0.22432092325383035
0.22431820176101913
0.22431383766789403
0.22431329983915274
0.2243201044089221
0.2243276218521069
0.2243327278532348
0.22434078435101468
0.22433708191251708
0.22434029798801478
0.22433310241731585
0.22432078947278708
0.2243175887939676
0.22432253761548654
0.22432272831627237
0.224320668808107
0.22431625483212939
0.22431061571775177
0.224307411647646
0.2243098016826963
0.2243083216183182
0.22430442434171222
0.22430609744299565
0.22431817323771508
0.22432143416927466
0.2243254775087834
0.22432227094453983
0.2243193840302959
0.22431635229540753
0.22430758898376732
0.22430195307149578
0.2243036412577511
0.22430657120670658
0.22431266594365898
0.22430853545351973
0.2243045153501109
0.22430065283588435
0.22429437156297838
0.224284528290225
0.22428810117653528
0.22428855207372786
0.22428113790624915
0.224280776102573
0.22428165155394642
0.22428784834395993
0.22429821998754543
0.22429861507205204
0.2242951186989502
0.22430246329377287
0.2243082583907038
0.22430350468643043
0.22430145430269888
0.22430603035430766
0.22431109173276745
0.22430936553557884
0.22431553115025527
0.22431870273550145
0.22432868054645055
0.2243361016779453
0.2243337959574305
0.2243281122672484
0.2243303555556977
0.22433467475122326
0.22433961885775033
0.2243506930655404
0.22435635657611291
0.22435598139203575
0.22434848167883525
0.2243472809241373
0.22434930128110864
0.2243445269646987
0.2243434735048801
0.22433653128096132
0.22434271935111724
0.22434056437382668
0.22433993752949632
0.22433704274417776
0.2243346585418031
0.22434137973705603
0.22434729252291385
0.22434830372978065
0.2243451315773188
0.2243453562518459
0.22434911255487344
0.22434234295578634
0.22433863193733083
0.22433844716614373
0.2243415810265478
0.22434345689970678
0.2243416454891891
0.22433467716250138
0.22433602190332297
0.22433405753237615
0.22433751302722707
0.2243347464062979
0.22433877592582405
0.22434350593478253
0.22434343430320614
0.224336047586563
0.22433446532741275
0.22433434988997358
0.22433342140029905
0.2243372173245968
0.22433611787158134
0.2243315367891293
0.22432739183410497
0.2243269782008866
0.22432141825275495
0.22431743496216083
0.2243160933145468
0.22431840745359008
0.22431803789912805
0.22431967165883987
0.22432433879763064
0.22432066719235938
0.2243105965997218
0.22430954423891591
0.2243048673056491
0.22429914514290675
0.2242962032726665
0.22429267157602978
0.22428505934747306
0.22428006252243204
0.22427925014072944
0.22428006681609416
0.224279381902969
0.22428339445932266
0.22429189648442224
0.22430114522606717
0.2242971690620741
0.22429505501154604
0.22429589079564444
0.22429125883960765
0.22428811101789672
0.22429112520460526
0.22428814201152544
0.22428610652909087
0.22428236340637137
0.2242801660871742
0.22428303390146279
0.22428489934216705
0.22427915221927483
0.2242778853985198
0.2242848430237263
0.22428287768666283
0.22428563646707425
0.2242895364888846
0.22428939796609182
0.22429160881306454
0.22429096607321616
0.22429131875946778
0.22429101400643484
0.22428899786129966
0.2242856534809473
0.2242820871717892
0.22428505571339843
0.2242878508537861
0.22427934728236965
0.22427855993584872
0.22427604518744795
0.22427546608071247
0.22426679416270073
0.2242606069094276
0.22426299416575737
0.22425372773751878
0.2242540082438863
0.22425546848310332
0.2242522353520231
0.22425936892983087
0.22425517540222564
0.22425415843792665
0.22425830412227518
0.22426066729017105
0.224253721983831
0.2242563405781746
0.2242557738558138
0.22425689657954612
0.22425429104747435
0.2242557896016952
0.2242596201588683
0.22425088357077244
0.22425208207324326
0.22425996338478235
0.22426813070456184
0.22426612795069942
0.22426443666387721
0.2242639994747909
0.22426093604326114
0.22425836171122807
0.22426039579853382
0.2242602064214678
0.22425759968501816
0.22425756912903566
0.22426010513158576
0.22426290019884249
0.22426283939231212
0.2242652771316986
0.2242730113431238
0.22427383600237122
0.22427662049795366
0.22427879040855436
0.22427711466144373
0.22428222278039062
0.22428831177571865
0.22429058686043699
0.22429581508888088
0.2242948014368619
0.2242928253689297
0.22429666382687302
0.22430423326129695
0.22431491161282285
0.22431449994345837
0.2243147016609825
0.2243235040758357
0.2243216201579096
0.2243154211096721
0.22431428464018513
0.22431516352479514
0.2243120074266751
0.22430958898788195
0.22431242597835768
0.22431302003886952
0.22430526231710254
0.22429768655244134
0.22429435261241584
0.22428982430516128
0.2242880941104498
0.22428770839266476
0.22428905953883857
0.22428870335244078
0.2242917296278847
0.22428770064182157
0.22428209203898783
0.22427245436157714
0.22427563273005569
0.22427914443478097
0.22428209742910726
0.2242846725195168
0.22428276879728423
0.22428176657492235
0.22428369240756785
0.22428471272780795
0.2242825850555922
0.22428412400107048
0.22427968949349963
0.22427536863992467
0.22427900964491637
0.22427431981303914
0.22426908835171028
0.22426735436956166
0.22426298114779622
0.2242696545462329
0.22427333865443627
0.22426624690201136
0.2242616238815512
0.224261042613824
0.2242697316765076
0.22427057346971102
0.22426996361100754
0.224278412761555
0.22427746707461085
0.2242689518269288
0.22426425967258362
0.2242646833725846
0.22426413603153703
0.22426475728653322
0.22426651544567136
0.22426674695706306
0.22426768862788127
0.22426543661269605
0.2242671492050341
0.22426843125370619
0.2242613372246493
0.22426132147656305
0.22426654989093261
0.22426841571045675
0.224269064682786
0.2242721025729728
0.22427454538086516
0.2242799089348625
0.2242791694451457
0.22427103742149168
0.22426817505131866
0.2242752717273941
0.22428013689906856
0.22428082115545772
0.22427951749722233
0.2242845066034393
0.22428545110491357
0.22428731347462819
0.22428685585088623
0.22428984290941545
0.22428808616442136
0.22428382643881464
0.22428125124245493
0.224278820870645
0.22427542245158325
0.22427320310759077
0.22427436440558868
0.22427528736516067
0.2242672965257402
0.22426183698456734
0.22425866512982195
0.22426008755941884
0.22426271896189287
0.22426822351514575
0.2242649825633645
0.22426234746113985
0.22426610156990026
0.2242673311397597
0.22427849198167343
0.22427828315327208
0.2242718163302558
0.22426627259611953
0.224272984309124
0.2242785645618217
0.224279207692168
0.22428183436846544
0.22427849992931312
0.22427216939666875
0.22427175689980236
0.22426808698091577
0.22426793900911524
0.22425942635443627
0.22426211462175388
0.2242669857414614
0.22426303616019116
0.22426745500647918
0.22426486445715424
0.2242652108419613
0.2242711382387673
0.22426716340545041
0.22426574311787817
0.22426509825241436
0.22425990987111827
0.22425732143605817
0.2242635545673761
0.22426596630183013
0.2242672641327584
0.22426548439887334
0.22426651527672237
0.22426793214644322
0.2242614598289482
0.22426323044597854
0.22425716537643942
0.22425787615721718
0.22426148106389593
0.22425833174443704
0.22425518479949166
0.2242543882769424
0.2242532434608156
0.22425302077765896
0.224253415399655
0.22424909312486974
0.22424988282932024
0.2242523230540759
0.224259934770244
0.2242626245479402
0.22426019933007305
0.22425641554969442
0.22425362725957695
0.2242584599965008
0.22426622047461844
0.22426791764022688
0.22426336271799505
0.22425619950149414
0.22425269867605313
