0.2504689532415965
0.2507665592798227
0.24156622375800457
0.2475016407573932
0.24717974506083948
0.2498706415555431
0.25189405328986586
0.2514966145011818
0.2509175551763505
0.25431424992871243
0.25651862955451704
0.25941729508270045
0.2609548812570811
0.2633599788664599
0.2649610852152197
0.2674954148940171
0.2707573462020463
0.27205125341202796
0.2744498013853902
0.2778308862967711
0.2793913420217562
0.2805691527624261
0.2807613465076121
0.27988813446045235
0.27951982442364515
0.2818623278156338
0.2824495611225635
0.28418634115075314
0.2848890669689214
0.28531758901803783
0.285210707808686
0.28534968053500726
0.28563352104561757
0.28705541173134663
0.288301540584088
0.2889909940717171
0.2904234159833967
0.2909464512536042
0.29111043416375176
0.2908204822341856
0.28942614226672664
0.2879119162892394
0.28700181630836735
0.2859272503383953
0.28510796849990794
0.2847736709257639
0.28455552384386934
0.2832097706564091
0.2825471774823639
0.28225781757141066
0.28147122755765797
0.28019905884201746
0.27907966872359036
0.278005393288964
0.27684135946143046
0.27596945638519854
0.275801105508911
0.2750588497710122
0.2746125036418004
0.27399724618410914
0.2731121688101226
0.2722429932077483
0.27133951924992056
0.2705497743409118
0.27009235732624715
0.2696555562361813
0.26911493440224593
0.2688754460005883
0.26881231267087097
0.26865097868548393
0.26886366278546575
0.269320953281275
0.26984192529587864
0.27034270258719434
0.2709967607955453
0.2716399884266356
0.27239456204973445
0.2733290500091375
0.273964030200687
0.2737728982287047
0.2739787774339942
0.2747486605679537
0.2756864349113594
0.2757498397256218
0.275671365034839
0.27594058575962604
0.27654691010467547
0.27709536289445497
0.27743965075966204
0.2772257530805446
0.27726519861447885
0.2779754415671883
0.2783463035812862
0.2784062788489364
0.2784506506094576
0.2789039240421329
0.2789925397135077
0.27918028283646845
0.27925600749507273
0.2792537999143186
