0.379551004468654
0.3808093749009251
0.38074109488841673
0.38010132421877807
0.38036135432909274
0.3791785867968224
0.378226155518212
0.3785282485291257
0.37799503706806686
0.37710201055733156
0.37691997503117314
0.37684406133837833
0.3770299409074864
0.37686519034351085
0.3767851592611313
0.3767941972605966
0.37674879633290104
0.37685841537828213
0.37675522713776544
0.37646168525365836
0.37640755283860944
0.37630171491667935
0.37626354415783425
0.37647543788682997
0.376487284056711
0.37638394886790705
0.3762420355985152
0.3762496272599049
0.3760200546081482
0.3760613216096065
0.37607215096668206
0.3760784463082559
0.37602205065341404
0.37597170469755026
0.37575616185133626
0.37560014706661765
0.37576052584293357
0.37584844512008564
0.37589186490655274
0.3758829565342396
0.37583099928744396
0.3757029744382881
0.37557479515123243
0.3754359861077794
0.3754164602384962
0.3754435553640737
0.3754586530726277
0.37556990900113807
0.37558461362608636
0.37577703078977703
0.3759007976407063
0.37597334891913603
0.3759770701386207
0.37602483984697266
0.3761485016300464
0.37635399475228354
0.37650502235658734
0.37666531698173406
0.3766103336123371
0.3765547875085534
0.37654750001165577
0.376495679265263
0.37637416839114846
0.3763437609046351
0.3763275920056346
0.3763438912647254
0.37641630434333223
0.37645827347914673
0.3765152505156796
0.3765302403855409
0.37654084262193926
0.3765294548237396
0.37647799276583266
0.37646280064557935
0.37655666999031373
0.37658657315526783
0.3766017635358781
0.3766196401328516
0.376662716485642
0.3767049814624113
0.3766820337480408
0.37670838244072924
0.37671568456237736
0.3767704246794315
0.37677097252475533
0.3766487178017241
0.3765913413606928
0.37658138387534984
0.3765375852901181
0.3764939616085734
0.3764292804981008
0.3763656074099165
0.37637848407704827
0.37639202763001095
0.37641108957944913
0.3764274584571271
0.37645338610611806
0.37650390171210996
0.3765108457010941
0.37654270518442085
0.37651932114657616
0.3765193477528505
0.37647403907217736
0.37645166346554526
0.376439326471908
0.3764013095110746
0.3763663593682458
0.3763887153433143
0.376350801427143
0.37636993485704434
0.3764180813400432
0.3764059113483361
0.37644829142273056
0.37645210287748304
0.37650751623658835
0.376582889478265
0.3765202179216351
0.3764876217734735
0.37651786039767815
0.37652290202268274
0.3765129405781254
0.37654248481677355
0.3765828340081487
0.37659351581018286
0.3766003747916944
0.3765645017260185
0.3765700081460358
0.3766165246250744
0.3766279096817055
0.37663145586128793
0.37662311362213247
0.3766287226279488
0.3766202101924289
0.37668383349508233
0.37671009179818243
0.3766811275852421
0.37663302592073744
0.37662062853930445
0.37660782832673373
0.3766238281640913
0.3766574450772859
0.3766484499728449
0.3766229201976602
0.3766483163302952
0.37663266282205554
0.37664026771550196
0.37665506835145957
0.37665707792061426
0.3766482905715678
0.3766669282119068
0.3767041096200109
0.3767210519967232
0.37671775597666135
0.3767418588991709
0.37673497259449346
0.37669441824010175
0.3766976063865092
0.37668608247702123
0.3766360484396938
0.37660068083109804
0.37661497904106883
0.3766344301221132
0.3766439550050762
0.37668573966412283
0.37670172388663165
0.3766640651536684
0.3766423204088976
0.3766682954043253
0.37664196333134015
0.37664790719890756
0.37664057434874376
0.3766237286287331
0.376584089194697
0.37657910328599
0.3765950214494028
0.37660577981891386
0.37660434305977136
0.37655373254894386
0.37658023967079135
0.37658088352650027
0.3765882198600663
0.376612882692283
0.37660150278968324
0.376599071593159
0.37662004818741784
0.37662408214247983
0.3765982047441131
0.37659824092378974
0.37657625373598
0.3765791383537582
0.3765624046353042
0.3765895728503177
0.3766224123327215
0.37662166617103593
0.37662509337371025
0.37662070767042216
0.37658964869288664
0.37658316098129574
0.3765944017716356
0.3765839562019857
0.3765985845956438
0.3765867919560735
0.37660564419919795
0.3766073871784847
0.37658352214950486
0.37658061166254947
0.376566495984847
0.37657051123515567
0.3765835654513267
0.3765915843697208
0.376581307390989
0.37656120877720684
0.37655220531372363
0.37657512121766656
0.37655561421539924
0.3765597704579423
0.37655177859642486
0.37656370492391755
0.3765808009126034
0.3765878887634747
0.3765833479486088
0.37656817080617405
0.37657551023671104
0.37657454373148624
0.37661618021373705
0.37662500277981154
0.3766229462807093
0.3766455988994756
0.3766655256043808
0.3766733613370555
0.37668743384641395
0.37670007222704094
0.37670410456078474
0.3766915958495384
0.3766954376824704
0.3766983706887186
0.376688819860544
0.37669985742061063
0.37666956146131986
0.37664055537729246
0.37662373810049615
0.37659926342780586
0.37661385642358614
0.3765984190249134
0.3765814808582138
0.37658933695688557
0.3766012989225897
0.3765999217052741
0.3765909576023918
0.37660630692129055
0.37660691639891025
0.37662478491327145
0.3766300671770433
0.376605640806207
0.3765909918056535
0.3765950084187069
0.3766026241940225
0.37660065213457616
0.3765943161738304
0.37657034845129844
0.376545067165071
0.37657358572601607
0.37659520272194796
0.37659520852910844
0.37656272825777415
0.3765571804876729
0.3765334251143146
0.37651982988868743
0.3765212550576282
0.376508294678175
0.376484980202888
0.37648755075179113
0.3764910151440476
0.37648165967149205
0.37646116954160064
0.37646658885409695
0.37646704180489343
0.37646171232262493
0.37646591652538236
0.37646180156436776
0.3764802017549335
0.37648916858806947
0.37647191154633297
0.3764372090515598
0.3764355607808176
0.376424980421632
0.3764346655325395
0.37642924041616477
0.37641502320972575
0.37641518607014024
0.37642484645507085
0.3764334848236454
0.3764231867472224
0.3764197283515601
0.3764113703377842
0.3764236742016107
0.37641250843471497
0.37641238176295266
0.3764170553197006
0.37641622379490064
0.37642824845251543
0.37644196876998587
0.37644007759857345
0.37642702998855954
0.3764211965620429
0.37643437580795763
0.3764314843134957
0.37642479767156223
0.37641536436720224
0.3763935773380965
0.3763805579536003
0.37635148272771474
0.3763500153346593
0.37633146849469634
0.3763321600066195
0.3763549851033927
0.3763338478722815
0.3763252449829518
0.3763113113551014
0.37630052342063547
0.37629321212960914
0.376304981918367
0.3763209362098347
0.37631576081831336
0.37632758431490676
0.37631897275146275
0.3763133273595914
0.3763046235699292
0.3763141722553735
0.37632385470380403
0.37631810966174867
0.37630851326021036
0.3763014175399217
0.3763027578922018
0.37631191120874813
0.37629903391652725
0.37628665305318465
0.3763003023213224
0.37630301324155435
0.37628854190944605
0.3762769706424685
0.37626977112700666
0.3762808823547875
0.3763089552666375
0.3762985404673672
0.3762928951451955
0.3762937393116074
0.37628505560270986
0.37628518545299267
0.3762789187341752
0.3762762135454338
0.3762789111980635
0.37627668189271474
0.3762780369798377
0.3762789966712053
0.3762764162166658
0.3762733853735091
0.376275007074491
0.3762745796904424
0.37626381161904554
0.3762476446939443
0.37622012283533246
0.37621832223526136
0.37623400596691875
0.3762338852390388
0.376229767756328
0.376238024289653
0.37623702408361276
0.37622907471252687
0.3762236370719215
0.3762204034639264
0.37624610695970295
0.37626073923002645
0.3762655050481937
0.37625611571519396
0.3762548449265745
0.3762662286466483
0.3762633058513465
0.37627956681706043
0.37626070446022175
0.37624173549830436
0.37624006969956675
0.37625569013399557
0.37624625037928744
0.37622798055657225
0.3762197218506869
0.3762054468901271
0.3761709524150276
0.37615876374374635
0.37615276170861606
0.37615163930421064
0.3761539056651808
0.376145939141147
0.3761548252004713
0.37614332481216023
0.37616029618770414
0.3761627516695304
0.37615996956193354
0.3761692158346918
0.3761771105138322
0.37617637384856095
0.3761723807565272
0.37618345699956074
0.3761855176386439
0.37620346449191844
0.3761954550349901
0.3761898448424599
0.3761890179425029
0.3761807086605959
0.3761756420742356
0.376160900817921
0.37616384836055633
0.3761583696380646
0.3761526127810962
0.3761603005056043
0.3761559276151224
0.3761738417308919
0.376181251091474
0.37618345350462346
0.3761902259446702
0.3761953136961514
0.3762112154969386
0.3762295676894485
0.37624405340951295
0.37624310694317464
0.37624065976738974
0.3762224736461749
0.3762239043674416
0.37622587511985817
0.3762204945175777
0.3762217242189765
0.3762333332360436
0.37624738199865354
0.3762413083427217
0.37624969137528536
0.37625882439568986
0.3762643362811207
0.376263810294876
0.3762646801614624
0.3762591064840938
0.37626485171463325
0.3762737889788498
0.37627629383986494
0.3762729230254426
0.3762687145964184
0.3762532059072503
0.37625538785769386
0.37625798208454464
0.3762660730298083
0.37625916612332583
0.37624982093064674
0.3762477011541801
0.3762504417262086
0.37624367689948923
0.3762430821196861
0.3762471692500042
0.3762567706753656
0.37624533986283454
0.3762402084115324
0.37623136905895344
0.37622978550406194
0.37621768959229496
0.37619750198806867
0.37618904962670857
0.3761762000927404
0.37618378073521447
0.37620571225668936
0.3762240424440542
0.37620976794779815
0.3762133535431913
0.3762146007855268
0.3761913061033169
0.3761743757497795
0.37616721386922103
0.3761513183723155
0.37614629119144505
0.37613818639370605
0.3761320156010915
0.3761203785163838
0.3761168816742307
0.3761119949542341
0.3761073176780675
0.37611352323108016
0.37610435097146705
0.37609341469663027
0.3760987904182626
0.3760888021519145
0.37609424733911706
0.3761101713008509
0.3761078855005247
0.37610845635597856
0.3761129794510296
0.37611057355089816
0.37610479028043275
0.376105696021516
0.3761150030431951
0.37611202659116344
0.37610615378168216
0.37610952158861327
0.37611172468350085
0.37610559389369586
0.3761018587731091
0.3761042215055807
0.37608903396096405
0.37608806276468876
0.3760931688694132
0.3760980883350667
0.37610157630257485
0.3761061948126589
0.3761058323138898
0.37609142840793813
0.37608134250269304
0.3760866096773094
0.3760895735520725
0.3760805810079005
0.37607952320874344
0.376076094550857
0.37608600168812
0.37609261125046095
0.37610167573671166
0.3760995192589462
0.3760941574157421
0.37608758562005234
0.3760910895535208
0.376090732453389
0.37608423083176196
0.3760890300322731
0.37608337064700165
0.3760848325720794
0.37609253834693157
0.37610468113216744
0.37610332346666
0.3761000075929503
0.3761004157606621
0.37610703272485857
0.3761028777440044
0.3761003111907157
0.3761032611128923
0.3761090843355959
0.3761149235334804
0.37612967754689786
0.3761239065787364
0.3761172121848602
0.3761290360969583
0.3761261923465063
0.37612277558084406
0.3761171270631825
0.376107932856357
0.3761129362316133
0.37611604539173354
0.3761067322724821
0.3761041270956034
0.3761021941082882
0.3761017069805649
0.3760976435278565
0.37610002453560154
0.3761015638080082
0.37610621755321777
0.37610981910506025
0.376119480546623
0.37612267912232855
0.37611911085239974
0.3761131849338014
0.3761109239877617
0.37609707319115043
0.3760998468362712
0.37610386781751104
0.37610760343024563
0.3761057288820057
0.37611459455330776
0.37610576620293296
0.376107012169648
0.37612381909021775
0.3761312623717801
0.37612911427306467
0.376131004815089
0.3761332646679157
0.3761192450957405
0.3761049004226227
0.3761143952487191
0.3761167160660844
0.3761212801292603
0.3761085125617964
0.376106735185476
0.37610535578683496
0.3761018676213347
0.37609750389552177
0.37609832804822185
0.3760980234097681
0.3760937347202333
0.3760879870890572
0.3760813933558523
0.37608162030595865
0.3760765070047741
0.37607195477235145
0.37605835965606177
0.3760505682520634
0.37605001707083247
0.3760548342420949
0.3760490350236982
0.37603932873673457
0.37604191001394105
0.37603025116630645
0.3760338107260263
0.37603564450138105
0.3760313446598008
0.3760174135529972
0.3760144345073843
0.37600560327609583
0.37600031283240287
0.37599474241321307
0.37598726523082787
0.3759849076955018
0.3759897089292821
0.37599190078099665
0.3759966961141904
0.37599088445084694
0.37597627618193324
0.3759721219079743
0.3759667711071822
0.3759657368452219
0.3759695530706967
0.3759779301672183
0.3759768458383941
0.3759745866824329
0.3759693313778438
0.37596953052237
0.3759701537686719
0.3759784714492391
0.375980873660029
0.37598984133895297
0.37599019692420194
0.37598481149730556
0.3759908990892971
0.3760051490305263
0.37600492231780613
0.3760059906441227
0.37600375920635876
0.37600258466849185
0.3759925062132539
0.37598002154565213
0.3759833038174294
0.37598458115730743
0.37598160684163917
0.37598225344007014
0.375974569221752
0.37596850449841795
0.37596836180063653
0.37596846853714533
0.37597127988828033
0.3759742209085596
0.37597644604520647
0.3759842384175988
0.37599366363109127
0.37599747979884707
0.376003160658195
0.37600040684540426
0.37599306976740193
0.37599804973850487
0.37599717573259683
0.37598831929308346
0.37598976572824444
0.37599249112282346
0.3759964857095083
0.3759909210345931
0.3759963038831454
0.3760037467839077
0.37600564941454767
0.37599888005767695
0.375989334911066
0.37599141900053396
0.3759863792062777
0.37598212568958544
0.375980473485524
0.3759859465522514
0.37598009116981546
0.37598514501199204
0.37598539042813917
0.37599236847663986
0.3759915335890256
0.3759929451776463
0.3759967900419166
0.3759976118216727
0.3759899359338407
0.37599196971336796
0.3759920310295674
0.3759916113930855
0.37598214996514207
0.3759843443341026
0.37598401906338713
0.375983854862295
0.3759842542097829
0.3759812338188685
0.3759860726849155
0.3759862130585786
0.3759836281017693
0.37597783079383273
0.3759859240086555
0.375990944128721
0.3759939238521838
0.37599569581698616
0.37600301118793744
0.37600629395072066
0.3760011196465742
0.37600669493535477
0.376006913431766
0.37600671871324287
0.37601170344329304
0.37601718306218335
0.3760140888799184
0.3760197021086741
0.3760151128335059
0.3760159180453915
0.3760096477105794
0.37600826133927584
0.3760073176328277
0.3760119479837128
0.37601682991160174
0.3760156614029152
0.3760192539318765
0.37602429435459456
0.3760313967851827
0.37603834682601717
0.37604436069430613
0.376045463676161
0.3760412196534133
0.37603321229146464
0.3760344499752201
0.3760247711971175
0.376023057240225
0.37602267757234414
0.37602051179130874
0.37601997867804526
0.3760129586680947
0.3760156785625493
0.37601402218595853
0.3760146114312314
0.3760124704975635
0.37601351659152965
0.3760127375214523
0.3760097622010902
0.3760088461132854
0.3760050583083406
0.37600537315199567
0.37600496885724877
0.37600768993911104
0.37601168141159647
0.37600241156550385
0.3760071629081415
0.37601740090813657
0.37602243729729734
0.3760216201540374
0.3760208293506851
0.3760256157687842
0.3760280393182926
0.3760297744373311
0.3760241052566205
0.376023217100444
0.3760367967889538
0.3760394144603408
0.3760351075034646
0.37602686012205094
0.3760229036579428
0.37602394705519093
0.3760223042742143
0.37602733580714587
0.3760197989997447
0.3760158272709972
0.37601314636215344
0.37601580535273554
0.37601647737932686
0.37601631413646697
0.3760214348805769
0.3760221442271268
0.37601707334282974
0.37601075919572374
0.3759975236535608
0.3759942735313676
0.375988952128017
0.3759874989868627
0.37598817188106387
0.37598702722801713
0.37598444147033955
0.3759940609343507
0.37599340423959904
0.37598843041376717
0.37598299328167784
0.37597882037453645
0.3759823673262136
0.37597106106104555
0.3759672624115343
0.3759709305883923
0.3759722350914602
0.3759702703558043
0.3759688312385558
0.3759670453462063
0.375971319237778
0.37597544286554685
0.3759751722745386
0.3759725505585688
0.375975120554446
0.37598340604495845
0.3759793277923334
0.37598374849967775
0.3759869928458495
0.37598651585688536
0.3759900591227062
0.375991033567172
0.3759908335522558
0.37598593084379633
0.3759773489876154
0.37597148548721027
0.37596841248683316
0.37596822718357176
0.37597452671656095
0.37596416686973655
0.37596007856596847
0.3759529089830735
0.3759498251612309
0.3759532545874997
0.37595880545857957
0.3759657607011589
0.3759640377122518
0.375962602491822
0.3759704725872182
0.3759825747900786
0.37598112938846545
0.37598343227664494
0.37596893837185524
0.3759671691840662
0.3759741408642086
0.3759782637310433
0.37597860544153183
0.3759833675990112
0.37598288836124133
0.37598405396997925
0.37598704858867377
0.3759862640136265
0.3759888697837962
0.3759932955093747
0.3759952783619958
0.3759931918317851
0.3759921260998559
0.37599668220436233
0.3759997660526354
0.3759986584151727
0.37599713300003335
0.37599348626878376
0.37599219040542603
0.3760048364291971
0.376013000198909
0.3760108535963582
0.376012708162523
0.37601031214010566
0.37600381496275187
0.37599792961253964
0.37600154698585597
0.37600521211942106
0.3760081971136036
0.3760079951117202
0.37600549110909026
0.37601058408080806
0.3760120148798165
0.3760154663451192
0.3760185596644299
0.37602151431760633
0.3760290467839827
0.37602882302645907
0.3760292258078637
0.3760267834897069
0.37602651922807295
0.3760180796121907
0.3760199286129657
0.37601735058646674
0.37602279739015687
0.3760223916515046
0.3760282025152346
0.3760341922396524
0.3760372402884555
0.37604198585395526
0.3760447309473748
0.37604392664015124
0.37604637089395765
0.37605197070384394
0.3760609372767017
0.37605800800049033
0.37606583701215074
0.37607070802880815
0.3760728548283531
0.37606964295335144
0.37607157721621853
0.3760671718126962
0.3760617377621059
0.3760595202097086
0.3760592092007759
0.37606392747519934
0.37606787502605615
0.3760727201616666
0.3760847783590525
0.3760808953359534
0.376077068619811
0.3760760717989453
0.3760733362409347
0.37607425230461505
0.3760785076182469
0.37608166476812166
0.37607886498650295
0.37608840030399737
0.37609395971069065
0.3760932920322424
0.3760961212347136
0.37609703654418764
0.37609622776775553
0.37609810147932204
0.37609936973563485
0.3761065612868397
0.3761060771397123
0.37609690286565417
0.3760942934583769
0.3760907929931473
0.3760869258828666
0.37608546469962567
0.37608553841418474
0.37607913177134755
0.37607414655909993
0.3760753358183737
0.3760836377096241
0.37608047011743606
0.3760811220285615
0.37607861146716326
0.3760807645125556
0.3760802901249691
0.37607945392848474
0.37607243336341184
0.3760684701363959
0.3760667180306637
0.37606400828075304
0.3760583170871137
0.3760569873113464
0.37605882300879334
0.37606244259231647
0.3760575484215209
0.3760597897190394
0.37606514981086064
0.37606015110104546
0.3760547616959878
0.3760537612711188
0.3760538177004044
0.3760582416216539
0.37606377273029706
0.3760693496996935
0.3760765616749034
0.3760749368896363
0.37606987746136555
0.3760738163127865
0.3760738308257018
0.37607830194141434
0.37608494099510964
0.37608118096127846
0.37608284386343316
0.3760800661837892
0.3760772235416101
0.3760778439068704
0.3760816410620254
0.3760815719317693
0.3760767729373915
0.3760783934185503
0.37608183788219546
0.37608533606600597
0.3760909732178742
0.3760915303109382
0.37609179415530386
0.3760884156960954
0.3760843391062223
0.3760880403836114
0.37608567074282917
0.37608625681809316
0.3760830602304959
0.3760812722764762
0.37608475201856395
0.3760807100500512
0.3760843773359103
0.3760873938312379
0.37608726999074715
0.3760908495744924
0.37609840538282147
0.37609572807854874
0.37609821434249224
0.3761007413215746
0.37610321072431885
0.3761050080805901
0.37610517947187
0.37609969419021533
0.376094583229323
0.3760935332809894
0.3760899190284169
0.37609655758381877
0.37610206762194015
0.37610594661640373
0.37610311742180247
