186.18062858911657,28022.0
176.28527716541802,24583.0
147.22225498267974,20638.0
109.97053465469847,15243.0
82.85951572765438,9226.0
38.20436715432936,3927.0
42.58756364235336,4065.0
49.50153359459113,5259.0
75.49767760896849,9319.0
97.86367075749445,13103.0
114.32969255822294,17573.0
106.809379395158,16159.0
909.3312675518677,21743.0
148.4998567554232,22053.0
147.81341150709108,21522.0
151.39426277727054,21262.0
162.43403704036123,21886.0
176.08814323065192,26250.0
162.33538639490078,24571.0
108.0318017021292,14843.0
102.26232656386385,14734.0
91.1755983451825,13632.0
136.83376018522313,22745.0
113.34212859638575,15831.0
73.34881030202712,8820.0
45.41972878144167,5014.0
26.874967262338824,2989.0
18.05128257834644,1901.0
18.483536929903945,1873.0
33.1778434266895,3313.0
68.75585680541742,8138.0
107.72984365201452,15365.0
124.2302363507407,18489.0
114.70297343507414,18484.0
112.14686861009402,17872.0
87.5052723793108,13486.0
601.1587939261718,16886.0
119.09933836923825,17028.0
138.04771453090635,17820.0
127.09774448004644,16000.0
108.20087321975356,14799.0
124.55080560381471,17540.0
135.66847466980528,21417.0
143.1460083037749,21611.0
133.77510602884016,20100.0
125.1456899316078,18715.0
111.56719263612104,16323.0
88.50548159226764,12065.0
70.36046919331326,7859.0
42.844965328874046,4569.0
27.412656445689194,2768.0
22.606168124778208,1961.0
21.173983121850217,2186.0
49.27446646004848,4320.0
108.42596358163121,11013.0
145.44085419513735,19317.0
176.26879560551168,23002.0
177.2469626915897,23141.0
159.11226801272423,21726.0
98.67805652077281,15081.0
896.2223424110226,19962.0
143.01921998798056,19584.0
156.07584484134213,20659.0
162.21100905405487,20811.0
141.30526965927334,17477.0
164.2151822658705,21545.0
184.7171925726065,26755.0
175.32819124840051,26870.0
169.7682806814599,26814.0
165.5066908634359,26227.0
149.18017476065796,23336.0
123.84389248338688,17216.0
87.94668749559077,10056.0
56.016762802418036,5916.0
34.10599390873907,3548.0
25.181943871684783,2475.0
24.248828999635254,2394.0
50.99408700493646,4065.0
114.20708347567552,11718.0
154.72766772563514,21080.0
173.25572765737053,24379.0
167.80597090782922,23099.0
144.26638830912597,20101.0
97.02425782276714,14128.0
915.5839950344786,20054.0
150.59007365716866,20112.0
164.0190847209235,20797.0
162.02912272008118,18836.0
131.74328564730584,14736.0
161.5602979144123,18337.0
172.4923048939448,23512.0
172.30620208166232,26516.0
166.13079572718297,26069.0
162.29900670731072,25854.0
146.24739216825108,24156.0
118.69516469441648,18233.0
91.08754767858925,11747.0
58.34999773646319,6821.0
38.38998784310357,4201.0
26.57058782308049,2792.0
26.766560474687687,2607.0
51.3262823507824,4297.0
120.72136477944625,11932.0
156.38587438374086,21343.0
172.08686869143986,24660.0
170.13241967429406,23298.0
136.53275590514176,20704.0
100.4715625446365,15220.0
896.0476205944083,21198.0
146.04024624900404,20787.0
163.9516943905133,22246.0
171.96675857475162,21489.0
149.41068525501942,17227.0
172.94375190585728,21588.0
197.85388945194782,28136.0
198.2135350263097,30027.0
201.30220372835413,30196.0
205.3879270645189,29757.0
189.2695172834334,27323.0
173.1698225444214,23319.0
129.82839690538972,15722.0
85.87716206312265,9529.0
56.82467601779463,6232.0
40.13373278633224,4102.0
34.22296930854743,3442.0
57.255519889909635,4631.0
124.88228344213421,12223.0
164.7346356980734,21692.0
169.4436061459104,24654.0
167.50154186070256,23431.0
147.44031440439653,21089.0
102.80934453809388,15605.0
953.4784929926174,21575.0
156.26555987776024,21347.0
182.59968008107558,22383.0
172.34817144478777,20500.0
147.92931745188687,16984.0
174.98444978646,22013.0
196.86708117597232,28179.0
197.2437439122996,30332.0
192.2640098273041,29077.0
184.4620737729772,27964.0
177.61917054400274,28078.0
180.27930234744528,27703.0
183.69924601358036,25489.0
160.86416342665476,21396.0
137.1950483033236,17346.0
108.61710505857383,12789.0
67.65566729196787,8074.0
42.20300456057635,3938.0
57.26447318046945,4853.0
74.23946308252876,7052.0
103.05676990058697,11339.0
134.7297053783335,16394.0
145.8694648714965,19861.0
126.54791410885969,18801.0
907.2838114444463,24247.0
160.63104052042726,24113.0
152.14202383458743,22588.0
147.12451696871616,22099.0
138.0137405207097,20920.0
156.3002113741219,23575.0
177.65609578938637,28265.0
181.96938722716186,29253.0
157.61253365134235,25058.0
152.12132674119027,24483.0
170.96514022832466,27544.0
181.5944436539853,29282.0
189.4371343354235,28042.0
179.25961683518986,25268.0
163.51987859090227,21787.0
140.8356899664474,16565.0
97.53314307923559,10426.0
46.033310117478564,4347.0
50.622115184477664,4302.0
64.30963152156626,4955.0
84.72278940546849,7751.0
114.25508030684645,12102.0
140.19737253680964,16617.0
130.3571434449245,16214.0
825.3096347775505,22468.0
156.01667250736944,23478.0
157.61561194279426,22860.0
165.1427285221417,22294.0
153.98712748693666,20941.0
152.12747791224433,21015.0
153.12551893097685,21514.0
133.71070714462252,19173.0
111.59801221301497,16385.0
107.24030359752716,15091.0
93.27289527606298,12684.0
80.51823245392033,10759.0
57.40675584864426,6946.0
35.56123075272968,3934.0
24.33941365220614,2669.0
18.053999957910197,1815.0
21.167462121158557,2098.0
40.53236701803219,3869.0
100.69946463923598,11476.0
140.82107471208846,19347.0
148.8687985799497,22042.0
134.3897908922734,20634.0
118.83456176292202,18530.0
82.67322756378924,13246.0
659.3733063775007,17673.0
118.49180948658582,17387.0
131.05588313223666,18619.0
132.72782398884937,19165.0
130.20969839766462,17590.0
143.40831552686208,21424.0
158.25927088980836,26223.0
158.13316198597542,25652.0
156.45594354795688,24191.0
151.5752622025314,22496.0
128.9846805183002,18653.0
94.71112446332741,13138.0
64.64133052285268,7911.0
38.04580375036837,4503.0
27.98952130767396,3012.0
20.3335419663593,2059.0
21.810873366855322,2154.0
47.11993350824735,4196.0
107.5147302544058,11969.0
149.33677918711876,21120.0
164.4489456499305,24626.0
157.55475167746602,22847.0
146.58869727526263,20084.0
95.61821960151445,14289.0
862.133945194091,19603.0
135.5456912835192,18868.0
142.56601456247137,20210.0
151.10734008186415,20148.0
145.27459913621507,17577.0
166.5378569208373,22191.0
181.0288230939708,27871.0
178.32459775216856,28354.0
169.77192400901598,27445.0
172.44943532408752,27300.0
157.5593043371343,23925.0
119.97987014974666,17552.0
86.7128433690603,10638.0
51.418897931814236,6040.0
35.65388715850761,3951.0
24.46554965882279,2624.0
27.14956633464889,2481.0
52.90107161351076,4383.0
119.7256139024882,12204.0
158.76089238421486,22263.0
167.77774866919495,25450.0
166.0934401095897,24010.0
142.94351157021268,20770.0
98.47525254288384,14993.0
964.5419152554932,21265.0
148.9027129139128,20131.0
168.78390407862025,21958.0
178.71423372100594,21063.0
157.45109638563179,17106.0
181.96508369916032,21372.0
195.50815528033542,27083.0
196.26597379304363,28965.0
177.9370306396517,28367.0
182.42445241840625,28239.0
170.0944437984012,25817.0
137.30120395018739,20023.0
102.14272350835792,12674.0
63.95567090652759,7414.0
41.99954489963909,4699.0
28.463228304041294,3091.0
29.079570755005363,2838.0
50.79953339795986,4276.0
122.30682207518623,12048.0
163.90758929205248,22202.0
175.093077932162,25768.0
155.7294911672627,23734.0
140.10105555378723,20718.0
104.6702208225694,15304.0
931.5735632166475,21402.0
149.93887601412362,20314.0
174.00736980893365,22403.0
176.68198945091532,21146.0
161.01320032265457,17026.0
184.06360878679897,21775.0
204.82259578894525,26993.0
210.10702415597706,29114.0
202.2617982197816,29052.0
202.8506578605632,29270.0
194.83650424197083,28323.0
185.91534878145194,25534.0
162.89913621600675,19548.0
111.79486257409653,12570.0
79.95641465139447,8126.0
59.85636182404805,5807.0
49.46655832188051,4453.0
66.21062560197022,5155.0
144.50978684603842,12882.0
185.06559499909352,22587.0
193.26854646728938,26161.0
182.8104108689053,25367.0
167.24220432213545,22659.0
112.1321995172818,16682.0
1048.8215479168487,22025.0
180.37880262477978,21705.0
205.78569233786413,22465.0
207.01384009157277,19885.0
174.85813145772036,15949.0
208.7996191902051,19852.0
235.84515847307358,24697.0
242.23137165677008,27578.0
221.83248695442617,27793.0
210.9359183384604,27298.0
197.58514314121027,27816.0
198.12335674016032,27327.0
193.8746169095711,25545.0
179.13021609564478,22142.0
155.06059302551108,18227.0
126.16240370072143,14467.0
95.74602728191385,9582.0
52.40292793972894,4647.0
68.48429041923534,5530.0
88.41794777098076,7933.0
120.3198366776352,12275.0
149.07300887870048,17326.0
167.42236181128365,20590.0
145.21592889191314,18664.0
939.545541469702,25094.0
177.475828508897,26076.0
179.24797717551803,25570.0
177.8276310157292,24606.0
166.1022159534528,20845.0
166.26198230327404,22324.0
199.525824466477,26880.0
196.92695391357202,28434.0
177.48992068646172,26493.0
173.81240299177475,25931.0
183.29940677598978,27205.0
186.59415361161007,27253.0
174.01139458382096,24874.0
159.91009794508298,21947.0
147.63571082556612,19016.0
124.28166948079401,15392.0
90.15673393574748,9821.0
46.365440031298846,4576.0
42.97342177725059,4097.0
59.834591642079864,5276.0
88.09128623480554,9051.0
117.96154906370406,13031.0
150.35644062883088,18199.0
146.82690714258004,18413.0
925.4669717092671,25257.0
174.41780436455784,25804.0
176.6038057462219,25169.0
174.2999964342618,24093.0
175.496491773366,22503.0
173.83059846018736,22903.0
189.31014486190944,25335.0
186.10756654262084,25316.0
165.02073119866267,22000.0
152.55217977912176,21162.0
149.84778947830412,20278.0
148.8986427095562,19077.0
109.23719491870197,14166.0
78.06815517947061,9513.0
65.03679230904257,6831.0
50.54927133715592,5137.0
43.37624665501608,4122.0
43.08276897113439,3755.0
75.02996098314945,6547.0
97.25823910889517,9880.0
127.89515611259397,15917.0
144.66988789822094,18784.0
148.73183555934853,19761.0
130.63960618138327,17145.0
838.1001648643808,23618.0
165.09515462167343,22519.0
177.91428343796042,23425.0
184.25039388620448,23211.0
170.04662610997119,21472.0
175.27895287534753,23738.0
184.65379700443802,27149.0
176.95164203270693,25278.0
149.24042479867586,21350.0
143.66654945376973,20121.0
133.4330640337119,18667.0
107.77496979689414,14769.0
74.44216599798162,9464.0
50.937563686388685,5649.0
31.91593475547261,3657.0
23.099442351754472,2281.0
22.080235819804482,2113.0
37.45100268253989,3320.0
74.88491762232537,8062.0
105.34456271078618,13533.0
130.73577793510486,17841.0
144.09869377964955,19251.0
136.4187658408615,18899.0
94.74041114555779,14482.0
780.1999055915516,19612.0
126.76118509935154,19297.0
138.39537613947982,20082.0
143.44318509522793,19670.0
139.4439359993581,17308.0
153.86493020133184,20915.0
173.80454183178065,25997.0
165.53758040411898,26543.0
163.15357087277368,26264.0
157.9557026433117,25400.0
146.39689213850025,22343.0
120.0295297580018,17703.0
92.59832103947916,11095.0
54.74212866906224,6649.0
36.942853744765905,4175.0
27.51959296788483,2818.0
27.43869594705535,2633.0
51.003462193529295,4126.0
116.14276147506847,11394.0
140.67435334719178,20092.0
160.22802993585321,23787.0
147.6868433246728,23014.0
146.18006741505698,20458.0
104.46851996930636,15000.0
912.7140663054373,20928.0
151.39653340250237,20327.0
160.88725421790255,21086.0
164.8197679268457,20565.0
143.4032859766271,16970.0
167.45115160559735,20468.0
177.14091319537096,26206.0
180.57190439356987,28682.0
169.12150439851007,27400.0
170.74073695917505,27119.0
164.33900342632546,25154.0
138.04717783092357,20238.0
105.34952780861299,12628.0
68.02585588279787,7648.0
46.20597528306674,4852.0
35.97444791259093,3229.0
29.016530654941473,2712.0
53.68043737199419,4282.0
119.60010799248118,11599.0
152.27426626322455,20919.0
164.8157867781681,25021.0
159.54071290289036,24078.0
151.87318860739333,21986.0
118.87363526859022,16310.0
963.6024798472839,22702.0
160.52007358341388,22200.0
171.00432358790667,23079.0
187.49619574628963,22441.0
162.25220297654593,18334.0
185.16671223922148,22813.0
206.74182333910855,28260.0
208.03536604894649,30064.0
214.25632583297443,30851.0
206.99935824025778,30366.0
206.90697723262613,28615.0
180.78977273700593,24231.0
141.26605514471618,16674.0
93.49657789002612,10092.0
63.91456963955594,6477.0
44.02182502793784,4421.0
37.407026208010436,3606.0
60.30640242201844,4733.0
130.3860370924176,12088.0
173.51969797531018,22001.0
180.56188122687627,25942.0
165.11480777013006,24792.0
160.39319816868277,22690.0
115.84005784888063,16835.0
921.9652804946675,22698.0
157.50245819310862,22026.0
175.37762726452797,23601.0
180.25773230442238,22078.0
162.64494502234587,18363.0
185.24898986167187,23467.0
214.84199693567987,29579.0
209.2072731606263,31856.0
204.56187101852305,30218.0
193.14776920930535,28425.0
197.7873291352471,28882.0
196.90127807786757,27804.0
191.9076103960287,25654.0
158.23203051756786,20762.0
137.4315219939633,17069.0
106.9822208849168,12569.0
77.68278270718868,7900.0
42.214443735056285,3919.0
58.539213866343964,5170.0
78.40343175788242,6877.0
106.37048655649885,11040.0
136.14234278770357,16370.0
163.7802239842488,20031.0
141.56094856726676,18163.0
923.7270347745057,24573.0
184.16095604867593,26495.0
188.36027464429276,24257.0
159.0568491578841,19617.0
126.23451601818708,16559.0
134.49010664574246,19266.0
162.04397367535995,24476.0
170.10188051106314,24486.0
144.81803426370797,21564.0
140.7692303915573,22590.0
154.77895843918722,24225.0
157.37213067562763,24851.0
150.68240889161373,22884.0
137.35960179025835,20155.0
121.37327820233567,17668.0
101.07205751605339,13651.0
69.54060684312311,8426.0
38.86379665496444,3786.0
44.616559451966694,4208.0
56.00714244190722,5654.0
81.84839576758907,8977.0
106.43584233274575,13215.0
133.99828701802835,18204.0
127.88214400114673,17459.0
881.9902883914775,22727.0
149.06985482015043,22230.0
161.59803522296056,22226.0
156.08937042646102,20563.0
154.37501652097407,19271.0
160.24843149206592,21146.0
173.052035467771,23597.0
146.5080383393902,21698.0
112.3948092001925,16185.0
99.38029560906656,14370.0
106.78409549909529,15370.0
86.9251977893941,11484.0
90.57536935942305,13477.0
41.27464022604939,4847.0
27.96505124349577,3081.0
21.692083199390023,2213.0
22.758565631299398,2297.0
50.31206083503607,4496.0
111.82150059336875,11677.0
154.76779933046302,20162.0
175.49929172155785,23653.0
166.39279994793765,22325.0
145.06515135801334,19246.0
104.58717302007673,14739.0
804.1543642917948,19943.0
141.97146222910595,19462.0
170.54293268903413,21198.0
177.55242692197066,22030.0
173.23568383659122,19944.0
192.52327080649783,24137.0
204.4571083530943,28759.0
207.5024377954115,28852.0
190.97774185642467,27269.0
181.754244372024,25590.0
164.87183324233897,22420.0
114.80726009836579,14910.0
81.57293926164796,9550.0
50.93967121393096,5289.0
32.62424936418169,3224.0
21.14117358694105,2117.0
19.839373232799712,2028.0
47.706070960984036,4153.0
122.85670685307355,12756.0
170.70873061586474,22737.0
187.21120378429518,26020.0
187.13309960162655,24512.0
157.18342134414445,21421.0
108.96026841762907,15312.0
900.9279568070395,21458.0
142.75530219637423,20499.0
167.95313581000065,22543.0
163.03350291325987,22020.0
146.5927585908998,18295.0
171.9977551412333,22469.0
199.27996588110014,27921.0
183.68238994090052,28228.0
176.133802633067,28050.0
173.9520013697978,27840.0
164.53411048310892,24507.0
126.83000099789994,18336.0
87.64979070056845,11379.0
53.22902287873158,6190.0
35.708887624759164,3994.0
25.907204926010188,2650.0
25.06409692262843,2435.0
51.84842868726888,4271.0
117.29269444033227,12374.0
161.12930933669378,21997.0
169.61948006603424,25219.0
165.12566784753136,23461.0
148.2320418302449,20855.0
96.40227372370023,14650.0
912.7356066118714,20999.0
146.21558334713447,20659.0
169.27905877325406,22033.0
168.13529329451754,21002.0
149.54377326940303,17009.0
174.60990765490533,21220.0
187.22880876021512,26517.0
178.54625710206474,28315.0
174.97750516110528,27571.0
174.87802447846047,27463.0
164.20406250691258,25540.0
137.71869095856246,20066.0
105.38095556592285,12965.0
64.60762377035398,7487.0
39.5617351368869,4650.0
30.64105423791174,3122.0
29.538470437637624,2706.0
53.89772543924472,4426.0
121.86897091243671,12570.0
169.6674724737039,22784.0
176.46782597300674,25983.0
168.23035371530594,24572.0
144.36982461180656,21302.0
105.8862212475322,15588.0
936.7326846746334,21867.0
162.87336766404218,22299.0
177.08789988589993,23025.0
182.75261051543,21686.0
158.6812471559492,17342.0
187.08551506083668,22004.0
198.96172895557405,27521.0
188.4691994150199,29632.0
193.2933171171907,29678.0
193.30425486014428,29125.0
186.83849275013856,27476.0
173.18381979652673,24643.0
130.87844149701812,16877.0
92.93282801440516,10798.0
59.941772243637416,6868.0
45.14838746681357,4745.0
38.636408143245,3815.0
58.031702765630456,5011.0
123.57654670397316,12062.0
159.12733461300593,21478.0
178.17979537429795,24798.0
177.8022874280426,23849.0
148.59458068697396,20679.0
102.24088500801358,15242.0
934.2415310825089,21725.0
154.57243625479467,21254.0
182.8444822902236,22411.0
183.04934666513446,20615.0
164.44406816516846,17052.0
187.05926220100497,21887.0
203.11656006375185,27412.0
207.90705122002333,30892.0
204.90739522884581,30040.0
196.6946493110869,29299.0
202.8150374616096,30257.0
209.06345097311947,29252.0
202.85841469097286,26347.0
169.15379739638269,22209.0
142.4269596578149,17927.0
114.67260204994383,13331.0
79.4465125058444,8449.0
47.572485242695386,4299.0
63.94681152421381,5227.0
78.94423610008258,7070.0
107.73867106761404,11531.0
140.73784231742198,16700.0
161.46499204439604,20090.0
140.36242280764014,18005.0
939.2957843331068,24577.0
165.99933697312383,24337.0
171.63718742152653,23659.0
171.94218827600795,23371.0
158.01070145634893,20746.0
180.58973358634398,23204.0
198.32871322135054,28854.0
196.78193961235772,30206.0
180.37977741129583,26507.0
169.25046759883986,25997.0
181.6163879757359,28489.0
196.69488866583202,29541.0
191.65946464836074,28065.0
171.49003145855622,24732.0
154.33630886214627,21240.0
128.07370688890438,16061.0
96.92065282859939,10313.0
48.2368594601636,4601.0
51.74024803056756,4614.0
63.891025479644725,5513.0
84.31881460758503,8616.0
121.11493880052679,13416.0
151.22420232522532,17997.0
133.45577277253994,17291.0
933.3749865378765,24126.0
189.24437864348306,25443.0
182.51107981502585,21397.0
156.45547346698052,16262.0
124.81312558490501,13433.0
120.67304633947852,14927.0
122.3717447293046,17147.0
109.31692196639041,16205.0
105.29898217545865,14669.0
92.67008390330552,13489.0
89.62028659910456,12170.0
75.0975879796648,9419.0
59.076996114217515,7051.0
37.724965813679745,4313.0
24.96592386743639,2798.0
19.998732285481545,1938.0
22.11140549199932,2297.0
49.700375414997346,4485.0
107.4245183184485,11014.0
142.38141843720746,18028.0
160.84341882800751,20558.0
160.6927411905986,19992.0
143.2519834776864,19107.0
98.32409645994389,14976.0
757.857231823573,18260.0
133.20735298394962,17553.0
147.0441365048974,18728.0
155.3684519483555,19520.0
154.51179086465305,17595.0
170.06562876455232,21714.0
168.01763693854673,26378.0
172.2992610688722,25915.0
164.10221327136105,24448.0
154.2113963829046,23504.0
144.4228973886996,20275.0
108.7450469434555,14447.0
75.244893060871,8890.0
47.49701394567751,5122.0
34.19020001810709,3223.0
20.810526382337372,2080.0
20.494246714857358,2057.0
44.827795426424395,3864.0
110.6666970670006,11614.0
151.82200788385566,20795.0
164.19156870375608,23957.0
156.11355377868912,22224.0
146.40997023951758,19500.0
91.40590664089167,14084.0
897.2734825265846,20320.0
141.69936618409344,19725.0
161.33758314232716,21609.0
178.42088056949794,20577.0
159.10463409215896,15467.0
175.00061768738175,17176.0
194.50991630176344,20402.0
181.35101016577437,22201.0
175.98586300852787,24513.0
166.6366062669968,24624.0
159.43286502085485,22179.0
125.08872340485708,17041.0
86.50434934115357,10440.0
50.79306188412815,5672.0
31.792101444275673,3485.0
20.253724569194937,2258.0
23.532826650229538,2308.0
50.6229104925388,4277.0
119.03375625995868,12339.0
161.69819350456396,21809.0
176.49636907286933,25067.0
171.0869361416783,24248.0
151.80379843293298,21076.0
95.01214824228535,14305.0
884.2003258054269,20182.0
142.99922175090518,19781.0
160.36093692611254,21459.0
163.65127739494326,19842.0
152.83899103202526,15877.0
185.43903581326464,20150.0
183.44708130447992,26051.0
179.03753410630165,27940.0
191.35199175322566,29444.0
187.6964493978724,28282.0
172.71140189922863,25333.0
144.58106666691745,19786.0
109.86208226314069,12788.0
65.1740884873867,7441.0
44.56643057269707,4681.0
29.593299298269457,2991.0
27.839144473765028,2739.0
48.23006648836719,4116.0
108.79558910396136,11125.0
149.71249546422473,20120.0
152.71979018967284,21446.0
136.3599267076488,19374.0
112.33499563135518,17255.0
75.91543546157372,12504.0
769.2198143083816,16916.0
102.59464591759524,14925.0
106.91888030890367,15745.0
117.1952359001438,16610.0
100.19365180734144,12994.0
107.99909667004445,15777.0
119.44531540206238,20574.0
139.07009772257905,22589.0
143.36907464730203,22013.0
140.52687565714015,20936.0
135.12624131737988,19871.0
130.1385579573676,18301.0
112.49891509634064,14204.0
76.38590479567294,9189.0
59.817746818627796,6533.0
38.552450002908465,4248.0
37.29613767901008,3684.0
56.3917520563442,4787.0
117.20496193281635,11096.0
156.19692195674898,18162.0
169.77361023020285,21563.0
156.63749396915827,21881.0
146.38800256900075,20654.0
96.65574818939578,14866.0
959.0754521946269,19795.0
164.48181130277322,19392.0
189.97174378735158,20667.0
186.02252962344176,18361.0
169.24712434313355,14429.0
194.97875543496883,18167.0
207.6214482145763,24084.0
202.14134043874677,28225.0
192.40411304478403,29151.0
193.46226649355302,28884.0
195.1140512907496,29261.0
189.37892417407085,28539.0
195.93329909117793,26398.0
171.14649813180404,22090.0
139.35338657053668,18192.0
117.36333004193065,13875.0
82.35569823796311,9000.0
46.483059920702544,4441.0
64.48568954519983,5626.0
88.52860822855641,7644.0
114.95235476304885,12415.0
144.36121381348778,17674.0
161.81890592983905,21113.0
128.9303030383489,18596.0
940.5717179750204,24700.0
168.137080571496,25361.0
173.38164306126166,24683.0
171.91395779603985,23741.0
151.8309081375947,21127.0
159.58558214742774,23611.0
190.43633085614667,28776.0
191.81086466089863,30115.0
172.43730953276054,26032.0
153.739100351468,25088.0
173.70202018038108,27642.0
181.73903987314586,28888.0
173.28397982337628,26928.0
320.98726117040195,24230.0
1.1348025050230937,148.0
156.2133342368223,21586.0
121.26337113283428,15094.0
65.73769346118802,7367.0
58.468467788186366,5120.0
70.76523862665744,6185.0
83.74068545060743,8642.0
116.38598140450482,12969.0
141.3182903895664,17695.0
123.82835872173337,16341.0
867.0076597378927,22649.0
164.06799222459424,23236.0
175.53592750434902,22773.0
185.16276381307065,20815.0
170.343192217578,18677.0
171.40290960523265,20203.0
166.5170805820908,21505.0
156.80330944944376,21297.0
137.19579270253124,18539.0
131.36155687378147,17574.0
117.02741974029433,15790.0
106.41860894799527,12465.0
74.40792465354774,8349.0
46.506105234616705,5049.0
30.58903009907858,3206.0
21.973829633078495,2211.0
27.94963797561617,2660.0
50.20726678119269,4564.0
119.22561347125092,11451.0
159.52523695777856,19307.0
175.0069032091733,22868.0
165.55451125179354,21772.0
146.9861426837572,18527.0
92.9457920781784,13271.0
824.6641673130525,18423.0
143.16024653502464,18120.0
151.60806926636272,19184.0
161.9058395794666,19489.0
159.64316965232416,17009.0
167.79633232004565,20177.0
175.88964355264523,25023.0
165.54857605332901,25280.0
155.79937943016975,23796.0
149.46019304745002,22722.0
128.0072352332501,19365.0
116.20784443326193,16486.0
77.72358086495419,9344.0
55.76529030064336,5756.0
32.622765977144645,3531.0
26.258581272829826,2427.0
23.887915295354425,2320.0
46.931582882781086,4019.0
106.50623671527985,11054.0
146.73273093349889,20271.0
172.5627857313872,23768.0
164.70566132258512,22481.0
158.3415088302614,19958.0
95.80472063666403,13759.0
924.1152930121287,20038.0
149.27439173966386,18856.0
167.20590858986256,21006.0
181.79787280575928,19630.0
168.0749908649194,15807.0
194.7984897396446,19099.0
217.92747851935349,23990.0
193.87148996441562,25797.0
188.38149292939588,27086.0
187.26707427882621,26779.0
169.63559368071046,24079.0
141.57495853198523,18467.0
95.82932778248758,11468.0
54.55697170989557,6394.0
36.347000570863074,3891.0
23.663131093132915,2656.0
25.558634125449515,2590.0
50.373159487979095,4192.0
110.78750400974724,11283.0
157.65959932561802,21054.0
169.55187170865057,24212.0
164.26422699353458,22854.0
139.78994500677317,19909.0
97.09694759034834,14333.0
918.662836846607,20150.0
146.51828606393514,19463.0
161.06125244961325,20454.0
171.56765971074972,19683.0
153.919888684571,16141.0
196.39615398641166,20422.0
206.8907292173811,24402.0
183.81982250219812,26895.0
175.2622976343534,27324.0
180.42348098562192,27123.0
170.46526731890214,25754.0
152.1672378746121,20973.0
114.5302832333066,14362.0
73.92494274164397,8156.0
49.52483673611491,5164.0
34.28501691675442,3401.0
31.75292834574737,3094.0
54.64731822132725,4487.0
119.30072975193625,11445.0
165.86082173349533,21300.0
183.7273477383476,24724.0
170.6795624752182,23108.0
151.66188274496812,21144.0
113.42427516288518,15642.0
942.0462425270607,22247.0
164.73661868740734,21199.0
190.28238773272503,22210.0
193.218892322992,20171.0
175.5387966651296,16069.0
200.4422037502248,20227.0
213.23545641110297,26479.0
205.4201770975168,29019.0
195.03447992715982,29220.0
197.80390866779462,28856.0
193.4728896702804,27915.0
185.81023748255456,25140.0
147.5088273881549,18630.0
101.43289513371606,11749.0
69.70702369795504,7641.0
54.83836200393046,5411.0
44.536012476368704,4280.0
61.64640680983103,5157.0
131.38611195599478,11557.0
172.79867491872741,20780.0
184.12378836176117,24094.0
161.58750403574905,22425.0
146.91142889601724,20358.0
104.53753685928007,15280.0
940.9781700465616,21298.0
163.00768852290176,19774.0
192.24770356055782,21754.0
173.90905611707086,19765.0
159.4105207720788,16342.0
189.8440836406914,21394.0
208.5023083850356,27715.0
204.30383781536304,30113.0
200.33166204511824,29012.0
191.5764395358852,28311.0
186.46561421148726,28454.0
184.71648672431692,27991.0
187.54964650833813,25947.0
159.70206014843225,22220.0
138.71140672810773,18250.0
117.07257578915375,14154.0
88.92584965226801,9193.0
47.313016354246976,4429.0
63.73411070523966,5297.0
86.64182761108391,7843.0
119.76946062880631,12407.0
150.76809169072868,17857.0
165.00503049158016,21004.0
137.21997780340743,18697.0
986.5960831897459,25954.0
169.11241996978,24343.0
158.08234338643751,22837.0
156.02703924441724,21888.0
153.05240328701524,20382.0
170.33333510227692,23251.0
182.4232969248814,26671.0
189.7131612286188,29218.0
181.5662440546197,27433.0
180.06791841609996,26944.0
170.44200016196967,27332.0
171.6485330439266,27331.0
177.1702643793743,26776.0
162.5073406799081,23650.0
147.237743454419,20069.0
124.16286382960476,15122.0
89.6512754713394,9829.0
47.49294043249035,4664.0
57.11543942486198,6084.0
73.55878063663945,6519.0
84.53556292404707,8185.0
122.61890264963878,12286.0
152.66115284741127,16532.0
135.88782474383095,15997.0
887.6622434860456,22936.0
174.70917676800522,23215.0
174.59519785506544,22714.0
172.17887945193044,21743.0
170.66268761098232,20478.0
172.37788133827084,21489.0
167.98916018781387,21982.0
161.27873056011921,20989.0
147.9312993476736,19299.0
131.59160656200027,17357.0
112.75668496687506,15291.0
92.80432791243354,11857.0
72.03881221556799,8605.0
47.595084136019146,5288.0
35.737885763057676,3646.0
30.066598936583045,2821.0
29.931395252285725,2845.0
48.734267008038394,4345.0
107.68462228592256,10872.0
154.06940831962856,17885.0
165.17370353939003,21395.0
161.16049540654345,20827.0
140.65176407987627,17889.0
98.14598883539283,13237.0
774.7600671527807,17828.0
137.03230962441327,17569.0
141.30750622737432,18324.0
151.80335202857856,17699.0
144.55035385815975,16211.0
153.015500635318,19203.0
166.26082370335834,23810.0
161.5194348271435,24175.0
153.19753582127933,23220.0
147.04141863938568,21358.0
127.13190935915846,18397.0
99.48679116500051,14108.0
73.0287220267516,9045.0
46.81391891313759,5428.0
29.698339524527388,3352.0
23.053137582258522,2139.0
23.595803881821585,2240.0
43.687081889732134,3858.0
98.7354745512406,10543.0
144.68644180809102,18774.0
173.36421746685426,22126.0
158.57969310704615,20562.0
143.31959611586825,16998.0
93.69415264726601,11739.0
720.4947334417418,16369.0
142.8898255351884,16757.0
155.26639719547467,18142.0
162.4495830736683,17840.0
144.49993672422633,15767.0
167.82990229618596,21756.0
190.88951177607484,27880.0
201.98299211188453,29661.0
206.0944434326033,29767.0
199.74317259766858,28845.0
194.1458501941097,27273.0
179.75531034366412,22622.0
133.88497872574894,15275.0
85.88064020321079,8961.0
55.5696569492528,5700.0
41.36453861277835,3950.0
33.611037662248926,3312.0
52.04271187239551,4441.0
112.77205382236448,11494.0
162.32614696180207,20458.0
176.06714055232766,24804.0
165.22687766037922,23667.0
145.4578382685317,21091.0
102.82333350641382,15362.0
926.3940113296227,21135.0
156.41248785005516,20687.0
174.06008519968648,21016.0
173.78805832395295,19433.0
159.96489964816544,16605.0
184.2643006701886,21171.0
195.88597453117842,26770.0
191.25481474478624,29142.0
181.1325837483091,28174.0
180.88433338449778,27491.0
167.49897789510499,25483.0
146.69633512761618,20229.0
105.17273007764977,12806.0
69.45495217799638,7453.0
39.96719654214742,4513.0
27.89281666651067,2846.0
28.11367770165346,2732.0
50.84209085557181,4273.0
121.71818569719865,11420.0
172.02839297090472,20118.0
171.5654896900416,23875.0
165.3059555356068,22958.0
148.94521868763167,21062.0
113.76154742805407,15746.0
929.3091568060397,21680.0
168.18070558936148,21464.0
188.76080366373702,21835.0
191.9979114460318,19885.0
171.56994786115976,16027.0
197.96267735497256,21092.0
206.25417492970584,26489.0
191.51670620068242,28581.0
187.5668769960638,28347.0
180.70425545265047,28577.0
180.33952750087496,26753.0
174.17254599684443,24131.0
136.8304020389149,17243.0
89.3088229127394,10761.0
62.55901736006016,6899.0
48.42368527076484,4699.0
38.40540093830639,3968.0
53.932656028509165,4713.0
120.99281586554345,11054.0
163.43765783150423,19090.0
171.39406459053865,23359.0
153.9488077420521,22458.0
139.82566608173988,20109.0
103.8631971382215,15039.0
898.4848428225995,21231.0
164.2052972404046,21030.0
166.01124996378795,21736.0
168.86087604056863,19751.0
146.39899071159758,16331.0
171.47409251884667,21311.0
186.68525919645302,27022.0
185.1289752664183,29024.0
176.45788243014957,26340.0
175.28026402802996,25913.0
177.36843333275178,26330.0
178.57101952850218,25987.0
181.415187149038,23152.0
154.14563924317227,18928.0
124.42906414199275,15299.0
94.78697186350549,11127.0
68.56196420712823,7507.0
44.33591143672626,4095.0
59.265523946558815,5178.0
82.9161991043071,7335.0
109.77915725309775,11770.0
132.01907764587014,15964.0
141.79596733297828,18526.0
120.29296404306365,16553.0
897.8697663787161,22877.0
150.00198436433934,22879.0
160.4060200961219,22405.0
158.64912237485544,22233.0
149.92384104917377,20506.0
166.82664497303057,23109.0
181.78917230241822,26980.0
186.36641889653714,29200.0
171.44465576603505,25794.0
155.79281064254243,24696.0
173.70069618967372,27753.0
197.88934227048364,28875.0
185.12262691113187,27135.0
170.51423509866424,24789.0
149.4830476720697,21411.0
131.9155627838403,16666.0
89.50305926385003,10443.0
49.81484730742246,4743.0
54.10845949059259,4704.0
63.98729859695717,5705.0
95.15550695376768,8834.0
117.91019596799433,13041.0
148.6385500822143,17706.0
126.7895131913829,16347.0
871.1308178748742,22147.0
162.23691096234796,22095.0
172.74538171711237,22183.0
175.66638371718466,21556.0
174.03279594533836,20100.0
173.76929167514112,20896.0
182.5947014811833,22494.0
168.61142068730499,21509.0
154.8689953044407,19995.0
144.25447669786126,18895.0
132.32448346245346,17328.0
110.90317105389656,13128.0
72.35461779400408,8366.0
47.13883661984264,5036.0
30.938670501047312,3207.0
21.78745209571416,2040.0
28.761616681997697,2617.0
54.06450108378486,4578.0
112.75836551153348,11190.0
162.28077213909233,19112.0
167.82281359507468,22239.0
164.74006782236384,20873.0
138.50629296049794,18153.0
93.95763423217572,13516.0
751.3938133917968,18376.0
141.51445445629366,18164.0
150.16487251986925,18828.0
160.5948392893965,18393.0
152.12040022942392,16630.0
165.63174148172655,20542.0
175.83590482918802,24981.0
173.14160012094962,25260.0
161.5837844945306,24094.0
159.52426790978402,23611.0
140.68574091732722,20599.0
110.61597996820136,14572.0
79.92187899460409,9727.0
47.392563377219524,5363.0
31.284446628082378,3518.0
22.02216441158451,2261.0
22.527327604373294,2170.0
44.80070781373671,3974.0
103.54719459913395,11040.0
151.02339889006552,19554.0
172.92209220391828,24083.0
162.26646082924833,22110.0
140.0822395453649,19292.0
93.05960760693986,13629.0
871.642357551863,19489.0
144.93750656335104,18742.0
150.43161886139796,19582.0
151.5653424290454,18405.0
148.16115840508078,16150.0
172.3757062129831,20074.0
181.83753150076018,25261.0
173.8079242892761,26154.0
171.37089374755243,26405.0
167.79697342722233,26131.0
159.3541176835412,24114.0
132.74705454677897,18215.0
90.61752576129196,11380.0
56.51861717325566,6566.0
37.397827731125574,4054.0
28.690971435740977,2872.0
27.167457089051506,2601.0
48.66463344896553,4146.0
109.7782712603862,11019.0
154.07072286944043,19573.0
162.3413388063326,23147.0
149.93265099075018,21725.0
138.00874212204232,18997.0
93.24485841107978,13793.0
831.8325711464531,19460.0
151.24141495305517,19686.0
183.27653026147527,21879.0
199.6228415288131,21522.0
162.55991080424033,16609.0
177.44895627960955,20227.0
200.09648716555523,25466.0
200.22260084528293,28596.0
179.67353400277332,27624.0
169.28786203690314,26594.0
160.82855440898496,24661.0
136.02684176341123,19387.0
94.58418728689824,12427.0
58.45960088082488,7175.0
41.75852145677689,4617.0
27.8577629170604,2971.0
27.756430588239017,2689.0
47.41633467086348,4183.0
112.00164652549071,11076.0
149.03562309912087,19638.0
163.3615280033759,23820.0
161.13131573823796,22708.0
141.02560166092283,19902.0
98.53012774954367,14241.0
973.2751244684288,21101.0
159.63862588521832,19581.0
182.01045799325343,20863.0
179.24263895901197,18414.0
160.23841505871945,14726.0
182.96863848166043,19331.0
210.8735433311276,24646.0
195.47997365803383,25721.0
192.14677108135857,25586.0
202.7669681067196,26625.0
212.57799738437697,27023.0
179.23039260119552,23701.0
152.71164825563488,18842.0
97.89634469477656,12011.0
65.20728991821511,7658.0
48.48268315022795,5145.0
39.80133911045315,4050.0
60.21796590760018,4858.0
131.38909834250373,11757.0
173.5632213046329,19934.0
162.74868622896133,23005.0
158.07522552847416,22301.0
144.96389439469698,19915.0
100.82165065571495,14717.0
879.6023250530031,20780.0
153.69256777133901,19926.0
174.07247959751476,21389.0
176.26722038128483,19573.0
151.23286578194697,16327.0
171.00124366593118,20709.0
191.72215360214497,26992.0
200.4021502577774,29328.0
184.8406364806936,27525.0
178.02329087678152,27279.0
187.60942946381726,28052.0
194.98883427261225,28113.0
192.07436589618686,26814.0
169.15603390967775,22580.0
155.0931261854719,19163.0
120.68588244836722,14351.0
86.18123683506622,9164.0
44.91903674248428,4223.0
63.81296930745631,5272.0
85.84540459840822,7632.0
109.1061559173629,11540.0
139.77579092965894,16556.0
157.99681705921017,19815.0
134.15445401690448,18388.0
960.6871890685178,25298.0
169.68803698254362,24895.0
165.17661247570908,23248.0
172.60189209992745,22991.0
153.3812389103895,20904.0
170.0298790081603,24220.0
197.36980959570053,28764.0
206.58272559705009,30525.0
197.8580841803625,28397.0
187.65716602379672,27562.0
200.78004649980994,29440.0
213.98560841057326,31323.0
206.83109751487135,28010.0
178.7133939715728,24426.0
275.4777372820744,33561.0
100.67042605400144,10463.0
49.813991901150594,4523.0
48.80850703263324,4465.0
65.31967624930023,5869.0
92.89113839055446,9088.0
123.34384517486926,13533.0
153.76128132970538,18633.0
134.22789892275307,17262.0
894.9771382116303,22881.0
175.27401946657264,22424.0
178.0461074235113,21864.0
172.39406914347978,20178.0
165.46769822394717,18784.0
173.27126057449755,20409.0
172.57443258328993,21488.0
159.87887075058367,20876.0
142.51201740249547,19263.0
129.01507540194285,18005.0
116.27639328896083,16083.0
99.5033286351871,12541.0
68.15647368723545,7907.0
44.96992316802347,4881.0
27.209391057044815,3136.0
24.501072185016525,2251.0
23.64919468601328,2454.0
47.62547574884081,4353.0
112.5729398871409,11511.0
153.99220958427313,19470.0
170.12838096225573,22474.0
160.09009948666437,21218.0
139.03020967825523,18852.0
96.81345023914326,13898.0
768.4270700778865,18430.0
147.67688611415323,17923.0
165.66262818028895,19124.0
176.9169721457245,19249.0
154.66805044104075,16992.0
168.4999336385812,20722.0
181.36360144556542,24583.0
160.29760801644917,24372.0
156.07095123135912,24109.0
150.93749200555038,22847.0
133.70008723704413,20160.0
117.18739851140742,15465.0
84.30565999166419,10133.0
52.200573451150845,5708.0
32.84662161285582,3521.0
22.14838803354159,2449.0
23.066000118945652,2273.0
46.98304962488236,4019.0
112.33661869484503,11462.0
155.91805163914356,20974.0
164.1848820366141,23642.0
155.8426091353043,21839.0
142.14743785606714,19774.0
97.849529042387,14526.0
884.6976062930075,20032.0
165.65275422569587,21748.0
186.804434592935,23051.0
186.45940266536508,21700.0
154.39390941636603,16800.0
186.18287823198722,21044.0
210.7767900275498,26411.0
200.1075251083985,27502.0
199.13499254329983,28005.0
175.03016794590962,26068.0
160.22240275165314,23870.0
140.4390431405558,18618.0
103.8416411973801,12046.0
65.28778659719636,7032.0
37.4496152647219,4346.0
29.097092395093966,2890.0
28.358582682676452,2787.0
53.19854690912185,4389.0
120.87671105144754,12229.0
158.85899005006715,21879.0
179.16910687151866,25126.0
158.13360081230508,23153.0
147.28621183867534,20456.0
98.80325008940645,14692.0
939.6059598118023,20788.0
160.52288079602397,20374.0
182.2610502377848,21603.0
181.86628859171637,19933.0
154.6529785770401,16049.0
182.37425450595185,20262.0
198.83739962600086,25919.0
187.71462794707918,27915.0
178.72364336792808,27743.0
170.90939207359364,27172.0
170.730601631483,25406.0
154.18408653599553,20635.0
115.25873586100303,13962.0
68.95801083028401,8156.0
42.34099620906176,5157.0
29.563243372874258,3301.0
31.15368477366245,3083.0
52.03206267455754,4389.0
111.990923968588,11444.0
164.6153705348021,21314.0
167.6888854462627,24790.0
148.06194010294266,22420.0
137.80257729692812,20263.0
100.33049110236983,15090.0
969.7464467990641,21188.0
166.00389072540574,20659.0
186.57328889355708,21942.0
184.88558115367715,19990.0
170.61216510155506,15730.0
201.87972469473632,19888.0
217.84999690024853,25488.0
207.41941698712117,26695.0
197.92043217706384,27147.0
190.62081228537795,26599.0
193.6677744221394,25831.0
180.1916229925216,24189.0
163.6627037173368,20538.0
119.97702760038534,14740.0
82.7517135841994,10134.0
63.44828102058971,6986.0
51.573471377361784,5223.0
53.253722552604316,4497.0
86.74577659913362,8009.0
111.76298486760557,12367.0
120.5487703863046,17370.0
141.38058424562993,20861.0
150.0896748999182,22012.0
115.52811882106124,16690.0
938.8724868100725,23343.0
172.11514792825113,22137.0
182.18600017027563,21908.0
174.29056036192958,20454.0
147.36370978277031,17428.0
165.7644511336504,21845.0
170.82625799881006,25651.0
159.357667877,24538.0
143.44959476846486,21884.0
144.22964878437767,22016.0
153.76900916296623,24428.0
159.00031089263274,24365.0
152.16171235774638,22073.0
128.39731056221666,18920.0
115.75530075464131,15584.0
91.93906049237809,12132.0
71.8780628828879,8218.0
41.94993068765541,3965.0
53.73943226131781,4761.0
73.11991763412706,6791.0
84.44580618186605,9140.0
112.08874249971254,13861.0
132.58654327014472,17668.0
124.619719322638,16470.0
817.2862663209997,21932.0
154.80287570909812,22208.0
155.66274120244682,21400.0
158.08099334259077,21777.0
144.02987816367147,19845.0
169.72347899829452,22979.0
179.28891690370105,25224.0
168.6363023708544,25275.0
152.16368252004494,22783.0
148.77180801326304,22510.0
153.42714078798696,24320.0
163.46673355670416,26359.0
159.23077399519394,22316.0
136.47268516083855,18976.0
118.32741203396418,15768.0
101.10822970834849,12283.0
75.99667355025859,8493.0
41.15110067141327,3951.0
47.682536161018305,4098.0
61.754402203447306,5338.0
94.83212222749579,8298.0
119.40050511523651,12105.0
150.70528857760314,17144.0
127.35608239585834,15364.0
743.1449723138309,20002.0
159.09618032647657,20925.0
157.03149998067224,20239.0
157.27994712254954,19805.0
136.89377840692768,18055.0
140.67061439380976,18726.0
139.75825897886762,19676.0
131.40971047754735,18551.0
131.98377112203573,18101.0
136.82313742066296,17884.0
118.12750241030726,16173.0
102.04175248063173,12671.0
64.44338605237687,8210.0
40.69188111222411,4663.0
25.47428195878628,3023.0
19.583476581860246,2118.0
26.63704177213121,2444.0
48.48777885352883,4080.0
97.49860859876358,9847.0
128.3018849643064,16862.0
140.9139948031273,20559.0
138.15716015427498,20122.0
130.55397113403072,17840.0
99.91198193080858,13664.0
782.2553623559562,18156.0
147.47800424284023,18098.0
162.94633746979855,18726.0
165.9746490497009,18721.0
151.26650552564413,17024.0
161.0207545887661,20043.0
168.54350984398806,23797.0
156.3890054996497,23754.0
151.15854635566046,23284.0
142.74041308850536,21947.0
127.97227696033663,18539.0
121.54582423021238,17193.0
80.78504702618412,10141.0
50.01817418271819,5946.0
33.04398304161415,3598.0
24.567220981088656,2469.0
23.30735127491734,2311.0
42.67466563198925,3802.0
97.45459095250779,10504.0
134.1303740145154,19245.0
153.11000896915482,22900.0
139.34730067466324,21882.0
130.57134396805083,19232.0
96.08667196839758,14377.0
851.8612550503641,20483.0
155.26220650294744,20494.0
164.57172037290616,21209.0
162.48087367819073,20439.0
142.85302709184552,17455.0
175.2837295882798,22255.0
202.28604172686315,28160.0
209.8207868247267,30576.0
174.59025639313725,26898.0
159.90188858279913,25760.0
171.0213609049053,24184.0
136.780725929978,17983.0
91.29540498699448,10995.0
54.32745149771087,6373.0
38.16391782369466,4096.0
28.0130528379019,2778.0
25.16924168526839,2527.0
44.44272134056116,4065.0
101.96770479445986,10908.0
137.60160001851568,19467.0
162.68638022685005,23749.0
154.5504479483248,22820.0
148.1508557243885,20862.0
104.62640214065051,15289.0
934.6812079047653,21490.0
161.1924496925928,21109.0
172.36376384512724,22134.0
166.63019056710857,20813.0
153.28475079889466,17548.0
173.5687179431588,21143.0
195.06848000501705,26150.0
195.82092945057803,28178.0
189.3641168210046,28929.0
185.64772657079175,28120.0
187.01659267441957,26733.0
166.86408494147648,22064.0
111.25052256508043,14061.0
67.4004735102503,7894.0
44.79478265328754,4914.0
32.289465576853836,3263.0
29.32535202145553,3008.0
51.22006186670252,4362.0
109.78236157620141,11125.0
143.09764432452877,19836.0
162.05438659448447,24339.0
160.1401607983468,23945.0
143.68485984909145,21407.0
102.96746375443455,15789.0
943.8366570024308,22472.0
166.34907919014208,22025.0
174.4458343195848,22398.0
174.0399320902862,21145.0
158.3059327945561,17208.0
179.02486704377924,21797.0
196.90995736909065,27465.0
185.4425619598828,28835.0
179.01868654738445,28296.0
179.31132610445712,28401.0
179.6110117364715,26611.0
182.68806799515065,24061.0
147.52180250380897,18076.0
97.913157981456,11244.0
63.2260306643755,7248.0
46.378354477252586,4913.0
42.816531771707524,4021.0
56.07572433040134,4695.0
116.3803524273645,11575.0
147.68251072505558,19256.0
155.6603522820163,23730.0
149.874910720089,23112.0
132.696904978964,20783.0
100.46865684018225,15475.0
851.9641988904276,21183.0
148.04015564659716,20357.0
163.70773222605487,22024.0
156.9708420514826,20524.0
146.3976077151094,17962.0
173.17287259311425,22478.0
185.3411803690246,27470.0
182.34792831528543,28870.0
169.68130664995243,26847.0
162.31855124784514,26287.0
174.84087085461735,27039.0
175.50021773540246,27364.0
172.48775711362416,25599.0
156.28186716130816,21965.0
134.12370342566462,18314.0
109.57685351709925,13464.0
76.9319973155443,8578.0
42.928398780480805,4097.0
58.32012880177245,5284.0
75.92308612963855,7374.0
99.9084278173938,11757.0
124.59015473419888,15912.0
142.88581723927322,19035.0
126.26315463419132,16593.0
919.6701110732135,22711.0
169.83605652765803,22548.0
173.79906442557447,21378.0
177.40785747830648,20940.0
157.37307899743914,18444.0
179.33089236556418,21497.0
208.94959982420195,26203.0
205.23865307657576,27066.0
190.64628249550387,26386.0
178.5122604052887,26606.0
179.56510312987015,27729.0
187.02695653103214,28901.0
181.50582720290927,27398.0
162.05950595328665,24055.0
146.54379817414255,20966.0
125.0717466172964,15805.0
84.30922563098925,9761.0
43.63573779813799,4256.0
51.643668181707035,4515.0
62.087222775286044,5990.0
83.20921589066008,8568.0
110.14661648930523,13011.0
135.67286796335958,16982.0
117.04238521015121,15513.0
876.3680143386406,21693.0
155.3803846745769,21033.0
167.12372886237907,20989.0
163.88876720074603,19949.0
157.46789089476377,18778.0
167.48138603366655,19587.0
160.68147895832328,20598.0
156.7031790104031,20294.0
144.3462252895583,19041.0
119.91315353104686,16495.0
109.60228646783308,15292.0
94.51753045404871,12472.0
74.1912081098003,8701.0
42.33310745264273,4908.0
28.198988095694855,3197.0
21.61462093375618,2117.0
24.59286764657182,2468.0
44.916870410855715,4267.0
112.58891592458377,11243.0
152.18814721328778,18894.0
167.57830693968228,21754.0
149.70684440990823,20046.0
127.88196525399512,17525.0
92.13213661985053,13213.0
724.2314159385558,17576.0
129.7438675532603,17194.0
149.00470539885018,19057.0
145.69769467603518,18963.0
149.09727924803798,17328.0
171.09707282058636,20530.0
171.17461664797003,24374.0
161.8046064811219,23839.0
149.9672503718749,23107.0
144.7425557353345,22081.0
127.15951238158166,18421.0
100.50097039390423,13737.0
76.01382118124633,9235.0
47.75190158318587,5405.0
29.292519245700518,3270.0
22.414403998781644,2165.0
21.617909381969,2062.0
43.35871293871582,3773.0
106.57216062120258,11321.0
155.9019090805895,20710.0
181.58086707263098,24567.0
163.57118318534566,21758.0
141.81148164979308,19446.0
91.43146183087028,13650.0
844.4634661744459,19171.0
139.50999070290896,19114.0
151.66874336501346,20790.0
150.27534412339355,19622.0
148.21848212913588,17374.0
170.04725356829408,21887.0
179.22718305909035,26346.0
168.13681949776162,26220.0
163.68303720089227,25408.0
157.11577663012437,25075.0
146.218299320497,22198.0
123.03801720088694,17474.0
85.88306220076957,11192.0
61.93865317198988,7331.0
37.706225877646794,4248.0
25.069543894711536,2824.0
24.157785003661488,2559.0
46.67840367096782,4191.0
111.37212580188083,11544.0
151.17988354043675,20693.0
173.91264183239468,23794.0
153.4833778026167,21750.0
140.85637188636545,19423.0
94.18106235893872,14007.0
918.9629106314259,20024.0
156.9154603301715,19594.0
165.86876409355773,20271.0
178.58815352318223,19502.0
158.9450471006902,16178.0
190.23263336287906,20550.0
205.31042201595838,24897.0
182.89686439997945,26604.0
171.295754760011,26754.0
180.00942720591902,27452.0
172.01922971032943,25425.0
149.38037761336423,20872.0
107.83367460082933,13746.0
67.0107539182497,8063.0
45.44130453205039,5016.0
29.083345166634636,3291.0
33.49264719868055,3075.0
51.09654379150017,4424.0
120.84341947379929,11991.0
157.5426577305624,21073.0
172.8692261449273,24122.0
157.36445411083537,21991.0
141.52015049190112,19925.0
99.82685629900419,14609.0
940.1612671645547,20804.0
159.46823285253018,20400.0
188.9638085163529,21958.0
181.80269265790125,20177.0
161.84965064115883,16281.0
195.15682863546124,21191.0
206.60910313452547,27483.0
197.94630076443656,29110.0
187.97304889854638,28779.0
185.79612548498034,28283.0
186.39424647373178,26582.0
165.74479849730116,23339.0
131.0128509010911,18016.0
88.57413918827096,11535.0
65.83581766071777,7612.0
45.447991079858895,5147.0
41.07271163069088,4123.0
61.473596556160494,5230.0
126.63459934585904,11913.0
157.53340437724802,20584.0
173.7190582070719,24441.0
166.67714657477865,23156.0
142.4722964214676,20964.0
100.1963646193258,15280.0
898.8527241432022,21625.0
153.31775582632312,20761.0
178.81685737546871,22066.0
174.81036646445096,20043.0
164.9110949761035,16627.0
178.63569789462227,20541.0
196.7493606466753,26597.0
192.85074929092465,29149.0
193.4588634228948,27790.0
182.98108035549518,26427.0
180.21800230938632,26919.0
182.09539706306887,27415.0
182.90325645377675,25604.0
164.30907287321384,22049.0
130.84551456985275,17875.0
104.69557989791451,13247.0
80.29959198329689,8610.0
47.25267304624075,4409.0
65.90404282375985,5642.0
92.6109039227752,8466.0
116.93034633751213,12939.0
144.28102492274704,17843.0
158.791370522058,20668.0
134.89595068966952,18063.0
1002.6137057618325,25045.0
181.48282364415587,25183.0
189.8403773514813,24834.0
181.87638685175892,23998.0
159.36438399405756,20351.0
173.30420500042794,23480.0
201.97313575016946,28058.0
201.6855268674696,28922.0
194.418324738093,27325.0
181.68598872253006,26516.0
195.18071761911997,28075.0
193.49449387552585,28520.0
177.92316839083026,26307.0
166.5722523092665,23912.0
154.92364807805353,20992.0
119.02673018674018,15793.0
87.84102135270153,10154.0
45.98166540494419,4766.0
55.06303664752154,5047.0
71.72414254097761,7134.0
90.65673515916085,9881.0
121.7607805719548,14864.0
148.0243036263658,19276.0
131.95415482189716,17758.0
960.6173321464242,23500.0
179.12064402328167,23073.0
183.0916280009793,23371.0
177.29345282829783,22570.0
186.8830214686156,21225.0
192.7231592536589,22486.0
194.46692625308836,23867.0
174.93338885335024,22391.0
158.67484190745208,21600.0
150.53279714223206,19933.0
131.029587533154,17740.0
117.90443072728524,13754.0
76.1159618076701,8593.0
43.84313224744165,4957.0
29.62095241039174,3219.0
21.488418299293112,2150.0
23.733966178611386,2448.0
51.26605527180342,4455.0
123.09573903435253,12062.0
159.0600174006679,20640.0
179.44470851747678,23289.0
180.74246131403254,23392.0
168.92500154838712,21399.0
104.24117773246627,14432.0
908.0110472435332,19862.0
140.3120248026001,18060.0
151.6433709386887,19233.0
150.135064667363,18922.0
142.38670440701338,17057.0
159.38589584015222,21059.0
175.47988160657866,25644.0
165.52217135470923,24406.0
152.33118814041376,23103.0
146.2058197727393,21930.0
128.7487817860668,18982.0
104.00084641955021,14503.0
84.79520776408738,10215.0
48.602719600005656,6007.0
39.796828079327575,4491.0
24.245455383228855,2562.0
24.382428499150127,2286.0
50.65565742426331,4181.0
114.84934304531191,11928.0
155.77521267805733,20815.0
186.85437993690567,24959.0
179.67802697094675,23363.0
147.7584354452376,19525.0
98.70832010669378,14049.0
925.0893201460268,20099.0
153.77857003044204,19237.0
170.31598802800966,20863.0
165.21503892668915,19732.0
152.5029728076565,16993.0
173.84295668171185,21087.0
183.1418541591595,26352.0
171.7997499403014,26747.0
163.42332085053306,26650.0
161.19237055841464,26378.0
160.29993544124437,24348.0
136.46273651865025,18744.0
100.54957568116966,12071.0
57.42889102046659,7012.0
40.06580617734814,4448.0
27.231084843574454,2796.0
25.17933027167136,2618.0
53.520505246818864,4235.0
119.9533005095263,11742.0
149.4056293104287,20738.0
167.95710852645357,23963.0
152.29260929747807,21685.0
137.02324148035382,19435.0
99.23173009146761,14176.0
914.4401552760551,20069.0
154.3624839082712,19722.0
175.14895802758545,21274.0
193.9125057354805,21998.0
154.5954836272185,15858.0
188.92823967750823,20831.0
206.2683347122181,26148.0
176.20241735696646,26270.0
174.4952565021035,27041.0
178.88426021880232,27240.0
172.2336619361278,25794.0
154.23988209689847,20842.0
107.09193652278012,13328.0
73.51671482898048,7963.0
46.48900946910318,4822.0
33.23091366149878,3127.0
31.476085364299482,2996.0
59.36572450402154,4491.0
126.54003204165781,12340.0
166.61980850873127,21851.0
180.8487599135234,24796.0
163.67552147589012,22876.0
155.718741969775,20840.0
107.01215314312596,15204.0
1015.4739987059435,22073.0
172.06098747573355,21500.0
200.12491722898682,22346.0
198.2132324100393,20567.0
168.20477894877325,16287.0
202.55903377928402,21254.0
207.28384184663003,27310.0
205.4098221134741,29706.0
199.29859887435458,29430.0
196.01800646261418,29184.0
195.22844345489048,27772.0
186.27733577753847,25079.0
147.90281881223686,18353.0
99.80430656359172,11437.0
71.73033238310148,7606.0
51.975008237089725,5092.0
43.04365472499328,4080.0
57.03064941669489,4790.0
133.77161725534518,12000.0
174.58448273500989,21055.0
183.0240376669023,24325.0
163.19553169504397,22541.0
156.6227999310161,20975.0
107.07240792882834,15405.0
989.8254085109036,21513.0
169.49184813018945,20256.0
188.51564445986358,21711.0
187.7234548956427,19412.0
167.97636047710924,15862.0
201.8409188415086,20050.0
216.88901852705786,25451.0
213.67696659307234,28590.0
211.54530889166583,29222.0
199.92229429203,28608.0
204.6206343317288,29536.0
206.1544556750994,28611.0
197.95598452958512,25640.0
169.79623980263386,21395.0
144.92993682670357,17439.0
113.88716630756878,13213.0
80.65563042969819,8582.0
50.37300993052533,4602.0
67.71356560807106,5452.0
94.59992488387591,8259.0
128.057721413817,13204.0
151.60931828508095,18057.0
162.7132677785347,20676.0
140.3773374708843,18006.0
944.9988703559156,23863.0
178.9360860498904,23166.0
181.18417806914562,22278.0
179.65454040416745,21969.0
156.09617435220855,19010.0
168.9298497759184,22062.0
196.2415601166151,27058.0
197.0130648282038,28918.0
187.28532609409342,27371.0
175.39291663614375,26423.0
183.94594393420215,27713.0
190.38683455032273,28308.0
183.1501413857564,26386.0
163.25884771973878,23750.0
154.25504220902894,20818.0
128.7564492748659,15795.0
88.22601907694292,10044.0
44.468275268674084,4550.0
51.72471661579781,4760.0
73.5748469824534,6945.0
99.33731005891408,9759.0
127.20773201911268,14271.0
150.65417595347543,17981.0
127.28098650583586,15981.0
952.9918692057345,22131.0
181.84584345925495,22178.0
185.97957282500988,22299.0
178.75805903551446,21232.0
168.49710281002933,19481.0
180.15768123369782,21533.0
175.12243198063538,21833.0
156.93550439990426,20391.0
148.86862940837193,19805.0
145.56348874053825,18489.0
125.51208947041438,16555.0
106.6853715579225,13188.0
69.53828350480354,8180.0
42.09422410538052,4759.0
29.88205196692715,3110.0
23.083568303877417,2278.0
25.612182302623914,2591.0
52.098568265468536,4506.0
113.95964689021676,11321.0
159.91429810573507,19654.0
171.57379184000152,22711.0
152.64282584873106,20910.0
131.88209332678977,18247.0
94.84932032515906,13458.0
767.2884310880297,18475.0
141.44597053376881,18393.0
153.50229417196115,20140.0
151.4929389850718,19382.0
144.68853339372893,17552.0
161.69502914494254,21251.0
174.01020572027664,25396.0
170.28330040134333,25166.0
161.4002867145121,24030.0
156.86162901786258,23774.0
144.66420469704883,20809.0
112.73385796508065,14681.0
74.80915112091307,9252.0
46.962952831423436,5553.0
30.9476452734496,3454.0
21.438330812686875,2202.0
21.902370992498884,2213.0
46.7679854629859,4086.0
105.30043554262372,11228.0
156.16770489449243,20157.0
166.4463783736779,23261.0
150.99273732043577,21580.0
135.40318150149503,18895.0
95.1730045220712,13804.0
879.0753607005472,19366.0
145.43009840655327,18789.0
156.2869277390969,20441.0
151.11174129791647,19531.0
141.6389991734723,16942.0
170.26133120859956,21083.0
180.23877757166957,26143.0
166.01208579166627,25847.0
159.95849128346453,25910.0
156.62688542786628,26355.0
152.6436134868687,24058.0
124.73585346607767,18334.0
90.81666124172675,11540.0
59.77837159079141,6848.0
35.85405995458445,4231.0
26.152734752288676,2841.0
26.287155865730107,2655.0
51.30246759862747,4305.0
109.71400719340161,11472.0
150.7918586033826,20519.0
169.46778585208833,23785.0
149.12393222190067,21860.0
138.40149827812755,19501.0
97.40160751392983,13928.0
947.8149862706165,19985.0
160.0103020131183,19697.0
173.7357931933108,20587.0
180.0664340593414,19695.0
166.70423883601762,15424.0
193.1591010910414,19403.0
202.18338232464842,24457.0
191.07512731770964,27200.0
198.66898852220444,28092.0
185.14040535899764,27744.0
184.8214982241785,26426.0
158.08787545897763,21242.0
119.63612035784124,14312.0
69.10426706542133,8364.0
47.62543546045079,5000.0
32.605997408025054,3282.0
31.97247242361949,3102.0
52.22200756200999,4507.0
127.3021099048778,12317.0
159.1042094327256,21133.0
176.90897774422206,23914.0
155.41389780417146,21795.0
150.25308533408972,19841.0
93.29176131504443,13899.0
959.6748249234919,20414.0
169.36721917423597,19937.0
186.28021327021236,20981.0
188.2545702842883,19206.0
166.58654524794417,15430.0
201.52874377069983,20412.0
203.87933001565906,26770.0
198.5713807894923,29047.0
184.96382111904148,28549.0
192.33153226500121,28831.0
199.68216784562483,27092.0
175.79145129668103,23350.0
