2250
1771
1797
1582
1342
561
647
613
925
1378
1429
2550
2649
1908
1957
1723
1703
3256
2817
1503
1438
1236
3310
1485
1057
646
483
430
626
691
782
1356
1535
2738
1807
1493
6465
2158
1637
1806
1236
1297
1809
2733
1780
1593
1441
1160
1020
858
672
434
433
533
1293
1702
2058
2063
1888
1986
1636
1625
1728
1790
1824
2563
2257
2297
2171
2402
1925
1735
2056
737
680
466
436
550
1102
1768
1993
1865
1940
2661
1851
1653
1705
1751
1480
1773
1911
2121
2115
2010
2137
1516
1209
792
592
620
485
605
1134
1759
2433
1870
1910
1848
1825
1971
1780
1767
1461
1703
2366
2354
2400
2285
2143
2120
1328
1117
752
690
684
1056
1231
1730
1999
2245
1723
1722
1783
2654
2080
1673
1409
1819
2420
2529
2110
2115
2289
2335
6284
1767
1540
1270
943
855
622
757
992
1472
1824
2039
2187
10413
1954
2032
1734
1991
2294
2324
2598
1945
2175
2556
2414
2212
1753
1456
1000
680
760
632
797
1159
1453
1892
1753
1847
2009
1913
1999
1831
1838
1581
1510
1435
1161
1043
732
563
758
405
479
552
1070
1846
1804
1774
1686
1500
1917
1473
1816
1612
1485
2326
2351
2351
1958
1836
2009
1203
888
664
791
619
442
567
1197
1776
2160
1802
1674
1553
1599
1857
1695
1615
1527
1812
2465
2337
2213
2148
1996
1721
971
625
562
467
629
574
1031
2095
2057
2182
1750
1592
1819
1741
2064
1823
1571
1824
2192
2487
2127
2447
2192
1631
1386
807
636
614
1933
844
1121
1833
2107
1946
2092
1680
1771
1675
1843
1987
1372
1843
2277
2048
2402
2294
2230
2106
1707
1583
869
712
599
640
1464
1786
2060
2175
1875
2108
1748
1881
2053
1894
1846
1641
2111
2175
2095
9544
2210
2106
1834
1893
1721
1331
959
572
624
993
1103
1526
1630
1929
2208
1994
2096
1845
1746
2119
2115
2220
2103
2119
2337
2364
1990
1778
1670
1682
915
594
590
689
1332
1239
1708
1820
2024
2493
1978
2010
1862
1924
2422
1965
1895
1843
1781
1937
1235
991
711
654
958
644
727
1057
1405
2004
1734
1693
1973
1767
2190
1991
1844
1967
2219
2367
1795
1762
1617
1375
1188
706
535
446
512
922
867
1293
1482
1410
1787
1575
1590
1751
1654
1977
1549
1750
2061
2237
2520
2066
1790
1509
1063
1023
591
471
492
562
1372
1712
2060
1915
1743
2182
1783
1950
1889
1734
1766
1921
2107
2425
2272
2625
2003
1595
1219
798
899
547
449
565
1193
1939
1990
2014
1856
1842
2308
1784
1947
1996
1554
2125
2276
2327
2436
2414
2983
2046
1520
1043
772
905
6711
625
1155
1913
2329
2035
1952
1797
1880
1835
1976
1597
1454
2006
2671
2175
2454
2241
2242
2446
2068
1792
1572
1146
1177
605
650
779
1048
1719
1593
1908
1840
4993
2101
1705
1481
1576
2369
2714
1724
1980
2053
1997
2220
1822
1535
1309
903
936
548
730
958
1237
2878
1687
1759
1813
1789
2239
1698
1903
1954
1823
1736
1362
1603
1322
1280
1239
491
434
465
735
1376
1732
1935
1812
1632
4607
1538
1768
1768
9320
2116
1919
2330
2564
2157
2550
1947
1347
967
753
808
398
409
677
1188
2112
2127
2031
1735
1657
2093
2703
1937
1718
1808
2301
2193
2387
2284
1782
2543
1756
1042
774
562
960
439
556
1160
1685
2329
1917
1881
1645
1763
2018
1664
1690
1383
1739
2694
2246
2086
2302
2118
2117
1213
825
621
517
865
585
1149
1820
2173
2508
1730
1773
1987
1888
2428
1883
1430
1933
2096
9837
2050
2553
2139
2352
1893
1024
883
555
544
1082
1199
1746
1962
1923
2121
1786
1827
2486
2028
2325
1625
1855
2306
2509
3160
2294
2278
2324
2079
2332
1720
1314
985
572
1257
806
1189
1454
1739
2358
1864
2249
1789
1954
2402
2045
2400
2266
2070
2416
2296
2371
9829
2211
2184
1402
1140
703
654
1173
884
2012
1574
1844
2079
1771
1858
1495
1233
1751
1574
1388
1471
1310
1447
897
882
668
469
901
517
592
1117
1665
2100
1585
1615
1632
1556
1979
1582
1703
1385
1990
7599
1915
1989
1858
1702
1700
963
664
540
403
1182
508
1269
1750
2006
5509
1628
1584
1623
1804
1964
1486
1305
1430
1622
2306
2002
1889
1819
1910
1485
672
539
411
433
922
1067
1801
2134
1935
9283
1621
1733
1684
1777
2107
1555
1591
2214
2271
2649
2395
2256
1713
1205
1227
663
489
461
527
1554
1755
1779
1587
1464
1986
1624
1403
1714
1402
1669
1345
1771
1929
1797
2272
1771
1626
1160
971
1138
580
741
659
1089
1910
1894
1784
1554
1495
1892
1687
1755
1681
1343
1923
1958
2208
2409
2374
2541
1990
2095
1934
1631
4958
1006
641
745
821
2029
1540
1675
1878
1955
2405
1826
1769
1567
1993
2317
2065
2198
1985
1950
2639
2017
1987
273
1712
1941
2521
661
679
990
1631
1518
1960
6266
1872
2311
1706
1473
1467
1803
2399
1683
1474
1492
1101
2171
665
486
422
478
972
1164
1594
1997
1833
9262
1524
1519
1657
1627
2166
1417
1480
1874
2024
2438
1708
1506
1517
933
1101
527
446
476
574
1580
1722
2857
1873
1743
2116
1465
1667
1808
1577
1887
1470
1806
1990
1849
2581
2128
1735
1035
858
4473
508
435
678
1130
2397
1696
1872
2073
1647
2093
1776
2024
1597
1389
2001
1982
1894
2222
4200
2430
1910
1339
901
593
988
441
784
1182
1774
2547
1903
1747
1628
1939
2111
1903
1678
1359
1546
2370
2516
2190
2354
2211
2809
1515
1296
827
701
1002
656
1119
1744
1973
2306
1714
1766
1631
1694
4261
1913
1352
1671
2254
2646
1984
2016
2041
2031
2353
1945
1692
1237
977
1072
680
843
1104
1384
2492
1818
2059
7080
1597
2275
1603
2134
2192
1972
2620
2135
2394
2189
1949
2820
1743
1227
781
559
1161
730
798
1130
1527
2122
1802
1719
1688
1789
2354
1904
1874
1706
1713
2107
1468
1095
883
687
1813
582
443
848
1108
2043
7749
1653
1739
1676
2088
1530
1655
1575
1379
2106
1982
1816
1812
1566
7593
1199
885
655
487
944
456
574
1008
1564
2460
1508
1534
1321
1359
1901
1579
1540
1325
1947
2291
2162
2281
1984
1852
2129
1270
1046
694
624
1340
676
1011
1561
2005
2540
1606
1441
1747
1431
1866
1456
1432
1787
2165
3832
2129
2187
1826
1378
1745
977
595
504
499
1018
1099
1376
1770
1649
2121
1595
1469
1755
1599
1968
1530
1660
2291
1942
2411
2355
2003
1846
1476
1416
663
624
649
591
1468
1454
1883
1610
1396
2191
1517
1550
1759
1517
1865
1740
1730
2398
1888
2371
1694
1883
1544
1634
1821
943
810
598
620
1347
1092
1152
1676
1728
2140
1655
1857
1625
2052
2204
1894
2015
1977
2009
2771
2036
1946
2006
1620
9031
1015
700
616
707
1463
1192
1574
1583
1759
2023
1776
1810
1495
1764
10441
1593
1424
1513
1582
6580
980
712
525
472
1033
638
950
1714
1809
2163
1518
1318
1539
1601
2013
1677
1343
1434
1794
2487
1889
1802
1802
1171
1357
561
502
484
366
1113
1078
1753
1830
1557
2310
1416
1964
2886
1546
1902
1496
1724
2165
2011
5612
2081
1999
1517
1061
1118
494
457
643
580
1565
1644
1815
1853
1625
2108
1724
1428
1740
1838
1999
1450
1886
1829
2066
6770
1944
1611
1248
839
8511
487
462
655
1005
2380
1934
1932
1336
1494
1932
1554
1531
1608
1193
1977
2148
1784
6177
2091
2414
1846
1519
1203
797
1112
580
597
933
1522
2085
1981
1781
1524
1623
2136
1605
1755
1271
1478
2619
2017
1953
2354
2265
2817
1940
1640
1364
1130
1300
570
613
739
1046
1694
1462
1765
2238
5516
2358
1799
1708
1796
2263
2978
2098
2015
1902
2320
2526
1881
2804
934
564
1223
8963
1073
1157
1613
2312
1689
1644
1905
1510
2119
1730
1908
1668
1473
2045
1348
1167
776
690
1199
417
448
602
1085
1936
2026
1798
1632
1827
1977
1612
1534
1498
1181
2037
1899
1824
1913
1683
2177
1549
816
898
546
977
389
562
1005
1565
2340
3160
1685
1574
1601
2297
1970
1549
1342
1898
2634
1908
1896
2294
1767
2126
1198
741
628
463
902
606
978
1450
1722
2161
8799
1622
1652
1804
2219
1565
1242
1472
1936
2535
2101
7662
1705
1698
1719
838
590
536
521
1072
1119
1943
1891
1712
2238
1854
1595
1495
1867
1904
1240
1648
1770
2149
2762
1834
1963
2099
1697
1771
1005
887
597
550
1540
1588
1584
1546
1804
2189
1796
1572
1513
1949
1968
1816
2053
1790
1756
2544
1999
1693
1562
1636
2018
1141
761
583
598
1203
891
1431
1584
1666
2085
1655
1811
1661
1782
2262
2032
1957
1820
1954
2589
2145
1660
1617
1441
1494
778
563
601
746
1250
996
1403
1718
1532
2057
1453
1423
1485
1618
2443
1608
1581
1485
1425
1500
846
614
460
500
924
548
941
1483
1400
1962
1323
1352
1691
1409
2207
1613
1216
1704
1838
2335
1574
1755
1529
1444
1640
703
518
418
428
1015
824
1470
1541
1777
6427
1384
1657
1864
1818
2311
1563
1642
2572
2351
2401
1700
1921
1461
1004
1137
618
488
469
635
1686
1525
1653
1615
1705
2172
1423
1693
1857
1666
1738
1414
1894
2293
2165
2723
1790
1831
1153
896
1092
504
473
523
1067
7618
1625
1623
1594
1656
2125
1750
1691
1777
1417
2177
1890
2440
2218
2086
2669
1764
1354
955
823
1195
614
580
4335
1840
2257
1761
1541
1536
1585
2228
1696
1810
1373
1756
10235
2358
2009
2051
1987
2559
1783
1529
1455
1183
1452
631
685
810
950
3888
1609
1666
1916
1673
2014
1406
4812
1830
2039
2749
2071
1883
1805
1950
2242
2022
1394
1444
771
1344
607
655
927
964
1831
1570
1580
1717
1738
3194
1569
1498
1463
1675
1991
1229
1190
1209
788
4752
507
430
512
539
1637
1478
1541
1698
1377
1946
1566
1314
1636
1312
1882
1653
1870
1763
1726
2323
1232
1124
829
610
1139
517
488
529
882
2048
1733
1515
1510
1373
1880
1553
1436
1489
1460
1991
2216
2165
2109
1972
2170
1598
2815
902
537
1064
439
591
916
1617
2186
1697
1635
1291
1472
2070
1461
1559
1391
1715
2203
2166
2066
2084
1860
8962
1388
740
613
477
1057
560
1004
1655
1798
2236
1697
1490
1647
1559
2358
1383
1299
1704
2104
2766
2099
2236
1740
7190
1995
1035
896
671
537
1470
1127
1763
1877
1885
2132
1770
1913
1522
1760
4912
1371
1516
1793
2134
2594
2042
1904
2032
2038
2099
1472
1067
848
630
1524
900
1140
1316
1731
2257
2115
1852
1652
1862
2385
1549
2248
1839
2062
3347
2354
2261
1806
2103
2147
1411
1035
594
610
1527
858
1314
1616
1483
2299
1804
1800
1697
1619
2347
1667
1663
1794
1649
2147
1180
893
621
481
898
414
572
948
1474
2161
1935
1772
1631
1554
2275
1415
1569
1347
1415
2594
1947
1760
1847
1450
1677
1019
768
605
463
4177
575
1035
1649
2033
2151
1444
1636
1653
1626
2264
1556
1238
1480
2033
2358
1884
1983
1912
1706
1771
764
526
482
498
1051
1065
1568
1576
1746
2036
1306
1595
1439
2703
2484
1228
1731
1867
1705
2736
2353
1892
1775
1223
1312
611
572
470
623
1715
2003
1786
1633
1510
2102
1822
1625
1741
1705
2037
1622
1986
1998
2071
2784
1941
1683
1330
1066
1194
587
597
725
991
2264
1714
1876
1591
1644
1969
1685
1659
1520
1194
2004
2012
1863
2312
2316
2801
1903
1978
1726
1360
1883
841
586
569
843
1779
1551
1800
1764
1707
5303
1662
2047
1457
1707
2566
1853
1786
1916
2243
2820
1951
1873
1552
1278
1513
561
578
5342
917
1710
1523
1648
1569
1768
2561
1579
1508
1706
1699
2135
1323
1459
1405
1186
1246
684
448
396
585
1115
9144
1361
1878
1644
2132
1433
1334
1570
1512
1923
1277
1780
2067
1946
2178
1738
1515
1733
911
1144
547
435
443
545
1605
1574
1983
1762
1718
2004
1711
1690
1649
1657
2057
1640
1826
1980
1697
2595
1897
1539
1079
797
1057
527
475
483
1024
2060
1590
2000
1515
1708
2271
1429
1761
1363
1387
1993
1859
2026
1876
2103
2594
1696
1068
746
898
1306
461
610
1275
1444
2098
1562
1738
1355
1591
2296
1532
1760
1265
1738
2327
2075
1907
2016
2115
2159
