0.39273626119427646
0.38149354899130683
0.3762158388480838
0.37474186464929804
0.3763842783211698
0.3762853699802561
0.37590626072760835
0.37656962145270306
0.3778078290984539
0.3779748869530118
0.3780065831209534
0.37900167442555704
0.3779086426511482
0.3774754377351514
0.37717433694191355
0.37667617228696865
0.37633922992083235
0.3758143792602863
0.375510226837172
0.37638185361272325
0.37593700035718286
0.37573095134309836
0.3750627454984753
0.3750321580068661
0.3751624902766787
0.3755498149097624
0.37571313466740597
0.3757522624944328
0.37593920177977697
0.3760470382308892
0.37608231681046744
0.376316979936099
0.37673388426053306
0.3765516111667829
0.3761422457469382
0.3761328378716254
0.3758163441730846
0.37581313148454154
0.37572669099770273
0.37575740502920585
0.37561464350124335
0.3754758465660411
0.3754145067342444
0.3755138616310524
0.375667164513396
0.37571920264781433
0.3755599100119043
0.3754610435592939
0.3754938555227364
0.37550990309189985
0.3756288305244918
0.3756679795237782
0.37575652473783494
0.375745295674729
0.3756968395284158
0.37553867613817543
0.3752528806436328
0.3754122167381783
0.3756978671420384
0.3756462968640048
0.3757872473931758
0.3758639263282768
0.37572799606631524
0.37570910703405297
0.3756338303525471
0.3756182902063463
0.3757535783809107
0.37579078649660896
0.3758592575110337
0.3757350278023993
0.37587846625754506
0.3757767440619149
0.37568255159083563
0.37588863078482404
0.3758798720882931
0.3759416512396895
0.37603598861107695
0.37612799070696973
0.3759982174992678
0.37584895790350936
0.37590322860702824
0.37579264389647454
0.3756979854940278
0.37565403320927315
0.3755625322013343
0.3754043407013729
0.37547945601159016
0.3755020492332487
0.37548194471706575
0.37537254976765605
0.375165393057822
0.37513078421133617
0.37508026902840125
0.37498233745732473
0.3749922586751175
0.3750505784872172
0.3750701412156023
0.37512575431351675
0.3752672487300754
0.3752507260354013
0.3752817799028582
0.3752223578064413
0.3752051629069529
0.3751352995963788
0.37510429131256673
0.37513615279493
0.37511555177968336
0.3751441836946698
0.3751843918237691
0.37519202521056233
0.3750557852973778
0.37506455990616455
0.3751400685929453
0.3751200629576002
0.3750978137250358
0.375131001708563
0.37508987915975894
0.3750785602905521
0.37505463127956423
0.3750730375137665
0.37504386854130833
0.3750537017592723
0.375044870947965
0.37506007959496546
0.37513170301230647
0.37513683975639833
0.3752085093803993
0.375212437146462
0.37515879241067207
0.3751558600398566
0.3752082748664726
0.37522785245669377
0.37517749669903194
0.3750189793343457
0.3749583013820058
0.3749482872903102
0.3749266143099377
0.3749811143226516
0.37500538274135353
0.3749013422056075
0.3748130733787085
0.37481049860781607
0.37489140985232955
0.37486114522624253
0.3749058414224432
0.37480898653002137
0.37479625455579074
0.3748612208608436
0.3749072478872208
0.37498699241992073
0.3749539723594044
0.3749535041076109
0.37493383781353273
0.37496226974899666
0.37496622164196663
0.37494545484311875
0.37494327634317387
0.37493526378648584
0.3749142427263539
0.37488328108208335
0.3749075406066058
0.3748999920467353
0.37489021454876276
0.3748659237437507
0.3748010370338957
0.3746779579992075
0.37458377198020704
0.37453534931354554
0.37450754487876226
0.3744425440770744
0.3744734713434741
0.37443337590857956
0.3744360695895467
0.3744751490938132
0.3744849320386473
0.37452839216572054
0.3745400395782627
0.3745432760270873
0.3745040641973804
0.3744486690838658
0.3745254887479917
0.37453711105158644
0.37453049957187784
0.3744970563231285
0.3745279200306279
0.374466052486581
0.3744664676429589
0.37444161919874797
0.37438833549517747
0.37439166444877175
0.3743817985186314
0.37437559761589834
0.37437094778195035
0.37431210586615454
0.374332702508305
0.3743650939287315
0.37437884330314114
0.37432830784963605
0.37431528872284503
0.37434699727962867
0.3743588767253689
0.3743975366487407
0.3743748008685336
0.374405830175411
0.3744697088118387
0.3744712241966483
0.37441687828753484
0.3743602590480852
0.374276215796103
0.37426708442836126
0.3742883383816003
0.37431978386461195
0.37433336831303876
0.3743374705868644
0.3743595301906825
0.3743278415270639
0.37426580610797544
0.37424991128683077
0.3742553069573757
0.3743080368651059
0.3742918783036872
0.37425086068041125
0.37424811529625435
0.3742671024371526
0.37424839053585823
0.37420037351997454
0.3741475602998174
0.37413894509406054
0.37412604389776427
0.37416207600161716
0.3741668994417915
0.3741513090045659
0.3741204943621693
0.3740824644777242
0.37405581149906675
0.37400644884913725
0.37395930977636027
0.37395705843986315
0.3739275208823798
0.3738609818924196
0.373944300093896
0.37398681207178336
0.37398482965967517
0.3739830313457596
0.37400883843923965
0.37404295262192094
0.3740441249181117
0.37402877274333546
0.3740299202964025
0.37400195699189315
0.3739737751032346
0.37391093078984206
0.373836128966454
0.3738003012994689
0.3737188920837151
0.3736919442621595
0.3736813962272395
0.37368210927337653
0.3736857706189247
0.3736727270688871
0.3736373554459707
0.37364228225376245
0.37367261271405994
0.3736824833084733
0.3737016116356697
0.3736972850666619
0.37369530035002324
0.37365382723748564
0.3736860058438449
0.37367684887233
0.37364802711403206
0.3736446549934662
0.3736935934708933
0.3738018627701803
0.3737814092470869
0.37376004725146555
0.3737428816147332
0.3737143445333045
0.37371153175431554
0.3737268467297996
0.3737554530303433
0.37378760532206634
0.3737842196023874
0.37381673020301215
0.3738611239952749
0.373887547678839
0.37389853699368875
0.3739010273996034
0.37392245378759276
0.3739517784828445
0.3739781158026684
0.37396339583582255
0.37397778938303144
0.3740387726632646
0.3740726494328064
0.37412108722762016
0.3741827576896559
0.3742324217333792
0.3742633288609053
0.37428437053272084
0.37433029567935094
0.3743583898529081
0.3743551726713767
0.3743655832550995
0.37435370913418564
0.3743397217201707
0.3743163473641423
0.37432682620733987
0.3743549379899694
0.37436863531442177
0.37434659965654865
0.37437176636253416
0.3743379766304511
0.37433996974194605
0.3743510118690558
0.3743511776289969
0.3743143820380697
0.3742874053190288
0.37426989922010184
0.3743070616496475
0.37431848990478067
0.3743029388526581
0.37432524880000234
0.37433743213704174
0.3743429011053789
0.3743897224321125
0.37442291833938696
0.3744334057269986
0.3744508301134297
0.37448123182739496
0.37444871115629796
0.3744706428335536
0.37445501182276497
0.37445410298734993
0.3744532988153246
0.3744895824685499
0.37450114822871555
0.3745161937742938
0.37449679746666753
0.37448918521682223
0.3744973264002483
0.3745148625279393
0.37450505224250163
0.3744793337332915
0.3744589497043017
0.3744488100307791
0.37443863156805546
0.3744734737869275
0.37448702986248594
0.3744915255543936
0.37447647513038457
0.374485674932412
0.37448882694387864
0.37446671598667264
0.3744425934394221
0.3744302622457473
0.3744373857717021
0.37444133232739213
0.3744334036778944
0.37443519263184366
0.3744508429934476
0.374460373889544
0.37447222775624284
0.37450213985516567
0.3745082633187682
0.37452146631163585
0.3745342544768275
0.37452258209116945
0.3745133192664408
0.37450926192476197
0.3744978029140439
0.3744598596089338
0.3744417307702633
0.3744391569527517
0.3743931286744394
0.37435796163556306
0.3743388384610849
0.3743381191300784
0.3743428307974576
0.3743646264105937
0.37435612265985235
0.3743595233641689
0.3743946967691064
0.374419417644623
0.37441550110018884
0.37440141754132783
0.3744219274247929
0.3744415857911443
0.3744452317952337
0.37444003797906655
0.3744180299303162
0.37440259491151745
0.3744062744643537
0.3743923699671677
0.3743969796036681
0.37439272218046704
0.3743502745465493
0.3743084177499148
0.3743149936865374
0.37434045652882075
0.37435819272329235
0.37439830886645825
0.37440900251075904
0.37441086856573685
0.3744091374743998
0.37440315688718184
0.374354453298586
0.37432977116688376
0.37430767821981353
0.3742830245229309
0.3742819958132411
0.3742810540493933
0.3742735924698398
0.37425220380302504
0.37423426975435126
0.37421728548043687
0.37420200264261544
0.37420708132437613
0.3742096236879941
0.37422834054028475
0.3742421945950956
0.37424576467301895
0.37423904711763184
0.37422495971683933
0.37424978171611417
0.37425685947602055
0.3742444705173516
0.3742510886512278
0.3742908137161711
0.37428371712871555
0.3742762397506651
0.37428525457308964
0.3743068182630335
0.37430660646522484
0.37430640751179894
0.3743306729806725
0.37434119966719437
0.37437850720130156
0.3743731210565498
0.37437016587655714
0.37436495371103323
0.37435166317371565
0.37437656732775604
0.3743684282969383
0.3743327440285148
0.3743294909631584
0.37428291885160553
0.3742631655058765
0.3742935567738585
0.3743076857280674
0.3743041413323186
0.3742739041931088
0.3742707148896802
0.37424046845571324
0.374205488673319
0.37419635717981237
0.3741859294166091
0.374181420891701
0.37414650446948117
0.374113507031151
0.3740935567445028
0.3740511733248012
0.3740029508927571
0.37398926431679713
0.37397604861633604
0.37396616537602195
0.37397401680185255
0.3739714757252601
0.37395449000877007
0.3739687851926172
0.3740177095937336
0.3740267157640972
0.37402083210964404
0.3740230348864134
0.3740358012174943
0.37403943634866754
0.37402076407030393
0.3739982330770184
0.37399008781502646
0.3739959288494234
0.37399716447142484
0.3740086523263164
0.37400459657306695
0.37398424745253134
0.3740083913186606
0.3740099764033218
0.3739911554111821
0.3739785889344707
0.3739742712475925
0.37396716329477625
0.3739653732642174
0.37396382593462874
0.3739613620496884
0.3739348005712983
0.3739259245393277
0.37392363720029154
0.37389925674019386
0.37390895026621307
0.3739064831064661
0.37388351219964355
0.3738797883717541
0.37390461953468423
0.37392079833312836
0.37392426012479596
0.373921368151788
0.3739094410887963
0.3739142744253701
0.37395072294088927
0.3739675605138013
0.3739897982188296
0.37399988194511835
0.3739892354817461
0.37400771986632714
0.37404173647494654
0.37406324120449885
0.37406984041558317
0.3740683326409456
0.37408218550982814
0.37408076591258993
0.37405423205073696
0.3740306102808149
0.3740296727079
0.37401648410660904
0.37400306853739396
0.3739856858425633
0.3739867299595492
0.3739766911069186
0.37397400933923525
0.37396738663226176
0.3739627374036956
0.37392864645603285
0.37390573121995535
0.3738708813044423
0.3738407805334969
0.3738456858080893
0.3738462471041978
0.3738447237962467
0.37382713134785456
0.3738229975888916
0.3738423236412818
0.37386672843417085
0.3738732061633611
0.373880064154856
0.37390280289736044
0.37390414254392773
0.3739088450711771
0.3738796127351228
0.3738790372768366
0.3738802995601442
0.3739141230930549
0.3739311518263061
0.37393915596132515
0.37395891610088866
0.3739650650929588
0.37396300968830215
0.3739820276596563
0.37398035620663717
0.3739666170127041
0.37397165821310274
0.3739944750743011
0.37400515327545536
0.37401165960477567
0.3740174739497924
0.37402184810243605
0.3740054062410753
0.3739864779010619
0.3739757182715154
0.37394356348656516
0.3739265471103317
0.37390671743391685
0.37392579129665315
0.37395230081128966
0.3739494588631896
0.3739586142835153
0.3739527646383145
0.3739553537408152
0.37398010828470146
0.37398064508249124
0.37397160589224965
0.37397142877152234
0.3739955147471696
0.37399777807727674
0.3739990026909535
0.3739827137678552
0.3739769094247953
0.37394086834670254
0.3739107170564144
0.37389825697564194
0.3739039162972666
0.3739079804935272
0.3739296547416234
0.37392625433563637
0.373911619693694
0.3739033964495556
0.37391876949540437
0.37393441319715987
0.37394789389246963
0.37394547317830945
0.3739440060621148
0.37394079555814536
0.3739654472944778
0.3739490275905849
0.3739419517772007
0.3739284910301745
0.3739221292813723
0.3739169997190315
0.3739067598847854
0.3739208208950143
0.37390407960015937
0.3738871690130864
0.37385026795301207
0.37383259672967495
0.3738222139709116
0.3738315276372479
0.37381963637752313
0.37380854122474916
0.3738188699121679
0.37382050608313583
0.3738250214928637
0.37383875404587824
0.3738214476872813
0.37381849007752505
0.3737955673193418
0.3737861427212381
0.3737884595989051
0.3737989798451356
0.3738073739311105
0.3738142576445242
0.3738136976443066
0.3738361129842013
0.37385256463381483
0.3738661689639587
0.37388337745530326
0.37388085132466364
0.37386733170648784
0.3738497485745385
0.37385426950529904
0.37385656533182626
0.3738640052378441
0.37386778339891963
0.37385309958803936
0.3738217188738209
0.373811836168838
0.373818095165651
0.3738206635887224
0.373797329557982
0.3737868291363244
0.3737718375929913
0.3737636980633398
0.37375012031452887
0.3737428253950092
0.37373215167164053
0.3737375634410036
0.37373285705627907
0.37375105448342666
0.3737483827644456
0.373752978161121
0.3737593972392403
0.3737395282820433
0.3737385868584877
0.37372894237971116
0.37372509525570574
0.37371299832272603
0.3737103379124155
0.37371654964834194
0.3737088559402081
0.3736947871325294
0.3737008174118247
0.37368583071538225
0.3736719701327409
0.373689349700854
0.3736979752719484
0.3736908539469765
0.37368835602418554
0.3736811182139507
0.3736853974513507
0.373671174338782
0.37367170621301765
0.37366077383035373
0.37364377451918107
0.37364289822049435
0.3736380247892898
0.3736237895452029
0.37361495893797614
0.3736117155065186
0.3736118208183982
0.37361305950015244
0.3736038129431163
0.37360381274538434
0.37360360800197745
0.37359348768077305
0.3736072772787062
0.3736195920665003
0.3736032939155908
0.3736183706028439
0.3736182713594015
0.3736332445149323
0.37364009356736316
0.373634603851586
0.3736404495309671
0.3736432913490518
0.37364157335585335
0.3736330840935774
0.37363141011306406
0.3736341717019403
0.3736326888416177
0.37362439961843424
0.37362464775169674
0.3736400565130114
0.37363057619127704
0.3736276812043758
0.37361799265932794
0.37359251846541697
0.3735851258870995
0.373567848954307
0.37355554034752364
0.3735510819870854
0.373562640617188
0.37355724105903604
0.3735411251133231
0.37354516680500643
0.37356018558851406
0.3735695165628439
0.3735761238821739
0.37358138104129457
0.3735579140518707
0.3735270662999284
0.3735267656016345
0.37353007854517756
0.37352918764126636
0.37352910437963943
0.37352476018120606
0.37351751370960073
0.37351436100425667
0.37350299786934543
0.37348874050152253
0.3734769220066384
0.37346891316276826
0.3734507667086702
0.37343605548207603
0.3734428525917589
0.3734388311689267
0.3734397562711954
0.37343948325658843
0.3734301170092877
0.373412411204439
0.3734151998257603
0.3734100082462662
0.373408590327801
0.3734187693870959
0.3734276313101815
0.37343024899065497
0.37343572421500615
0.3734248358222496
0.3734441758876265
0.37344203015804034
0.3734566031873804
0.3734630130340057
0.37345503556915477
0.3734665981688163
0.3734539429200974
0.37345745346056297
0.37346430283005727
0.37346897466147355
0.37346898726641825
0.37345917783917354
0.373453240475225
0.37343494480010464
0.37344862025839404
0.37346226376006403
0.3734566487915626
0.3734540108112518
0.3734516227155725
0.3734572281699822
0.3734467883688786
0.37344905257618033
0.3734560757965548
0.3734510432073804
0.37344303194852047
0.37342912218939794
0.37342040172226354
0.37341661011386795
0.3734096522351069
0.37338705692661933
0.3733911368378326
0.37338092723229804
0.37337636025340226
0.3733950392128183
0.37339100555360066
0.3733925365713047
0.3734170752336829
0.37340745435179445
0.37341149470556206
0.3734109932284193
0.3734032969369555
0.3733982277633046
0.3734005574996098
0.37339073756917135
0.37339114087617226
0.37338452804551686
0.37336456352979475
0.3733479128040409
0.3733454247309366
0.3733479601679573
0.37334067192887155
0.3733376664795938
0.3733260186738018
0.37331426855482946
0.37330443904981236
0.3732937151942685
0.37328778557695214
0.37327457626759625
0.37327039664959855
0.37326876161123623
0.37327140319346
0.37326155836923236
0.3732796445673545
0.37328183662664344
0.37327995447313245
0.3732643913085683
0.3732698108619652
0.37327026702015553
0.37326499289328907
0.37328050548784425
0.37329339480356305
0.3732916518795755
0.37328886096930847
0.3732846382238399
0.3732623046475971
0.3732437214900177
0.3732368625425088
0.3732322424013965
0.3732411484655884
0.3732433063997051
0.3732390871477168
0.37324347114592044
0.37325193140154417
0.3732579198759875
0.37325107789481676
0.3732561337628837
0.37327202716985924
0.37327441418873014
0.3732819930627912
0.3732862203486313
0.3732881876761478
0.3732966283841469
0.3732974013134728
0.37328930215283646
0.37329072891900145
0.37329266550767615
0.3732988946787124
0.3733080056035531
0.3733186326937952
0.3733138530282532
0.37332395772208904
0.37331604560407206
0.373311341121637
0.37332725398824507
0.3733257420791653
0.3733348628121746
0.373326857837692
0.373325817781074
0.3733356701627316
0.3733338709131285
0.3733283871202965
0.37332357705076713
0.3733148110080038
0.3733211247252531
0.3733366251969421
0.3733515880302455
0.3733581053843671
0.37335580775666044
0.3733539909533751
0.37335237297746277
0.3733469777569548
0.3733378700373326
0.37334497603616124
0.3733484457929209
0.37335203919917487
0.37335373403460087
0.37333655871064647
0.3733312808215442
0.37333359184157283
0.37333149115220077
0.3733115860670879
0.373307150139187
0.3733061447872042
0.37330290317382325
0.37330319170358606
0.3733156149261088
0.3733269179930994
0.3733264465161101
0.373330461699446
0.37333157017420976
0.3733240416532096
0.37334919305226627
0.373369329689588
0.3733828035333475
0.37339597955002257
0.37339578564392684
0.3733950356597813
0.3733913811567517
0.3733888867655014
0.373398100070454
0.373395891169603
0.3734057951271978
0.37340736618320763
0.3734020644400295
0.3734076946138511
0.3734153098258425
0.373413772740243
0.37341251044212337
0.37340613590360777
0.3734102341262494
0.37341837344823137
0.3734260305018447
0.3734267206513655
0.3734312579012455
0.3734260342351219
0.37341127505564375
0.37339387713543687
0.3734020019397332
0.3734014065801647
0.37340511633428536
0.3734131322501395
0.3734254242256192
0.373428984585231
0.37341521102340336
0.37341214247723076
0.3734263224121005
0.3734318488270364
0.3734206303567015
0.37341244105859056
0.37340292664744384
0.3734015421812779
0.3734010519818303
0.37339857103694074
0.3734023963987817
0.3734035210430322
0.3734075702824602
0.37340607231731554
0.3734065095943725
0.37340061283827636
0.3734004139546777
0.3733912465142987
0.3733773704887859
0.3733685789707305
0.37338580620631534
0.3733883007873224
0.37338353518284
0.37338972379473
0.3733770409455217
0.37336523309264025
0.37335067438144426
0.3733557593174195
0.37335189839933924
0.37334954517970736
0.3733519023401295
0.3733410684980588
0.3733305315521703
0.3733345191802773
0.37333784416264654
0.37333409587402555
0.37333807802686714
0.37332607190940803
0.37331905829840145
0.37331614283238274
0.3733143681496627
0.3733190877698193
0.37331775537077555
0.3733245748190865
0.3733190343577504
0.373308596252683
0.3733148393203902
0.37331794349323366
0.37333208977572774
0.3733465726892212
0.3733487115189641
0.3733452415167698
0.37334987837129874
0.3733599412849278
0.3733586007571841
0.37336467114600763
0.37336169341591413
0.3733605613566234
0.37335810758445165
0.3733677398618158
0.37337629588980953
0.37337060737144645
0.37337102065903943
0.37336474301904254
0.3733583954915454
0.373344923847035
0.3733334505427872
0.3733315764718146
0.3733370490947215
0.37333025708652007
0.3733386004651445
0.3733310862983433
0.3733200890243993
0.37331207307100894
0.37330566116417385
0.37329769168489824
0.3732959698017397
0.37329273426217635
0.3733005267152222
0.373292294084119
0.3732829715538403
0.3732810091362067
0.37327898590108305
0.3732854655511455
0.37328264541362743
0.37327613777303353
0.37327634539795246
0.3732747888634457
0.37328403914633396
0.3732908892807571
0.3732992134887657
0.3732903140231534
0.3732867264138692
0.3732797198243001
0.3732767765406295
0.3732726582673213
0.3732777373617922
0.3732787646880959
0.37327972015109756
0.3732830922294516
0.37328336625715836
0.37327575804109137
0.37327389878046696
0.37327487408238924
0.37327207257690187
0.3732622772877767
0.37325926625934197
0.37324145856042856
0.3732265658584869
0.3732189015957264
0.3732114052470282
0.37319940741289265
0.3732074086968367
0.37321741860668134
0.3732104568247976
0.3732077610269059
0.3732076484565993
0.37320274140170995
0.37320325636567486
0.37320619866674637
0.37320444094610133
0.37320322083453605
0.3732059293184602
0.3731957535313653
0.3731880371312827
0.37317552654411223
0.3731696028911156
0.37317015391912806
0.3731705496233577
0.37317570469411965
0.37318174781424684
0.37318152031788443
0.37317389759528896
0.37317743184880603
0.3731794261180876
0.3731882837173499
0.3731832953987857
0.37317943384005914
0.3731819700238485
0.373171523500059
0.3731834755287227
0.37319504446180174
0.37319948525495905
0.3731935596009898
0.3731768121130628
0.3731752338264347
0.3731766429406069
0.37317305724656
0.3731749884461906
0.37318464206109114
0.37317430010418323
0.3731760617788978
0.3731787975190345
0.37317701048264573
0.37317831782092276
0.37317649521354923
0.37318217320953867
0.37319062964483646
0.3731908785249606
0.37319458285625545
0.37320275501845546
0.37319863859370167
0.37319461016136
0.37319500563541697
0.37319262197538955
0.37319520630593067
0.37319286888739234
0.37318261645157874
0.37317698130542637
0.37317353091390243
0.37317722957382893
0.37317417123744
0.37317476827955504
0.37316734136820684
0.37316717555684764
0.3731720943202177
0.37317183394884657
0.3731780187313401
0.3731800858711232
0.37317560562982505
0.3731883486774222
0.3731942628849329
0.3732092016095469
0.37320938542698057
0.3732137963645383
0.3732177686883565
0.3732149880412983
0.37321595561379967
0.37322398695607145
0.373216741386435
0.3732098437485088
0.37320062196702164
0.3731939387828146
0.3732009582290587
0.37320687711628875
0.3732085256136695
0.37320879425692244
0.3732094079912641
0.3732144028772686
0.3732197056883921
0.3732071011248035
0.3732007544571051
0.3731993646475175
0.37320677713247913
0.373198340625268
0.3732065014023291
0.37321913166261395
0.3732050560111496
0.3732017124669679
0.37319518030625404
0.3731833299203436
0.37318191242584653
0.3731850120906667
0.37319153634535945
0.3731967821971738
0.37319768125331676
0.373193424831911
0.3731955006661753
0.3732071441794208
0.37320754075299634
0.37322361005045
0.3732225406187897
0.3732164182627072
0.3732182813013886
0.3732179072988546
0.3732173787780609
0.3732200640105455
0.37322209854945304
0.37322297929843906
0.37322206901419036
0.37321571408370346
0.37322427117909623
0.37323380603394724
0.3732330663183736
0.3732297549691711
0.3732292534327354
0.3732271899709142
0.37322930760418366
0.3732236522625932
0.3732257180828364
0.373228439925482
0.3732299956614708
0.3732216738080075
0.3732195937104398
0.37322786623765525
0.37323335432561144
0.3732344623162981
0.3732370616315034
0.37324241645783846
0.3732315182975423
0.37323073997937156
0.37322706534337957
0.3732413862566203
0.37323694137589386
0.373233286428688
0.37323144698703176
0.3732309643759488
0.37323670885070964
0.3732371444257178
0.37322998545026514
0.3732285984648704
0.37322790901624625
0.3732270350688395
0.37321985172616506
0.3732267374138793
0.3732278390670573
0.37323970976458826
0.3732492857663206
0.37325654606518993
0.3732578720739167
0.37324592215557806
0.3732400846726643
0.37323885162088943
0.3732367261900115
0.3732398044463595
0.37324525349640175
0.37324250214965876
0.37324411653024275
0.37324442170500355
0.37324660453666386
0.3732461708723044
0.3732369411650823
0.3732373822270567
0.3732318809562322
0.3732279968137548
0.373230707136015
0.37323504039854255
0.3732407884634052
0.37324734998730746
0.37324610634716043
0.37323842071967783
0.3732414210573697
0.373244440491838
0.37324453830844306
0.37324353489576384
0.37323904788752055
0.37323157645426425
0.37324077539354666
0.3732417399071151
0.3732351723223544
0.3732369976431105
0.37323496625524943
0.37323537007459867
0.3732347594618162
0.3732351985330169
0.3732316931446944
0.37323722986188035
0.3732397788950173
0.37323646059500204
0.37323733682287513
0.373232575645722
0.37322811467668154
0.3732297885240486
0.373224904889381
0.37323172859766873
0.3732411687214279
0.37324621372114514
0.3732440160017477
0.3732478067478099
0.3732438720866519
0.3732450713753167
0.37324704046629587
0.3732565218032547
0.3732574184925462
0.37324904209206033
0.3732539493369305
0.37325151239360765
0.3732532722641818
0.37325030211539023
0.37323960482229135
0.37323640800806734
0.3732359674450169
0.37323182832215906
0.3732367663320594
0.3732399601842217
0.3732463428180375
0.3732577309729779
0.3732543656172016
0.3732591754118288
0.37325769487475535
0.37324795990065135
0.3732459099524723
0.3732379390454628
0.37323537059639833
0.37324106911958393
0.37324823094339965
0.3732592998866682
0.3732690076676411
0.37327397829760917
0.37328258844466544
0.37328005335436115
0.37326748683747435
0.3732668230564864
0.3732651720322513
0.3732591999448002
0.3732572692831974
0.37325084722955054
0.37325067310961646
0.3732492235356739
0.37324421676658975
0.3732511071408972
0.3732583242244984
0.37325801896359967
0.3732596099500487
0.3732579102852165
0.3732554557250915
0.3732549531720322
0.3732546500598004
0.37324751230567904
0.3732491714442241
0.37325255684306097
0.37325780727492924
0.37325523862638754
0.37324403991687216
0.37324582112036053
0.3732617688841826
0.37326109929276974
0.3732563490344526
0.3732525878664021
0.37325159873888386
0.37324502767523887
0.3732459962719476
0.3732458548267855
0.3732403726651282
0.3732322774136981
0.3732302026550765
0.3732256063085953
0.37323055875216615
0.3732350233263321
0.3732303580641405
0.3732366768540614
0.373237359336459
0.3732313840987455
0.3732349587103989
0.37324284836040583
0.37324797416549793
0.3732433178972502
0.3732344545301684
0.3732365501734602
0.37323072778419625
0.37322900094341943
0.37323451710795064
0.37322987556334325
0.3732201588240647
0.37321471191117594
0.37320995913957755
0.37321381273082366
0.3732215401144557
0.3732247587961045
0.3732214037082621
0.37322887903265417
0.373234934433866
0.37323138223856284
0.37322339641228874
0.3732283472281214
0.3732349178121444
0.3732421409558232
0.37324759252606315
0.37324988438250173
0.3732574043693293
0.37325497127574336
0.3732550825912849
0.37325601333243114
0.3732535719873787
0.37325119530301043
0.37324619020487393
0.37324520683664353
0.3732489820845539
0.3732512771765389
0.3732541893979246
0.37326019215427375
0.37326027914706517
0.37326104652544617
0.3732686125210735
0.37326606705004856
0.37327189204122785
0.37326955561394115
0.37326718404419196
0.3732565493271636
0.373254152718903
0.37325580102133776
0.37324167609852776
0.37322865352349627
0.3732236050868884
0.3732210680871435
0.37322151688858746
0.37322207622451903
0.3732167658884462
0.37321553981281136
0.37320991976552526
0.3732069370603528
0.3731945709506112
0.3731911317397213
0.3731814655851275
0.3731821000573956
0.37317155702787996
0.37317531192088166
0.3731816938026174
0.37318137681654306
0.37317996789210506
0.37317375077464704
0.37315582734322483
0.3731537290150145
0.3731514438104136
0.3731459096862778
0.37314282067404314
0.3731398440741752
0.3731367238284985
0.3731407608529906
0.3731409570321688
0.37314039157573176
0.37314125542124466
0.3731404438767873
0.37314235120186484
0.3731349650112631
0.3731292125102172
0.373123124365877
0.3731253771256345
0.3731170916846457
0.37311365681335246
0.37311511562640925
0.37311397457363904
0.3731108605731246
0.373112287518701
0.37310945397007567
0.3730993219099974
0.3731030511178356
0.37310049118540056
0.3730891006632509
0.37308417567967894
0.3730794677081797
0.3730723321172807
0.3730706020445207
0.37306430641700133
0.37305997709637717
0.3730573908244789
0.37305145408815565
0.3730492388724131
0.37306070148644127
0.3730578643721909
0.37305736353793767
0.3730506026143868
0.3730530571566598
0.3730532558146279
0.37305249386048484
0.37305475327718657
0.3730582897080968
0.3730611111052863
0.37305893155854053
0.3730537050420001
0.3730528158023731
0.3730474230355723
0.3730378836991554
0.37303501482015333
0.3730281313230237
0.37302053901245735
0.3730218764610351
0.37302298267050354
0.3730169213226595
0.3730125129712735
0.37301242354412484
0.3730085975757833
0.37300787488664394
0.3730091434187855
0.37301769871973284
0.3730170505458932
0.3730166783529094
0.37302052734899066
0.3730210257407964
0.3730204091085944
0.37302738922061723
0.3730259015766536
0.37302261014800253
0.37301585202451937
0.3730069254288737
0.37300526698082
0.37300940041889635
0.37301064323391253
0.3730092250075413
0.3730078007809335
0.3730104738472438
0.3730028754437946
0.3729881560699111
0.3729851425977451
0.37297502813528666
0.3729714038656495
0.3729792075566033
0.3729769582633514
0.3729745892498796
0.37296879146835316
0.372965539768431
0.3729584680608517
0.37296131749879075
0.37295537697808284
0.3729477116989824
0.3729402808927578
0.3729317994674915
0.3729325926512875
0.3729333487185586
0.372936284537141
0.37293859213808195
0.37292163142419255
0.3729162517931421
0.3729147974588022
0.37291531977709974
0.3729214131918344
0.3729243465180117
0.3729279779532045
0.37292592419980686
0.3729236616693617
0.37292163243616866
0.3729122335352199
0.3729103254691405
0.3729034497490509
0.37288710768040356
0.37288424024230404
0.37288380043069697
0.3728838126695105
0.37288314116093574
0.37288437450455403
0.37288629438640214
0.3728852254165575
0.3728902466983707
0.3728945985967952
0.3728869710817119
0.3728797518513896
0.37287635597161184
0.3728730781596578
0.3728666844498369
0.37286883373734686
0.3728642711821018
0.37285717109117583
0.3728550270338085
0.3728495657367999
0.3728458206567347
0.3728436027350757
0.3728423421449655
0.37283968092217845
0.37283975294186184
0.3728387611044073
0.37284319392683596
0.3728547054697929
0.3728596071358513
0.3728593811529142
0.37286233132775615
0.37286014635349995
0.37285896795316986
0.37284733773555656
0.3728420463927508
0.3728370419596149
0.3728268463479118
0.3728225781578388
0.3728116272190553
0.3728047777042357
0.37279878694197355
0.3727960326823969
0.3727933614882267
0.37278479904805173
0.37277417497631793
0.37276710804142194
0.37277110983803097
0.3727661934066622
0.37275117034387795
0.37274050124880426
0.3727344473484517
0.37273907152580066
0.372736815324833
0.3727425160152096
0.372744546902479
0.37274808362317907
0.3727343933937866
0.37272778511957644
0.37272835845167035
0.3727338692831063
0.3727359843597827
0.3727424881557142
0.37273934015780996
0.37272718884629824
0.37272558515719595
0.3727236986420306
0.37270934638719966
0.37270875566545425
0.3727107026687335
0.3727047028382808
0.37270153205614676
0.3727027621058419
0.3726958021463253
0.3726947716508048
0.37269491170361385
0.3726857824289639
0.37268369399046275
0.3726851258380496
0.372683290926614
0.3726753258585064
0.372666778343936
0.37265330854395895
0.37265058577863847
0.3726565882814397
0.3726653630351551
0.3726688081981781
0.37267399162370934
0.3726728656580016
0.3726713315028401
0.37266560478362587
0.3726637485324889
0.37266714328742556
0.37266684446530485
0.3726695303160512
0.3726765953645678
0.37266736027127667
0.3726585717735855
0.3726494196444547
0.37265214610190805
0.3726459330485954
0.3726426408847211
0.372636392999915
0.372631301896792
0.3726238851573453
0.3726190432320833
0.37261200763954855
0.3726041918996508
0.372601658630338
0.37259571796745994
0.37260049763273523
0.3726013690649503
0.3725970019639934
0.3725844466677266
0.37257893218341703
0.37257500040642116
0.37257498196621675
0.3725677376348673
0.37256179500018466
0.37256282204466773
0.37256129507815905
0.3725535597564794
0.3725520063564146
0.3725475093638765
0.3725395300613407
0.37254072627877927
0.3725423631797283
0.37254324938150196
0.3725453842780815
0.37254451183857257
0.37254816173586414
0.3725540187040401
0.3725486231781507
0.37254418391129857
0.37253247719662336
0.37252098633430486
0.3725101266999674
0.37250668782534463
0.3725082786143156
0.3725060795228862
0.3724992848146996
0.3725011809328401
0.37250116240750986
0.37249756946226936
0.3724949631377257
0.3724928019339675
0.37249020375709274
0.3724901352849353
0.3724865310334268
0.3724826200943644
0.3724871752974766
0.37248392848573664
0.3724789439417214
0.37248091049779425
0.37247992101916144
0.37247620865291814
0.3724628296177492
0.3724595631312074
0.3724612094046905
0.3724637837123423
0.3724662993188631
0.3724668900150864
0.3724532127028557
0.37244678420218247
0.37243823934016734
0.3724292900055976
0.3724270446892995
0.3724220977366506
0.372415455246899
0.37241197082602373
0.3724073333775677
0.37240864380044963
0.37240233164234093
0.3723898273561543
0.3723882089256644
0.372384341129038
0.37238293327296157
0.3723787948989638
0.37236844201898617
0.37236879863512756
0.3723596998871391
0.37235730203581585
0.3723519613695209
0.3723495946829266
0.37234226478897475
0.37234763890271416
0.3723446054336612
0.3723407789930992
0.37233705998343775
0.3723324691413352
0.37233176446196065
0.37232619652438964
0.3723165237091241
0.372308547872222
0.37230473729152497
0.37230217984345293
0.3722935047596135
0.3722847182253348
0.37228079223279686
0.3722798365438994
0.3722737488533643
0.3722750910647271
0.37227588671976475
0.3722671675538814
0.3722700774153669
0.3722751329687913
0.37227573992144697
0.37227472197434736
0.3722769352880311
0.3722713994173192
0.3722700565620633
0.3722748231550687
0.3722768048541867
0.37227508647219737
0.37226523510661635
0.37225732068859174
0.37225057914006904
0.37224559844346217
0.3722409326983252
0.3722328031354848
0.3722281149749022
0.3722193177078859
0.3722173488226335
0.37221450079353213
0.37221347050107007
0.3722012922896588
0.37219973879757606
0.3721993560488896
0.372201311810362
0.3721962148729697
0.3721896701444645
0.3721817322904066
0.37217629295546567
0.3721800942691503
0.3721814925342869
0.3721806872529498
0.3721767211294233
0.3721756553737533
0.3721719079184554
0.37217299475829463
0.372170023777575
0.3721658263527146
0.3721648366840554
0.3721623518409041
0.3721624841208889
0.37216245398762315
0.37216149191044534
0.37216467204397147
0.37216652552523033
0.3721687668765474
0.3721669531576258
0.372172882857058
0.3721817265291029
0.37218761977609394
0.3721967321799316
0.37220119496084547
0.37220133599148897
0.37220755526522703
0.3722091705764148
0.3722123561833169
0.37221249731363326
0.37221203161340105
0.3722133899212705
0.3722116455468702
0.37221363410101455
0.37221510864970103
0.3722200000162803
0.3722229918942984
0.37222619541962026
0.3722286581619066
0.37223262133813445
0.3722374181801873
0.37223896778053905
0.3722393822256368
0.37223962824800355
0.37224340592668836
0.37224663124570495
0.37225166772309504
0.3722488764998871
0.37224898876537243
0.37224486700044407
0.37225204031986475
0.37225553056212735
0.37225613038318667
0.3722549786215068
0.37225020343259346
0.3722525649846708
0.37225854418654447
0.3722592882865047
0.37226537024852213
0.37226761673437186
0.3722700520212241
0.3722715125731389
0.3722752148780831
0.37228100015728777
0.3722851160599433
0.3722881490375944
0.3722944974217444
0.3722951476975557
0.372297049411613
0.37229963918837494
0.37229841645387207
0.3723010548290271
0.3723047830586229
0.37231450352819384
0.3723216658195955
0.3723224256089674
0.37231879523821276
0.3723181508956747
0.3723191265685642
0.372318821408311
0.3723219335135599
0.3723254321879429
0.3723204386522154
0.37231923085019564
0.3723233583586007
0.372322732248493
0.3723175913523711
0.37231683407653243
0.37231334917569403
0.3723160126031685
0.3723188032635452
0.37231715764187484
0.3723221592828966
0.3723272940088253
0.37233170406890326
0.37233753450427515
0.3723474072464409
0.37234877092408303
0.37235238980849644
0.37235334158021927
0.37235247385161346
0.37235430910081074
0.3723563254526908
0.37235756491772454
0.3723616959425282
0.37236315670642206
0.3723628773316673
0.3723671504790505
0.3723749701455646
0.3723835425583314
0.3723843971965652
0.3723873447808344
0.3723823117741083
0.37237732831181014
0.37237934286771324
0.3723743841697827
0.37236686833601507
0.3723672428438736
0.37237354885781426
0.37237257136571206
0.37236959650387286
0.3723648547040845
0.37235898156890496
0.37235757955371757
0.37235422788443395
0.37235447026845586
0.3723535124250267
0.3723526185772056
0.37235490132500815
0.3723547911702537
0.3723606699211266
0.3723599672536799
0.37235529798497136
0.3723559054002132
0.37236081719055536
0.37236387113344327
0.3723635227233896
0.3723610875846104
0.3723662229627617
0.3723717075036353
0.3723742783279504
0.3723726904585576
0.37237991427998013
0.3723852155286702
0.3723831816762527
0.3723844232006032
0.372390823574284
0.3723896652756771
0.37238744019794834
0.37238807014397596
0.37239212746625455
0.3723904819972133
0.3723847141615048
0.372380825717711
0.37238264624096346
0.37238775643966704
0.3723883578220471
0.3723878394222118
0.3723873406539255
0.3723900523938531
0.37239310203913684
0.3723883894831364
0.3723876246027896
0.3723875141586485
0.3723822912909475
0.3723813906982052
0.3723832542845811
0.3723834360611436
0.37236901863023947
0.3723707127911846
0.37237779373654706
0.37236908812399555
0.3723705706280356
0.37237628421006674
0.37237328899832506
0.3723771985735669
0.37238470109452393
0.3723870790020069
0.37238613895915185
0.37238657926351193
0.3723885796769017
0.37238560897974293
0.37238720729486546
0.37238534015246433
0.37238612342364436
0.3723912510332996
0.3723908876372924
0.37238776457755807
0.37238784989483664
0.37239197916756406
0.3723874523393917
0.37238342088552495
0.37238370853087643
0.3723834548101995
0.3723809311500899
0.3723828976432102
0.3723821792184819
0.37238161848276974
0.372385607482081
0.3723830786264946
0.3723827689205705
0.3723852972906659
0.37238262767516245
0.3723796440090565
0.37237546611151795
0.3723696055736161
0.3723776690276666
0.37238828806827023
0.37238987318941963
0.3723808475501206
0.37237853141248206
0.3723720497155117
0.3723644789804316
0.3723640604133875
0.3723642315360267
0.3723596519731285
0.3723552427102835
0.37235126033801424
0.37235153663310266
0.3723476171208585
0.3723407140436002
0.37233956767483045
0.37233847074051013
0.37233663291734814
0.3723402687399451
0.37234103376294775
0.372335934304432
0.37233800938722644
0.37234256432505697
0.372342802093972
0.372340995652895
0.37233815277920124
0.37233869271082726
0.3723333667377403
0.3723287672914721
0.37232648838785776
0.372332582769548
0.3723359390376575
0.3723381188774438
0.3723316414830642
0.3723290756202002
0.3723242941694272
0.3723188974022034
0.37231882637272823
0.37232037660524847
0.37233169552222295
0.3723304992676007
0.372329538801653
0.3723249905169808
0.37232690800408696
0.37232784688716003
0.37232679238607663
0.3723227343002883
0.3723255625527015
0.3723252776499432
0.37233163005962355
0.372328869037261
0.37233267225270805
0.37233472348831664
0.372334817329295
0.37233719979570434
0.3723431273279804
0.3723424756531268
0.3723396364113029
0.37233341122205366
0.3723323604672284
0.3723258788462913
0.37232361729977165
0.3723250347700536
0.37232555587237043
0.37232179908756485
0.37231959150570815
0.3723171082765567
0.3723135698433695
0.372320888076804
0.37232977756482827
0.37232813242475865
0.3723339734083283
0.37234037999286274
0.3723451572458249
0.37234601685078694
0.37234206202364045
0.37234228439278316
0.3723411356366397
0.3723376515011353
0.3723354291552523
0.3723299419145379
0.3723298017820032
0.37233241992186655
0.3723341661310396
0.37233189331402466
0.3723313688565002
0.37232539215727356
0.37232782398116404
0.3723326906714451
0.37233504582951005
0.372332835847189
0.3723368672428058
0.37233315827703983
0.3723334939389655
0.37233338341601996
0.3723351349106912
0.37233262188975624
0.37233934771472943
0.37233782255537023
0.3723444698780862
0.37234750612568895
0.3723459029278265
0.3723486028376744
0.37234912057895175
0.3723461725193653
0.3723399161418414
0.3723391370413391
0.37234206441596407
0.37234495938668494
0.3723449500984808
0.372348362829312
0.372349940675854
0.37235298105817294
0.3723520985518788
0.3723550754921003
0.37235537323539325
0.3723555832458079
0.37235670547789446
0.3723584076312398
0.37236238739412664
0.3723701322186993
0.3723725780052898
0.3723657587982698
0.37236483644796187
0.37236865322179447
0.37236615069275675
0.37236014137184753
0.3723576987417628
0.3723578587777278
0.37236270018614215
0.37236335668869086
0.37236759127888736
0.37236467136850376
0.3723637260262714
0.3723627640430721
0.37236115617718724
0.37235378946499725
0.3723567720284927
0.3723636456436562
0.372365687039661
0.37236565011921
0.3723677533092441
0.3723627562760859
0.372363590761884
0.3723604560649188
0.37235240640889533
0.3723533906158172
0.3723451105525591
0.3723375307232078
0.3723366491358587
0.37233545840923243
0.37233431233362524
0.3723327312479335
0.3723261990517676
0.3723207669092019
0.37231910565547066
0.3723195233046521
0.37231804929596396
0.37232175415469404
0.37232025897306376
0.37231837630432696
0.372313036912667
0.3723129308784535
0.3723138688552912
0.3723175048290783
0.37231731188862893
0.3723135692250078
0.37231397595074145
0.37231438807008105
0.3723147243197748
0.3723168575068639
0.3723223273422306
0.3723183246463731
0.37231773808681223
0.3723137833704625
0.3723131284943934
0.3723126569269705
0.37231419243456715
0.3723115725673352
0.3723062070327872
0.37230331948640005
0.3723073279450423
0.37230578986746155
0.37230113407347815
0.3723006884818288
0.37229682005560905
0.37229307100917786
0.3722899412646093
0.3722884042678682
0.3722899948894037
0.372288387811103
0.37228352732896386
0.3722845552765788
0.3722840493307965
0.3722817775293265
0.3722727170649589
0.37226992887389077
0.3722676920314277
0.372270381955975
0.3722749084268283
0.3722800166112642
0.3722866152451897
0.372285295217269
0.3722866768926542
0.3722844780086673
0.372284721767436
0.3722816465465501
0.3722833866345227
0.3722868826170709
0.37228978273323
0.3722896043878832
0.3722886816439918
0.3722855846213877
0.372282728127015
0.3722766160592065
0.3722821343278247
0.37228354026101107
0.37228130559031336
0.37227979514133347
0.3722764581980946
0.37227078187065177
0.3722657333810084
0.372260691465022
0.37226184840978604
0.3722592799319222
0.3722524073774643
0.3722469775041248
0.37224682986499563
0.3722432624410391
0.37224462240090006
0.37225113693984724
0.37225497840524796
0.37225731833177106
0.372255146086361
0.37225012935678364
0.3722492505575859
0.3722474720034926
0.37224901900370694
0.37224859364834084
0.3722427085346953
0.37223797974349615
0.37223528603067385
0.3722381824119804
0.37224065007125157
0.37223761534220634
0.3722363195981412
0.3722358545030337
0.372232363383196
0.37222350368084134
0.37222069980973477
0.3722213711943428
0.3722211739775693
0.3722207657501288
0.3722231108150907
0.3722235586188088
0.37222175370055427
0.37221700843158745
0.37221890583506256
0.3722160968813842
0.37221495530353604
0.37221704582827086
0.37221778311846676
0.37221713300947823
0.3722118256664172
0.37220963121542705
0.3722077912257822
0.37220678390113754
0.3722083509787057
0.37220749563732425
0.3722121449206284
0.37221410110006686
0.37221603102021494
0.3722155638832856
0.37221953460855683
0.3722222904921816
0.37221769252861875
0.37221800278577
0.372219807668115
0.3722178143482117
0.3722118843739011
0.3722101796050346
0.3722080226781844
0.37220406451648697
0.3722001993622537
0.37219627203484484
0.3721937102080971
0.3721927041825756
0.3721905696669813
0.37218597074838194
0.37218358550710123
0.37218292870685554
0.372185194513711
0.372184263872178
0.3721850538337306
0.3721826387944764
0.37217965613747334
0.3721807689246535
0.3721729960603337
0.372173358865637
0.3721702582824054
0.3721683250255398
0.3721696851163036
0.37217073602056666
0.3721694585199772
0.37216846207156445
0.3721689811381861
0.37216588109976295
0.37216532011010534
0.3721657251137851
0.3721647383131916
0.3721662422844883
0.3721659712879662
0.37216611059018295
0.3721643899345604
0.3721660354509582
0.372162945760285
0.37216727392721505
0.37216847415789917
0.3721687792366289
0.37216719317636576
0.37216616408537634
0.3721662635791962
0.3721691027661925
0.3721690972185282
0.37216924697029324
0.3721677718609029
0.37216228090592796
0.372164546670921
0.3721630366009748
0.37215979124659343
0.3721553002971093
0.3721556263968162
0.37215471819407897
0.3721517522681802
0.3721485250207771
0.3721475419502386
0.37214516987782287
0.37213849073963423
0.37213794082895596
0.3721396909498877
0.37213321745326294
0.37212760440815007
0.3721258809428865
0.3721163875772128
0.3721080205777009
0.3721103359850583
0.37210774113416256
0.3721071082788649
0.3721032848497046
0.37209729214768766
0.372090340270303
0.37208776837725194
0.37208816966848723
0.37208228893705175
0.37207527195562773
0.3720704363325043
0.37207184234838475
0.3720737753608737
0.3720676801850737
0.3720635418863132
0.37205787229969184
0.37205945013952946
0.3720601593171595
0.3720548521527999
0.3720509705882531
0.3720477054338852
0.3720418513286934
0.37203411970560807
0.3720290891010986
0.3720283867869335
0.3720279818513449
0.37202478286492907
0.37202666328339296
0.37202666208878155
0.3720216581221954
0.37201857077701816
0.37201920047372233
0.372013971039994
0.37200612331119554
0.3720064349947284
0.37200194704956446
0.3720010136597118
0.3720012055580442
0.372000538350174
0.371999851241612
0.37200278488390187
0.37200190756194024
0.37200037561600907
0.3719976152718497
0.37199818848204214
0.3719946999588466
0.3719897778709361
0.3719877940723277
0.37198307612356657
0.3719754871792718
0.37196556276252757
0.37196710705986574
0.3719678477004699
0.37196813647396515
0.37196631727836965
0.3719648883508029
0.3719621210692861
0.3719545605173009
0.3719509901976511
0.37194370696580614
0.37194065660299636
0.37193852667540533
0.371932539633464
0.3719251418075087
0.3719255173787411
0.371920690495187
0.37192045883143
0.37191160083139785
0.371910066591527
0.3719058859706464
0.37189815497542084
0.3718924407665665
0.3718928327333917
0.37188831180118626
0.3718851650911368
0.3718876524408114
0.37188844754552824
0.3718860956201977
0.3718861734796721
0.3718840618968564
0.3718838304748118
0.3718813729390092
0.371874939185618
0.3718738592491998
0.3718713439206645
0.37187353053757777
0.3718698300126917
0.3718673210746988
0.3718640614313199
0.37186080024100193
0.3718541932257266
0.3718569750223575
0.3718587442161737
0.37185424019378677
0.3718529904467176
0.37184944698126815
0.37184846096258434
0.3718411227481747
0.3718340471403999
0.371832651802281
0.3718320040566225
0.3718273883938135
0.3718203012292019
0.37181356041792796
0.3718071165820403
0.371807650640391
0.37180314111275875
0.37179619306472494
0.37179366213854226
0.3717874257695009
0.3717864096744277
0.3717897045470076
0.37179088800111126
0.3717942678764627
0.3717927321613477
0.37178748631199904
0.37178448152151894
0.3717878753026326
0.37178277997885273
0.37178541553650074
0.3717889975636319
0.3717913063831887
0.37179463272884916
0.37179018691888716
0.3717911569368859
0.37179087253636434
0.37179033326079075
0.37179140615395245
0.3717867072755661
0.37178359689679386
0.371780825207421
0.371779623211083
0.3717759638321977
0.3717690658670072
0.37176150441339073
0.3717613011354023
0.37175890012064144
0.3717550073398465
0.3717505404572609
0.37174971945801133
0.3717499747333932
0.37175290387250454
0.37175433512437334
0.3717523215751485
0.37175160505610017
0.371741971737471
0.37173511062316483
0.37173777256391255
0.37173765404217707
0.3717345064412175
0.37173191833267544
0.371731053639605
0.3717264090590685
0.37172507910448527
0.3717221739095592
0.37172118547224003
0.37171664536831994
0.3717113728401832
0.3717103476558154
0.37170850785382137
0.37170804190687884
0.3717074433308219
0.37170917389463737
0.3717069223780347
0.3717023858028017
0.37170444691625076
0.37170091057016347
0.3717035174888466
0.37170629712407044
0.3717043620118386
0.37170585760928393
0.3717055146827891
0.3717034231082703
0.3717003786460571
0.3716942076646107
0.37169536825506533
0.3716959517029814
0.3716976679429344
0.3716961081293611
0.37168802608618995
0.3716837702035677
0.3716799561484006
0.37168007789208574
0.3716797812094024
0.37167709589758513
0.3716746038773054
0.3716730332710157
0.37167254853076415
0.371667026296621
0.37166873429168534
0.3716719496209385
0.3716680673029427
0.37166638831789656
0.37166702739488805
0.37166799482693413
0.37166695081945644
0.37166608212416663
0.37166751706961676
0.37166625613849064
0.37166302734496726
0.37165649060125566
0.37165741400824265
0.3716618909104486
0.3716619226683064
0.3716593331056082
0.3716587549033251
0.37165831733973825
0.3716595115417221
0.37165642464592646
0.37165629749036816
0.3716606547580569
0.371660641551776
0.371660711717459
0.37166451133740835
0.37166741329210917
0.3716682479698258
0.37166363907168687
0.3716586766839409
0.3716553690604703
0.37165370374710865
0.3716509929365466
0.3716546459690546
0.37165276200400443
0.37164830124303455
0.37164033439187266
0.3716363615707073
0.3716325970473425
0.37163375951018934
0.3716361645026997
0.3716400751028465
0.37163869530599
0.37163264543695157
0.3716275867111851
0.37162486084406643
0.37162192493591123
0.3716221833890455
0.3716216917035081
0.3716193653278845
0.37161320472743675
0.37160850659478384
0.37160093231367297
0.3716017265966647
0.3715953230591463
0.37159168487874805
0.3715846397477271
0.3715817672187606
0.3715807994349702
0.3715802168395502
0.371575322247873
0.3715714032911523
0.3715723898525151
0.37157386523529456
0.37157109083011164
0.3715730466256526
0.3715716480425982
0.3715680222395515
0.3715632257736474
0.37156026705262973
0.37155702995579865
0.37155472494085606
0.37154846515721773
0.37154530407010583
0.37153788961001233
0.3715333705132131
0.3715306990102375
0.37152657972523834
0.3715251458969768
0.37152420117446755
0.3715235193180983
0.3715274587545742
0.37153186473765987
0.3715306249797637
0.3715307525074696
0.3715274631798726
0.37152436668477445
0.37152505051490187
0.3715224683615404
0.37151845289421365
0.37151489214407274
0.37151350399280675
0.3715151454480133
0.371515409943273
0.3715157554738644
0.3715113324004762
0.37150512252172263
0.37150092167181387
0.37150137840013203
0.37150395876535436
0.3715036367849789
0.3715033358335124
0.3714984036250787
0.37149559510228214
0.3714928733861179
0.37149214410039316
0.37149130453367174
0.3714921586753465
0.37149365779006677
0.3714912450218531
0.37148685094128975
0.37148785408742707
0.37148916138472693
0.37149133514680643
0.3714901469154235
0.37148427326526334
0.371483037487215
0.37148170690954174
0.3714790783470334
0.37147678195398165
0.37147197470546867
0.3714703333579343
0.37146784437646885
0.37146477698299524
0.37146367994753243
0.3714637994662729
0.37146772019945207
0.37146763209589556
0.3714631696198195
0.3714555146250879
0.3714510164594253
0.37145105553182045
0.37144932261069485
0.37144728724027287
0.371441614136908
0.37144080224760556
0.3714418492609094
0.37143534222430913
0.37143362894507587
0.37143127275858934
0.37143226700965154
0.37142904885467337
0.37142773004682944
0.3714275418675828
0.3714252778898046
0.37142937976984897
0.3714293610359836
0.37142619112691166
0.37142764428521297
0.3714257816709271
0.3714199603664607
0.3714202486207864
0.3714208819011572
0.37141603470533124
0.37141085453405126
0.3714119233070321
0.37141498386604166
0.37141754073791905
0.37141682998111336
0.37142095829294075
0.37142449566358493
0.37142136979446655
0.3714163932137407
0.3714135614157814
0.3714096182301028
0.37141230830885236
0.37141138321741873
0.3714068524324995
0.3714104619049414
0.3714111779272628
0.37140755294221944
0.3714010841260024
0.3714044938053527
0.371400877313634
0.37139425739925686
0.3713882543005977
0.37138490626743664
0.3713885186017377
0.3713855318790836
0.37138555478312224
0.3713839591300483
0.37138578720818527
0.371387443611287
0.3713859347646567
0.3713877541044684
0.37139240892061504
0.37139182626949196
0.37139300805765485
0.37139828898564764
0.37139974400552145
0.3713958694505243
0.37139636597996073
0.3713963209822296
0.37140127723342287
0.3714034829968701
0.3714017923626784
0.37140068806993537
0.3714026015259507
0.37140442881095975
0.37140472899439614
0.37140107559615265
0.3714025320951876
0.37140714538841973
0.37140547001724133
0.371407861609599
0.37141231121185303
0.37141436116891174
0.3714148022403421
0.3714215212020833
0.3714269794304716
0.3714328330264654
0.3714345290256354
0.3714343876657402
0.37143421443060504
0.37143605017947934
0.37143491312233806
0.371441115719609
0.3714448744430784
0.37144908159429685
0.37144765980466804
0.3714461613189974
0.3714467712419391
0.37145096338399297
0.37145371224721435
0.3714555265362921
0.37145747041325095
0.3714587587150782
0.3714600008153414
0.3714596786093031
0.3714620278733851
0.3714591610508751
0.37145994897778595
0.37146439821483007
0.37146771130531514
0.3714715681416318
0.37147217485270095
0.37147844028450505
0.37148222568561
0.3714853096502761
0.371487507842095
0.3714902127117792
0.3714934380364827
0.37149719840179096
0.371495884123139
0.3714999528783681
0.3715022232629105
0.3715027008650385
0.3715069179432683
0.37151159557724595
0.3715124496920522
0.37151079663739295
0.3715064192647418
0.3715044195410641
0.3715043695716508
0.3715052569500554
0.3715065673308525
0.37151446066312277
0.3715191981035818
0.3715217375240108
0.37152616589261356
0.3715286460315718
0.37153115887142824
0.37153176449182845
0.37153771548525394
0.37154145875714173
0.3715448369839182
0.37154755468817513
0.37154793101143185
0.37155156010915985
0.37155324038306387
0.3715543838840113
0.3715535674224416
0.37155298227276073
0.37155124920773597
0.3715476903161854
0.3715431605762377
0.3715442640840161
0.37154381985688495
0.37154380989333524
0.37154383467343227
0.371547240098187
0.3715492674384174
0.3715503385671573
0.3715510318404776
0.3715540142055506
0.37155536187573807
0.37155535297496617
0.37155481803269746
0.37155915315658555
0.37156353834974104
0.3715614868572106
0.3715615131782347
0.3715640357750697
0.37156774787856983
0.37157026573816637
0.3715722323171042
0.37157260696699557
0.37157147712556043
0.37157545353199506
0.3715799590638657
0.37158027504647884
0.37157914573986184
0.3715804157418286
0.3715769341090827
0.37157508109412185
0.3715749346199786
0.37157445669889794
0.37157857970257346
0.37158084868586944
0.3715782124616555
0.3715773707654115
0.37157732449896685
0.3715780451663444
0.37157553573578633
0.3715745019534399
0.3715746147947996
0.3715743103169676
0.37156796679118215
0.3715685769721164
0.3715715716023411
0.37157416171547064
0.3715732207926182
0.37157575053980557
0.37157265539675816
0.3715756332228905
0.3715805621933679
0.3715840716227438
0.3715852188700519
0.37158614010694024
0.3715828823461437
0.37158820947366983
0.3715860665339774
0.37158896916209244
0.37158826369295617
0.3715915199290896
0.3715940584411481
0.37159670563441843
0.37159563041765553
0.3715977835017829
0.3716027611585864
0.3716068331323593
0.3716058036526091
0.3716070783008997
0.3716054940503481
0.37160646540733083
0.3716045751306957
0.3716053158439863
0.3716075908925157
0.371608304948037
0.37161262042987264
0.3716085385758803
0.3716099946484437
0.3716119360796661
0.37161619009842534
0.3716149449669589
0.3716127704493735
0.3716117377323144
0.3716097803467196
0.3716079171324865
0.37160937220774265
0.3716094039222354
0.37161353193907726
0.37161726203653056
0.37162032203892004
0.3716185452939927
0.3716211753017163
0.371618965652098
0.3716133888633216
0.3716124633328663
0.3716135946609178
0.37161331354696797
0.37161081977291843
0.37161156156925385
0.3716128805933526
0.3716100722966867
0.3716071615595543
0.37160412204709314
0.37160819909178366
0.37160944267776375
0.3716084148187168
0.3716037194234339
0.3716047823937228
0.3716077148631766
0.37160852025402513
0.37160752658663754
0.37160765363792064
0.37160906361206336
0.3716075679105761
0.3716051794079288
0.371607442611013
0.37160920034650274
0.3716099257190472
0.37161212846771646
0.3716137089348637
0.3716133307551895
0.37161480753845094
0.3716152307884472
0.37161144035423116
0.37161092823384867
0.3716137488565521
0.3716172918163855
0.3716148480859137
0.3716117984937285
0.3716085676625315
0.3716119913415385
0.37160873218914164
0.3716064016818057
0.3716053036913271
0.37161059314328193
0.37161321054487734
0.37160778836738645
0.3716066474395588
0.3716052159795283
0.37160493677705797
0.3716034907133684
0.3715983928548739
0.37159750486025217
0.37160162004848624
0.37160474803004356
0.3716047925085009
0.3716041645737617
0.37160416082033176
0.3716070485289761
0.37160357938032385
0.371605902795106
0.3716091069432503
0.3716079736590742
0.37160972507176243
0.3716098559156683
0.37160651720751825
0.37160452868410154
0.3716088498350441
0.3716076563598586
0.37160733135813473
0.3716062085005919
0.3716044581608234
0.3716003893458479
0.3715969837280335
0.37159352955685926
0.37159477580685824
0.3715944689641313
0.3715978103714164
0.3715965426631292
0.3715959023551562
0.3715894591169543
0.37158727849904694
0.3715895416297676
0.37159157468684645
0.37159357847549407
0.3715918723874632
0.3715935588133576
0.37159382596861695
0.37159432469413206
0.3715966348399022
0.3715990092660359
0.3716053302669113
0.3716051325130196
0.371604555775435
0.37159951896655513
0.37160055548343807
0.3716041365534846
0.37160226178365646
0.37159960207056886
0.37160019630156566
0.37159808032540714
0.37160008791799193
0.3716006518248693
0.37160149770609807
0.37160722484070696
0.3716123675467453
0.3716131437106299
0.37161655866259186
0.37161707001337085
0.37161581333537996
0.37161414459420394
0.371612661614571
0.37161133107438693
0.3716127068760319
0.37161664193527366
0.37161625127639675
0.37161970829487545
0.371626274845385
0.3716260279668205
0.37162384353503847
0.3716256124836165
0.37162704664654356
0.3716247363423844
0.37162373399300924
0.3716228272480986
0.37162481539120157
0.37162630061988544
0.3716300540882705
0.3716326745360235
0.3716331848629123
0.37163452800498725
0.3716352734738624
0.3716366320414104
0.3716364842472414
0.37164081692356005
0.3716412475686015
0.3716465835982274
0.37164761461037016
0.3716486140883706
0.37164838132862205
0.37164903032932173
0.3716494526970056
0.37165055367795785
0.3716536192282743
0.3716551833048022
0.37165240401400923
0.37165181985369106
0.37165289681085745
0.3716546780080709
0.37165108304754213
0.3716485369910397
0.37164344323383275
0.37164309579642046
0.3716469342656194
0.3716496225093294
0.3716520281436838
0.37164919828612597
0.3716499905259402
0.3716539436588067
0.3716514368236366
0.3716508530216082
0.37165044758027743
0.37165071264640037
0.3716563375105322
0.371655952484318
0.3716583246610858
0.3716579150691545
0.371657747976896
0.3716583544450062
0.3716612104783009
0.371664502238589
0.37166785351434417
0.3716683434396603
0.3716657429328321
0.3716660086311
0.37166753978314376
0.3716622841074083
0.3716583932186207
0.3716562161352823
0.37165851500450264
0.3716572814551929
0.3716574246670155
0.3716569919343023
0.37165223137208026
0.3716527739151182
0.3716560925989309
0.37165767760514745
0.3716542862311747
0.3716509288673523
0.3716516794734067
0.3716502185238515
0.37165232548241117
0.37165258682077473
0.37165178585068603
0.371649038176992
0.3716494540459774
0.37164909635129467
0.37164602461050067
0.3716505362474775
0.3716514238780615
0.3716538205018673
0.3716540187335477
0.37165465492877625
0.3716523804027961
0.37165333074917384
0.3716521505811966
0.3716487609471315
0.37165179515808927
0.37165475831053174
0.37165448757228337
0.3716526016144516
0.371655305139157
0.37165707959256367
0.37165705478666644
0.371653495369762
0.3716507164101336
0.37165120758244075
0.3716515130867578
0.37165096556719424
0.37164756455223175
0.37164806368949005
0.37164780200506
0.37164735999182125
0.37164885113177076
0.371649025614759
0.3716518789393294
0.37165516602309395
0.3716524620722252
0.3716475841402449
0.371648956472647
0.37165071428954016
0.3716541040630141
0.3716567497281883
0.3716566126758346
0.37165789540553007
0.37165770283887556
0.3716580247511007
0.37165616339132235
0.3716558805482803
0.3716577486818831
0.371659312929504
0.3716614918816971
0.37166148762495377
0.37166079431380883
0.3716598395108768
0.3716575763428324
0.3716576523923624
0.3716562029852886
0.37165889185051065
0.3716594852880265
0.3716623096930349
0.3716648805194357
0.37166657536055564
0.3716656580454999
0.3716667673939003
0.37166721361286803
0.3716666778006259
0.3716689889119556
0.37166792592884434
0.371669872133749
0.37166734170537163
0.3716719743262968
0.37167210990389576
0.3716759307322765
0.3716763791846549
0.37168146027297727
0.37168370399238126
0.37168218999930164
0.37168478534010835
0.3716865136967861
0.37168535832088784
0.3716861300964651
0.3716875315553711
0.3716886685719718
0.37168675693264447
0.3716820169352012
0.37168165105329287
0.37168034514028786
0.3716812347749125
0.37168134353270804
0.3716802524172684
0.3716805826452872
0.3716821475919271
0.3716805602141012
0.37167680728486047
0.3716734812212865
0.37167206994437146
0.3716724440567439
0.3716724214477937
0.3716731161614224
0.37167311772987155
0.3716706697491854
0.371674576985414
0.3716781049867345
0.3716824748843467
0.3716869270914232
0.3716876393575925
0.3716884925494641
0.37168604981684616
0.3716857604521191
0.37168638248990177
0.3716868456390848
0.3716870018555136
0.37168829494667316
0.3716907246263523
0.37168722750261984
0.3716841406264355
0.3716818359270515
0.37168075627098845
0.37168207597208414
0.37168489905593805
0.37168641326587265
0.3716880833162559
0.37169073214912196
0.3716922313873376
0.37169094853667256
0.37169588074877113
0.37169668877571393
0.3716988219013226
0.3716975046215861
0.37169570097731874
0.3716976601074216
0.3716981829202012
0.3716971132254216
0.371696587144232
0.371696543890488
0.3716957870259538
0.3716948583103207
0.3716936346376937
0.37169196053650533
0.3716959671924949
0.37169634852318295
0.3716981257450889
0.3716963409553886
0.37169867626828973
0.3717019217764682
0.37170177313494346
0.3717021009195077
0.3716994141774152
0.3716971452817411
0.3717002929332023
0.3717027069304758
0.3717028545625031
0.3717046209205116
0.37170309433944915
0.37170252202238985
0.3717011624160687
0.3717037981563948
0.3717034811600761
0.3717006924850169
0.3716961273133922
0.37169116677871666
0.3716910707718145
0.3716926872614299
0.37169463846454087
0.37169508998098866
0.37169462630358097
0.3716942921093828
0.37169195581051556
0.37169057055466126
0.37169002852395866
0.37168993856481175
0.37169239973585433
0.37169108139042745
0.37168842789650725
0.3716924797190995
0.3716929823926061
0.37169792442906213
0.3717020467785302
0.3717069667558455
0.37170707215059595
0.37170813214452514
0.3717079938668291
0.37171266384414287
0.3717147125205569
0.3717143782722604
0.37171700962170084
0.3717214038100362
0.3717227079777466
0.3717276528217131
0.3717281122440092
0.37173003395688586
0.3717320266950128
0.37173096197746464
0.3717360080464968
0.371739061076331
0.37174044607081597
0.3717436050168211
0.37174936241255135
0.3717535645844612
0.3717528145418135
0.37175284755208876
0.3717519431474193
0.37175200320178803
0.37175448109074427
0.37175705186292207
0.37175975281877377
0.3717629007276981
0.3717661601716481
0.37176679204243096
0.37176808234659736
0.3717690358995405
0.37177001522674774
0.3717743150709258
0.3717764730021393
0.3717784480875185
0.3717786237852259
0.371778306752775
0.37178044741845834
0.37178407677005754
0.37178373798799697
0.3717844175741147
0.3717857057977757
0.37178625515151187
0.37178535583326194
0.37178532451489915
0.3717836330475976
0.37178320239578844
0.371785048840078
0.3717852446098175
0.3717887055745038
0.37179350048905835
0.37179583382952885
0.3718026937209834
0.37180804759847097
0.37180596170526864
0.3718043476432462
0.37180736258127695
0.37180945455996534
0.37180914842745777
0.37180821979194645
0.3718079110259302
0.3718115838195922
0.37181234001438407
0.37181501113400955
0.3718152448309957
0.3718122025611881
0.37181246830044573
0.3718145060979284
0.3718145639378656
0.37181872479638683
0.37182033184227714
0.3718198171240803
0.3718203588944522
0.37182335343529554
0.37182707292823053
0.37182739193606845
0.37182701358996095
0.3718271049669673
0.3718247834109891
0.37182581406631515
0.37183041000992095
0.371832160739636
0.37183270925488404
0.37182930242116313
0.3718274575885213
0.37182911160049054
0.37182498652390694
0.3718222395965478
0.37182044873617415
0.37181887370783157
0.3718206092327817
0.37181779114959806
0.37182018620091495
0.3718238184771952
0.37182789999455385
0.3718277759296946
0.3718299411121069
0.37183105243987535
0.3718311111502959
0.37183008858591615
0.37182729715121055
0.3718285376331805
0.3718311429710314
0.37182935462149075
0.3718276255305396
0.3718271591535669
0.3718278541543214
0.37182895936372257
0.37182752964220067
0.37183044416991656
0.3718352190087501
0.3718393566294579
0.3718391106822475
0.3718352734610305
0.37183796849667233
0.37183548403474764
0.3718332747030182
0.37183430534242506
0.37183463109717596
0.371835738472498
0.3718374461902873
0.37183948589270344
0.371840436257313
0.3718415197792524
0.37184111492179855
0.3718403310819939
0.37183640955269465
0.37183623075397665
0.37183324964456427
0.3718310899286637
0.3718316640149329
0.3718348673481959
0.3718357705251964
0.3718355401122777
0.37183679952559645
0.3718399151060653
0.37184125018070135
0.37184441209782
0.37184464187422284
0.3718460213893992
0.3718504571989952
0.37185300199208854
0.37185143423664935
0.3718461816810858
0.3718429133722866
0.3718437216027172
0.37184420261140094
0.3718438645785137
0.3718427374566403
0.3718455573476391
0.37184712982416784
0.371848013045812
0.3718463968964146
0.3718456776710987
0.3718456338630416
0.3718464988493396
0.3718475471133931
0.3718461903533555
0.37184628554405136
0.37184753425211897
0.3718497537613227
0.37185394698555696
0.37185742141275474
0.37185696474151086
0.3718560971638639
0.37185707092495607
0.3718603004187256
0.3718609762750608
0.37186175521655107
0.3718618185623295
0.37186365434785196
0.37186253323334606
0.37185906075877107
0.3718609463790913
0.3718646254447732
0.37186511229860697
0.3718638232362385
0.3718656318765307
0.3718680378525373
0.3718684531450877
0.37186885374000017
0.3718704189211986
0.3718724505703817
0.3718732807472695
0.3718722843383447
0.3718732287812785
0.37187484943634586
0.3718699169313177
0.37187342362679726
0.37187565082782026
0.37187636280021025
0.37187742713188304
0.371880686130952
0.37188341807161107
0.37188503950053714
0.3718863325782739
0.3718866693502142
0.371886712415164
0.371884144178541
0.371883568698125
0.37187970306974577
0.3718796138528099
0.37188008170004483
0.3718813398321673
0.37188431936999294
0.3718843608904347
0.3718867412791527
0.3718861049662107
0.3718859754718134
0.3718864954910928
0.371881699846277
0.37187877758304405
0.3718792324267422
0.37187739847002016
0.3718756737124786
0.37187539880580206
0.3718769940645737
0.371876573576797
0.37187711892388603
0.37187908048038054
0.37188156212416945
0.37188239579455007
0.3718841646202797
0.37188646873446896
0.3718864549526914
0.3718863349411138
0.3718852977512944
0.371882347803138
0.37188034628980093
0.37188195478398745
0.37187968437685465
0.3718788065161908
0.371876263136382
0.37187448928363526
0.3718746165113591
0.3718747360932699
0.3718764010438836
0.371874989338465
0.3718748076722748
0.3718702172333091
0.3718678756107177
0.3718686841595508
0.37187000084976773
0.37187211064670217
0.3718714540425599
0.3718696708904309
0.3718721254927046
0.3718749104465
0.3718741140296598
0.3718735013596618
0.37187204948494584
0.3718704504450487
0.37187128769488853
0.3718746704252778
0.37188104629501784
0.3718819830101311
0.37187975998206274
0.37187911692456294
0.3718786612084982
0.37187943805829504
0.37187845004887127
0.3718777228516953
0.3718810931532898
0.37188179913193875
0.3718801100455307
0.37187985961653025
0.3718786892063999
0.3718775163096361
0.37187704024742585
0.37187897637556017
0.3718782102360908
0.37187917780382446
0.3718830544749985
0.3718785810090156
0.3718802622811491
0.371880717013425
0.3718760164147682
0.37187534102670394
0.371876657439109
0.3718762739416815
0.3718775348877833
0.3718776509548545
0.3718768971974589
0.3718772846046904
0.3718770018636657
0.3718700735037428
0.3718665245110437
0.3718653489031083
0.37186493836460444
0.3718656674781324
0.3718654542963375
0.3718611871413375
0.37185672699002675
0.3718585024067445
0.3718588783976621
0.37185546877230097
0.3718524359614683
0.3718525287246565
0.37185113014574434
0.37185216989492387
0.37185095626718473
0.371850455302317
0.371852536199276
0.37185286121445366
0.371849035961851
0.37184643672762946
0.37184416784649116
0.371843552585238
0.37184103831459375
0.3718342429819449
0.37183046487584553
0.3718303197620461
0.37183104992757704
0.3718312371576273
0.37183359727818177
0.3718338580892178
0.3718343326088257
0.37183720745572313
0.3718378878102517
0.37184059556812954
0.37184532945417215
0.37184711095498435
0.3718454252501568
0.3718494967302326
0.37185266633143166
0.37185477312291265
0.3718563569580842
0.37185783290805696
0.3718587673188153
0.37185828375155017
0.37185722168453655
0.371856377318328
0.3718582846931002
0.3718601652409624
0.3718599547695696
0.3718581493797808
0.3718544232159529
0.3718546071333214
0.3718546754087819
0.3718550290144376
0.37185501418284667
0.37185452850017503
0.371855164850824
0.3718547985385927
0.37185251366681366
0.3718527513030615
0.37185613478055596
0.37185371596702477
0.3718534538081996
0.37185500808516797
0.37185307334743894
0.3718578632608083
0.3718605315491282
0.3718600037015334
0.3718565385291903
0.3718552728959269
0.37185902852832686
0.37186301308374364
0.37186765000633243
0.37187031016022815
0.3718713990254205
0.3718737471105304
0.3718747684217624
0.3718759004428822
0.37187585763556524
0.37187930574490424
0.3718832315199961
0.3718886547454459
0.3718905958918708
0.3718938410562483
0.3718961535794921
0.37189476096044416
0.3718959379206324
0.3718928189341035
0.37189214869481946
0.37189286410717204
0.3718927146157747
0.37189332969698674
0.3718980103260724
0.37189794610869586
0.37189647796511105
0.3718976328361546
0.3718963194921705
0.3718948872634509
0.37189702123124696
0.371897907573316
0.3718965427056861
0.37190160420705426
0.3719034869336443
0.3719039281396194
0.37190563381138353
0.3719050639963446
0.37190456051603415
0.37190155241829603
0.3719005525786922
