0.030104470934975397
0.033897596656217346
0.030593650099444984
0.028496045359252906
0.02860741688716716
0.029411809246891706
0.030283811637862694
0.030819322657739807
0.03160002541134617
0.030902387571222965
0.03169414819997294
0.032238921545745834
0.03318407150750299
0.03411506368028107
0.03522048308246667
0.03572083261202432
0.036358108848802036
0.036813600173995514
0.03684197631972225
0.03701613324673192
0.037159155437563915
0.03778665714890937
0.03762808138307709
0.03803268359077015
0.038143153391446076
0.03780216374483633
0.03802438577699834
0.03789542626020614
0.03745829509783179
0.03776087108257137
0.03776160692892427
0.03801080284510574
0.037753911476875124
0.03739714147187566
0.03712331990798551
0.03692764799300785
0.036664009880117546
0.036545758451984434
0.036415542775143216
0.036303828443930604
0.03657232278124342
0.03715786699217595
0.03790071263809615
0.03802729839929897
0.03804670159271917
0.037979724853621964
0.03783172803338853
0.037904814188782464
0.03780825953914473
0.037858538806800325
0.03794119616904427
0.0378843401030089
0.03776725325935753
0.03774070407387066
0.03758593958434451
0.03759281302958739
0.03759308210474695
0.03764001404615776
0.037656615769239024
0.03782404189282368
0.03800420418265133
0.03814742457040107
0.038396257397868484
0.03843787199274312
0.038556275672523045
0.03842930181879138
0.038395568966723505
0.03820065976342663
0.03826397795808181
0.03887520005888441
0.03893056003227409
0.03883220340461918
0.03862285772523829
0.038589185791023224
0.03869068102077689
0.03887800952206253
0.0390794073111233
0.03930507325821569
0.03996475266870054
0.04075501368921365
0.040952269917621166
0.04080881564967652
0.04070241519443317
0.04080061942435275
0.04089617427938175
0.04115311555234503
0.04122603212959923
0.041185483692718815
0.04114668007812957
0.04114427395209581
0.04114659366415699
0.04117811739772777
0.041076452190202214
0.04100326519332999
0.041202531509449115
0.04157379960017623
0.0417608405320106
0.04201388752800695
0.04216597676943479
0.04222005537406069
0.04227292786346141
0.042293585919191086
0.04230313383266472
0.042296694278197544
0.04234072046821802
0.04243300197712752
0.04245296440882366
0.042412574298074504
0.042360513777073325
0.04225560855587665
0.04219283409150447
0.04221326667183187
0.042111521148909474
0.041904598856761774
0.04177396952144337
0.04171959918400473
0.04172379276834531
0.04171798005722471
0.041674316941513544
0.0416055859764469
0.04153546032795496
0.04157616057907191
0.041677353103043234
0.04168930922234887
0.041690941780750584
0.041785729138832106
0.04188237405013095
0.04200557483368369
0.042061196254411244
0.04221454065968476
0.042260848235930897
0.04227253297930181
0.04226592556049419
0.04224564792531353
0.04225465987521441
0.04228492674088529
0.04224012762443862
0.042184804025609875
0.042119599455979505
0.04209038022875217
0.04204027848319079
0.04192681653242726
0.04180641024954345
0.041777833033979916
0.04162710743396312
0.041546198662617856
0.04151409318900981
0.041443354251096624
0.041451634721045516
0.04143175019275903
0.04145047614581825
0.04149064525004375
0.04145026796070703
0.041388157622920974
0.04145207887743721
0.04147353361945637
0.041447488243686784
0.04154160262513124
0.041504312945768576
0.041489982832692826
0.04147301005156081
0.04137926448666965
0.04133490976641688
0.04129461974803875
0.04121774771774045
0.04117877128013752
0.04112069818475836
0.04106229548900628
0.04104159701532473
0.04100914749898255
0.040957601341317894
0.040924666504960204
0.04092509497122416
0.04089530980444655
0.040793885539511764
0.04072865066077521
0.04066229978408495
0.040616955188239635
0.040577854172516394
0.040483218526227785
0.04035516093229745
0.04029627127142783
0.04023157210896417
0.04021377137146551
0.0401599211040466
0.040135266429738484
0.04013813575449884
0.04012356952057954
0.04001761259008592
0.03988042891999059
0.0397824819077191
0.03977364361093882
0.03977541389139534
0.039683900228973605
0.039699131613865006
0.039691705641953554
0.039715125503369766
0.03974105025528301
0.039753531923286116
0.039754289622941114
0.03976453048673438
0.03981766061023027
0.03984739712435259
0.039885717564726884
0.03982237394623491
0.039761133654541446
0.03969576091728654
0.03966347844522468
0.03984919438611373
0.03996629355256956
0.03991813417954014
0.03987724093268621
0.039883422703136995
0.03993227318448773
0.040030278243309424
0.04014418548564467
0.040095678343322935
0.04002898106821755
0.03999071349798781
0.03991224195305828
0.03987502029489025
0.03990709515072879
0.03982272364223676
0.039767424960665716
0.03971956085562247
0.039701435069766915
0.03969805543787086
0.03966501993125322
0.039654263175729225
0.03969121075003428
0.03969906887299117
0.03980818855001378
0.039851684596862204
0.03982214288236006
0.03983540488900856
0.03984363714026719
0.03982581799132148
0.03976003422784032
